Participant ID: 401
Maze Mode: testing
Trial No.:19 Begins
User confirmed on object: Well, this maze officially starts.
195.7667: 1.700497,-1.946441,1.798602,88.684
195.9889: 1.699998,-1.944755,1.798661,88.7254
196.2111: 1.682189,-1.942162,1.822458,87.52328
196.4333: 1.645533,-1.93765,1.833504,86.02197
196.6556: 1.622375,-1.946435,1.836977,92.11212
196.8778: 1.608877,-1.956712,1.838165,98.56233
197.1: 1.612711,-1.953682,1.836588,98.17223
197.3222: 1.616979,-1.932673,1.835516,84.93223
197.5444: 1.624809,-1.936296,1.833587,86.20058
197.7667: 1.634313,-1.93964,1.833477,87.47144
197.9889: 1.64545,-1.944007,1.832128,90.37497
198.2111: 1.665933,-2.023388,1.814467,136.6218
198.4333: 1.686975,-2.106579,1.781253,167.3743
198.6556: 1.686883,-2.223065,1.760462,189.4051
198.8778: 1.643867,-2.377301,1.729536,211.6453
199.1: 1.576018,-2.510005,1.734931,235.7178
199.3222: 1.532268,-2.589377,1.766746,252.3158
199.5444: 1.497159,-2.705499,1.765463,260.1602
199.7667: 1.442176,-2.86931,1.772427,272.6171
199.9889: 1.352649,-2.963721,1.78325,287.388
200.2111: 1.189155,-3.036256,1.770649,287.3715
200.4333: 0.9791192,-3.080112,1.769194,276.2701
200.6556: 0.7611936,-3.105753,1.807926,274.8689
200.8778: 0.5095462,-3.153243,1.799074,276.0258
201.1: 0.2262288,-3.217448,1.770285,280.4301
201.3222: -0.04258017,-3.229473,1.812413,284.9975
201.5444: -0.282996,-3.148257,1.780807,319.939
201.7667: -0.5036945,-3.064404,1.762203,334.8703
201.9889: -0.7976317,-3.035867,1.806909,325.6612
202.2111: -1.115953,-3.091223,1.764465,293.5095
202.4333: -1.440481,-3.132108,1.771049,288.5555
202.6556: -1.646353,-3.094549,1.808642,301.2083
202.8778: -1.87817,-3.030278,1.78002,313.4055
203.1: -2.133421,-2.906601,1.765615,325.5639
203.3222: -2.301347,-2.834012,1.795588,346.057
203.5444: -2.466689,-2.749793,1.739297,349.9397
203.7667: -2.589708,-2.656365,1.723727,340.3319
203.9889: -2.628276,-2.557338,1.74847,8.960743
204.2111: -2.650398,-2.425585,1.761661,18.54243
204.4333: -2.661617,-2.216635,1.768326,12.27269
204.6556: -2.667308,-2.01149,1.81279,6.063959
204.8778: -2.697184,-1.780496,1.800323,6.946754
205.1: -2.776205,-1.445473,1.764552,8.535304
205.3222: -2.811546,-1.182264,1.813874,4.331103
205.5444: -2.797122,-0.9103081,1.779988,7.764363
205.7667: -2.770755,-0.666657,1.765862,1.50982
205.9889: -2.758696,-0.3845183,1.813298,2.452936
206.2111: -2.753689,-0.08186333,1.77035,27.21528
206.4333: -2.766061,0.2473559,1.75991,40.56418
206.6556: -2.728683,0.492081,1.816067,41.4102
206.8778: -2.643783,0.6986945,1.787552,42.71387
207.1: -2.465617,0.9414109,1.782619,40.35862
207.3222: -2.344664,1.138272,1.807168,44.16023
207.5444: -2.222101,1.360806,1.75209,48.46591
207.7667: -2.102502,1.5731,1.753351,51.42173
Trial Result: Success object: Table | Time Spent: 12.36172
Trial No.:19 Ends
Trial No.:22 Begins
User confirmed on object: Mailbox, this maze officially starts.
229.9778: -1.770483,-3.310737,1.824191,358.9832
230.2: -1.771276,-3.318677,1.839741,356.7764
230.4222: -1.768505,-3.335347,1.847441,354.3993
230.6445: -1.75452,-3.349828,1.849155,358.3475
230.8667: -1.748893,-3.350632,1.846224,358.1199
231.0889: -1.748879,-3.349659,1.845184,356.6281
231.3111: -1.756927,-3.345882,1.843091,352.337
231.5333: -1.811906,-3.336974,1.810522,318.7125
231.7556: -1.817418,-3.351488,1.80483,309.3267
231.9778: -1.801448,-3.361526,1.809973,307.6849
232.2: -1.795279,-3.353717,1.780447,306.9076
232.4222: -1.838964,-3.319454,1.721177,302.9213
232.6445: -1.935418,-3.252067,1.722831,306.3255
232.8667: -2.080864,-3.114886,1.738706,331.9427
233.0889: -2.243384,-2.984348,1.768209,345.231
233.3111: -2.340898,-2.856459,1.793107,354.4687
233.5333: -2.407335,-2.652899,1.765205,359.9559
233.7556: -2.431695,-2.418717,1.78644,4.285186
233.9778: -2.507651,-2.200208,1.815629,5.468822
234.2: -2.604925,-1.950441,1.777199,5.785259
234.4222: -2.674891,-1.747203,1.787717,9.095605
234.6445: -2.663303,-1.555953,1.819716,36.89681
234.8667: -2.614538,-1.405048,1.792971,61.0449
235.0889: -2.55059,-1.215179,1.783824,55.61921
235.3111: -2.557114,-1.004192,1.800719,28.08209
235.5333: -2.619186,-0.756416,1.776936,7.73237
235.7556: -2.690009,-0.4144522,1.730603,15.50496
235.9778: -2.696888,-0.1616187,1.790491,21.68723
236.2: -2.650882,0.04313227,1.779628,32.09345
236.4222: -2.557759,0.2763954,1.741908,38.26735
236.6445: -2.484039,0.4979073,1.789447,43.01826
236.8667: -2.420617,0.6627411,1.791574,64.30708
237.0889: -2.363554,0.8308392,1.773872,71.56529
237.3111: -2.27811,0.9709624,1.805113,78.36975
237.5333: -2.171723,1.033078,1.798782,84.56242
237.7556: -1.946402,1.022795,1.769416,85.9357
237.9778: -1.705616,0.9583787,1.784209,83.74435
238.2: -1.497533,0.9389718,1.812723,85.32182
238.4222: -1.283612,0.9627938,1.774341,88.16417
238.6445: -1.001785,1.023575,1.758598,91.11005
238.8667: -0.7480763,1.051846,1.807756,88.6702
239.0889: -0.4743401,1.049122,1.777862,88.72718
239.3111: -0.1861583,1.022433,1.770161,87.28135
239.5333: 0.09383234,1.024261,1.812292,90.66428
239.7556: 0.398226,1.062484,1.757892,95.29192
239.9778: 0.7148541,1.117735,1.749944,104.7955
240.2: 0.9539964,1.096494,1.794228,115.1392
240.4222: 1.152094,1.052719,1.749804,122.4048
Trial Result: Success object: Bookshelf | Time Spent: 10.66749
Trial No.:22 Ends
Trial No.:20 Begins
User confirmed on object: Well, this maze officially starts.
254.4445: 1.660973,-1.973822,1.838185,88.81706
254.6667: 1.660066,-1.980274,1.839161,90.13216
254.8889: 1.651738,-1.999217,1.839777,100.0993
255.1111: 1.651494,-2.004092,1.837681,102.148
255.3333: 1.658435,-2.005943,1.836265,101.8311
255.5556: 1.66981,-2.002886,1.83546,102.8847
255.7778: 1.699546,-1.956006,1.814762,82.29473
256: 1.644408,-1.845043,1.777705,4.904812
256.2222: 1.604162,-1.837585,1.745479,332.7766
256.4445: 1.589381,-1.755423,1.730146,319.3433
256.6667: 1.577843,-1.667017,1.743283,313.4173
256.8889: 1.567366,-1.595288,1.780665,306.2882
257.1111: 1.547356,-1.485535,1.786108,294.2697
257.3333: 1.525049,-1.338375,1.786352,281.0256
257.5556: 1.458333,-1.196514,1.810941,284.5598
257.7778: 1.314682,-1.105876,1.797187,286.3385
258: 1.045271,-1.066513,1.770071,288.6515
258.2222: 0.8339567,-1.051208,1.808582,281.3654
258.4445: 0.6296463,-1.016971,1.794465,278.517
258.6667: 0.4233077,-0.9567707,1.770481,276.1657
258.8889: 0.1895949,-0.9246479,1.810633,272.4927
259.1111: -0.03730592,-0.9585596,1.802933,267.8006
259.3333: -0.2591038,-1.100667,1.755672,216.5432
259.5556: -0.4492756,-1.141093,1.784839,210.3182
259.7778: -0.70171,-1.100779,1.791597,246.4125
260: -0.9943689,-1.017213,1.754346,269.2162
260.2222: -1.275771,-0.9627025,1.791256,270.7833
260.4445: -1.478175,-1.01008,1.80267,248.7359
260.6667: -1.694292,-1.066398,1.762611,245.653
260.8889: -1.896456,-1.063204,1.792155,277.1764
261.1111: -2.060654,-0.984356,1.794321,327.459
261.3333: -2.227691,-0.9040439,1.764787,340.4102
261.5556: -2.379761,-0.7853953,1.742497,347.2659
261.7778: -2.481353,-0.6884701,1.762583,2.285541
262: -2.585282,-0.6102952,1.77415,8.572042
262.2222: -2.743596,-0.4904795,1.759755,8.889985
262.4445: -2.865904,-0.3499878,1.786307,13.26422
262.6667: -2.891948,-0.2050916,1.800236,21.80679
262.8889: -2.868757,-0.04243198,1.782374,26.10254
263.1111: -2.780238,0.2004914,1.742876,28.3005
263.3333: -2.648436,0.4699667,1.771002,30.38798
263.5556: -2.53175,0.6875833,1.801338,36.38319
263.7778: -2.374187,0.8861178,1.756698,78.87217
264: -2.268222,1.086208,1.767332,82.3555
264.2222: -2.151339,1.350182,1.789065,39.59829
264.4445: -2.058536,1.535322,1.748636,355.6231
264.6667: -1.932424,1.687441,1.780477,342.4207
264.8889: -1.894973,1.817342,1.780502,326.3505
265.1111: -1.913426,2.000543,1.74114,312.8494
265.3333: -1.972665,2.208609,1.742018,307.9169
265.5556: -1.965846,2.390118,1.776863,328.516
265.7778: -1.820545,2.506187,1.786261,52.84891
266: -1.735427,2.59564,1.76675,75.80124
266.2222: -1.580307,2.756221,1.736827,81.7869
266.4445: -1.424057,2.865383,1.752028,85.64944
266.6667: -1.321787,2.927889,1.797581,87.89171
266.8889: -1.195395,3.002662,1.790687,90.17493
267.1111: -0.9664948,3.128947,1.747068,94.23193
267.3333: -0.7289345,3.202869,1.772525,92.23051
267.5556: -0.4942394,3.196005,1.775568,95.8373
267.7778: -0.1951382,3.156763,1.732803,95.45444
268: 0.09394076,3.124831,1.790455,96.09457
268.2222: 0.3996185,3.132676,1.775219,100.1985
268.4445: 0.7183197,3.178627,1.722697,110.0416
268.6667: 0.969587,3.163661,1.789245,117.9853
Trial Result: Success object: Piano | Time Spent: 14.65063
Trial No.:20 Ends
Trial No.:14 Begins
User confirmed on object: Telescope, this maze officially starts.
287.9556: -2.868029,-0.05493062,1.842917,83.29391
288.1778: -2.882035,-0.05865687,1.844421,83.77048
288.4: -2.902566,-0.06739217,1.842185,87.80773
288.6222: -2.917792,-0.05875124,1.839659,79.77281
288.8445: -2.925455,-0.0606614,1.840162,78.96695
289.0667: -2.913954,-0.04132475,1.832907,67.2853
289.2889: -2.877171,0.001991458,1.806005,45.63834
289.5111: -2.85134,0.02900293,1.796354,33.03898
289.7333: -2.853734,0.08377473,1.799749,32.32474
289.9556: -2.870872,0.1853951,1.802096,33.99298
290.1778: -2.871102,0.284069,1.805494,35.45345
290.4: -2.834948,0.379182,1.800012,40.44463
290.6222: -2.74699,0.5076792,1.781745,43.91151
290.8445: -2.607069,0.6351068,1.785541,50.65368
291.0667: -2.501744,0.7226373,1.807634,66.49361
291.2889: -2.411906,0.8124116,1.802523,77.40463
291.5111: -2.299205,0.9262884,1.781829,82.64835
291.7333: -2.147077,1.066586,1.791735,85.79568
291.9556: -2.000896,1.122857,1.808582,91.57825
292.1778: -1.813573,1.122638,1.779174,95.71517
292.4: -1.57665,1.065698,1.777977,95.45744
292.6222: -1.334768,1.024,1.815698,98.16579
292.8445: -1.104534,1.026963,1.785689,99.07664
293.0667: -0.8270495,1.055876,1.766803,102.4719
293.2889: -0.5941738,1.020065,1.801883,122.5798
293.5111: -0.4343293,0.9623759,1.79709,145.882
293.7333: -0.2258674,0.8916707,1.764265,154.8144
293.9556: -0.006405878,0.8526217,1.79576,144.9812
294.1778: 0.2123564,0.8824209,1.79669,111.9696
294.4: 0.3417537,0.8249318,1.778816,173.9714
294.6222: 0.4482687,0.8499225,1.778535,208.7476
294.8445: 0.5297027,0.866218,1.787249,211.6988
295.0667: 0.5484822,0.8541245,1.787181,215.2114
295.2889: 0.4395665,0.8036695,1.778757,221.036
295.5111: 0.1971755,0.7040311,1.753298,221.1294
Trial Result: Success object: Wheelbarrow | Time Spent: 7.985922
Trial No.:14 Ends
Trial No.:7 Begins
User confirmed on object: Plant, this maze officially starts.
316.2: -2.595205,-2.034881,1.84374,277.3723
316.4222: -2.591411,-2.038915,1.842116,273.993
316.6444: -2.567483,-2.046287,1.840761,268.7854
316.8667: -2.548054,-2.046603,1.840633,269.3081
317.0889: -2.548762,-2.041347,1.840352,272.17
317.3111: -2.556268,-2.036538,1.840762,274.2561
317.5334: -2.565886,-2.031049,1.838972,276.8404
317.7556: -2.571298,-2.026917,1.83766,279.3839
317.9778: -2.574306,-2.01162,1.839627,289.9115
318.2: -2.577796,-1.973929,1.830371,317.2568
318.4222: -2.574234,-1.943179,1.814873,341.1815
318.6444: -2.578152,-1.926845,1.811164,347.1923
318.8667: -2.596645,-1.916242,1.814447,334.7126
319.0889: -2.674712,-2.027828,1.793516,243.9325
319.3111: -2.593601,-2.142124,1.761647,168.2313
319.5334: -2.602736,-2.265113,1.744112,154.1963
319.7556: -2.576993,-2.382459,1.755641,134.1443
319.9778: -2.549556,-2.452129,1.770125,119.1785
320.2: -2.538312,-2.55213,1.768704,105.5976
320.4222: -2.552221,-2.676841,1.768427,88.68219
320.6444: -2.556898,-2.814047,1.79315,78.77317
320.8667: -2.500121,-2.911733,1.786265,66.75515
321.0889: -2.367386,-2.959964,1.753685,57.30981
321.3111: -2.198943,-2.98248,1.763527,51.17547
321.5334: -2.030346,-3.110158,1.800068,92.11685
321.7556: -1.866172,-3.214002,1.779082,99.11528
321.9778: -1.712743,-3.266608,1.804063,89.0339
322.2: -1.541165,-3.278722,1.819619,83.44593
322.4222: -1.345361,-3.230063,1.795169,82.8044
322.6444: -1.153038,-3.142802,1.797166,77.86532
322.8667: -0.9887514,-3.121042,1.823365,77.4772
323.0889: -0.8389475,-3.127398,1.811982,74.32231
323.3111: -0.7223291,-3.08907,1.803369,27.75619
323.5334: -0.7161101,-3.064299,1.803693,345.6519
323.7556: -0.6940699,-3.025342,1.804217,341.2783
323.9778: -0.6900584,-2.95577,1.802383,348.3967
324.2: -0.7542596,-2.809876,1.781877,354.068
324.4222: -0.8457009,-2.651045,1.794817,358.2752
324.6444: -0.8843943,-2.520959,1.801859,6.106741
324.8667: -0.8872323,-2.362007,1.78391,10.17879
325.0889: -0.8371513,-2.139596,1.753159,14.17526
325.3111: -0.7629027,-1.890681,1.796481,20.97908
325.5334: -0.7305928,-1.685843,1.80003,30.90869
325.7556: -0.6905391,-1.447694,1.758107,48.85191
325.9778: -0.640558,-1.262182,1.790793,68.17899
326.2: -0.5942147,-1.132603,1.80975,77.24201
326.4222: -0.5317066,-1.050327,1.811709,78.59662
326.6444: -0.4156193,-1.006012,1.814426,80.00934
326.8667: -0.2511855,-0.9309856,1.798247,55.35187
327.0889: -0.1612444,-0.8310401,1.802847,2.767222
327.3111: -0.06028875,-0.6946733,1.787497,353.7449
327.5334: -0.04428725,-0.5178148,1.753085,345.6888
327.7556: -0.06479541,-0.3084485,1.758788,322.689
327.9778: -0.01793918,-0.1384014,1.78052,322.0353
328.2: 0.06041063,0.0373206,1.76738,328.4935
328.4222: 0.09584108,0.2084195,1.784352,329.2755
328.6444: 0.05289153,0.3540682,1.789692,318.1511
328.8667: -0.04756358,0.508033,1.768819,309.0728
329.0889: -0.2215289,0.6695781,1.767766,298.0495
329.3111: -0.3861609,0.7853174,1.790017,286.936
329.5334: -0.5396414,0.901908,1.779122,286.3821
329.7556: -0.7258584,1.050964,1.769086,283.0926
329.9778: -0.903319,1.155442,1.800593,283.369
330.2: -1.064975,1.202041,1.78114,290.8155
330.4222: -1.278198,1.26287,1.741351,319.4204
330.6444: -1.488236,1.333774,1.758755,351.5108
330.8667: -1.617702,1.398131,1.771557,7.488346
331.0889: -1.684601,1.493699,1.757862,18.35769
331.3111: -1.736506,1.666672,1.743656,15.33804
331.5334: -1.790255,1.830604,1.770244,5.35838
331.7556: -1.870698,1.98616,1.770844,348.7663
331.9778: -1.991313,2.16141,1.729307,320.6453
332.2: -2.044566,2.316016,1.764215,313.802
332.4222: -1.975007,2.494816,1.783377,6.899249
332.6444: -1.843377,2.599519,1.763834,58.61764
332.8667: -1.685779,2.720448,1.745825,71.68152
333.0889: -1.499245,2.830562,1.764371,83.05236
333.3111: -1.367697,2.911189,1.789484,87.932
333.5334: -1.181906,3.03025,1.77126,94.01312
333.7556: -0.9891883,3.148351,1.77981,96.19814
333.9778: -0.8062018,3.190351,1.800512,99.39758
334.2: -0.6205682,3.199717,1.767561,98.91491
334.4222: -0.3632588,3.180045,1.770139,91.92012
334.6444: -0.1351622,3.171563,1.805203,92.41913
334.8667: 0.1080451,3.180304,1.779663,95.7868
335.0889: 0.3826266,3.207584,1.778198,99.80778
335.3111: 0.6278863,3.213353,1.812147,100.4218
335.5334: 0.9154343,3.195645,1.76862,98.69398
335.7556: 1.18401,3.157106,1.770357,85.95525
335.9778: 1.402045,3.126675,1.809448,91.69421
336.2: 1.609301,3.086416,1.7752,119.8682
336.4222: 1.906895,3.088258,1.745249,138.0403
336.6444: 2.159453,3.040931,1.780148,149.6512
336.8667: 2.313774,2.938583,1.784658,158.2601
337.0889: 2.409576,2.759615,1.771509,161.6227
337.3111: 2.466592,2.55141,1.781592,167.7166
337.5334: 2.553083,2.349918,1.792869,184.9377
337.7556: 2.71283,2.12286,1.744349,158.3024
337.9778: 2.800421,1.893593,1.777391,157.135
338.2: 2.801076,1.737827,1.807356,149.2907
Trial Result: Success object: Trashcan | Time Spent: 22.41074
Trial No.:7 Ends
Trial No.:23 Begins
User confirmed on object: Chair, this maze officially starts.
358.6444: 0.8140814,-3.225744,1.836043,2.878371
358.8667: 0.8143847,-3.232365,1.836905,1.6221
359.0889: 0.8256758,-3.239787,1.83713,7.632427
359.3111: 0.8325002,-3.240553,1.835689,10.1994
359.5334: 0.8351133,-3.235876,1.834374,10.45614
359.7556: 0.8375542,-3.229107,1.831338,8.664877
359.9778: 0.794794,-3.209528,1.812122,343.8397
360.2: 0.7280036,-3.233853,1.804406,302.8327
360.4222: 0.6314415,-3.25052,1.796726,293.4655
360.6444: 0.4936821,-3.269858,1.781059,291.9663
360.8667: 0.3477179,-3.297008,1.796129,287.4246
361.0889: 0.2306132,-3.307971,1.808862,286.7039
361.3111: 0.08397764,-3.286188,1.796811,287.9595
361.5334: -0.0979331,-3.206566,1.776049,299.3672
361.7556: -0.2391211,-3.130465,1.801123,316.8612
361.9778: -0.3883161,-3.069816,1.813249,328.286
362.2: -0.5575855,-3.005501,1.787986,337.9386
362.4222: -0.7196285,-2.927809,1.80697,345.9281
362.6444: -0.795653,-2.838511,1.811688,355.4979
362.8667: -0.8431708,-2.709414,1.791711,359.3066
363.0889: -0.8366408,-2.513851,1.768013,359.1542
363.3111: -0.8084232,-2.314851,1.793233,0.4782444
363.5334: -0.8117654,-2.158227,1.804196,1.268758
363.7556: -0.8360575,-1.973186,1.777098,3.309288
363.9778: -0.8638505,-1.72191,1.774979,12.84982
364.2: -0.8433281,-1.574761,1.792824,21.73331
364.4222: -0.7957445,-1.440493,1.78352,25.22929
364.6444: -0.6665553,-1.283411,1.769106,23.64279
364.8667: -0.499936,-1.112179,1.790833,23.84312
365.0889: -0.3890829,-0.9523524,1.818378,16.1956
365.3111: -0.3078333,-0.7743806,1.797755,11.34841
365.5334: -0.2589847,-0.5517361,1.77008,2.056888
365.7556: -0.2140554,-0.3430871,1.773598,350.7771
365.9778: -0.1726147,-0.1372606,1.771375,334.5087
366.2: -0.04520732,0.1624329,1.753903,343.7731
366.4222: 0.02187686,0.403458,1.803491,354.8577
366.6444: 0.01901422,0.6333759,1.788147,358.2846
366.8667: -0.02161112,0.8674159,1.761406,2.078308
367.0889: -0.05370263,1.119798,1.803885,1.551245
367.3111: -0.03846077,1.363189,1.787125,4.870945
367.5334: 0.002077844,1.624818,1.757553,1.690962
367.7556: 0.03642246,1.858004,1.788229,6.100341
367.9778: 0.05683251,2.09176,1.768966,21.61587
368.2: 0.06693511,2.393073,1.733953,47.09026
368.4222: 0.1165864,2.608576,1.76898,70.0681
368.6444: 0.197254,2.747678,1.759462,87.42222
368.8667: 0.3077686,2.873541,1.733244,90.63892
369.0889: 0.4524727,2.989478,1.745042,96.34317
369.3111: 0.5664444,3.072284,1.782269,104.6252
369.5334: 0.737246,3.174211,1.760071,110.7472
369.7556: 0.9450759,3.261955,1.752024,118.708
369.9778: 1.111676,3.259695,1.788096,128.195
Trial Result: Success object: Piano | Time Spent: 11.72616
Trial No.:23 Ends
Trial No.:21 Begins
User confirmed on object: Mailbox, this maze officially starts.
389.5445: -1.830039,-3.229493,1.839854,6.345584
389.7667: -1.819646,-3.235833,1.841896,6.151092
389.9889: -1.816055,-3.24722,1.840426,3.82364
390.2111: -1.81448,-3.259603,1.838354,1.264217
390.4333: -1.822603,-3.257034,1.831376,356.9041
390.6556: -1.8304,-3.240434,1.812891,350.0599
390.8778: -1.817766,-3.251116,1.826454,354.4634
391.1: -1.811772,-3.250926,1.819521,358.4369
391.3222: -1.808642,-3.249094,1.825552,358.4965
391.5445: -1.838143,-3.240669,1.825222,343.2402
391.7667: -1.928595,-3.223017,1.793702,313.9321
391.9889: -2.073258,-3.209688,1.769221,286.8437
392.2111: -2.208558,-3.233531,1.765915,239.5347
392.4333: -2.33622,-3.156498,1.784955,263.9785
392.6556: -2.4118,-2.955079,1.797231,340.82
392.8778: -2.488667,-2.805374,1.759451,355.1965
393.1: -2.557215,-2.674082,1.790085,356.8069
393.3222: -2.59377,-2.585593,1.808787,0.6906245
393.5445: -2.647644,-2.422672,1.798977,359.8818
393.7667: -2.713614,-2.167441,1.773281,2.118376
393.9889: -2.762497,-1.880937,1.814961,1.331736
394.2111: -2.751624,-1.600062,1.80113,3.697677
394.4333: -2.705585,-1.266093,1.763415,2.752428
394.6556: -2.695946,-0.9246747,1.83034,3.224155
394.8778: -2.737002,-0.6420672,1.782582,3.395174
395.1: -2.786689,-0.3145719,1.777324,9.738801
395.3222: -2.74213,-0.07152785,1.812268,22.10255
395.5445: -2.651528,0.1929237,1.763402,39.76309
395.7667: -2.553212,0.4466919,1.78528,37.53232
395.9889: -2.483938,0.6859146,1.802232,39.81704
396.2111: -2.366187,0.9019325,1.771027,75.98417
396.4333: -2.250588,1.121911,1.804615,84.10329
396.6556: -2.118607,1.424558,1.777222,32.92087
396.8778: -2.033114,1.617002,1.750834,344.9654
397.1: -1.932983,1.798665,1.789277,339.4661
397.3222: -1.905313,1.972084,1.768597,331.9908
397.5445: -1.832533,2.213263,1.752501,19.3539
397.7667: -1.765307,2.427754,1.79086,51.80603
397.9889: -1.677471,2.598099,1.779578,64.75452
398.2111: -1.516671,2.736011,1.751287,78.82327
398.4333: -1.344859,2.851389,1.770116,85.92837
398.6556: -1.137087,2.994103,1.780012,89.88583
398.8778: -0.8687845,3.158251,1.742079,93.07233
399.1: -0.6220838,3.258239,1.784589,89.34943
399.3222: -0.3815597,3.259601,1.785276,96.38456
399.5445: -0.06994172,3.229518,1.749474,99.47604
399.7667: 0.2271652,3.209467,1.808115,100.6222
399.9889: 0.5162635,3.223034,1.774226,99.89055
400.2111: 0.8609214,3.257874,1.75999,102.1565
400.4333: 1.144015,3.219237,1.806219,104.0489
400.6556: 1.491783,3.114808,1.745011,113.1821
400.8778: 1.744828,2.981178,1.762845,136.642
401.1: 1.980788,2.94306,1.795797,128.1835
401.3222: 2.206603,2.870323,1.750266,147.6609
401.5445: 2.408986,2.791069,1.774235,153.4012
401.7667: 2.528135,2.668746,1.799516,160.6257
401.9889: 2.582973,2.499135,1.7666,162.262
402.2111: 2.597846,2.223515,1.756971,159.573
402.4333: 2.632666,2.021733,1.799334,158.0421
402.6556: 2.726774,1.860428,1.791913,152.6925
402.8778: 2.837214,1.688021,1.755704,154.8897
Trial Result: Success object: Trashcan | Time Spent: 13.59852
Trial No.:21 Ends
Trial No.:24 Begins
User confirmed on object: Chair, this maze officially starts.
419.2889: 0.8391588,-3.21673,1.841595,1.894528
419.5111: 0.8357992,-3.215592,1.841666,1.131839
419.7333: 0.8337476,-3.216573,1.840992,359.7875
419.9556: 0.8334123,-3.215393,1.839858,359.8588
420.1778: 0.831118,-3.195475,1.830278,1.869939
420.4: 0.8120991,-3.148391,1.800305,355.0649
420.6222: 0.7414538,-3.161588,1.800986,324.1065
420.8445: 0.6767972,-3.200016,1.7865,293.03
421.0667: 0.5798071,-3.214074,1.770859,290.8484
421.2889: 0.4869412,-3.235484,1.78408,288.3818
421.5111: 0.390503,-3.221503,1.792952,292.0475
421.7333: 0.2546618,-3.171632,1.774098,297.0236
421.9556: 0.07215974,-3.084733,1.747683,306.093
422.1778: -0.1109055,-2.989566,1.780417,314.2934
422.4: -0.2764139,-2.909243,1.795806,322.7996
422.6222: -0.4897424,-2.807102,1.75865,336.8565
422.8445: -0.6836137,-2.673621,1.787758,349.9886
423.0667: -0.7840531,-2.515641,1.793201,1.348585
423.2889: -0.8149904,-2.30935,1.760573,8.171461
423.5111: -0.7882955,-2.062257,1.771963,9.909464
423.7333: -0.7704916,-1.899382,1.818176,15.07561
423.9556: -0.7502764,-1.654909,1.782777,23.1486
424.1778: -0.7128907,-1.363229,1.791066,27.64004
424.4: -0.6175159,-1.183562,1.809478,27.96963
424.6222: -0.4645957,-1.005011,1.764089,24.95786
424.8445: -0.2638698,-0.8106596,1.775863,14.59027
425.0667: -0.1218688,-0.5671193,1.816619,3.86165
425.2889: -0.05562076,-0.2916326,1.763012,1.991069
425.5111: -0.02904201,0.01784907,1.786766,359.3859
425.7333: 0.02413442,0.2740586,1.81772,359.509
425.9556: 0.07992578,0.5225841,1.775845,0.727676
426.1778: 0.1423499,0.8017368,1.80279,0.170494
426.4: 0.1272049,1.063426,1.808746,359.3206
426.6222: 0.07140222,1.35467,1.754344,1.823525
426.8445: 0.01650497,1.628722,1.784406,4.87596
427.0667: 0.02173203,1.858979,1.778383,15.65129
427.2889: 0.05698951,2.158643,1.734957,28.69805
427.5111: 0.1161236,2.39457,1.753942,46.49233
427.7333: 0.1709059,2.562413,1.780074,64.79755
427.9556: 0.23055,2.734637,1.749046,82.36119
428.1778: 0.3169886,2.933745,1.769089,92.3183
428.4: 0.4210214,3.052011,1.779991,99.26597
428.6222: 0.5879761,3.125257,1.752602,100.4609
428.8445: 0.870598,3.168743,1.722629,89.87178
429.0667: 1.140813,3.146189,1.775583,91.20823
429.2889: 1.419205,3.103876,1.774299,121.0006
429.5111: 1.745461,3.123282,1.748188,123.859
429.7333: 1.995981,3.040671,1.802117,135.769
429.9556: 2.17053,2.907902,1.765699,147.5146
430.1778: 2.341893,2.705583,1.756702,153.1027
430.4: 2.467813,2.546669,1.793054,160.1257
430.6222: 2.614021,2.38355,1.766244,161.0999
430.8445: 2.783206,2.20614,1.766872,156.4357
431.0667: 2.836962,2.037922,1.804028,153.1493
431.2889: 2.821175,1.824383,1.8034,150.521
Trial Result: Success object: Trashcan | Time Spent: 12.35449
Trial No.:24 Ends
Trial No.:18 Begins
User confirmed on object: Harp, this maze officially starts.
454.2444: 1.744132,-1.237048,1.84292,358.5472
454.4667: 1.744712,-1.24135,1.843256,358.3179
454.6889: 1.743752,-1.245822,1.84204,357.0919
454.9111: 1.743829,-1.244043,1.840421,357.1615
455.1333: 1.741896,-1.238891,1.838881,357.6001
455.3556: 1.735172,-1.229167,1.832416,356.4463
455.5778: 1.708833,-1.224909,1.82761,339.0387
455.8: 1.681916,-1.242675,1.812953,292.7015
456.0222: 1.687481,-1.225825,1.808004,277.802
456.2444: 1.631341,-1.189049,1.805865,274.7307
456.4667: 1.514584,-1.161496,1.797702,280.0626
456.6889: 1.385613,-1.151476,1.804503,280.7987
456.9111: 1.252481,-1.138083,1.802611,275.114
457.1333: 1.067218,-1.088089,1.778175,269.9173
457.3556: 0.852297,-0.9938759,1.78301,261.9981
457.5778: 0.6484046,-0.9563945,1.820879,261.5691
457.8: 0.3855782,-0.9590775,1.780211,265.2292
458.0222: 0.1090879,-0.991648,1.786329,266.3788
458.2444: -0.1165857,-0.9750006,1.819,265.5907
458.4667: -0.3527307,-0.9381982,1.7834,269.4636
458.6889: -0.6232733,-0.8746637,1.784391,269.8644
458.9111: -0.8752156,-0.8660036,1.812036,274.1624
459.1333: -1.152287,-0.9024182,1.766629,273.7047
459.3556: -1.425415,-0.9777812,1.783351,254.1852
459.5778: -1.641184,-0.9903923,1.80668,246.3306
459.8: -1.907215,-0.9086666,1.763199,289.6349
460.0222: -2.092216,-0.8041553,1.755868,331.4996
460.2444: -2.250307,-0.7600622,1.771495,351.3893
460.4667: -2.417056,-0.7118095,1.744357,6.46927
460.6889: -2.599247,-0.6470207,1.761864,18.06025
460.9111: -2.692259,-0.5830488,1.774572,27.23391
Trial Result: Success object: Telescope | Time Spent: 6.998751
Trial No.:18 Ends
Trial No.:10 Begins
User confirmed on object: Bookshelf, this maze officially starts.
478.8445: 1.818723,1.270073,1.838964,192.3865
479.0667: 1.820062,1.270932,1.838281,192.4457
479.2889: 1.820372,1.269765,1.837626,193.0768
479.5111: 1.820981,1.265039,1.836832,193.4644
479.7333: 1.823436,1.258874,1.835767,193.1615
479.9556: 1.815249,1.25073,1.833944,196.5803
480.1778: 1.731021,1.236067,1.803284,239.4472
480.4: 1.70947,1.208897,1.786234,255.2468
480.6222: 1.641828,1.178526,1.782869,264.6503
480.8445: 1.498282,1.173997,1.761599,267.0098
481.0667: 1.315479,1.159854,1.771115,245.6494
481.2889: 1.158715,1.147622,1.79564,241.523
481.5111: 0.9976425,1.092753,1.778336,245.8433
481.7333: 0.7947829,1.054399,1.759611,281.9367
481.9556: 0.6338488,1.065635,1.78813,313.5844
482.1778: 0.4644346,1.117959,1.773391,326.255
482.4: 0.3270194,1.243414,1.737019,331.4886
482.6222: 0.1934714,1.439795,1.717377,344.7246
482.8445: 0.1304085,1.571429,1.745792,356.3187
483.0667: 0.08318359,1.706396,1.752723,0.4880297
483.2889: 0.01212914,1.915555,1.727464,2.401626
483.5111: -0.02734387,2.147788,1.746061,6.956827
483.7333: 0.0376431,2.348528,1.753162,38.80051
483.9556: 0.1319554,2.557185,1.70513,62.98726
484.1778: 0.2185667,2.782075,1.734764,81.25484
484.4: 0.2268162,2.907255,1.752088,85.19696
484.6222: 0.1328588,3.039891,1.77669,34.60871
484.8445: -0.1712645,3.002711,1.778312,269.454
485.0667: -0.2894857,2.990356,1.75709,252.1846
485.2889: -0.4988031,3.000884,1.762724,243.9066
485.5111: -0.6890029,3.056316,1.780519,263.6981
485.7333: -0.8764907,3.113002,1.779292,272.3462
485.9556: -1.094216,3.178914,1.772123,267.3593
486.1778: -1.328546,3.206108,1.804739,253.8985
486.4: -1.493269,3.101371,1.799081,209.1147
486.6222: -1.612291,2.967798,1.757211,196.9985
486.8445: -1.683349,2.866708,1.778774,183.3392
487.0667: -1.731779,2.761161,1.771209,161.2842
487.2889: -1.830891,2.618828,1.750392,148.1298
487.5111: -1.947431,2.431279,1.784981,166.6125
487.7333: -1.995668,2.234742,1.78085,182.6541
487.9556: -1.999692,2.000332,1.746935,191.4381
488.1778: -2.004498,1.748076,1.783273,200.9451
488.4: -2.06374,1.544428,1.799288,205.0963
488.6222: -2.176309,1.370487,1.771366,196.2596
488.8445: -2.34259,1.185105,1.770165,181.1558
489.0667: -2.45434,1.038934,1.795304,176.7483
489.2889: -2.547934,0.8566317,1.781596,172.6945
489.5111: -2.625819,0.6287656,1.762161,175.5581
489.7333: -2.700804,0.3993294,1.796495,178.955
489.9556: -2.798993,0.174565,1.794841,181.4933
490.1778: -2.915426,-0.08124506,1.766394,182.7956
490.4: -2.985506,-0.3655674,1.815043,187.8731
490.6222: -2.93322,-0.6329273,1.773075,188.3912
490.8445: -2.839695,-0.9291915,1.763383,194.5397
491.0667: -2.810084,-1.136233,1.795405,200.9868
491.2889: -2.802015,-1.345392,1.77645,205.4758
Trial Result: Success object: Plant | Time Spent: 12.77601
Trial No.:10 Ends
Trial No.:1 Begins
User confirmed on object: Stove, this maze officially starts.
508.2778: -2.450893,3.153637,1.808664,264.3943
508.5: -2.443122,3.160467,1.809881,261.8463
508.7222: -2.437728,3.150892,1.806428,251.2227
508.9445: -2.42196,3.103363,1.80114,209.257
509.1667: -2.396976,3.096976,1.794557,165.8125
509.3889: -2.403271,3.110758,1.799271,146.9264
509.6111: -2.397319,3.119438,1.801269,131.5145
509.8333: -2.366406,3.12229,1.798675,134.2008
510.0556: -2.301764,3.11955,1.799947,140.5087
510.2778: -2.220186,3.104918,1.788422,151.162
510.5: -2.154726,3.04848,1.779413,165.4791
510.7222: -2.089671,2.909523,1.757016,172.7666
510.9445: -2.06179,2.738369,1.753272,168.516
511.1667: -2.038581,2.633829,1.78216,169.8132
511.3889: -2.013191,2.613486,1.789104,169.2914
511.6111: -1.985043,2.629111,1.795032,164.9204
511.8333: -1.966651,2.637813,1.79968,162.0726
512.0555: -1.954536,2.640626,1.800393,160.7989
512.2778: -1.944168,2.638855,1.797661,160.0654
512.5: -1.942505,2.623127,1.79728,160.4072
512.7222: -1.976587,2.545438,1.787238,165.9132
512.9445: -2.009759,2.445911,1.790925,166.1336
513.1667: -2.00328,2.335717,1.783373,169.2124
513.3889: -1.964699,2.199862,1.76822,176.2551
513.6111: -1.883094,2.041815,1.776372,175.8355
513.8334: -1.80165,1.898596,1.784434,148.5896
514.0555: -1.757353,1.729133,1.770318,133.027
514.2778: -1.718443,1.521499,1.752229,123.9525
514.5: -1.646229,1.353324,1.787645,114.6672
514.7222: -1.493437,1.221768,1.776027,107.2891
514.9445: -1.273703,1.134376,1.753956,106.1479
515.1667: -1.068483,1.05934,1.784054,110.0202
515.3889: -0.8888353,0.9742085,1.786231,117.361
515.6111: -0.7087699,0.8772017,1.758744,126.5596
515.8334: -0.5159272,0.7639339,1.776704,140.2553
516.0555: -0.3582153,0.6970986,1.805672,153.2477
516.2778: -0.1880517,0.6203398,1.780432,168.5104
516.5: -0.05036224,0.5266135,1.786067,176.8932
516.7222: 0.006125152,0.4196385,1.790531,185.7129
516.9445: 0.00230238,0.2084421,1.753199,189.46
517.1667: -0.07707261,-0.03319987,1.765874,192.9025
517.3889: -0.1434932,-0.2071663,1.797097,204.2266
517.6111: -0.1734882,-0.3840732,1.781116,212.0028
517.8334: -0.2176398,-0.6203012,1.758745,228.9704
518.0555: -0.2881377,-0.8048851,1.790976,245.5686
518.2778: -0.3655695,-0.9562196,1.787323,241.4801
518.5: -0.4819308,-1.11884,1.765517,206.8434
518.7222: -0.6602203,-1.251494,1.769136,189.9388
518.9445: -0.810017,-1.423886,1.804791,184.3253
519.1667: -0.8572565,-1.620457,1.773002,176.4835
519.3889: -0.8604468,-1.869295,1.756263,177.4543
519.6111: -0.8507318,-2.050238,1.78002,167.9155
519.8334: -0.8348672,-2.22845,1.777352,146.9402
520.0555: -0.8310027,-2.429209,1.750201,124.9135
520.2778: -0.8369579,-2.638491,1.786034,107.2283
520.5: -0.802209,-2.774872,1.809057,100.3519
520.7222: -0.7103124,-2.847654,1.792916,89.68462
520.9445: -0.5191649,-2.920686,1.762001,85.3819
521.1667: -0.2901856,-2.9584,1.767197,80.27184
521.3889: -0.09265196,-2.992435,1.78602,75.22112
521.6111: 0.1057718,-3.066876,1.754779,72.86819
521.8334: 0.3865223,-3.19302,1.745505,65.29139
522.0555: 0.6476306,-3.214977,1.805001,60.11899
522.2778: 0.8970528,-3.119437,1.769287,50.95752
522.5: 1.165202,-2.987085,1.770181,62.41671
522.7222: 1.377111,-2.864808,1.795577,42.99795
522.9445: 1.655714,-2.73179,1.750258,40.67302
523.1667: 1.840387,-2.635498,1.760954,37.59189
Trial Result: Success object: Well | Time Spent: 15.22048
Trial No.:1 Ends
Trial No.:15 Begins
User confirmed on object: Wheelbarrow, this maze officially starts.
537.8556: 0.1199543,0.03300111,1.838356,265.7211
538.0778: 0.123401,0.02945837,1.837829,263.8064
538.3: 0.1347891,0.02695162,1.837059,261.5278
538.5222: 0.1415575,0.02606813,1.83549,260.9139
538.7444: 0.1362296,0.02616642,1.834633,261.0705
538.9667: 0.122726,0.02594647,1.832028,262.5723
539.1889: 0.1136086,-0.01688202,1.817495,235.4248
539.4111: 0.1340007,-0.05321751,1.800765,199.338
539.6334: 0.1198543,-0.06868865,1.795705,191.549
539.8556: 0.1323983,-0.1329023,1.791106,200.5986
540.0778: 0.147465,-0.2028641,1.788492,212.2584
540.3: 0.1360916,-0.2739784,1.788705,226.5256
540.5222: 0.1008122,-0.3700583,1.7768,228.7694
540.7444: 0.02631331,-0.4746578,1.759875,231.2595
540.9667: -0.04859507,-0.5601177,1.774939,238.485
541.1889: -0.09122276,-0.6169024,1.800958,255.2311
541.4111: -0.1108427,-0.6391318,1.791441,293.3711
541.6334: -0.04171298,-0.636897,1.788317,347.9647
541.8556: 0.004772063,-0.6421116,1.78921,5.493175
542.0778: 0.02156509,-0.5755299,1.782846,8.810174
542.3: 0.04630188,-0.4111249,1.759218,7.504781
542.5222: 0.08584756,-0.2503392,1.7677,7.269457
542.7444: 0.09160701,-0.09646914,1.774675,7.831056
542.9667: 0.05870473,0.1208827,1.733982,15.56056
543.1889: 0.04019312,0.3680804,1.74605,35.30182
543.4111: 0.08457072,0.5404989,1.778971,56.86457
543.6334: 0.1663923,0.674288,1.756642,62.66039
543.8556: 0.3320292,0.7871286,1.737588,72.46188
544.0778: 0.5127205,0.8480486,1.757778,89.17464
544.3: 0.6727505,0.9127256,1.771384,98.17798
544.5222: 0.8771176,0.9865813,1.749334,101.7612
544.7444: 1.116388,1.067559,1.762972,96.94843
544.9667: 1.323706,1.072159,1.785759,89.74996
545.1889: 1.559724,1.029866,1.750324,87.04751
545.4111: 1.830729,0.9990252,1.784803,67.60494
545.6334: 2.006493,1.064431,1.791226,39.38751
545.8556: 2.192115,1.185456,1.748131,29.71741
546.0778: 2.330231,1.3375,1.764698,14.61693
546.3: 2.444366,1.456622,1.786342,357.1339
546.5222: 2.601306,1.602314,1.758525,345.817
546.7444: 2.765992,1.777573,1.782762,339.5818
546.9667: 2.813676,1.968583,1.793559,331.6923
547.1889: 2.763094,2.192745,1.750709,324.597
547.4111: 2.612668,2.439338,1.759538,311.3944
547.6334: 2.508729,2.595151,1.786457,295.8212
547.8556: 2.395144,2.773676,1.756217,281.4583
548.0778: 2.271631,2.959119,1.760956,253.0985
548.3: 2.130282,3.055868,1.774513,229.3542
548.5222: 1.916896,3.148475,1.754588,236.6534
548.7444: 1.634562,3.226246,1.762827,265.2058
548.9667: 1.389155,3.279503,1.795255,267.8408
549.1889: 1.107601,3.343108,1.765816,268.7717
549.4111: 0.7746252,3.424428,1.770808,260.6134
549.6334: 0.5151832,3.43097,1.811403,258.5709
549.8556: 0.2224693,3.391735,1.764105,259.7455
550.0778: -0.0294555,3.348063,1.790378,260.7357
550.3: -0.2726635,3.334495,1.802636,243.4805
550.5222: -0.4348156,3.296285,1.737194,171.5961
550.7444: -0.5748162,3.323953,1.757903,150.5162
550.9667: -0.7542564,3.333014,1.784299,169.537
551.1889: -0.9624825,3.367694,1.795685,200.0415
551.4111: -1.167503,3.359824,1.780262,212.0871
551.6334: -1.363421,3.297175,1.751497,226.9744
551.8556: -1.561831,3.200112,1.766256,230.8837
552.0778: -1.722085,3.163937,1.786535,245.3403
552.3: -1.839182,3.089833,1.769132,221.2926
552.5222: -1.924605,3.030227,1.768189,168.6109
552.7444: -2.010388,2.996581,1.786948,152.3307
552.9667: -2.067013,2.959882,1.787774,151.7217
553.1889: -2.107559,2.909637,1.784408,164.2131
553.4111: -2.126186,2.808428,1.772486,180.1627
553.6334: -2.065369,2.597161,1.742755,185.9053
553.8556: -1.970381,2.334678,1.761871,187.1888
554.0778: -1.917613,2.157371,1.784753,167.4933
554.3: -1.964017,1.968454,1.766004,196.0343
554.5222: -2.020304,1.716011,1.747007,188.6338
554.7444: -2.079588,1.487675,1.779644,194.721
554.9667: -2.128717,1.268832,1.780192,191.8102
555.1889: -2.184381,1.049647,1.763395,192.1371
555.4111: -2.272356,0.8740919,1.78154,184.5937
555.6334: -2.436878,0.6968704,1.743105,169.3389
555.8556: -2.598446,0.5626621,1.767543,156.1698
556.0778: -2.711158,0.4114774,1.792599,163.7316
556.3: -2.764689,0.2403589,1.771343,169.3639
556.5222: -2.792909,-0.03222465,1.755146,178.8183
556.7444: -2.822736,-0.2555925,1.796553,179.9616
556.9667: -2.864886,-0.4678234,1.792532,176.7569
557.1889: -2.922988,-0.6976341,1.767067,167.9358
557.4111: -2.970979,-0.9116656,1.798089,163.3083
557.6334: -2.976771,-1.123805,1.804285,162.5786
557.8556: -2.944161,-1.32313,1.770847,166.0694
558.0778: -2.88841,-1.532891,1.784776,161.6992
558.3: -2.883555,-1.676844,1.802428,160.9645
558.5222: -2.875544,-1.854923,1.784464,156.1072
558.7444: -2.883769,-2.05688,1.760867,141.8757
558.9667: -2.90951,-2.266079,1.799788,126.1372
559.1889: -2.889224,-2.428845,1.810091,117.8656
559.4111: -2.807278,-2.574564,1.786486,108.3192
559.6334: -2.629552,-2.739503,1.74593,95.91273
559.8556: -2.488623,-2.84401,1.763275,84.99125
560.0778: -2.390856,-2.901054,1.785496,66.29356
560.3: -2.284571,-2.964375,1.786629,43.36785
560.5222: -2.177338,-3.04938,1.79561,32.64521
Trial Result: Success object: Mailbox | Time Spent: 23.02701
Trial No.:15 Ends
Trial No.:4 Begins
User confirmed on object: Piano, this maze officially starts.
581.0778: 1.779379,3.264165,1.835468,183.236
581.3: 1.780391,3.261997,1.835057,188.1982
581.5222: 1.78101,3.261205,1.833704,192.4746
581.7444: 1.786276,3.259571,1.832941,192.9414
581.9667: 1.786822,3.257539,1.832548,193.4722
582.1889: 1.784933,3.244416,1.830953,195.8442
582.4111: 1.785786,3.230009,1.827205,197.7011
582.6334: 1.792668,3.221738,1.826965,196.7068
582.8556: 1.830493,3.20968,1.819048,180.957
583.0778: 1.901806,3.202004,1.801532,155.7592
583.3: 1.96876,3.197983,1.781752,141.1683
583.5222: 2.029966,3.223011,1.777753,141.2381
583.7444: 2.090928,3.230716,1.781116,144.9593
583.9667: 2.158901,3.17453,1.77635,153.0807
584.1889: 2.245495,3.066813,1.739452,153.2511
584.4111: 2.339487,2.925395,1.731561,159.0607
584.6334: 2.414082,2.825665,1.733904,158.9894
584.8556: 2.488508,2.738103,1.721977,159.4934
585.0778: 2.597099,2.609318,1.723628,167.0747
585.3: 2.696298,2.475666,1.767716,169.5936
585.5222: 2.725249,2.326367,1.784253,171.846
585.7444: 2.688549,2.131664,1.763911,188.4695
585.9667: 2.627647,1.89761,1.78024,193.5942
586.1889: 2.608196,1.642581,1.813025,188.8661
586.4111: 2.628314,1.367645,1.768082,186.9356
586.6334: 2.673451,1.061541,1.779054,186.9354
586.8556: 2.664977,0.8161151,1.808999,186.79
587.0778: 2.629313,0.5091839,1.761094,188.1243
587.3: 2.584088,0.217694,1.789217,190.0428
587.5222: 2.584727,-0.06411573,1.800235,195.4242
587.7444: 2.592883,-0.3681248,1.748773,206.2903
587.9667: 2.543612,-0.5853926,1.782489,221.0554
588.1889: 2.405916,-0.7286311,1.77589,255.4992
588.4111: 2.238755,-0.8076453,1.730954,283.0083
588.6334: 2.099133,-0.9169674,1.755398,293.5009
588.8556: 2.015806,-1.008187,1.766135,309.2753
Trial Result: Success object: Harp | Time Spent: 8.05131
Trial No.:4 Ends
Trial No.:6 Begins
User confirmed on object: Table, this maze officially starts.
606.4556: -2.110837,2.036558,1.82994,94.58512
606.6778: -2.102043,2.02632,1.828243,99.91506
606.9: -2.095645,2.022772,1.826082,104.2232
607.1223: -2.091144,2.026284,1.824713,106.128
607.3445: -2.086216,2.027475,1.825138,108.0699
607.5667: -2.066091,2.017193,1.818277,116.4658
607.7889: -2.048602,1.976059,1.791599,140.2759
608.0111: -2.072947,1.89726,1.783135,167.2227
608.2333: -2.119977,1.769527,1.771416,179.2065
608.4556: -2.201651,1.58486,1.765033,189.7126
608.6778: -2.240995,1.47114,1.775644,183.3511
608.9: -2.272445,1.326953,1.772627,176.6878
609.1223: -2.30459,1.111064,1.76512,172.5291
609.3445: -2.347242,0.9246594,1.790282,171.1425
609.5667: -2.432984,0.7269665,1.784649,171.8064
609.7889: -2.553873,0.4933178,1.752765,169.2099
610.0111: -2.65217,0.2556601,1.786337,165.0732
610.2333: -2.672449,0.02335983,1.779744,155.2085
610.4556: -2.678596,-0.2587866,1.759404,162.2255
610.6778: -2.717198,-0.5471621,1.805063,175.2452
610.9: -2.777246,-0.8162624,1.774676,186.0126
611.1223: -2.834131,-1.084592,1.777817,177.5532
611.3445: -2.834096,-1.290515,1.816943,173.1515
611.5667: -2.801613,-1.554926,1.78068,166.0222
611.7889: -2.73907,-1.830162,1.777961,156.6544
612.0111: -2.71366,-2.067841,1.803713,142.0974
612.2333: -2.69202,-2.341917,1.75801,130.9193
612.4556: -2.63634,-2.60816,1.768562,118.7964
612.6778: -2.409389,-2.813816,1.777644,103.8815
612.9: -2.101433,-2.904649,1.744416,86.94465
613.1223: -1.838427,-2.988009,1.797471,71.46542
613.3445: -1.595097,-3.116441,1.777149,79.64735
613.5667: -1.314386,-3.276396,1.772666,83.77308
613.7889: -1.024627,-3.341873,1.820655,83.51188
614.0111: -0.7066239,-3.327244,1.767577,74.9453
614.2333: -0.3782885,-3.293039,1.784788,71.38464
614.4556: -0.1057348,-3.280164,1.801127,58.73498
614.6778: 0.205586,-3.25713,1.759498,40.2794
614.9: 0.4003014,-3.187059,1.805518,34.0134
615.1223: 0.525735,-3.083779,1.785703,30.3997
Trial Result: Success object: Chair | Time Spent: 9.017736
Trial No.:6 Ends
Trial No.:3 Begins
User confirmed on object: Piano, this maze officially starts.
634.8334: 1.928723,3.262685,1.81058,186.3426
635.0555: 1.928783,3.274999,1.824959,189.3345
635.2778: 1.927149,3.28136,1.825535,192.1568
635.5: 1.929687,3.27485,1.824506,194.6436
635.7222: 1.934396,3.264711,1.823577,199.2699
635.9445: 1.93909,3.255549,1.818401,208.1887
636.1667: 1.927879,3.248217,1.811856,220.5285
636.3889: 1.91248,3.240909,1.806116,227.7014
636.6111: 1.86943,3.239611,1.809146,235.072
636.8334: 1.771087,3.260237,1.802621,240.6496
637.0555: 1.609449,3.307261,1.797905,247.0734
637.2778: 1.474253,3.311106,1.797785,252.7557
637.5: 1.324319,3.263608,1.776445,252.4721
637.7222: 1.164367,3.186098,1.758842,253.5643
637.9445: 0.9969975,3.123648,1.794908,253.0198
638.1667: 0.841226,3.113848,1.803393,260.6834
638.3889: 0.6530135,3.104718,1.782435,262.3567
638.6111: 0.4552339,3.111053,1.787222,261.4107
638.8334: 0.2826164,3.100005,1.801495,264.3602
639.0555: 0.056367,3.081218,1.771735,270.7367
639.2778: -0.1989081,3.039307,1.753716,274.1778
639.5: -0.4050573,3.010799,1.783094,257.1301
639.7222: -0.5808495,3.030262,1.77525,250.1143
639.9445: -0.8005478,3.094789,1.751231,252.325
640.1667: -1.028143,3.17499,1.783123,254.4243
640.3889: -1.209794,3.17405,1.807816,252.4977
640.6111: -1.345707,3.07313,1.792086,239.7932
640.8334: -1.458314,2.886636,1.776103,213.3032
641.0555: -1.556434,2.71549,1.78729,193.1225
641.2778: -1.658821,2.573245,1.772335,184.0835
641.5: -1.789401,2.433054,1.754506,178.7167
641.7222: -1.939168,2.274263,1.796901,182.5885
641.9445: -2.015588,2.119567,1.794358,191.0833
642.1667: -2.068219,1.88094,1.75138,197.0415
642.3889: -2.085309,1.603826,1.752262,198.1854
642.6111: -2.120723,1.422921,1.791428,198.1045
642.8334: -2.189317,1.274321,1.774389,197.3465
643.0555: -2.327291,1.119324,1.760074,191.8078
643.2778: -2.505672,0.9457961,1.786612,186.2001
643.5: -2.575782,0.7849106,1.798455,176.1196
643.7222: -2.611163,0.5618348,1.765239,173.3578
643.9445: -2.613532,0.3298041,1.758963,175.2028
644.1667: -2.635615,0.1154701,1.79564,175.3807
644.3889: -2.67552,-0.09219533,1.787535,181.9842
644.6111: -2.727508,-0.335846,1.761355,179.657
644.8334: -2.764367,-0.5662518,1.797612,175.9646
645.0555: -2.739776,-0.7722033,1.80927,172.571
645.2778: -2.675598,-1.040841,1.752569,172.3446
645.5: -2.62195,-1.273489,1.79434,170.379
645.7222: -2.634278,-1.468535,1.81841,174.6629
645.9445: -2.656364,-1.73693,1.763652,168.6573
646.1667: -2.666656,-1.991731,1.770384,149.6511
646.3889: -2.621878,-2.201408,1.802339,137.8329
646.6111: -2.514091,-2.433146,1.744213,118.5836
646.8334: -2.38512,-2.618209,1.747623,91.27956
647.0555: -2.29096,-2.75566,1.770238,70.76057
647.2778: -2.172555,-2.899071,1.750942,50.64153
647.5: -2.075438,-2.962843,1.792613,38.07794
Trial Result: Success object: Mailbox | Time Spent: 13.04853
Trial No.:3 Ends
Trial No.:13 Begins
User confirmed on object: Telescope, this maze officially starts.
663.6: -2.871977,-0.01311459,1.836382,88.2014
663.8223: -2.867984,-0.01907048,1.835719,89.115
664.0444: -2.865894,-0.02415045,1.834365,91.10948
664.2667: -2.863773,-0.0246651,1.833398,91.98918
664.4889: -2.85899,-0.02418952,1.833496,93.07233
664.7111: -2.846916,-0.02227791,1.827091,92.61996
664.9333: -2.839198,-0.02525183,1.82491,93.42872
665.1556: -2.835997,-0.03139177,1.82591,95.03136
665.3778: -2.831437,-0.0354407,1.825125,96.06608
665.6: -2.823823,-0.04430602,1.826472,100.4
665.8223: -2.808274,-0.05844505,1.823432,110.3711
666.0444: -2.792771,-0.08567917,1.816017,124.961
666.2667: -2.786458,-0.1228461,1.810524,139.7841
666.4889: -2.783691,-0.1872629,1.806123,143.8298
666.7111: -2.79108,-0.2802893,1.804351,143.5564
666.9333: -2.798301,-0.3889045,1.79522,150.0658
667.1556: -2.785868,-0.4855344,1.795103,162.4964
667.3778: -2.707336,-0.5750215,1.783629,162.6348
667.6: -2.546822,-0.6933724,1.761719,158.0467
667.8223: -2.371011,-0.7734736,1.782349,140.6212
668.0444: -2.211143,-0.8078078,1.778689,119.0174
668.2667: -2.042115,-0.8642504,1.745786,109.0394
668.4889: -1.828579,-0.9505165,1.745062,104.0339
668.7111: -1.636257,-1.009447,1.774785,121.0868
668.9333: -1.437117,-1.038658,1.759272,140.1535
669.1556: -1.210102,-1.027363,1.765997,147.2968
669.3778: -1.024645,-1.035883,1.78425,153.9794
669.6: -0.8021044,-1.062819,1.759419,147.4376
669.8223: -0.5669578,-1.061436,1.762904,107.3823
670.0444: -0.3854741,-1.048635,1.792567,95.59477
670.2667: -0.2026846,-1.029758,1.779189,92.54432
670.4889: 0.01872693,-0.9880502,1.748684,86.07274
670.7111: 0.2262503,-0.9705244,1.787671,83.16972
670.9333: 0.4163029,-0.9974639,1.790737,93.20713
671.1556: 0.6413147,-1.060456,1.758668,105.9892
671.3778: 0.870261,-1.14577,1.772685,108.2176
671.6: 1.121949,-1.207554,1.799875,116.1188
671.8223: 1.377794,-1.242645,1.746359,122.4371
672.0444: 1.616906,-1.275876,1.76866,125.5634
672.2667: 1.759022,-1.345293,1.792336,131.6883
672.4889: 1.859304,-1.433098,1.75634,128.7496
Trial Result: Success object: Well | Time Spent: 9.190071
Trial No.:13 Ends
Trial No.:11 Begins
User confirmed on object: Trashcan, this maze officially starts.
690.1111: 2.576316,1.028301,1.839585,88.65136
690.3334: 2.572009,1.028387,1.837424,89.64829
690.5555: 2.567894,1.026685,1.83614,90.85545
690.7778: 2.565383,1.027866,1.835402,91.38361
691: 2.564391,1.030868,1.835366,91.66073
691.2222: 2.57081,1.033298,1.834979,92.94569
691.4445: 2.581184,1.036656,1.832989,96.79117
691.6667: 2.594431,1.031538,1.834215,105.075
691.8889: 2.591842,0.9699302,1.819558,154.3619
692.1111: 2.526023,0.9459912,1.8011,216.555
692.3334: 2.444374,0.9398534,1.804742,237.474
692.5555: 2.294736,0.930425,1.781518,255.3497
692.7778: 2.231397,0.9357738,1.776175,268.6215
693: 2.197632,0.9226062,1.784631,279.0318
693.2222: 2.176868,0.9034586,1.802572,285.0894
693.4445: 2.152158,0.8990344,1.814482,285.829
693.6667: 2.104774,0.9013132,1.828787,281.1342
693.8889: 1.993016,0.9069464,1.823796,276.9602
694.1111: 1.774294,0.9011581,1.797765,275.228
694.3334: 1.576232,0.9263048,1.824911,275.4181
694.5555: 1.348847,0.9644838,1.799591,262.623
694.7778: 1.143205,1.02406,1.765929,254.9258
695: 0.8926531,1.087069,1.80511,253.3517
695.2222: 0.6461308,1.090133,1.801172,257.9199
695.4445: 0.3739656,1.054383,1.766897,264.55
695.6667: 0.1116018,1.029885,1.80475,267.798
695.8889: -0.1464572,1.051357,1.795438,277.0881
696.1111: -0.4585679,1.097741,1.763546,280.7341
696.3334: -0.7060047,1.10592,1.804167,284.6702
696.5555: -0.9581326,1.079648,1.772843,289.8241
696.7778: -1.193472,1.056868,1.757547,304.2161
697: -1.375831,1.096463,1.790109,332.3317
697.2222: -1.520445,1.165181,1.771075,354.3603
697.4445: -1.653617,1.267275,1.737602,4.494527
697.6667: -1.763808,1.341696,1.755823,8.173003
697.8889: -1.869313,1.380918,1.775446,9.209289
698.1111: -1.986006,1.386012,1.784891,4.150386
698.3334: -2.176332,1.284076,1.776803,284.2778
698.5555: -2.202585,1.042327,1.752228,196.7021
698.7778: -2.276975,0.8859076,1.743142,177.7963
699: -2.382264,0.7634746,1.755979,172.7986
699.2222: -2.470044,0.6638911,1.75141,162.9157
699.4445: -2.572602,0.5595906,1.742461,149.6555
699.6667: -2.623428,0.4710717,1.783737,138.5428
Trial Result: Success object: Telescope | Time Spent: 9.941744
Trial No.:11 Ends
Trial No.:9 Begins
User confirmed on object: Bookshelf, this maze officially starts.
715.6111: 1.899104,1.208576,1.839639,190.5384
715.8334: 1.898561,1.219234,1.837952,193.9708
716.0556: 1.892998,1.223137,1.837113,198.8708
716.2778: 1.88966,1.217045,1.83606,200.7006
716.5: 1.88813,1.205635,1.833349,200.6663
716.7222: 1.884148,1.197911,1.832771,199.9738
716.9445: 1.877934,1.19594,1.830899,200.5763
717.1667: 1.874563,1.196726,1.8293,201.4014
717.3889: 1.870478,1.196388,1.828686,202.2805
717.6111: 1.868007,1.194994,1.828837,201.8857
717.8334: 1.895908,1.179148,1.829692,184.8953
718.0556: 1.992028,1.149897,1.808253,152.4248
718.2778: 2.134707,1.095965,1.780693,156.0899
718.5: 2.276974,1.032067,1.792895,162.4193
718.7222: 2.336628,0.9849184,1.787233,172.8983
718.9445: 2.304747,0.9641843,1.795392,191.1039
719.1667: 2.21505,0.9710735,1.795095,219.1422
719.3889: 2.198949,0.968348,1.788692,226.9048
719.6111: 2.302958,0.9177095,1.782263,202.708
719.8334: 2.404082,0.8412138,1.77428,179.3098
720.0556: 2.447957,0.6939001,1.749944,175.3697
720.2778: 2.453541,0.4865535,1.745565,181.6092
720.5: 2.507225,0.2894968,1.801964,188.356
720.7222: 2.591144,0.06278092,1.780748,189.7282
720.9445: 2.653445,-0.1820816,1.773403,199.9074
721.1667: 2.618415,-0.3737035,1.790707,212.7369
721.3889: 2.546958,-0.5580282,1.759778,213.97
721.6111: 2.416126,-0.7969912,1.746249,193.5782
721.8334: 2.287015,-1.013194,1.787023,181.4597
722.0556: 2.177961,-1.245108,1.760491,174.0989
722.2778: 2.090448,-1.534249,1.739227,166.6623
722.5: 1.999606,-1.790143,1.773379,159.1641
722.7222: 1.923006,-2.072551,1.740762,149.4023
722.9445: 1.886985,-2.347772,1.748545,132.6014
723.1667: 1.975817,-2.533653,1.766936,107.8789
723.3889: 2.096434,-2.650989,1.72647,86.60194
723.6111: 2.20583,-2.751942,1.748542,70.40319
723.8334: 2.233967,-2.776491,1.775619,44.23158
724.0556: 2.162484,-2.814496,1.772935,2.660668
724.2778: 2.141361,-2.876313,1.778903,355.5621
724.5: 2.121747,-2.899561,1.779526,351.9787
724.7222: 2.081599,-2.872979,1.774605,356.293
724.9445: 2.016695,-2.815292,1.772225,0.592066
725.1667: 1.961628,-2.756251,1.768738,5.654995
725.3889: 1.920639,-2.728929,1.769127,6.090774
725.6111: 1.861597,-2.730917,1.773743,346.2014
725.8334: 1.841113,-2.730951,1.778572,338.5259
726.0556: 1.835337,-2.716012,1.786065,336.3611
726.2778: 1.82848,-2.689378,1.785555,339.3444
726.5: 1.817984,-2.651935,1.776165,340.6182
726.7222: 1.813323,-2.587535,1.789166,344.8641
726.9445: 1.797513,-2.464104,1.762998,345.2016
727.1667: 1.800118,-2.291183,1.762382,341.5831
727.3889: 1.804127,-2.046638,1.741763,334.5978
727.6111: 1.782968,-1.840842,1.795095,326.9239
727.8334: 1.686908,-1.662274,1.775177,314.649
728.0556: 1.512958,-1.449699,1.749871,307.0338
728.2778: 1.35088,-1.287247,1.775683,295.8548
728.5: 1.151454,-1.116834,1.75172,293.7609
728.7222: 0.9027589,-0.8859233,1.758069,294.9054
728.9445: 0.6660192,-0.7867874,1.785746,303.3211
729.1667: 0.4028944,-0.7146338,1.73007,320.0388
729.3889: 0.2128558,-0.6322081,1.75753,333.1111
729.6111: 0.09404464,-0.5059007,1.783172,345.6221
729.8334: 0.04763174,-0.3156325,1.760364,351.814
730.0556: 0.05420752,-0.06200813,1.761811,350.745
730.2778: 0.0298522,0.1476211,1.801946,344.58
730.5: -0.06503305,0.3442746,1.769092,316.0637
730.7222: -0.1872736,0.602356,1.747827,305.4242
730.9445: -0.2456826,0.7570461,1.792484,292.7953
731.1667: -0.3204382,0.925535,1.781035,284.5216
731.3889: -0.3943213,1.051471,1.780243,282.2225
731.6111: -0.5511396,1.126091,1.778398,281.4268
731.8334: -0.8077654,1.149172,1.729163,284.5338
732.0556: -1.126848,1.154596,1.743662,301.624
732.2778: -1.329153,1.213813,1.781829,316.3245
732.5: -1.51035,1.328771,1.75102,324.3867
732.7222: -1.68726,1.528062,1.740865,330.5935
732.9445: -1.798043,1.69004,1.781364,328.0172
733.1667: -1.921139,1.86812,1.749493,320.6999
733.3889: -2.079433,2.076998,1.750176,316.8192
733.6111: -2.159549,2.205561,1.785796,307.3189
733.8334: -2.25512,2.377069,1.776362,297.5969
734.0556: -2.369351,2.596899,1.762586,286.0966
Trial Result: Success object: Stove | Time Spent: 18.74738
Trial No.:9 Ends
Trial No.:5 Begins
User confirmed on object: Table, this maze officially starts.
755.0556: -2.055617,2.131696,1.827889,96.82814
755.2778: -2.056775,2.12347,1.827313,100.336
755.5: -2.057552,2.126047,1.826413,99.97866
755.7222: -2.053168,2.127627,1.825184,100.5355
755.9445: -2.041496,2.124102,1.82427,104.2646
756.1667: -2.018399,2.128448,1.814806,107.6792
756.3889: -1.974636,2.195426,1.798192,81.55356
756.6111: -1.941712,2.31093,1.761992,60.78821
756.8334: -1.913705,2.435129,1.748897,63.57945
757.0556: -1.840768,2.536615,1.74347,75.13866
757.2778: -1.672701,2.684406,1.715961,80.91359
757.5: -1.504536,2.794767,1.744527,88.09906
757.7222: -1.370026,2.894359,1.775567,96.07279
757.9445: -1.20283,3.004841,1.742192,102.9019
758.1667: -0.9841518,3.115741,1.764315,112.5589
758.3889: -0.7959627,3.123119,1.776297,126.6712
758.6111: -0.5847718,3.070384,1.736092,137.9405
758.8334: -0.3867039,2.991951,1.74712,145.726
759.0556: -0.2216291,2.951452,1.782976,150.9866
759.2778: -0.02433085,2.907421,1.759,160.5631
759.5: 0.1877523,2.931664,1.771923,115.8683
759.7222: 0.3293119,2.909659,1.792343,100.1888
759.9445: 0.4338182,2.86853,1.790101,97.69695
760.1667: 0.5786933,2.86185,1.762648,97.46618
760.3889: 0.8014756,2.915508,1.716292,94.36787
760.6111: 1.130605,3.012467,1.714523,94.14948
760.8334: 1.411748,3.015877,1.768006,102.0245
761.0556: 1.710427,2.948645,1.723669,116.8758
761.2778: 2.04858,2.817632,1.726521,130.7669
761.5: 2.279934,2.717217,1.776121,150.9448
761.7222: 2.520165,2.597317,1.723369,167.709
761.9445: 2.675812,2.463012,1.768462,168.1144
762.1667: 2.709762,2.27058,1.777127,190.4238
762.3889: 2.678173,2.019584,1.751389,201.233
762.6111: 2.636131,1.798368,1.792743,205.7556
762.8334: 2.612697,1.588498,1.778956,212.08
763.0556: 2.595198,1.330536,1.73279,214.9949
763.2778: 2.518035,1.083564,1.782648,218.5311
Trial Result: Success object: Bookshelf | Time Spent: 8.524899
Trial No.:5 Ends
Trial No.:16 Begins
User confirmed on object: Wheelbarrow, this maze officially starts.
779.1889: 0.2058038,-0.02617085,1.839277,271.5456
779.4111: 0.2072806,-0.01995566,1.839234,277.1823
779.6334: 0.209687,-0.01036876,1.836079,286.8242
779.8556: 0.2046564,-0.01276823,1.835469,286.198
780.0778: 0.1924679,-0.01146143,1.835345,287.0853
780.3: 0.175436,0.004091049,1.836158,296.2149
780.5222: 0.1577145,0.05675273,1.814782,332.084
780.7444: 0.150727,0.1183047,1.786529,357.2313
780.9667: 0.1635371,0.2406439,1.767892,8.256586
781.1889: 0.2207986,0.3993899,1.745342,23.4606
781.4111: 0.2802605,0.5038575,1.757333,40.26196
781.6334: 0.3151048,0.5885556,1.756434,57.0174
781.8556: 0.3336639,0.7009287,1.746624,67.76341
782.0778: 0.3549981,0.827902,1.753024,84.2576
782.3: 0.4019321,0.9230306,1.771832,93.33705
782.5222: 0.4798806,0.9680535,1.771589,96.19521
782.7444: 0.6316216,0.9694235,1.757008,94.32175
782.9667: 0.8268086,0.9352211,1.767381,90.20044
783.1889: 0.9966009,0.9239725,1.785469,82.90684
783.4111: 1.188959,0.9538924,1.766799,80.17687
783.6334: 1.484059,1.045567,1.745131,81.89002
783.8556: 1.696274,1.0842,1.780927,70.76737
784.0778: 1.89478,1.11008,1.75621,54.58752
784.3: 2.13115,1.13356,1.731059,32.81699
784.5222: 2.30976,1.192644,1.777962,14.98838
784.7444: 2.430152,1.320936,1.761694,354.2492
784.9667: 2.53378,1.546858,1.724944,350.5267
785.1889: 2.594164,1.812703,1.749842,344.8658
785.4111: 2.637644,2.014484,1.779543,336.6638
785.6334: 2.675874,2.279151,1.742207,320.1907
785.8556: 2.692019,2.523062,1.772238,298.9259
786.0778: 2.610515,2.692006,1.787377,284.7932
786.3: 2.433798,2.819185,1.739387,269.9293
786.5222: 2.23541,2.893441,1.74039,258.4015
786.7444: 2.055325,3.017842,1.778028,261.3576
786.9667: 1.840154,3.170972,1.748445,265.8112
787.1889: 1.594965,3.340271,1.763577,264.3027
787.4111: 1.316988,3.390678,1.80216,262.4203
787.6334: 0.983077,3.363687,1.741637,258.0517
787.8556: 0.6012026,3.330468,1.788851,254.1694
788.0778: 0.2996567,3.350232,1.78362,257.5305
788.3: -0.02754986,3.407813,1.739226,269.3437
788.5222: -0.2860134,3.407376,1.797226,265.6156
788.7444: -0.5528423,3.35131,1.770324,241.0147
788.9667: -0.8555781,3.311187,1.747302,238.4184
789.1889: -1.11807,3.345463,1.792825,249.6591
789.4111: -1.352654,3.370273,1.770507,247.421
789.6334: -1.56992,3.340195,1.731398,239.8722
789.8556: -1.697059,3.257186,1.682268,231.1782
790.0778: -1.741868,3.288739,1.635969,304.9601
790.3: -1.693107,3.267128,1.630496,327.5588
790.5222: -1.688969,3.252395,1.618151,327.5952
790.7444: -1.701413,3.23353,1.625104,307.0865
790.9667: -1.694011,3.139646,1.706483,235.7331
791.1889: -1.583677,3.111284,1.741903,185.6288
791.4111: -1.558176,3.072288,1.743103,174.3732
791.6334: -1.573077,2.949764,1.725624,170.1077
791.8556: -1.603647,2.779801,1.714186,174.0678
792.0778: -1.678141,2.671686,1.733535,199.3025
792.3: -1.770996,2.564957,1.752661,196.8604
792.5222: -1.888004,2.465714,1.750568,197.3327
792.7444: -1.981546,2.355615,1.775092,198.3299
792.9667: -2.026926,2.191693,1.756686,193.0012
793.1889: -2.085055,1.944968,1.717163,211.5362
793.4111: -2.088194,1.695369,1.739824,193.145
793.6334: -2.141887,1.509718,1.757707,188.5337
793.8556: -2.284995,1.282475,1.703521,183.308
794.0778: -2.466421,1.081222,1.732551,175.3491
794.3: -2.566551,0.8791386,1.773594,167.7222
794.5222: -2.617784,0.6843252,1.744587,171.7157
794.7444: -2.657478,0.4168874,1.70063,183.6443
794.9667: -2.660196,0.09151278,1.754385,175.2558
795.1889: -2.728024,-0.184939,1.78808,187.5579
795.4111: -2.82957,-0.5459433,1.726315,201.8149
795.6334: -2.804487,-0.8548806,1.757078,167.5271
795.8556: -2.789457,-1.179955,1.750711,189.9834
796.0778: -2.743271,-1.48875,1.730625,202.5279
Trial Result: Success object: Plant | Time Spent: 17.27558
Trial No.:16 Ends
Trial No.:12 Begins
User confirmed on object: Trashcan, this maze officially starts.
817.3334: 2.547123,1.022524,1.837296,100.6839
817.5556: 2.532236,1.016381,1.837592,103.4025
817.7778: 2.5295,1.012179,1.837945,104.4107
818: 2.533988,1.010597,1.836998,106.4676
818.2222: 2.543579,1.011571,1.836799,112.9527
818.4445: 2.563476,1.017089,1.833226,121.3164
818.6667: 2.577838,1.008872,1.826868,128.6312
818.8889: 2.588633,1.003585,1.824049,130.3987
819.1111: 2.613081,1.032694,1.815449,95.73976
819.3334: 2.576704,1.101343,1.782359,23.99599
819.5556: 2.539392,1.107696,1.771417,352.4065
819.7778: 2.529934,1.145159,1.765764,344.1949
820: 2.531862,1.206373,1.765344,341.3405
820.2222: 2.534269,1.254676,1.776006,342.4531
820.4445: 2.554777,1.272897,1.79424,341.394
820.6667: 2.6215,1.273131,1.803113,346.8907
820.8889: 2.63205,1.257496,1.797984,325.7149
821.1111: 2.581817,1.173784,1.792244,279.8827
821.3334: 2.510394,1.113503,1.778448,268.2775
821.5556: 2.369594,1.062037,1.762504,271.3809
821.7778: 2.213466,1.00034,1.774242,272.8232
822: 2.082031,0.9670361,1.787258,272.7965
822.2222: 1.904323,0.9686165,1.762721,274.5876
822.4445: 1.628322,1.012233,1.737807,279.4711
822.6667: 1.419479,1.029835,1.783311,280.8513
822.8889: 1.200982,1.031006,1.768208,286.0593
823.1111: 0.9550092,1.022013,1.730296,293.6169
823.3334: 0.7153737,1.049408,1.763368,304.2452
823.5556: 0.5336796,1.147407,1.767461,320.1452
823.7778: 0.3649921,1.30568,1.722918,330.9771
824: 0.2536595,1.446878,1.744641,346.0695
824.2222: 0.1593047,1.560853,1.762692,357.5623
824.4445: 0.03648999,1.75649,1.737316,3.043982
824.6667: -0.05817535,1.948515,1.749588,3.884749
824.8889: -0.06957417,2.119211,1.750834,4.958436
825.1111: -0.08814791,2.298272,1.71297,337.9443
825.3334: -0.0778766,2.488683,1.704181,296.0522
825.5556: -0.06060713,2.662753,1.737187,280.4511
825.7778: -0.09355995,2.787077,1.741229,274.2036
826: -0.05158394,2.998004,1.738669,10.74767
826.2222: -0.0174887,2.973849,1.750077,92.92174
826.4445: -0.08648711,3.010041,1.757877,103.317
826.6667: -0.1144334,3.054654,1.769596,97.33358
826.8889: -0.08546382,3.070991,1.770625,89.02715
827.1111: -0.05048986,3.088924,1.773723,62.84007
827.3334: -0.1195675,3.140775,1.779915,9.093202
827.5556: -0.3346779,3.053895,1.764469,275.2922
827.7778: -0.5115391,3.014555,1.746899,256.2773
828: -0.7120956,2.989409,1.750485,253.4438
828.2222: -0.8762929,3.008866,1.777684,269.7384
828.4445: -1.091641,3.02292,1.760945,267.4836
828.6667: -1.313767,3.031591,1.750117,255.7052
828.8889: -1.431325,2.912461,1.779906,209.8766
829.1111: -1.510624,2.801406,1.762169,188.8681
829.3334: -1.59013,2.600851,1.739071,171.7871
829.5556: -1.649129,2.465804,1.768525,163.9337
829.7778: -1.692924,2.382551,1.770905,149.7805
830: -1.742725,2.33123,1.758319,133.5252
Trial Result: Success object: Table | Time Spent: 12.95079
Trial No.:12 Ends
Trial No.:8 Begins
User confirmed on object: Plant, this maze officially starts.
843.8889: -2.555767,-2.069431,1.841865,281.3884
844.1111: -2.553524,-2.06614,1.840239,283.9706
844.3334: -2.548665,-2.068617,1.840663,284.3541
844.5556: -2.548772,-2.069973,1.840275,284.6963
844.7778: -2.573434,-2.150248,1.827596,243.344
845: -2.530674,-2.293475,1.776681,194.8806
845.2222: -2.456205,-2.414419,1.75474,159.9018
845.4445: -2.394251,-2.489435,1.753807,130.5745
845.6667: -2.353749,-2.575858,1.757121,114.7907
845.8889: -2.303656,-2.698102,1.758623,95.7066
846.1111: -2.246023,-2.832739,1.789591,88.55853
846.3334: -2.126051,-2.933127,1.801898,90.88026
846.5556: -1.930542,-2.974434,1.775418,89.75154
846.7778: -1.639892,-2.982845,1.799355,86.69701
847: -1.431038,-3.017826,1.823054,86.6855
847.2222: -1.170518,-3.071377,1.776137,87.10111
847.4445: -0.8860997,-3.143185,1.793646,83.11063
847.6667: -0.6654443,-3.140174,1.820327,83.67954
847.8889: -0.3772036,-3.089132,1.773692,82.42995
848.1111: -0.08517171,-3.019696,1.79698,79.53582
848.3334: 0.1818824,-3.017739,1.810211,75.54824
848.5556: 0.4808041,-3.042675,1.763526,68.67532
848.7778: 0.760814,-3.056564,1.800867,61.96951
849: 1.0286,-2.987029,1.802409,52.81569
849.2222: 1.257778,-2.860051,1.760339,43.49044
849.4445: 1.411205,-2.738363,1.788423,27.00519
849.6667: 1.561568,-2.62679,1.786053,12.86363
849.8889: 1.735656,-2.499679,1.765108,9.890813
850.1111: 1.872172,-2.323395,1.779035,7.78436
850.3334: 1.861802,-2.094795,1.759837,354.9271
850.5556: 1.782288,-1.816822,1.753144,352.0906
850.7778: 1.753184,-1.601508,1.795709,353.2761
851: 1.765846,-1.380065,1.780319,359.1445
851.2222: 1.79265,-1.193021,1.763535,351.8961
Trial Result: Success object: Harp | Time Spent: 7.626545
Trial No.:8 Ends
Trial No.:17 Begins
User confirmed on object: Harp, this maze officially starts.
858.7111: 1.698608,-1.257897,1.830971,5.906219
858.9333: 1.702059,-1.258379,1.83039,7.76531
859.1556: 1.703815,-1.261907,1.829848,7.97972
859.3778: 1.705469,-1.266912,1.830015,8.327529
859.6: 1.705484,-1.269814,1.83169,8.315196
859.8223: 1.706647,-1.265344,1.83112,9.894896
860.0445: 1.69958,-1.242387,1.818716,8.427618
860.2667: 1.605732,-1.225576,1.788457,333.7538
860.4889: 1.505613,-1.214476,1.76053,319.9685
860.7111: 1.402104,-1.182935,1.7472,307.0533
860.9333: 1.288041,-1.107895,1.732702,293.9818
861.1556: 1.171654,-0.9767059,1.765766,283.0306
861.3778: 1.05103,-0.9096998,1.78378,282.9868
861.6: 0.8151506,-0.8627977,1.712057,295.2763
861.8223: 0.5320372,-0.8262203,1.706538,319.7346
862.0445: 0.2795662,-0.7529008,1.746027,335.2485
862.2667: 0.1182035,-0.6123165,1.761182,342.2805
862.4889: 0.05296206,-0.3746202,1.74977,343.6765
862.7111: 0.006148512,-0.13572,1.788695,343.7607
862.9333: -0.05717196,0.07818881,1.778521,345.8999
863.1556: -0.1677119,0.3579809,1.757341,351.5558
863.3778: -0.1871767,0.5465099,1.793536,349.8525
863.6: -0.1534263,0.7934549,1.756772,351.2803
863.8223: -0.07416052,1.06336,1.75438,352.987
864.0445: -0.03002609,1.305729,1.786294,354.132
864.2667: -0.04269359,1.573778,1.757261,352.295
864.4889: -0.08560707,1.841638,1.739806,351.3718
864.7111: -0.1105795,2.072473,1.769088,339.8179
864.9333: -0.1246332,2.309016,1.744839,323.5637
865.1556: -0.1567957,2.581458,1.753253,290.2192
865.3778: -0.2496102,2.742409,1.796189,276.8441
865.6: -0.4282151,2.861823,1.766099,272.4032
865.8223: -0.6772085,2.944187,1.758161,274.0848
866.0445: -0.877318,3.009114,1.793492,270.5664
866.2667: -1.118368,3.095057,1.770208,266.8176
866.4889: -1.391074,3.19959,1.756415,264.7115
866.7111: -1.657552,3.204134,1.790749,265.3106
866.9333: -1.939435,3.128449,1.731282,261.4568
867.1556: -2.225173,3.074166,1.739111,265.5187
867.3778: -2.442305,3.08185,1.78459,269.4807
Trial Result: Success object: Stove | Time Spent: 9.023987
Trial No.:17 Ends
Trial No.:2 Begins
User confirmed on object: Stove, this maze officially starts.
886.5: -2.479621,2.995474,1.820933,268.886
886.7222: -2.483952,3.002665,1.821305,268.6866
886.9445: -2.487161,3.00758,1.821245,268.7358
887.1667: -2.488676,3.011014,1.820508,268.0497
887.3889: -2.492476,3.003377,1.82187,263.0821
887.6111: -2.485242,2.944319,1.806054,229.6875
887.8334: -2.410696,2.952538,1.792956,186.231
888.0556: -2.3446,3.029582,1.792112,154.8786
888.2778: -2.304211,3.070851,1.795786,144.4156
888.5: -2.233216,3.076284,1.795334,139.8296
888.7222: -2.122051,3.052653,1.785449,136.7627
888.9445: -2.018194,3.060267,1.774471,112.5078
889.1667: -2.002033,3.068555,1.779255,95.65815
889.3889: -2.01763,3.047416,1.783154,93.96222
889.6111: -2.011393,2.980609,1.791014,133.8917
889.8334: -1.987592,2.946377,1.778154,171.2192
890.0556: -1.93261,2.902326,1.762533,165.3649
890.2778: -1.934285,2.817304,1.756174,177.8723
890.5: -1.950866,2.699105,1.740774,177.2426
890.7222: -1.987481,2.516802,1.741614,173.3448
890.9445: -2.015795,2.369184,1.777686,173.863
891.1667: -2.007366,2.247894,1.786069,174.4984
891.3889: -1.972086,2.090277,1.757588,185.8609
891.6111: -1.924816,1.883805,1.747656,211.9967
891.8334: -1.893129,1.739266,1.772906,213.5408
892.0556: -1.831859,1.592881,1.773696,187.4359
892.2778: -1.742953,1.464911,1.759882,134.2595
892.5: -1.731283,1.356769,1.77804,115.8344
892.7222: -1.706034,1.240755,1.793366,110.9534
892.9445: -1.635323,1.146163,1.783267,106.8186
893.1667: -1.498321,1.084624,1.764779,110.5486
893.3889: -1.281857,1.069982,1.758712,116.7882
893.6111: -1.096416,1.064784,1.785017,117.1953
893.8334: -0.9244441,1.026035,1.784208,119.4976
894.0556: -0.7523997,0.9399227,1.75464,124.8429
894.2778: -0.5662632,0.8039587,1.754221,133.0554
894.5: -0.4456936,0.7106239,1.778517,143.5902
894.7222: -0.3087652,0.6026391,1.75727,157.869
894.9445: -0.1562897,0.47436,1.720011,179.0387
895.1667: -0.06443234,0.3665566,1.740122,207.6463
895.3889: -0.01626942,0.2611147,1.745198,214.6579
Trial Result: Success object: Wheelbarrow | Time Spent: 9.31057
Trial No.:2 Ends
