Participant ID: 402
Maze Mode: testing
Trial No.:9 Begins
User confirmed on object: Bookshelf, this maze officially starts.
70.51112: 1.785083,1.319035,1.743358,192.185
70.73334: 1.786592,1.321312,1.755729,191.6636
70.95556: 1.784113,1.359959,1.771317,193.0379
71.17778: 1.760796,1.406983,1.766232,201.5383
71.4: 1.741712,1.442742,1.760383,202.0459
71.62222: 1.744852,1.45947,1.755049,176.0859
71.84444: 1.726303,1.476463,1.751441,174.6792
72.06667: 1.717672,1.484259,1.745933,173.1503
72.28889: 1.707411,1.472922,1.729061,181.2549
72.51112: 1.701856,1.452384,1.713847,191.806
72.73334: 1.707269,1.436049,1.734334,193.2624
72.95556: 1.71962,1.445154,1.767024,192.17
73.17778: 1.718461,1.428712,1.751649,195.176
73.4: 1.705764,1.414033,1.705839,206.1845
73.62222: 1.729447,1.410172,1.706202,223.6928
73.84444: 1.764223,1.400728,1.723325,243.3412
74.06667: 1.808293,1.395949,1.727363,260.5443
74.28889: 1.820999,1.394534,1.728479,272.6624
74.51112: 1.776355,1.373303,1.728377,267.6149
74.73334: 1.698252,1.3173,1.733553,219.6091
74.95556: 1.654646,1.312166,1.735243,169.7082
75.17778: 1.567271,1.284715,1.734672,168.6713
75.4: 1.528865,1.226967,1.691007,177.7296
75.62222: 1.504914,1.175483,1.670455,180.1808
75.84444: 1.436098,1.148001,1.671926,198.2635
76.06667: 1.319094,1.190485,1.689471,239.4855
76.28889: 1.212067,1.266357,1.690407,270.6304
76.51112: 1.092511,1.274349,1.6969,278.0269
76.73334: 0.9468971,1.213207,1.686404,265.839
76.95556: 0.7968563,1.132675,1.711665,249.9264
77.17778: 0.6238331,1.137804,1.704506,264.8349
77.4: 0.5157567,1.188311,1.696558,284.6367
77.62222: 0.3985768,1.205416,1.707309,299.2833
77.84444: 0.2773164,1.21366,1.681357,322.2696
78.06667: 0.186324,1.224745,1.698339,333.977
78.28889: 0.1036899,1.288318,1.692987,344.2703
78.51112: 0.06623051,1.390589,1.675965,347.0724
78.73334: 0.04279986,1.50588,1.68672,352.6449
78.95556: -0.001217466,1.660709,1.673836,352.982
79.17778: -0.04956335,1.825237,1.666677,350.4731
79.4: -0.05863028,2.02168,1.671105,342.2873
79.62222: -0.03819984,2.185093,1.666196,326.4347
79.84444: -0.03120021,2.337135,1.697194,316.1073
80.06667: -0.06054492,2.469797,1.68044,307.9901
80.28889: -0.1330882,2.62014,1.673342,297.8243
80.51112: -0.2190654,2.75734,1.684647,285.8607
80.73334: -0.3111323,2.88788,1.662878,274.2883
80.95556: -0.4285766,2.980249,1.682136,266.3542
81.17778: -0.5826098,3.027407,1.663228,265.2947
81.4: -0.7883369,3.042203,1.666016,264.3529
81.62222: -0.9653904,3.060004,1.669339,266.8946
81.84444: -1.127529,3.082601,1.639803,265.5556
82.06667: -1.327301,3.09864,1.672935,264.8847
82.28889: -1.516912,3.092109,1.659295,263.2634
82.51112: -1.68752,3.067297,1.663756,265.8384
82.73334: -1.83673,3.061718,1.684594,266.3079
82.95556: -1.982855,3.070526,1.655813,262.5253
83.17778: -2.146573,3.077076,1.659489,260.9159
83.4: -2.323071,3.049332,1.645115,262.1939
83.62222: -2.432031,3.011165,1.646932,262.1393
Trial Result: Success object: Stove | Time Spent: 13.33237
Trial No.:9 Ends
Trial No.:4 Begins
User confirmed on object: Piano, this maze officially starts.
113.9667: 1.701215,3.22939,1.77227,182.8662
114.1889: 1.712762,3.255549,1.77566,186.4647
114.4111: 1.722176,3.314275,1.757458,200.2384
114.6333: 1.724634,3.346185,1.743388,213.5913
114.8556: 1.725119,3.329847,1.744308,216.1377
115.0778: 1.704705,3.268807,1.74835,211.8446
115.3: 1.684536,3.215642,1.741596,208.0776
115.5222: 1.701527,3.175589,1.735749,189.0979
115.7444: 1.748272,3.187002,1.734337,143.4883
115.9667: 1.725657,3.194027,1.734022,125.795
116.1889: 1.593672,3.141922,1.72792,174.9042
116.4111: 1.44623,3.151056,1.730315,225.7318
116.6333: 1.362282,3.137124,1.706,246.0703
116.8556: 1.222917,3.134406,1.682693,250.8455
117.0778: 1.06117,3.122439,1.669198,245.4994
117.3: 0.8977947,3.074566,1.689709,238.1835
117.5222: 0.730304,2.991275,1.666737,232.6977
117.7444: 0.5571871,2.897849,1.691911,225.0872
117.9667: 0.350892,2.795411,1.676211,207.6994
118.1889: 0.1991098,2.697234,1.680311,191.8665
118.4111: 0.08182527,2.572721,1.697963,178.3004
118.6333: 0.0110579,2.420796,1.677594,171.148
118.8556: -0.03767121,2.26109,1.691941,164.0522
119.0778: -0.08069676,2.091748,1.675383,155.9707
119.3: -0.1203933,1.925487,1.686984,146.5381
119.5222: -0.1069882,1.753264,1.694617,137.7929
119.7444: -0.03666193,1.595702,1.680444,130.1377
119.9667: 0.04368016,1.433807,1.694341,120.5241
120.1889: 0.1074626,1.277991,1.674152,109.5958
120.4111: 0.17366,1.136958,1.702032,94.92784
120.6333: 0.2673174,1.038606,1.704134,89.63889
120.8556: 0.3694583,1.009169,1.695766,91.38922
121.0778: 0.52623,1.022359,1.70435,96.05843
121.3: 0.7065049,1.036512,1.716674,98.55033
121.5222: 0.8978078,1.039234,1.694909,94.68235
121.7444: 1.090093,1.031578,1.721205,90.68019
121.9667: 1.295372,1.043617,1.722414,90.38884
122.1889: 1.479921,1.062788,1.723214,101.3418
122.4111: 1.632725,1.019713,1.724887,133.225
122.6333: 1.785648,0.9862651,1.700861,136.8674
122.8556: 1.900822,0.9503888,1.719251,142.5531
123.0778: 2.016518,0.9432147,1.73214,155.2906
123.3: 2.131788,0.9558352,1.737741,164.9429
123.5222: 2.197615,0.9552059,1.740485,177.3947
123.7444: 2.161114,0.9614942,1.739146,202.1332
123.9667: 2.179479,0.9475421,1.735318,200.0721
124.1889: 2.284351,0.8879154,1.718129,181.1589
124.4111: 2.362302,0.7939376,1.70968,176.8381
124.6333: 2.420789,0.6654687,1.717537,177.6357
124.8556: 2.491274,0.5465136,1.740888,183.807
125.0778: 2.582104,0.4297204,1.727687,188.9182
125.3: 2.667307,0.2949035,1.751124,194.2464
125.5222: 2.709546,0.1424058,1.738326,200.5242
125.7444: 2.719504,-0.02525107,1.73177,200.0026
125.9667: 2.713248,-0.1742693,1.743557,210.8226
126.1889: 2.704523,-0.3276693,1.72665,238.5131
126.4111: 2.68837,-0.4692945,1.741428,250.7733
126.6333: 2.629961,-0.6021175,1.726407,252.6394
126.8556: 2.533803,-0.7325253,1.719503,235.2715
127.0778: 2.445792,-0.8739567,1.726293,199.3261
127.3: 2.33769,-0.9667747,1.717733,212.8926
127.5222: 2.248321,-0.9631122,1.727397,297.0778
127.7444: 2.185215,-0.9796633,1.724619,315.0441
127.9667: 2.070555,-0.9702961,1.714617,315.3148
128.1889: 1.991645,-0.9590392,1.729173,332.4249
Trial Result: Success object: Harp | Time Spent: 14.44571
Trial No.:4 Ends
Trial No.:15 Begins
User confirmed on object: Wheelbarrow, this maze officially starts.
149.4444: 0.3276587,0.008943077,1.748074,275.0467
149.6667: 0.3475053,0.01571739,1.742951,275.8774
149.8889: 0.3707495,0.02142027,1.739929,277.5295
150.1111: 0.3473159,0.0275788,1.724197,277.8779
150.3333: 0.3114393,-0.01021304,1.714978,262.6938
150.5556: 0.2988532,-0.1155863,1.711999,238.9348
150.7778: 0.2788127,-0.2211364,1.717668,243.3064
151: 0.234033,-0.3191255,1.715631,244.8
151.2222: 0.1309633,-0.4125769,1.686329,248.6051
151.4444: 0.02067971,-0.4948665,1.684988,248.1366
151.6667: -0.07686806,-0.6067567,1.705404,250.1653
151.8889: -0.1617237,-0.735118,1.692513,253.6636
152.1111: -0.2679793,-0.8273671,1.70437,260.7328
152.3333: -0.4018472,-0.8639086,1.684309,266.5547
152.5556: -0.6101133,-0.8704566,1.686059,270.0015
152.7778: -0.797009,-0.8984514,1.701366,268.571
153: -0.980884,-0.9462293,1.667789,265.8961
153.2222: -1.161316,-0.990821,1.687633,262.4248
153.4444: -1.313509,-0.9982728,1.682851,260.7143
153.6667: -1.494284,-0.990554,1.658942,255.4201
153.8889: -1.671955,-0.9895707,1.681231,245.6825
154.1111: -1.846184,-1.012908,1.66776,235.3494
154.3333: -2.011544,-1.056082,1.657587,229.0089
154.5556: -2.152288,-1.071622,1.663413,222.6625
154.7778: -2.291739,-1.035694,1.648984,236.3465
155: -2.405868,-0.9313534,1.659922,300.3519
155.2222: -2.467247,-0.8885797,1.65667,351.9725
155.4444: -2.558468,-0.8974327,1.652448,9.651293
155.6667: -2.637429,-0.8836945,1.663408,20.94184
155.8889: -2.695346,-0.8080047,1.655985,24.43009
156.1111: -2.71406,-0.6595024,1.635997,19.7112
156.3333: -2.716513,-0.4886835,1.654103,19.25847
156.5556: -2.715131,-0.3154564,1.655881,20.4601
156.7778: -2.722708,-0.1122854,1.65243,26.66099
157: -2.705811,0.07607341,1.664222,31.66418
157.2222: -2.662357,0.2645973,1.63293,32.3369
157.4444: -2.622506,0.415264,1.653155,34.03208
157.6667: -2.601213,0.5734313,1.664111,36.31924
157.8889: -2.598778,0.7246895,1.654085,39.10178
158.1111: -2.570444,0.852893,1.65995,42.51152
158.3333: -2.509753,0.9645374,1.655682,45.25485
158.5556: -2.397428,1.072753,1.639746,44.54497
158.7778: -2.262959,1.231791,1.659127,28.66342
159: -2.202466,1.374454,1.645264,9.960577
159.2222: -2.200268,1.51562,1.638021,334.8546
159.4444: -2.193462,1.562459,1.635821,290.7369
159.6667: -2.110877,1.654801,1.644546,303.4304
159.8889: -1.996314,1.754771,1.646878,344.7786
160.1111: -1.95054,1.856942,1.637209,349.5673
160.3333: -1.946075,2.006655,1.623857,3.40541
160.5556: -1.915714,2.137186,1.645046,44.0168
160.7778: -1.872158,2.27558,1.638911,68.13506
161: -1.808268,2.419378,1.63878,72.07897
161.2222: -1.740787,2.568298,1.660639,76.31078
161.4444: -1.67547,2.7056,1.639103,83.40202
161.6667: -1.572612,2.831271,1.660697,89.33467
161.8889: -1.422307,2.903234,1.641985,92.90723
162.1111: -1.211478,2.929663,1.650605,93.63071
162.3333: -0.9963964,2.958843,1.677229,96.5074
162.5556: -0.7829133,3.012788,1.656634,95.40974
162.7778: -0.5131873,3.065742,1.681188,94.07236
163: -0.3110319,3.067036,1.658144,97.84262
163.2222: -0.1045472,3.051838,1.683947,105.6722
163.4444: 0.09024127,3.064987,1.695392,110.2776
163.6667: 0.271207,3.098226,1.684299,113.1036
163.8889: 0.4706585,3.118834,1.700349,106.4723
164.1111: 0.6600259,3.120358,1.685249,101.4135
164.3333: 0.8433819,3.109622,1.70291,90.84842
164.5556: 1.011154,3.08287,1.71728,105.4849
164.7778: 1.203468,3.07547,1.70064,122.8352
165: 1.433208,3.074004,1.723624,126.4145
165.2222: 1.625407,3.048656,1.704648,132.7739
165.4444: 1.825828,2.999432,1.716096,136.5643
165.6667: 1.993809,2.968493,1.733382,141.6709
165.8889: 2.178125,2.93891,1.718953,148.877
166.1111: 2.320548,2.884304,1.735674,154.8549
166.3333: 2.410415,2.785946,1.728039,161.1224
166.5556: 2.468077,2.656683,1.723154,164.6431
166.7778: 2.525529,2.530458,1.740683,182.0591
167: 2.614672,2.40242,1.733548,205.7589
167.2222: 2.697311,2.275511,1.74596,207.2468
167.4444: 2.724523,2.131872,1.735677,212.1789
167.6667: 2.712269,2.009907,1.722522,213.096
167.8889: 2.692013,1.858006,1.741197,216.7949
168.1111: 2.672206,1.710428,1.740417,227.6533
168.3333: 2.662937,1.551586,1.729169,248.1187
168.5556: 2.645601,1.377371,1.738213,256.6377
168.7778: 2.599612,1.247388,1.734758,267.5364
169: 2.535574,1.142736,1.724477,274.5502
169.2222: 2.511611,1.047984,1.737333,272.8963
169.4444: 2.507572,0.9323565,1.742885,241.5068
169.6667: 2.533349,0.8646631,1.735506,211.1412
169.8889: 2.598082,0.7789343,1.729497,193.0969
170.1111: 2.679657,0.649923,1.740637,186.9525
170.3333: 2.731301,0.4968208,1.739197,186.5678
170.5556: 2.712439,0.3315334,1.719404,206.4975
170.7778: 2.672833,0.1623335,1.718067,218.9799
171: 2.659121,-0.05877202,1.741673,221.8806
171.2222: 2.659839,-0.2551636,1.720406,230.9275
171.4444: 2.624352,-0.4160824,1.740021,244.4173
171.6667: 2.568922,-0.5254212,1.724678,258.1695
171.8889: 2.483357,-0.6377067,1.719615,268.5571
172.1111: 2.401852,-0.7507427,1.732462,280.2642
172.3333: 2.322053,-0.8676906,1.719187,291.9124
172.5556: 2.226146,-0.9870993,1.729756,283.2639
172.7778: 2.10539,-1.049818,1.724612,273.6526
173: 1.945739,-1.050996,1.723073,268.7712
173.2222: 1.860434,-1.043604,1.730796,276.8096
173.4444: 1.781934,-1.091538,1.727286,260.5673
173.6667: 1.786489,-1.241917,1.721328,201.5938
173.8889: 1.815888,-1.364718,1.715605,181.8778
174.1111: 1.836837,-1.545576,1.708401,165.4058
174.3333: 1.844175,-1.715438,1.69352,151.4871
174.5556: 1.830775,-1.889233,1.669634,130.2527
174.7778: 1.792898,-2.078754,1.702032,134.6562
175: 1.823128,-2.278698,1.695138,128.9267
175.2222: 1.891827,-2.418133,1.687292,122.1596
175.4444: 1.930286,-2.581268,1.688672,110.0579
175.6667: 1.887728,-2.75632,1.679681,151.4024
175.8889: 1.77248,-2.839151,1.70062,222.7831
176.1111: 1.735133,-2.904559,1.704726,258.5247
176.3333: 1.71862,-2.98445,1.71003,277.834
176.5556: 1.67024,-3.040753,1.710246,286.264
176.7778: 1.568167,-3.049188,1.702443,299.1158
177: 1.369066,-3.010264,1.682807,298.7183
177.2222: 1.186083,-3.0163,1.714562,284.6603
177.4444: 0.9994876,-3.040983,1.696214,284.8749
177.6667: 0.805023,-3.085379,1.698933,285.6193
177.8889: 0.6310697,-3.090224,1.703369,287.2277
178.1111: 0.430692,-3.080788,1.674018,288.7696
178.3333: 0.2240939,-3.06518,1.694754,287.6425
178.5556: 0.02376723,-3.06823,1.701038,288.8131
178.7778: -0.1881834,-3.094626,1.678329,289.337
179: -0.3961309,-3.109128,1.692426,292.6333
179.2222: -0.6545781,-3.088378,1.659343,298.7486
Trial Result: Fail at object:  | Time Spent: 30
Trial No.:15 Ends
Trial No.:12 Begins
User confirmed on object: Trashcan, this maze officially starts.
204.9222: 2.381683,0.9924657,1.793148,88.3048
205.1445: 2.360622,0.9790595,1.793483,90.26658
205.3667: 2.29826,0.9471967,1.784041,103.2449
205.5889: 2.258248,0.9231197,1.77308,110.5574
205.8111: 2.280848,0.9340165,1.775386,107.642
206.0333: 2.307606,0.917275,1.760242,141.5383
206.2556: 2.22832,0.9063584,1.743396,208.5376
206.4778: 2.167078,0.9617718,1.736716,249.3088
206.7: 2.158628,1.006433,1.742622,275.1397
206.9222: 2.131271,1.036263,1.73225,282.2586
207.1445: 2.02772,1.079059,1.718451,274.4888
207.3667: 1.86466,1.12195,1.712724,270.107
207.5889: 1.673749,1.127634,1.711478,269.0243
207.8111: 1.422273,1.092337,1.712591,269.3213
208.0333: 1.207138,1.070816,1.718606,265.2721
208.2556: 0.9885746,1.080595,1.692596,267.432
208.4778: 0.8146471,1.07596,1.720473,266.4764
208.7: 0.609311,1.058234,1.702229,265.375
208.9222: 0.4005414,1.029347,1.6896,266.0277
209.1445: 0.1920359,1.027574,1.704868,272.0913
209.3667: -0.03263825,1.031217,1.67311,272.6094
209.5889: -0.2695211,1.025811,1.702286,269.8619
209.8111: -0.5504609,0.9889109,1.674607,272.0566
210.0333: -0.760258,0.951406,1.671545,275.8453
210.2556: -1.002082,0.9417697,1.687169,276.5504
210.4778: -1.180306,0.9578414,1.655328,277.3871
210.7: -1.365417,1.013614,1.682948,313.5884
210.9222: -1.496845,1.040462,1.673723,357.7684
211.1445: -1.631407,1.055593,1.683246,19.85968
211.3667: -1.732742,1.127269,1.673837,26.16585
211.5889: -1.776078,1.267216,1.658575,29.83898
Trial Result: Success object: Table | Time Spent: 6.898315
Trial No.:12 Ends
Trial No.:14 Begins
User confirmed on object: Telescope, this maze officially starts.
228.5444: -3.04157,0.0187223,1.703124,95.22586
228.7667: -3.055513,0.01154977,1.701181,98.40952
228.9889: -3.083575,0.002336316,1.69012,101.1725
229.2111: -3.088561,0.005486473,1.69301,97.31449
229.4333: -3.058579,0.007443767,1.689925,78.61646
229.6556: -3.029762,0.06334224,1.664859,54.99992
229.8778: -3.025382,0.1839238,1.649119,52.67305
230.1: -2.998588,0.3522294,1.667641,60.26902
230.3222: -2.910727,0.4887506,1.653501,69.63123
230.5444: -2.758794,0.5941925,1.624215,75.84042
230.7667: -2.603984,0.6865036,1.656667,81.77204
230.9889: -2.437528,0.8021795,1.670744,86.64898
231.2111: -2.252017,0.9280877,1.658626,91.2234
231.4333: -2.058436,0.9946593,1.670986,94.72626
231.6556: -1.845317,1.014857,1.646261,98.05761
231.8778: -1.627613,1.025168,1.677369,99.07183
232.1: -1.390634,1.049474,1.673801,103.713
232.3222: -1.178205,1.07777,1.674621,108.2636
232.5444: -0.987697,1.051938,1.687381,118.022
232.7667: -0.8045902,0.9987427,1.658897,129.2648
232.9889: -0.6126151,0.9871138,1.699791,120.1006
233.2111: -0.3898363,1.01842,1.69053,104.8
233.4333: -0.1755221,1.06107,1.690979,102.6454
233.6556: 0.01867229,1.077429,1.708451,103.1441
233.8778: 0.218735,1.073577,1.685775,102.3158
234.1: 0.4413773,1.067861,1.719007,101.4617
234.3222: 0.6360455,1.08601,1.711588,100.9484
234.5444: 0.8273908,1.123868,1.713173,98.96872
234.7667: 0.9798375,1.127488,1.727674,96.19383
234.9889: 1.162191,1.096882,1.702959,96.61622
235.2111: 1.34833,1.056186,1.725857,98.25491
235.4333: 1.533266,1.023371,1.730117,117.229
235.6556: 1.705866,1.011944,1.712158,133.9506
235.8778: 1.892,0.9956512,1.732835,140.8396
236.1: 2.04112,0.9445752,1.723732,147.3704
236.3222: 2.190513,0.8444226,1.723949,160.5466
236.5444: 2.353918,0.7581979,1.726272,173.3008
236.7667: 2.527874,0.6731985,1.728727,183.5265
236.9889: 2.611413,0.5704924,1.746998,191.0755
237.2111: 2.6511,0.3891319,1.723517,197.3163
237.4333: 2.643373,0.1471745,1.736103,202.8379
237.6556: 2.643593,-0.08726877,1.753664,205.9339
237.8778: 2.629658,-0.3046636,1.725935,230.4654
238.1: 2.578371,-0.4780887,1.741169,264.7288
238.3222: 2.486098,-0.6628275,1.701925,271.6646
238.5444: 2.389374,-0.7927343,1.721233,281.1043
238.7667: 2.310346,-0.9264547,1.721167,278.2224
238.9889: 2.256092,-1.097831,1.72578,215.7169
239.2111: 2.184346,-1.18504,1.726982,173.3385
239.4333: 2.053053,-1.24135,1.712827,164.597
239.6556: 1.948684,-1.295149,1.729861,174.9202
239.8778: 1.839783,-1.302574,1.727144,230.9639
240.1: 1.80814,-1.262221,1.722679,282.7033
240.3222: 1.805017,-1.325813,1.711086,300.049
240.5444: 1.809183,-1.514173,1.69529,272.5786
240.7667: 1.795213,-1.705447,1.725963,253.2765
240.9889: 1.750627,-1.86748,1.694352,240.6596
241.2111: 1.694748,-2.038357,1.711147,227.6662
241.4333: 1.655407,-2.224605,1.71086,235.4082
241.6556: 1.640519,-2.415668,1.686639,261.7833
241.8778: 1.608149,-2.613848,1.701412,270.4244
242.1: 1.533744,-2.748022,1.696758,275.1788
242.3222: 1.417247,-2.810967,1.689079,290.7316
242.5444: 1.339576,-2.875219,1.71072,308.175
242.7667: 1.28109,-2.977477,1.727611,315.6672
242.9889: 1.212794,-3.049816,1.739324,323.2989
243.2111: 1.088643,-3.095646,1.727448,311.769
243.4333: 0.9043468,-3.107081,1.698913,294.0055
243.6556: 0.7004355,-3.082123,1.689436,287.2283
243.8778: 0.4853196,-3.08995,1.715498,283.8409
244.1: 0.2673477,-3.121747,1.693578,286.1601
244.3222: 0.02737362,-3.125705,1.706632,290.9495
244.5444: -0.1474879,-3.066693,1.667036,311.3548
244.7667: -0.3002633,-2.994017,1.681708,342.7609
244.9889: -0.456973,-2.975198,1.693406,348.0927
245.2111: -0.6232883,-2.981454,1.676163,356.8083
245.4333: -0.7959256,-2.99997,1.682976,11.01399
245.6556: -0.9341418,-2.998166,1.689907,17.13067
245.8778: -1.085861,-2.960015,1.668859,4.654285
246.1: -1.267409,-2.932576,1.681197,331.2228
246.3222: -1.494963,-2.978456,1.671275,289.1982
246.5444: -1.671904,-3.007607,1.657857,293.6036
246.7667: -1.845933,-2.986763,1.6854,312.4262
246.9889: -2.001213,-2.937909,1.65868,325.7399
247.2111: -2.145935,-2.858798,1.647687,338.484
247.4333: -2.311921,-2.794757,1.655376,354.9573
247.6556: -2.492044,-2.738323,1.634844,6.069686
247.8778: -2.636235,-2.648702,1.649566,8.902494
248.1: -2.700261,-2.509596,1.644989,14.20912
248.3222: -2.705469,-2.311957,1.626145,13.39419
248.5444: -2.719602,-2.064115,1.668272,13.89997
248.7667: -2.745596,-1.845395,1.650604,10.53334
248.9889: -2.776206,-1.624329,1.645194,16.82325
249.2111: -2.76371,-1.368654,1.648453,21.22483
249.4333: -2.726896,-1.131822,1.605591,17.73818
249.6556: -2.714976,-0.8967313,1.649622,11.01898
249.8778: -2.741199,-0.6854403,1.636228,5.86016
250.1: -2.779796,-0.4781705,1.638664,8.988735
250.3222: -2.76999,-0.2746829,1.653438,25.18923
250.5444: -2.728189,-0.05549477,1.627368,34.1726
250.7667: -2.683341,0.1579686,1.650457,36.69578
250.9889: -2.670762,0.36054,1.656618,39.77038
251.2111: -2.661111,0.5633359,1.641257,41.64483
251.4333: -2.578434,0.726481,1.654982,65.76134
251.6556: -2.466808,0.8233312,1.631387,92.21074
251.8778: -2.3268,0.9599801,1.64376,87.73998
252.1: -2.212085,1.154593,1.664338,63.24958
252.3222: -2.144252,1.363422,1.638734,33.82903
252.5444: -2.086951,1.560655,1.652959,5.804842
252.7667: -2.004908,1.737307,1.635103,343.8521
252.9889: -1.897292,1.915821,1.625623,319.2551
253.2111: -1.846119,2.059978,1.63415,316.0422
253.4333: -1.85744,2.181496,1.634601,323.4431
253.6556: -1.84323,2.28246,1.644779,19.01219
253.8778: -1.823809,2.349697,1.650994,66.74088
254.1: -1.783985,2.460136,1.638856,75.4394
254.3222: -1.733729,2.550261,1.637069,85.79362
254.5444: -1.688321,2.670479,1.647794,100.3236
254.7667: -1.652664,2.798835,1.640106,99.33733
254.9889: -1.583109,2.872287,1.650068,101.7219
255.2111: -1.473979,2.896328,1.64874,101.8808
255.4333: -1.33872,2.887939,1.643078,98.87721
255.6556: -1.185078,2.889806,1.668439,99.61357
255.8778: -1.024025,2.911126,1.666093,99.70525
256.1: -0.8534834,2.962912,1.661362,99.57555
256.3222: -0.6811059,2.999702,1.669312,96.65562
256.5445: -0.4618457,3.007304,1.645715,96.80317
256.7667: -0.2555117,2.98193,1.673738,102.7699
256.9889: -0.08757319,2.980716,1.690982,101.0812
257.2111: 0.09703799,2.995369,1.684918,102.1622
257.4333: 0.3109698,3.007081,1.701305,99.64852
257.6555: 0.5221244,2.99331,1.674108,96.01917
257.8778: 0.738611,2.941505,1.695359,105.2927
258.1: 0.9144746,2.928809,1.716209,111.8861
258.3222: 1.125443,2.947406,1.697669,111.4009
Trial Result: Fail at object:  | Time Spent: 30
Trial No.:14 Ends
Trial No.:22 Begins
User confirmed on object: Mailbox, this maze officially starts.
286.0889: -1.701891,-3.250218,1.734528,356.7422
286.3111: -1.703306,-3.268839,1.729354,0.9463506
286.5333: -1.694183,-3.274012,1.721915,8.110312
286.7556: -1.659557,-3.242945,1.70386,14.36716
286.9778: -1.614168,-3.234697,1.678937,38.83009
287.2: -1.515153,-3.202218,1.657982,45.05904
287.4222: -1.337248,-3.153505,1.630054,34.16909
287.6444: -1.175687,-3.067897,1.686201,22.39264
287.8667: -1.081428,-2.959378,1.669927,18.80761
288.0889: -1.009047,-2.791899,1.667675,15.40993
288.3111: -0.9390767,-2.616058,1.685084,13.00603
288.5333: -0.8619375,-2.428047,1.660118,12.18691
288.7556: -0.791407,-2.222878,1.69004,12.64176
288.9778: -0.7767226,-2.010704,1.686856,12.56103
289.2: -0.7922075,-1.76891,1.681098,19.44753
289.4222: -0.7614942,-1.594705,1.696438,27.98515
289.6444: -0.6990535,-1.416337,1.665053,33.04784
289.8667: -0.6154321,-1.265986,1.680798,33.90039
290.0889: -0.5176313,-1.124449,1.695473,37.03856
290.3111: -0.4031106,-0.9785693,1.675497,40.18302
290.5333: -0.2895028,-0.8411975,1.691616,36.2627
290.7556: -0.1706472,-0.7073119,1.681033,27.07647
290.9778: -0.06744958,-0.5650659,1.692705,10.74361
291.2: -0.001128861,-0.3558548,1.695426,6.416179
291.4222: 0.001244326,-0.1742981,1.680548,16.29423
291.6444: 0.02503515,0.001085173,1.710652,31.10064
291.8667: 0.05979515,0.1677181,1.678356,43.21562
292.0889: 0.1018558,0.3369569,1.687585,50.25433
292.3111: 0.1171084,0.5027032,1.708647,59.3989
292.5333: 0.09857033,0.6537746,1.685949,80.13606
292.7556: 0.07695651,0.7907867,1.713521,95.26147
292.9778: 0.09002683,0.9306017,1.705533,99.84573
293.2: 0.1457338,1.068826,1.684285,97.88197
293.4222: 0.1695136,1.168639,1.70266,107.6124
293.6444: 0.224803,1.214254,1.713028,118.7052
293.8667: 0.3564588,1.178807,1.695126,117.539
294.0889: 0.5020027,1.108928,1.703429,114.8272
294.3111: 0.6897693,1.058037,1.724232,111.7888
294.5333: 0.8971105,1.031536,1.697366,113.1342
Trial Result: Success object: Bookshelf | Time Spent: 8.742416
Trial No.:22 Ends
Trial No.:11 Begins
User confirmed on object: Trashcan, this maze officially starts.
311.4778: 2.336468,0.8923655,1.798398,90.1196
311.7: 2.319791,0.8916177,1.791636,92.77567
311.9222: 2.321398,0.8835258,1.78994,92.96604
312.1444: 2.332594,0.8698434,1.788673,89.99982
312.3667: 2.344379,0.9064982,1.768643,72.54998
312.5889: 2.306601,1.012093,1.751762,13.57513
312.8111: 2.268332,1.046618,1.748305,321.1089
313.0334: 2.300566,1.03821,1.741817,287.7419
313.2556: 2.280002,1.010455,1.739555,272.2576
313.4778: 2.179828,0.9508227,1.711304,269.2722
313.7: 1.991867,0.9220833,1.734744,270.7384
313.9222: 1.770723,0.9369988,1.679687,273.0151
314.1444: 1.498428,0.9759896,1.712366,271.4334
314.3667: 1.262807,0.9829851,1.722578,273.2903
314.5889: 1.008704,0.950803,1.68973,268.9545
314.8111: 0.7759414,0.9352388,1.716572,259.723
315.0334: 0.5285506,0.954707,1.682542,265.7096
315.2556: 0.2833616,0.9873662,1.712858,276.2411
315.4778: 0.04686512,0.9907538,1.707402,275.0453
315.7: -0.2330819,0.9713763,1.688492,282.2513
315.9222: -0.4223739,0.989813,1.70433,288.8384
316.1444: -0.6328688,1.023763,1.663605,288.0883
316.3667: -0.8205288,1.050855,1.686904,286.402
316.5889: -1.008516,1.063566,1.689911,295.1154
316.8111: -1.180701,1.066658,1.666176,325.6119
317.0334: -1.32154,1.064542,1.689105,0.5156339
317.2556: -1.473713,1.077275,1.670138,10.65373
317.4778: -1.623367,1.115868,1.663866,14.38391
317.7: -1.790905,1.152335,1.681368,7.891234
317.9222: -1.961676,1.150194,1.657333,352.4282
318.1444: -2.137116,1.122354,1.66093,321.5023
318.3667: -2.308677,1.049765,1.668347,255.4162
318.5889: -2.404276,1.033962,1.650784,206.0663
318.8111: -2.511665,1.041948,1.659046,179.1575
319.0334: -2.597044,1.004758,1.654603,171.6116
319.2556: -2.638681,0.9226214,1.642288,168.158
319.4778: -2.642672,0.8240898,1.644547,159.2188
319.7: -2.624362,0.6725233,1.662799,146.3292
Trial Result: Success object: Telescope | Time Spent: 8.504087
Trial No.:11 Ends
Trial No.:10 Begins
User confirmed on object: Bookshelf, this maze officially starts.
331.3111: 1.68234,1.230696,1.760872,185.2699
331.5334: 1.70364,1.253242,1.768412,186.019
331.7556: 1.706147,1.270203,1.761152,201.6301
331.9778: 1.692444,1.292686,1.754463,224.8142
332.2: 1.642041,1.273261,1.75348,232.2274
332.4222: 1.52036,1.276795,1.722153,242.1494
332.6444: 1.36136,1.268503,1.725804,239.9369
332.8667: 1.214746,1.229,1.718826,241.2256
333.0889: 1.04004,1.143181,1.689244,240.628
333.3111: 0.8515435,1.054384,1.709797,238.3855
333.5334: 0.6479472,0.9856874,1.687696,230.973
333.7556: 0.4221706,0.9216008,1.678096,216.9702
333.9778: 0.2084451,0.8043391,1.701298,205.0024
334.2: 0.09591929,0.6612813,1.675569,198.1492
334.4222: 0.02107181,0.5029727,1.689197,193.9657
334.6444: -0.04545259,0.336682,1.686348,190.363
334.8667: -0.1145403,0.1795331,1.662789,189.8135
335.0889: -0.191905,-0.02871079,1.688805,199.6823
335.3111: -0.2063796,-0.2383449,1.674939,214.5597
335.5334: -0.1823629,-0.4577985,1.675968,228.5525
335.7556: -0.2250648,-0.6142561,1.696012,248.3884
335.9778: -0.3303609,-0.7386402,1.672994,258.5192
336.2: -0.5080375,-0.8629136,1.689341,267.8966
336.4222: -0.6894258,-0.9447118,1.690252,270.061
336.6444: -0.887082,-1.021169,1.679803,272.176
336.8667: -1.066056,-1.049966,1.685806,269.1821
337.0889: -1.287081,-1.040998,1.644258,260.192
337.3111: -1.51598,-1.017374,1.67307,254.9801
337.5334: -1.752289,-1.04708,1.668202,248.9773
337.7556: -1.991874,-1.119676,1.645708,245.2566
337.9778: -2.217492,-1.199686,1.664826,239.5946
338.2: -2.479711,-1.30644,1.63307,229.7195
338.4222: -2.712172,-1.423319,1.655857,219.1833
Trial Result: Success object: Plant | Time Spent: 7.380728
Trial No.:10 Ends
Trial No.:21 Begins
User confirmed on object: Mailbox, this maze officially starts.
356.1667: -1.769694,-3.330923,1.722335,2.209553
356.3889: -1.749666,-3.357556,1.715128,7.860137
356.6111: -1.716817,-3.328368,1.699703,19.37161
356.8333: -1.662259,-3.295857,1.698671,41.57699
357.0556: -1.553192,-3.28104,1.682751,73.05794
357.2778: -1.396888,-3.266268,1.666887,72.49551
357.5: -1.245102,-3.177483,1.685562,55.85792
357.7222: -1.13252,-3.028306,1.657077,39.16724
357.9445: -1.044338,-2.855097,1.663222,31.04119
358.1667: -0.9456922,-2.685302,1.666595,22.91339
358.3889: -0.8581383,-2.520551,1.660574,13.4651
358.6111: -0.8123899,-2.275296,1.677943,11.07105
358.8333: -0.823333,-2.063539,1.656312,24.95111
359.0556: -0.8261417,-1.854393,1.692843,40.68372
359.2778: -0.809996,-1.679027,1.67224,49.23223
359.5: -0.7583351,-1.489837,1.674347,59.06774
359.7222: -0.6948043,-1.336166,1.699396,70.88941
359.9445: -0.6141301,-1.201159,1.682424,79.5837
360.1667: -0.4890184,-1.120802,1.696717,82.57113
360.3889: -0.3150908,-1.100504,1.674191,84.70863
360.6111: -0.1110292,-1.108561,1.697039,86.51851
360.8333: 0.08043762,-1.096119,1.71101,86.82952
361.0556: 0.288285,-1.053949,1.693604,87.35793
361.2778: 0.4782993,-1.028155,1.716948,86.25063
361.5: 0.698068,-1.020861,1.696523,84.87005
361.7222: 0.9394475,-1.032353,1.70977,82.09741
361.9445: 1.17208,-1.022175,1.731123,80.00767
362.1667: 1.400848,-0.9806575,1.707915,76.83353
362.3889: 1.617089,-0.9420053,1.7346,72.63857
362.6111: 1.867781,-0.9175068,1.712698,59.49547
362.8333: 2.091975,-0.9012819,1.731293,46.4283
363.0556: 2.279248,-0.8327901,1.754127,38.84825
363.2778: 2.414563,-0.7259626,1.730711,34.643
363.5: 2.532087,-0.5761374,1.741686,28.00818
363.7222: 2.62598,-0.4230564,1.73757,21.50586
363.9445: 2.745854,-0.24476,1.727693,16.78544
364.1667: 2.834302,-0.05082929,1.749104,11.31715
Trial Result: Success object: Trashcan | Time Spent: 8.349586
Trial No.:21 Ends
Trial No.:24 Begins
User confirmed on object: Chair, this maze officially starts.
380.6111: 0.6779249,-3.228221,1.756963,18.29807
380.8333: 0.6976838,-3.252599,1.756949,19.74208
381.0556: 0.7495733,-3.268668,1.744115,28.76606
381.2778: 0.8508857,-3.291928,1.728655,55.94013
381.5: 0.9868572,-3.262438,1.716939,51.77611
381.7222: 1.108008,-3.174973,1.69083,50.63912
381.9445: 1.250164,-3.061938,1.714874,47.81081
382.1667: 1.416797,-2.956482,1.700753,37.74258
382.3889: 1.588267,-2.837883,1.707444,22.74316
382.6111: 1.716778,-2.688705,1.731269,16.00797
382.8333: 1.798035,-2.509221,1.709528,14.39552
383.0556: 1.868019,-2.25686,1.73697,18.59396
383.2778: 1.940138,-2.042533,1.717134,18.97639
383.5: 2.036582,-1.810685,1.722181,18.72352
383.7222: 2.099157,-1.619237,1.740883,21.19376
383.9445: 2.157622,-1.398358,1.709864,24.42691
384.1667: 2.231012,-1.192814,1.73973,29.17014
384.3889: 2.321982,-1.007848,1.726616,31.31265
384.6111: 2.438264,-0.8078673,1.724971,28.52847
384.8333: 2.534805,-0.6074686,1.756272,26.81021
385.0556: 2.606143,-0.3734425,1.72725,26.2282
385.2778: 2.653441,-0.1718736,1.746507,25.90351
385.5: 2.724173,0.008294072,1.741775,24.27027
385.7222: 2.814537,0.1843168,1.721201,21.95361
Trial Result: Success object: Trashcan | Time Spent: 5.518724
Trial No.:24 Ends
Trial No.:19 Begins
User confirmed on object: Well, this maze officially starts.
409.6556: 1.621804,-2.067539,1.779715,73.24761
409.8778: 1.592429,-2.078509,1.778878,74.80569
410.1: 1.570408,-2.10921,1.790144,84.27374
410.3222: 1.550575,-2.151191,1.786317,98.07831
410.5445: 1.538908,-2.17511,1.780328,105.8467
410.7667: 1.56213,-2.137925,1.770381,90.70674
410.9889: 1.595325,-2.066656,1.759538,73.02048
411.2111: 1.623843,-1.988991,1.742458,55.16436
411.4333: 1.571949,-1.827812,1.716792,348.5472
411.6556: 1.528483,-1.742739,1.717229,309.1234
411.8778: 1.543638,-1.580318,1.700553,309.8425
412.1: 1.535174,-1.351217,1.688663,296.2333
412.3222: 1.440987,-1.199795,1.718642,288.819
412.5445: 1.291745,-1.085676,1.709185,293.1828
412.7667: 1.115162,-1.017218,1.725185,293.8191
412.9889: 0.9257107,-0.9369914,1.709414,291.9257
413.2111: 0.7221822,-0.850813,1.695923,285.607
413.4333: 0.5254009,-0.8080501,1.719571,285.3023
413.6556: 0.327186,-0.7827147,1.682357,304.7266
413.8778: 0.1986039,-0.6911718,1.706876,330.5755
414.1: 0.145523,-0.5317628,1.687784,341.3697
414.3222: 0.1243799,-0.3620204,1.688528,341.8538
414.5445: 0.08033327,-0.1675402,1.708411,340.3889
414.7667: 0.02167576,0.02345132,1.67662,338.3964
414.9889: -0.04595288,0.2217212,1.688151,333.5631
415.2111: -0.09131964,0.4330663,1.685384,318.8601
415.4333: -0.1402244,0.6533732,1.669804,301.3643
415.6556: -0.2576552,0.8299965,1.702005,291.2638
415.8778: -0.4164482,0.9179298,1.67359,288.7616
416.1: -0.5866396,0.9852332,1.695476,297.7305
416.3222: -0.7353957,1.040306,1.679286,300.4573
416.5445: -0.9118435,1.115479,1.661717,302.3817
416.7667: -1.066782,1.178485,1.68453,328.2914
416.9889: -1.233955,1.19277,1.670123,354.5054
417.2111: -1.436864,1.187851,1.679925,5.338683
417.4333: -1.578749,1.239727,1.678669,10.45034
417.6556: -1.665973,1.349296,1.663737,15.4042
Trial Result: Success object: Table | Time Spent: 8.302389
Trial No.:19 Ends
Trial No.:3 Begins
User confirmed on object: Piano, this maze officially starts.
434.5111: 1.720896,3.277285,1.778697,181.7872
434.7333: 1.720041,3.271255,1.769445,186.0847
434.9556: 1.701381,3.259512,1.753597,200.5186
435.1778: 1.650066,3.236771,1.732442,229.9378
435.4: 1.541631,3.235175,1.713753,247.9214
435.6222: 1.395377,3.240765,1.706539,252.0576
435.8445: 1.269562,3.224807,1.725381,251.15
436.0667: 1.124102,3.181226,1.710523,248.8404
436.2889: 0.9954934,3.112406,1.7103,246.4838
436.5111: 0.8547381,3.067756,1.707341,240.7168
436.7333: 0.7113013,3.046805,1.686263,235.4546
436.9556: 0.5145482,3.037316,1.682167,224.1824
437.1778: 0.3523158,2.996427,1.707668,212.8802
437.4: 0.2254419,2.926543,1.691268,207.7498
437.6222: 0.09312066,2.870735,1.6879,207.4531
437.8445: -0.08632861,2.907519,1.678982,234.6411
438.0667: -0.2621201,2.92556,1.683794,224.9995
438.2889: -0.29599,2.839799,1.657822,191.0065
438.5111: -0.2286587,2.679005,1.683141,174.3736
438.7333: -0.1565679,2.492002,1.680723,177.9675
438.9556: -0.1193053,2.255461,1.688987,190.4763
439.1778: -0.138443,1.999686,1.653449,195.2896
439.4: -0.1653994,1.732171,1.699442,200.707
439.6222: -0.1804427,1.473945,1.661303,204.5149
439.8445: -0.2782435,1.283411,1.694187,224.8838
440.0667: -0.4777906,1.188626,1.66209,249.1336
440.2889: -0.6737974,1.126504,1.688948,255.1121
440.5111: -0.8570052,1.051997,1.68097,257.6696
440.7333: -1.019318,0.9786854,1.665416,260.188
440.9556: -1.218773,0.9386498,1.677257,259.8961
441.1778: -1.451938,0.9407211,1.638786,255.764
441.4: -1.705773,0.9595941,1.652334,247.9879
441.6222: -1.928396,0.9328272,1.662349,237.9611
441.8445: -2.138799,0.8664272,1.638628,225.0956
442.0667: -2.345591,0.7788116,1.648095,205.4325
442.2889: -2.510067,0.6861321,1.621172,182.3224
442.5111: -2.66015,0.5886289,1.639761,163.8836
442.7333: -2.749405,0.4583467,1.644934,157.3326
442.9556: -2.785144,0.2892211,1.624986,155.6061
443.1778: -2.778969,0.08068188,1.638114,154.1498
443.4: -2.746983,-0.1301875,1.628767,144.4474
443.6222: -2.718686,-0.35119,1.61534,134.8108
443.8445: -2.658256,-0.5498954,1.648852,131.4316
444.0667: -2.596268,-0.7637707,1.611818,145.4236
444.2889: -2.607781,-0.9738216,1.64791,167.22
444.5111: -2.649721,-1.18707,1.611066,170.2557
444.7333: -2.693402,-1.421858,1.644885,175.2432
444.9556: -2.729063,-1.612147,1.649252,199.089
445.1778: -2.71282,-1.833116,1.628744,203.7181
445.4: -2.664095,-2.071579,1.648376,162.6557
445.6222: -2.645021,-2.293804,1.607861,118.8208
445.8445: -2.653916,-2.537539,1.637444,108.7101
446.0667: -2.601051,-2.726067,1.641579,100.2793
446.2889: -2.483338,-2.872512,1.62763,81.81944
446.5111: -2.40554,-2.921111,1.680775,63.39305
Trial Result: Success object: Mailbox | Time Spent: 12.39443
Trial No.:3 Ends
Trial No.:17 Begins
User confirmed on object: Harp, this maze officially starts.
463.6667: 1.673166,-1.340696,1.775766,12.55073
463.8889: 1.675115,-1.350992,1.776829,9.44196
464.1111: 1.717039,-1.36633,1.783898,27.51881
464.3333: 1.748364,-1.376719,1.779843,37.13637
464.5556: 1.770624,-1.357202,1.76521,30.63708
464.7778: 1.737805,-1.307957,1.76005,0.0838194
465: 1.606728,-1.311946,1.737732,297.8961
465.2222: 1.525979,-1.298186,1.732247,282.9378
465.4445: 1.43666,-1.238394,1.729002,281.1096
465.6667: 1.317791,-1.139542,1.713566,282.9534
465.8889: 1.194282,-1.01744,1.714022,290.3065
466.1111: 1.054932,-0.9487226,1.734073,293.155
466.3333: 0.8743006,-0.9422309,1.711275,291.5267
466.5556: 0.651141,-0.975212,1.718735,282.7617
466.7778: 0.4581823,-0.9732038,1.703266,277.4651
467: 0.2618324,-0.9369136,1.688191,273.3288
467.2222: 0.06505501,-0.9231057,1.722607,269.6779
467.4445: -0.1197153,-0.9297729,1.702729,268.1677
467.6667: -0.359453,-0.9548172,1.700617,271.8949
467.8889: -0.5841256,-0.9594473,1.707134,273.1936
468.1111: -0.8217916,-0.9445589,1.663061,272.8977
468.3333: -1.06222,-0.9362911,1.68268,269.3307
468.5556: -1.327051,-0.948483,1.682218,261.4069
468.7778: -1.558723,-0.9480234,1.67075,281.0704
469: -1.77522,-0.9087844,1.67624,310.041
469.2222: -2.015677,-0.8545076,1.627417,322.0216
469.4445: -2.199589,-0.8069562,1.644386,336.9648
469.6667: -2.397426,-0.745788,1.649946,349.9537
469.8889: -2.543207,-0.6551884,1.651276,1.483757
470.1111: -2.609472,-0.4932488,1.636971,12.05418
470.3333: -2.610187,-0.2526854,1.622908,13.49155
470.5556: -2.608779,0.001743549,1.652698,17.85963
470.7778: -2.620401,0.2773069,1.61906,25.16352
471: -2.587732,0.5053318,1.659646,36.87067
471.2222: -2.493404,0.7210308,1.619117,38.32848
471.4445: -2.356403,0.9273495,1.632378,33.74317
471.6667: -2.232451,1.144699,1.657324,28.01603
471.8889: -2.134939,1.370336,1.632462,16.62648
472.1111: -2.047517,1.588687,1.659484,0.5824862
472.3333: -1.958201,1.804246,1.616433,341.8087
472.5556: -1.900911,2.025567,1.637487,324.6203
472.7778: -1.950768,2.238831,1.637831,311.1913
473: -2.056462,2.372271,1.650037,302.5963
473.2222: -2.167607,2.505266,1.674311,290.4607
473.4445: -2.264404,2.630083,1.653713,280.1511
Trial Result: Success object: Stove | Time Spent: 10.17315
Trial No.:17 Ends
Trial No.:20 Begins
User confirmed on object: Well, this maze officially starts.
491.1333: 1.625139,-2.05358,1.779605,88.07457
491.3556: 1.63079,-2.084579,1.777431,94.86019
491.5778: 1.626421,-2.134034,1.773221,117.759
491.8: 1.646425,-2.135652,1.773284,108.1981
492.0222: 1.682187,-2.129994,1.761669,88.87543
492.2444: 1.708375,-2.073014,1.747452,51.41687
492.4667: 1.708984,-1.979435,1.729371,19.65743
492.6889: 1.730157,-1.891887,1.724207,3.161969
492.9111: 1.800857,-1.80149,1.71542,347.4978
493.1333: 1.979609,-1.70359,1.713374,357.4233
493.3556: 2.106054,-1.589646,1.746023,6.672114
493.5778: 2.179069,-1.436549,1.715792,6.428147
493.8: 2.227116,-1.28,1.728389,9.267865
494.0222: 2.303419,-1.122198,1.733642,10.58619
494.2444: 2.418808,-0.9286208,1.704872,7.842844
494.4667: 2.532643,-0.7024989,1.739092,4.368557
494.6889: 2.60243,-0.4481647,1.737192,359.4278
494.9111: 2.631128,-0.1809493,1.728198,358.19
495.1333: 2.665513,0.09946334,1.746952,357.673
495.3556: 2.700176,0.3630605,1.719623,354.597
495.5778: 2.724994,0.6228071,1.763115,352.786
495.8: 2.723079,0.8674804,1.731323,351.9704
496.0222: 2.703255,1.13236,1.738036,351.1624
496.2444: 2.699798,1.40817,1.741324,348.2145
496.4667: 2.710271,1.682558,1.714622,342.6224
496.6889: 2.697578,1.947522,1.753532,339.0648
496.9111: 2.644239,2.205927,1.711838,328.1411
497.1333: 2.553718,2.477877,1.736679,301.6855
497.3556: 2.479983,2.661575,1.725621,283.2102
497.5778: 2.400179,2.846054,1.716014,258.6665
497.8: 2.294314,2.948087,1.747158,241.9994
Trial Result: Success object: Piano | Time Spent: 6.942831
Trial No.:20 Ends
Trial No.:6 Begins
User confirmed on object: Table, this maze officially starts.
512.9333: -2.067166,1.990159,1.711575,89.69907
513.1556: -2.073336,1.995696,1.706607,95.53988
513.3778: -2.095891,1.983473,1.70382,121.9378
513.6: -2.093209,1.988562,1.701862,130.4344
513.8222: -2.032981,1.963925,1.693264,127.6291
514.0444: -2.003799,1.840687,1.659012,130.8218
514.2667: -1.974018,1.709358,1.651411,132.2454
514.4889: -1.911813,1.567543,1.660369,137.7466
514.7111: -1.809669,1.479171,1.634102,135.184
514.9333: -1.708349,1.367138,1.64876,128.0517
515.1556: -1.620711,1.212964,1.623489,121.4185
515.3778: -1.506391,1.077781,1.667813,112.2549
515.6: -1.314035,1.010927,1.664629,107.5589
515.8222: -1.14326,1.020547,1.666289,108.4182
516.0444: -0.981032,1.003595,1.688093,109.8203
516.2667: -0.8236025,0.9650729,1.661846,111.172
516.4889: -0.6623888,0.9284711,1.683968,110.556
516.7111: -0.4951842,0.9315844,1.702091,108.9493
516.9333: -0.3160566,0.9753535,1.68238,109.6385
517.1556: -0.1254402,1.015104,1.706196,109.4659
517.3778: 0.0485474,1.015925,1.693437,111.3345
517.6: 0.2725676,0.9883393,1.695466,111.9212
517.8222: 0.4628368,0.9904981,1.71654,108.7589
518.0444: 0.6646637,1.015913,1.68954,108.088
518.2667: 0.8503062,1.039995,1.715124,107.2365
518.4889: 1.044737,1.036634,1.716434,102.4584
518.7111: 1.249273,0.9990553,1.700237,100.6679
518.9333: 1.445566,0.9544698,1.7258,109.3748
519.1556: 1.62902,0.9213585,1.714358,129.5227
519.3778: 1.833125,0.92119,1.716238,146.0024
519.6: 2.05125,0.8908449,1.726898,153.6877
519.8222: 2.194233,0.8282961,1.715401,159.2761
520.0444: 2.335341,0.755698,1.740582,169.982
520.2667: 2.457986,0.6891633,1.723858,180.9094
520.4889: 2.562227,0.6014825,1.737041,196.0646
520.7111: 2.602739,0.4739787,1.73196,200.3862
520.9333: 2.590668,0.3095306,1.706859,195.8809
521.1556: 2.576244,0.1233678,1.73468,197.506
521.3778: 2.566992,-0.07386804,1.721499,207.1943
521.6: 2.557798,-0.2855829,1.726243,240.2686
521.8222: 2.517395,-0.4630685,1.740837,250.8282
522.0444: 2.435013,-0.6159356,1.705487,255.1965
522.2667: 2.351024,-0.7258538,1.736017,270.9653
522.4889: 2.283259,-0.8276764,1.736848,289.2901
522.7111: 2.215206,-0.9506971,1.733913,296.5371
522.9333: 2.102031,-1.053389,1.739623,281.1833
523.1556: 1.949662,-1.114021,1.716609,269.2705
523.3778: 1.801738,-1.217461,1.730809,221.4131
523.6: 1.781719,-1.308004,1.730704,150.3396
523.8222: 1.739411,-1.356821,1.722705,145.3572
524.0444: 1.719921,-1.400557,1.724102,164.123
524.2667: 1.682806,-1.402216,1.73224,231.8809
524.4889: 1.698679,-1.343552,1.729074,287.6835
524.7111: 1.679225,-1.298133,1.725868,305.5251
524.9333: 1.603547,-1.245834,1.713663,302.9213
525.1556: 1.515351,-1.198388,1.720907,294.5267
525.3778: 1.422182,-1.136065,1.733982,298.4264
525.6: 1.31201,-1.118193,1.730891,305.37
525.8222: 1.16952,-1.131174,1.714653,305.2542
526.0444: 0.9956356,-1.073128,1.707904,311.3579
526.2667: 0.807065,-0.9642789,1.68335,319.5551
526.4889: 0.6584002,-0.9107834,1.697664,329.3511
526.7111: 0.5013063,-0.8900328,1.683408,356.2837
526.9333: 0.3450689,-0.8803955,1.691279,9.770359
527.1556: 0.213271,-0.839315,1.682479,7.706941
527.3778: 0.02451082,-0.823783,1.669144,313.8128
527.6: -0.1684657,-0.899267,1.676609,276.3676
527.8222: -0.4290086,-1.007648,1.673372,256.4566
528.0444: -0.5906762,-1.069852,1.681382,230.1116
528.2667: -0.725539,-1.103724,1.657259,194.9971
528.4889: -0.8850044,-1.082042,1.669925,199.4913
528.7111: -1.101429,-1.047376,1.683652,244.1019
528.9333: -1.27762,-1.024125,1.66559,279.6041
529.1556: -1.459623,-1.021903,1.668858,283.3471
529.3778: -1.670953,-1.029765,1.636337,258.7243
529.6: -1.893661,-1.01949,1.643124,228.7828
529.8222: -2.136206,-1.04914,1.623116,209.0268
530.0444: -2.29575,-1.121552,1.600133,203.5116
530.2667: -2.367995,-1.143312,1.616743,186.7546
530.4889: -2.436321,-1.113859,1.621585,219.7598
530.7111: -2.473263,-0.940683,1.631679,318.3362
530.9333: -2.453395,-0.8149617,1.630862,5.171515
531.1556: -2.496937,-0.6919509,1.62601,18.33077
531.3778: -2.577592,-0.5478182,1.639102,17.87671
531.6: -2.655163,-0.3952815,1.632755,18.06071
531.8222: -2.658346,-0.2040696,1.637847,21.8434
532.0444: -2.597722,-0.01139105,1.60743,21.9207
532.2667: -2.554954,0.1703128,1.646491,20.08852
532.4889: -2.531939,0.328243,1.637205,24.40134
532.7111: -2.493569,0.5083483,1.64188,44.26977
532.9333: -2.423932,0.661737,1.653021,51.5361
533.1556: -2.303632,0.764073,1.626767,78.80037
533.3778: -2.194155,0.8542017,1.637799,98.78265
533.6: -2.133465,0.9440392,1.653738,109.8175
533.8222: -2.073083,1.054249,1.647227,101.0062
534.0444: -2.025579,1.241486,1.644648,51.34888
534.2667: -1.974983,1.409789,1.625391,5.328578
534.4889: -1.855879,1.542313,1.605087,344.5238
534.7111: -1.785026,1.657368,1.634668,334.0927
534.9333: -1.753824,1.807969,1.627247,320.8968
535.1556: -1.768603,2.001341,1.614011,324.0574
535.3778: -1.709445,2.180906,1.62775,10.76142
535.6: -1.610383,2.296582,1.632773,55.54685
535.8222: -1.524832,2.459859,1.634781,62.95622
536.0444: -1.474004,2.605266,1.651134,73.53407
536.2667: -1.40588,2.746385,1.642235,88.69748
536.4889: -1.298565,2.837574,1.662826,99.78177
536.7111: -1.175947,2.867242,1.642951,109.089
536.9333: -0.9753127,2.875165,1.641762,113.4483
537.1556: -0.7723484,2.905329,1.674849,113.3066
537.3778: -0.5670826,2.962212,1.660521,107.3659
537.6: -0.3633055,3.010331,1.675921,106.7393
537.8222: -0.1413973,2.98584,1.667384,115.4255
538.0444: 0.00412973,2.884495,1.6478,162.9427
538.2667: 0.0906725,2.878389,1.688216,189.0667
538.4889: 0.1845683,2.883831,1.701708,191.2099
538.7111: 0.2649716,2.890441,1.704778,172.2331
538.9333: 0.3687944,2.951985,1.706312,120.2412
539.1556: 0.4015373,3.009088,1.702142,98.25706
539.3778: 0.3709503,2.941578,1.701123,140.3679
539.6: 0.2353276,2.84114,1.697831,175.9482
539.8223: 0.116558,2.741065,1.69143,180.7363
540.0444: 0.06884381,2.611091,1.701232,173.6996
540.2667: 0.1099566,2.473301,1.68394,156.7395
540.4889: 0.1206007,2.322181,1.709917,140.6355
540.7111: 0.07073867,2.144129,1.676871,150.2343
540.9333: 0.02707436,1.965967,1.705322,155.8565
541.1556: 0.04701116,1.793941,1.709034,148.3872
541.3778: 0.1114243,1.616831,1.686819,130.4134
541.6: 0.1462341,1.440442,1.690004,117.8266
541.8223: 0.1542541,1.273935,1.672856,101.7622
542.0444: 0.09305106,1.060482,1.689897,129.9539
542.2667: 0.02392676,0.8769482,1.702213,177.5699
542.4889: 0.02576855,0.7084305,1.67583,194.4317
542.7111: 0.03366879,0.5344795,1.690159,189.2387
Trial Result: Fail at object:  | Time Spent: 30
Trial No.:6 Ends
Trial No.:8 Begins
User confirmed on object: Plant, this maze officially starts.
560.4667: -2.490012,-2.020171,1.696352,277.2219
560.6889: -2.455706,-2.031813,1.699184,275.8057
560.9111: -2.45722,-2.007524,1.69898,298.9167
561.1334: -2.482786,-1.972612,1.701004,321.2865
561.3556: -2.499804,-1.904702,1.691584,337.7121
561.5778: -2.473579,-1.808571,1.669468,0.5870328
561.8: -2.457463,-1.728755,1.660838,31.0252
562.0222: -2.465505,-1.736772,1.642836,72.60811
562.2444: -2.470655,-1.835139,1.655577,98.83617
562.4667: -2.469506,-2.069423,1.628129,112.3142
562.6889: -2.461176,-2.278368,1.646314,117.515
562.9111: -2.439957,-2.443151,1.656431,126.1637
563.1334: -2.383126,-2.539641,1.631727,122.8755
563.3556: -2.281555,-2.671,1.631277,111.2607
563.5778: -2.162705,-2.832113,1.611046,99.66698
563.8: -1.990333,-2.995941,1.658202,88.01559
564.0222: -1.772262,-3.079998,1.633951,87.27884
564.2444: -1.537053,-3.116512,1.676848,89.6594
564.4667: -1.248256,-3.151302,1.667511,87.58321
564.6889: -0.9698831,-3.18498,1.665895,81.49277
564.9111: -0.7108209,-3.185071,1.706293,79.05981
565.1334: -0.4701141,-3.166426,1.667354,77.73475
565.3556: -0.2155214,-3.14753,1.699972,76.27943
565.5778: 0.02156341,-3.149092,1.681634,71.3877
565.8: 0.2701745,-3.152974,1.687749,52.71622
566.0222: 0.5092416,-3.160667,1.7189,63.27848
566.2444: 0.7441173,-3.130034,1.689698,63.81945
566.4667: 0.9895515,-3.079225,1.71869,56.0891
566.6889: 1.20844,-3.057719,1.700116,42.65069
566.9111: 1.439368,-3.031139,1.702436,27.70814
567.1334: 1.591445,-2.934765,1.729065,18.04212
567.3556: 1.710023,-2.768466,1.707884,8.9584
567.5778: 1.795056,-2.573636,1.729224,4.404264
567.8: 1.861665,-2.368969,1.708477,358.835
568.0222: 1.933919,-2.150827,1.72236,354.4319
568.2444: 1.945661,-1.938044,1.730453,353.8788
568.4667: 1.896378,-1.680055,1.711737,352.3369
568.6889: 1.863524,-1.478584,1.729341,345.9407
568.9111: 1.859356,-1.275566,1.707525,335.1151
Trial Result: Success object: Harp | Time Spent: 8.683071
Trial No.:8 Ends
Trial No.:2 Begins
User confirmed on object: Stove, this maze officially starts.
583.9667: -2.552257,3.2078,1.6969,254.7439
584.1889: -2.546056,3.210695,1.695015,259.028
584.4111: -2.560388,3.214144,1.683689,249.9037
584.6334: -2.551414,3.18829,1.675992,203.6109
584.8556: -2.448114,3.185981,1.656759,150.0103
585.0778: -2.362955,3.159383,1.654177,140.9746
585.3: -2.276101,3.078357,1.646797,147.8657
585.5222: -2.21693,2.95575,1.63746,153.5178
585.7444: -2.1543,2.777269,1.611732,153.2888
585.9667: -2.078323,2.563123,1.659832,153.649
586.1889: -1.985914,2.355741,1.651097,153.136
586.4111: -1.880396,2.142624,1.646425,152.2262
586.6334: -1.806629,1.931445,1.659987,148.2317
586.8556: -1.743664,1.672513,1.627748,133.778
587.0778: -1.67202,1.458707,1.674052,119.4026
587.3: -1.553702,1.300321,1.665878,110.9363
587.5222: -1.411957,1.204996,1.659489,107.5244
587.7444: -1.271525,1.099693,1.676214,117.3328
587.9667: -1.122239,1.010772,1.657132,121.3891
588.1889: -0.943844,0.915153,1.674851,128.8198
588.4111: -0.75049,0.8647254,1.692855,153.6638
588.6334: -0.5366575,0.9017947,1.676045,167.4902
588.8556: -0.3268752,0.9323196,1.707787,177.534
589.0778: -0.1769852,0.9225317,1.680179,191.1144
589.3: -0.02968656,0.8980192,1.685292,195.3631
589.5222: 0.08583231,0.8828416,1.692701,201.9062
589.7444: 0.1168444,0.8052168,1.70848,209.5428
Trial Result: Success object: Wheelbarrow | Time Spent: 6.08593
Trial No.:2 Ends
Trial No.:18 Begins
User confirmed on object: Harp, this maze officially starts.
605.6: 1.734412,-1.296011,1.778279,4.554159
605.8223: 1.711628,-1.328485,1.781652,6.096569
606.0444: 1.703024,-1.349125,1.772651,13.97214
606.2667: 1.702422,-1.346245,1.752898,24.40621
606.4889: 1.721005,-1.319305,1.73927,36.66042
606.7111: 1.779739,-1.290312,1.726607,30.14606
606.9333: 1.726275,-1.256137,1.738305,347.125
607.1556: 1.564466,-1.273182,1.722381,305.0498
607.3778: 1.43031,-1.262882,1.720875,296.6884
607.6: 1.314227,-1.206001,1.713895,294.7227
607.8223: 1.194705,-1.109702,1.691986,293.5404
608.0444: 1.042723,-1.016384,1.722734,293.0595
608.2667: 0.8372386,-0.9980742,1.706854,284.4868
608.4889: 0.6012378,-1.034691,1.700072,278.2513
608.7111: 0.3812913,-1.046179,1.712204,277.9241
608.9333: 0.1492079,-1.034416,1.675166,277.9966
609.1556: -0.1244766,-1.021491,1.717447,277.2583
609.3778: -0.3683584,-1.042745,1.694191,274.3994
609.6: -0.6186385,-1.071678,1.690698,275.722
609.8223: -0.8528267,-1.05708,1.692311,277.8537
610.0444: -1.059444,-1.024896,1.653653,275.9359
610.2667: -1.29653,-1.002304,1.688354,268.3415
610.4889: -1.514048,-0.9874754,1.670804,278.3729
610.7111: -1.738254,-0.9744262,1.658302,308.6183
610.9333: -1.957526,-0.9496639,1.676328,327.5049
611.1556: -2.170383,-0.8933555,1.632763,343.3044
611.3778: -2.357645,-0.8301055,1.67121,0.8369086
611.6: -2.524623,-0.7540206,1.644623,10.98656
611.8223: -2.631722,-0.6475129,1.662452,25.78699
Trial Result: Success object: Telescope | Time Spent: 6.544722
Trial No.:18 Ends
Trial No.:5 Begins
User confirmed on object: Table, this maze officially starts.
625.6445: -2.146686,1.99855,1.71135,88.1231
625.8667: -2.156848,1.976232,1.705644,93.62223
626.0889: -2.159424,1.945289,1.68294,109.2353
626.3111: -2.149266,1.91589,1.652102,127.4093
626.5333: -2.116626,1.836313,1.639875,135.8673
626.7556: -2.07984,1.672043,1.623798,134.015
626.9778: -2.025295,1.483801,1.6407,126.1792
627.2: -1.910794,1.337991,1.650238,122.2048
627.4222: -1.73998,1.24389,1.634097,119.3872
627.6445: -1.553423,1.160536,1.660922,114.0883
627.8667: -1.392706,1.070634,1.639193,112.0108
628.0889: -1.215517,0.9603281,1.664046,110.0811
628.3111: -1.057217,0.9170244,1.680655,107.1711
628.5333: -0.8470957,0.9109155,1.657991,106.456
628.7556: -0.6471745,0.8946028,1.679732,129.2386
628.9778: -0.4435143,0.8961132,1.682189,127.625
629.2: -0.2148489,0.8967878,1.680528,111.912
629.4222: 0.003501508,0.9097027,1.706641,107.4815
629.6445: 0.2567901,0.9658659,1.675326,106.3953
629.8667: 0.47754,1.008938,1.709146,108.2572
630.0889: 0.7096764,1.000586,1.697281,106.0228
Trial Result: Success object: Bookshelf | Time Spent: 4.875914
Trial No.:5 Ends
Trial No.:16 Begins
User confirmed on object: Wheelbarrow, this maze officially starts.
642.1778: 0.1702305,0.05089604,1.720619,269.7279
642.4: 0.2184522,0.07013459,1.717229,273.9935
642.6223: 0.2541045,0.09101733,1.71965,274.0524
642.8445: 0.3256226,0.1135353,1.755486,271.7618
643.0667: 0.3528774,0.1456468,1.748976,274.2945
643.2889: 0.3692147,0.1650208,1.752424,282.2523
643.5111: 0.3492396,0.1387924,1.744329,292.0483
643.7333: 0.3003325,0.1232498,1.732879,308.8095
643.9556: 0.2670301,0.1375072,1.712003,327.1768
644.1778: 0.2642056,0.2181942,1.701283,351.9565
644.4: 0.2566945,0.3731237,1.67769,356.907
644.6223: 0.2474995,0.5552037,1.692026,354.0034
644.8445: 0.2163161,0.7483359,1.70287,351.5637
645.0667: 0.160867,0.9473622,1.67156,352.525
645.2889: 0.1197835,1.163949,1.704375,350.9095
645.5111: 0.1121409,1.383274,1.676285,349.7003
645.7333: 0.1276767,1.617516,1.685631,346.6707
645.9556: 0.1129175,1.862045,1.708715,341.2303
646.1778: 0.06418496,2.107553,1.679027,332.5516
646.4: 0.02640405,2.293743,1.698624,323.6596
646.6223: -0.004370477,2.458833,1.688418,312.2408
646.8445: -0.03442807,2.638656,1.675141,289.4149
647.0667: -0.08462575,2.784004,1.699994,273.2086
647.2889: -0.1630936,2.908126,1.688212,268.5495
647.5111: -0.2909043,3.010399,1.678624,266.5389
647.7333: -0.4226134,3.097747,1.67804,262.8856
647.9556: -0.59501,3.199475,1.666535,260.6837
648.1778: -0.7644163,3.286462,1.664047,258.8377
648.4: -0.9617438,3.322506,1.677641,258.5445
648.6223: -1.128365,3.314368,1.649843,259.2273
648.8445: -1.314823,3.305212,1.672332,260.6109
649.0667: -1.482421,3.287566,1.663193,250.0242
649.2889: -1.609577,3.234705,1.651755,211.9516
649.5111: -1.722381,3.147877,1.65461,194.5192
649.7333: -1.790347,3.001089,1.645386,186.0361
649.9556: -1.831883,2.764309,1.643316,175.7095
650.1778: -1.8928,2.550017,1.636502,180.386
650.4: -1.988623,2.338573,1.636956,187.947
650.6223: -2.026754,2.159861,1.659164,191.106
650.8445: -2.039536,1.943629,1.628485,196.407
651.0667: -2.063669,1.720012,1.640321,199.7841
651.2889: -2.149004,1.523809,1.636276,201.7543
651.5111: -2.291779,1.321866,1.621635,200.6345
651.7333: -2.403657,1.127001,1.652628,199.6231
651.9556: -2.501381,0.879541,1.623854,190.8989
652.1778: -2.584805,0.6331232,1.642078,188.1935
652.4: -2.664998,0.4022279,1.640815,187.5476
652.6223: -2.744197,0.1632783,1.620821,185.4623
652.8445: -2.785339,-0.0544863,1.655462,185.2122
653.0667: -2.795267,-0.3200035,1.62814,187.5103
653.2889: -2.785543,-0.5808555,1.64822,189.0557
653.5111: -2.806449,-0.8223873,1.649191,193.2131
653.7333: -2.847408,-1.08464,1.621244,197.9193
653.9556: -2.879206,-1.376751,1.66371,203.2748
Trial Result: Success object: Plant | Time Spent: 12.09952
Trial No.:16 Ends
Trial No.:1 Begins
User confirmed on object: Stove, this maze officially starts.
668.3667: -2.328587,2.99708,1.697515,266.6089
668.5889: -2.325498,3.03529,1.69418,269.591
668.8112: -2.317881,3.091673,1.692804,277.6848
669.0333: -2.311266,3.128412,1.688596,293.2351
669.2556: -2.315142,3.138121,1.690833,286.1868
669.4778: -2.315184,3.06981,1.677154,228.2484
669.7: -2.219331,2.997732,1.656938,178.6745
669.9222: -2.129399,2.916602,1.650317,161.3441
670.1445: -2.06976,2.816948,1.653303,156.5489
670.3667: -2.034808,2.661252,1.646326,158.2303
670.5889: -2.041157,2.484044,1.619358,160.4024
670.8112: -2.028566,2.306886,1.657357,160.1623
671.0333: -1.981347,2.160903,1.65729,157.0845
671.2556: -1.895086,1.983392,1.649352,153.3644
671.4778: -1.833234,1.818654,1.662474,149.5373
671.7: -1.77895,1.629069,1.641698,140.4328
671.9222: -1.718435,1.435627,1.651936,128.3532
672.1445: -1.61664,1.294349,1.673512,116.2753
672.3667: -1.448817,1.168885,1.653556,111.9444
672.5889: -1.289396,1.086821,1.669742,107.4992
672.8112: -1.14472,1.016523,1.673033,106.1954
673.0333: -1.015265,0.9363939,1.659284,107.6823
673.2556: -0.8700184,0.8602592,1.687192,114.8085
673.4778: -0.7060179,0.8259486,1.690768,127.1254
673.7: -0.5200976,0.8332138,1.681075,143.4389
673.9222: -0.339793,0.8431836,1.702461,149.4941
674.1445: -0.1425082,0.8520933,1.687504,133.0585
674.3667: 0.09694579,0.8478714,1.691105,113.6432
674.5889: 0.314811,0.8586792,1.712699,108.8629
674.8112: 0.5413834,0.902439,1.680627,106.2187
675.0333: 0.7516601,0.9385852,1.708326,102.8278
675.2556: 0.9359371,0.9435245,1.693636,101.9801
675.4778: 1.169916,0.921694,1.691265,98.99686
675.7: 1.380006,0.9103599,1.722985,96.1244
675.9222: 1.593803,0.8933712,1.703725,107.1753
676.1445: 1.813194,0.8704759,1.716472,136.3604
676.3667: 2.058922,0.8268509,1.723886,153.7991
676.5889: 2.250263,0.7603209,1.709432,160.5556
676.8112: 2.408561,0.6786662,1.741562,173.3921
677.0333: 2.533657,0.5845866,1.72317,186.9295
677.2556: 2.586204,0.4672574,1.739136,193.1135
677.4778: 2.580954,0.2667913,1.706402,196.6398
677.7: 2.537781,0.0455346,1.743819,196.6123
677.9222: 2.5043,-0.1689148,1.738309,195.4992
678.1445: 2.463951,-0.3984267,1.710631,207.3977
678.3667: 2.386892,-0.6144728,1.72838,214.1142
678.5889: 2.280989,-0.8493834,1.696749,192.2481
678.8112: 2.146997,-1.029268,1.716852,181.982
679.0333: 2.08075,-1.189806,1.735322,174.9164
679.2556: 2.067854,-1.349915,1.717677,164.1336
Trial Result: Success object: Well | Time Spent: 11.18777
Trial No.:1 Ends
Trial No.:23 Begins
User confirmed on object: Chair, this maze officially starts.
694.4333: 0.7380025,-3.267884,1.765191,8.355489
694.6556: 0.7830498,-3.293533,1.763158,10.66256
694.8778: 0.8569597,-3.35941,1.772085,18.66574
695.1: 0.9037644,-3.387417,1.761527,26.83055
695.3223: 0.8961132,-3.325058,1.753013,7.596942
695.5444: 0.839411,-3.267314,1.745384,343.1978
695.7667: 0.7366167,-3.22978,1.730836,318.8155
695.9889: 0.6995261,-3.206982,1.721915,307.4543
696.2111: 0.713855,-3.188234,1.71317,300.8758
696.4333: 0.6648506,-3.183226,1.715709,293.9784
696.6556: 0.5123873,-3.209865,1.689674,289.5815
696.8778: 0.2772831,-3.228034,1.723987,284.0329
697.1: 0.08437099,-3.197367,1.6914,286.3486
697.3223: -0.1288057,-3.135891,1.689443,284.9124
697.5444: -0.3100385,-3.11053,1.709936,285.5641
697.7667: -0.5248823,-3.108119,1.691122,288.3449
697.9889: -0.733745,-3.125567,1.691949,295.4523
698.2111: -0.9232329,-3.116566,1.692521,296.4001
698.4333: -1.107734,-3.074277,1.668179,296.8604
698.6556: -1.262697,-3.054353,1.689368,300.1321
698.8778: -1.455166,-3.058259,1.677633,304.1939
699.1: -1.657254,-3.071868,1.685037,308.8713
699.3223: -1.827029,-3.045169,1.683457,311.7844
699.5444: -1.963961,-2.975028,1.654089,317.0479
699.7667: -2.112765,-2.872236,1.663015,328.6476
699.9889: -2.251147,-2.780651,1.676466,346.1486
700.2111: -2.402277,-2.69478,1.655089,359.8104
700.4333: -2.5408,-2.606136,1.669076,7.800116
700.6556: -2.623088,-2.499652,1.668745,10.82436
700.8778: -2.652899,-2.345093,1.642564,12.93841
701.1: -2.649185,-2.164446,1.654803,14.23605
701.3223: -2.660001,-1.981575,1.668323,14.93756
701.5444: -2.688443,-1.796025,1.643422,14.58838
701.7667: -2.729738,-1.57327,1.655929,16.24993
701.9889: -2.741652,-1.327286,1.652493,17.10362
702.2111: -2.723292,-1.02873,1.621834,14.94946
702.4333: -2.715116,-0.7215655,1.660598,13.96109
702.6556: -2.74398,-0.4160462,1.622348,16.10638
702.8778: -2.762365,-0.06958607,1.65766,20.52445
703.1: -2.722329,0.2105552,1.624769,31.94902
703.3223: -2.664131,0.4977419,1.642605,40.39116
703.5444: -2.603167,0.7572469,1.641447,42.37293
703.7667: -2.521188,0.9950634,1.629818,45.92285
703.9889: -2.37407,1.197739,1.62912,45.07658
704.2111: -2.163977,1.391363,1.60962,38.83371
704.4333: -1.991913,1.596591,1.644055,32.27985
704.6556: -1.897554,1.814473,1.620994,30.09986
704.8778: -1.818046,2.052693,1.647627,41.77506
705.1: -1.753168,2.242106,1.648466,54.54574
705.3223: -1.6742,2.446668,1.639169,65.28191
705.5444: -1.592667,2.638885,1.65941,74.97803
705.7667: -1.495013,2.799093,1.62951,86.72978
705.9889: -1.349922,2.936494,1.660466,96.05131
706.2111: -1.161439,3.009198,1.638944,104.2115
706.4333: -0.9257146,3.055021,1.658523,106.2228
706.6556: -0.6928999,3.106992,1.684979,104.196
706.8778: -0.4312727,3.159491,1.653225,104.4251
707.1: -0.1473002,3.201893,1.696652,106.0863
707.3223: 0.1117849,3.180192,1.672307,106.1257
707.5444: 0.3792456,3.1218,1.681263,110.3804
707.7667: 0.5882341,3.098277,1.708171,112.9131
707.9889: 0.835037,3.072756,1.675216,115.2258
Trial Result: Success object: Piano | Time Spent: 13.91582
Trial No.:23 Ends
Trial No.:13 Begins
User confirmed on object: Telescope, this maze officially starts.
725.4222: -2.944195,-0.04153976,1.707157,93.2727
725.6445: -2.964765,-0.04360691,1.706984,104.7831
725.8667: -2.985179,-0.05398917,1.695579,122.9678
726.0889: -2.958013,-0.02788016,1.691747,113.1635
726.3112: -2.912973,-0.0142919,1.676137,108.9931
726.5333: -2.875829,-0.05436169,1.66068,126.6615
726.7556: -2.852699,-0.1687302,1.653296,129.0208
726.9778: -2.850855,-0.3648406,1.622107,124.7694
727.2: -2.819092,-0.5497449,1.644213,123.4162
727.4222: -2.683777,-0.714258,1.615777,116.0475
727.6445: -2.517567,-0.8101034,1.644737,116.7813
727.8667: -2.35512,-0.9038312,1.661952,112.4117
728.0889: -2.186712,-0.9894396,1.634973,107.2217
728.3112: -1.997417,-1.081151,1.674701,101.169
728.5333: -1.800333,-1.133629,1.67651,97.74796
728.7556: -1.580013,-1.157724,1.664579,99.46218
728.9778: -1.370727,-1.165401,1.690342,97.19024
729.2: -1.145602,-1.172002,1.66883,92.79421
729.4222: -0.8784726,-1.190773,1.691107,91.36335
729.6445: -0.6392502,-1.18298,1.70266,90.6666
729.8667: -0.3930471,-1.144379,1.685562,88.4682
730.0889: -0.1705367,-1.125229,1.709158,86.65126
730.3112: 0.03349991,-1.135558,1.687138,95.36145
730.5333: 0.2693138,-1.158683,1.699125,102.1995
730.7556: 0.4965978,-1.150535,1.727373,105.3817
730.9778: 0.7306396,-1.118501,1.69367,111.0229
731.2: 0.9662569,-1.100414,1.725033,115.8849
731.4222: 1.22421,-1.16136,1.702924,117.5434
731.6445: 1.445195,-1.268957,1.713467,119.1463
731.8667: 1.674262,-1.367862,1.729729,117.8699
Trial Result: Success object: Well | Time Spent: 6.777464
Trial No.:13 Ends
Trial No.:7 Begins
User confirmed on object: Plant, this maze officially starts.
741.6111: -2.433637,-1.945992,1.725601,272.2325
741.8334: -2.425012,-1.934387,1.71853,281.0084
742.0556: -2.456286,-1.926625,1.716506,278.7504
742.2778: -2.496902,-1.920722,1.707189,259.5355
742.5: -2.482299,-1.98558,1.691192,218.1879
742.7222: -2.393561,-2.029556,1.673911,164.1815
742.9445: -2.360713,-1.980256,1.668293,116.7918
743.1667: -2.396726,-1.899726,1.657793,67.72971
743.3889: -2.446657,-1.809338,1.660407,40.35097
743.6111: -2.508657,-1.681123,1.660669,29.39215
743.8334: -2.547129,-1.50269,1.6634,18.26568
744.0556: -2.530538,-1.35143,1.655327,8.555284
744.2778: -2.468221,-1.195297,1.640536,1.44991
744.5: -2.432801,-1.049804,1.669548,359.4804
744.7222: -2.43288,-0.8831855,1.654311,357.7203
744.9445: -2.472696,-0.6808902,1.64252,358.971
745.1667: -2.493259,-0.4822936,1.66715,5.295845
745.3889: -2.491519,-0.2702749,1.636894,8.389438
745.6111: -2.461736,-0.0431234,1.643658,9.972401
745.8334: -2.43665,0.1966079,1.665037,25.89079
746.0556: -2.42331,0.4160809,1.633334,44.51558
746.2778: -2.384459,0.6274244,1.665043,59.18251
746.5: -2.300811,0.7548286,1.650132,71.17017
746.7222: -2.157437,0.8654059,1.64614,77.37052
746.9445: -1.998028,0.9602423,1.669346,85.64771
747.1667: -1.808006,1.046248,1.643222,91.99707
747.3889: -1.598313,1.119344,1.673566,95.69138
747.6111: -1.359085,1.133054,1.65906,95.84407
747.8334: -1.053978,1.096912,1.665371,97.12105
748.0556: -0.7803431,1.077004,1.697609,94.685
748.2778: -0.5022137,1.070292,1.658637,95.95124
748.5: -0.2696765,1.06846,1.69016,95.74848
748.7222: -0.04638132,1.047187,1.690808,97.71411
748.9445: 0.2168445,1.015405,1.678332,102.0456
749.1667: 0.4862318,1.014982,1.720858,99.72648
749.3889: 0.7528529,1.049303,1.687648,95.1391
749.6111: 0.9984406,1.085263,1.714608,93.62939
749.8334: 1.270084,1.096775,1.709692,92.43437
750.0556: 1.54688,1.084498,1.707867,92.37808
750.2778: 1.803442,1.084099,1.746214,90.18048
750.5: 2.069067,1.09844,1.709699,88.25152
750.7222: 2.302629,1.102947,1.7224,86.61678
Trial Result: Success object: Trashcan | Time Spent: 9.350807
Trial No.:7 Ends
