Participant ID: 403
Maze Mode: testing
Trial No.:19 Begins
User confirmed on object: Well, this maze officially starts.
101.8556: 1.815512,-2.019924,1.607735,86.15175
102.0778: 1.795624,-2.009305,1.611138,86.08992
102.3: 1.759646,-1.998846,1.608947,88.91866
102.5222: 1.721823,-1.998124,1.608542,99.10863
102.7444: 1.687714,-1.999984,1.609335,107.6985
102.9667: 1.659964,-2.003821,1.606195,107.6001
103.1889: 1.652021,-2.008985,1.589601,87.86416
103.4111: 1.644799,-2.033967,1.581849,77.27977
103.6333: 1.648457,-2.047368,1.577157,74.55674
103.8556: 1.66221,-2.049165,1.577485,82.67192
104.0778: 1.680526,-2.003977,1.57832,78.97076
104.3: 1.69351,-1.940903,1.575807,59.25725
104.5222: 1.697278,-1.889878,1.570696,29.42958
104.7444: 1.684505,-1.877445,1.562268,355.5366
104.9667: 1.676207,-1.88486,1.557978,327.8003
105.1889: 1.661011,-1.871923,1.564378,321.7259
105.4111: 1.625577,-1.849746,1.564814,323.2299
105.6333: 1.618013,-1.799556,1.566654,330.3232
105.8556: 1.648685,-1.730442,1.5661,332.8746
106.0778: 1.712365,-1.650513,1.576163,319.148
106.3: 1.754793,-1.583909,1.572734,308.2613
106.5222: 1.763564,-1.517115,1.571586,298.8242
106.7444: 1.728565,-1.446092,1.557764,286.933
106.9667: 1.667466,-1.350175,1.563499,282.8179
107.1889: 1.59562,-1.235806,1.570874,283.7054
107.4111: 1.491767,-1.111969,1.564237,283.4781
107.6333: 1.355566,-0.9901227,1.573192,286.3452
107.8556: 1.186706,-0.9348495,1.569357,284.2868
108.0778: 0.9857715,-0.9436034,1.56154,283.9483
108.3: 0.8006801,-0.940735,1.577389,282.5982
108.5222: 0.618577,-0.9320744,1.565427,282.3342
108.7444: 0.4731649,-0.9136177,1.571531,279.2095
108.9667: 0.2933866,-0.9247961,1.579626,273.5675
109.1889: 0.1202624,-0.9532557,1.5615,271.7434
109.4111: -0.04906636,-1.007128,1.572803,270.4044
109.6333: -0.215591,-1.019984,1.578734,275.6275
109.8556: -0.3892434,-1.009434,1.559557,278.7903
110.0778: -0.6002521,-0.9673436,1.572954,278.8534
110.3: -0.7906053,-0.9527082,1.584553,279.3895
110.5222: -0.9430561,-0.9305243,1.547891,294.0511
110.7444: -0.9482358,-0.8811311,1.568815,333.5561
110.9667: -0.8427511,-0.8694969,1.564085,7.859624
111.1889: -0.6758416,-0.8612829,1.552218,19.89149
111.4111: -0.464982,-0.841004,1.541347,20.98224
111.6333: -0.2899933,-0.7883379,1.56009,18.746
111.8556: -0.1726859,-0.6863563,1.538594,8.824767
112.0778: -0.08746022,-0.5439078,1.572902,357.3847
112.3: -0.009650744,-0.3807328,1.572629,2.446998
112.5222: 0.05105826,-0.2170567,1.579099,359.0263
112.7444: 0.05325101,-0.03912226,1.576489,358.7982
112.9667: 0.01434706,0.130894,1.557798,1.4002
113.1889: -0.02313427,0.3078219,1.579705,3.244803
113.4111: -0.0445226,0.4699572,1.579158,5.228353
113.6333: -0.04439579,0.6305302,1.572746,6.849988
113.8556: -0.05866954,0.7810805,1.577986,6.822526
114.0778: -0.1549791,0.8877176,1.576129,337.3904
114.3: -0.2954229,0.9201093,1.576493,310.9626
114.5222: -0.4030938,0.9467466,1.570426,297.451
114.7444: -0.5199163,0.9958302,1.561695,295.4109
114.9667: -0.6262603,1.049597,1.571859,291.5644
115.1889: -0.7820323,1.0909,1.573825,288.3398
115.4111: -0.9543564,1.096423,1.55688,287.8245
115.6333: -1.130236,1.113763,1.56132,309.2874
115.8556: -1.278827,1.170167,1.561873,333.5907
116.0778: -1.399572,1.235026,1.54488,348.3361
116.3: -1.544648,1.309803,1.564492,2.773563
116.5222: -1.668011,1.368135,1.55648,13.34037
116.7444: -1.752736,1.447273,1.551516,27.78588
116.9667: -1.780061,1.543376,1.540749,38.69275
117.1889: -1.764716,1.627609,1.541707,46.27867
117.4111: -1.744762,1.705376,1.546692,56.91922
Trial Result: Success object: Table | Time Spent: 15.98202
Trial No.:19 Ends
Trial No.:11 Begins
User confirmed on object: Trashcan, this maze officially starts.
152.1556: 2.701169,1.03738,1.634856,93.53808
152.3778: 2.690902,1.049012,1.634085,93.86536
152.6: 2.666075,1.053713,1.632251,99.02006
152.8222: 2.633025,1.050427,1.629278,92.62051
153.0444: 2.572115,1.007034,1.620915,80.4299
153.2667: 2.519374,0.9457716,1.624778,83.43398
153.4889: 2.498968,0.9327483,1.61599,84.62399
153.7111: 2.498086,0.9721946,1.602803,65.94791
153.9333: 2.445086,1.037693,1.56824,6.621006
154.1556: 2.413987,1.020509,1.568832,316.4034
154.3778: 2.411176,0.9815816,1.571415,285.0663
154.6: 2.373096,0.9524792,1.570896,269.6546
154.8222: 2.261198,0.937235,1.566829,262.0386
155.0444: 2.11673,0.9240711,1.578044,262.4841
155.2667: 1.975052,0.9488964,1.583745,267.0279
155.4889: 1.827809,1.002728,1.575648,267.2758
155.7111: 1.680423,1.052976,1.592176,264.2534
155.9333: 1.518228,1.075667,1.590675,261.3187
156.1556: 1.33151,1.065954,1.56886,269.3793
156.3778: 1.151545,1.058775,1.583259,277.6489
156.6: 0.9711879,1.052494,1.57742,276.9545
156.8222: 0.7836867,1.059171,1.57498,269.5453
157.0444: 0.5768569,1.052983,1.587339,258.5696
157.2667: 0.3938722,1.045182,1.563906,260.2829
157.4889: 0.1966949,1.017259,1.579041,270.0702
157.7111: 0.01543848,1.013819,1.582855,274.5793
157.9333: -0.190054,1.017285,1.561464,274.5256
158.1556: -0.4164727,1.042004,1.573122,272.2433
158.3778: -0.6400163,1.039873,1.58105,269.1925
158.6: -0.8597045,1.018159,1.557681,268.1324
158.8222: -1.073312,1.012908,1.579534,263.3409
159.0444: -1.307985,1.048373,1.565791,260.1428
159.2667: -1.511076,1.089877,1.574351,243.5183
159.4889: -1.689357,1.102935,1.583094,228.4333
159.7111: -1.868302,1.097759,1.561497,221.9684
159.9333: -2.027606,1.074031,1.571672,215.3083
160.1556: -2.200786,1.038826,1.573191,204.2925
160.3778: -2.370044,0.9926016,1.559651,189.6572
160.6: -2.532576,0.9218858,1.569059,174.3644
160.8222: -2.63808,0.8253144,1.568247,165.0382
161.0444: -2.697916,0.6788092,1.555035,160.6218
161.2667: -2.712923,0.5595224,1.566282,149.1682
161.4889: -2.705429,0.4125139,1.552819,133.1547
161.7111: -2.688267,0.2685571,1.555501,118.77
161.9333: -2.645607,0.1820068,1.561073,103.5541
162.1556: -2.605162,0.1325752,1.553458,99.06075
Trial Result: Success object: Telescope | Time Spent: 10.35025
Trial No.:11 Ends
Trial No.:12 Begins
User confirmed on object: Trashcan, this maze officially starts.
181.2667: 2.776176,1.022409,1.605246,85.69955
181.4889: 2.749206,0.9961841,1.617773,86.56528
181.7111: 2.727801,0.9799848,1.635007,87.3205
181.9333: 2.700336,0.9727045,1.637546,86.28979
182.1556: 2.695501,0.9570158,1.635501,93.7067
182.3778: 2.68841,0.9274113,1.633532,110.6064
182.6: 2.701085,0.9280851,1.631578,105.1413
182.8222: 2.709414,1.025929,1.614822,52.81417
183.0444: 2.643371,1.124254,1.585148,6.000798
183.2667: 2.585439,1.204405,1.575821,339.8145
183.4889: 2.555934,1.30263,1.575175,319.7118
183.7111: 2.536021,1.323518,1.580229,281.9635
183.9333: 2.522613,1.31863,1.582366,262.2531
184.1556: 2.464858,1.297252,1.578102,258.3833
184.3778: 2.355062,1.234422,1.572773,257.5532
184.6: 2.211862,1.169355,1.585807,261.7812
184.8222: 2.038237,1.139805,1.577226,267.1043
185.0444: 1.838836,1.145587,1.57853,266.7771
185.2667: 1.627184,1.140793,1.596937,267.074
185.4889: 1.367482,1.112414,1.567402,276.0339
185.7111: 1.125242,1.084193,1.582671,286.4714
185.9333: 0.9019436,1.087439,1.576033,285.1172
186.1556: 0.6996667,1.119178,1.571466,282.3107
186.3778: 0.5100027,1.127508,1.590961,275.2485
186.6: 0.3023188,1.114474,1.572986,273.124
186.8222: 0.08094893,1.07616,1.575356,279.2494
187.0444: -0.1359322,1.045118,1.588518,278.832
187.2667: -0.3515083,1.032674,1.563664,278.5783
187.4889: -0.5967733,1.029955,1.578945,280.8803
187.7111: -0.775097,1.010766,1.584541,282.3805
187.9333: -0.9666175,0.9847263,1.563048,293.5833
188.1556: -1.146578,0.9960729,1.580285,309.6298
188.3778: -1.28301,1.045243,1.565954,326.8987
188.6: -1.407834,1.131009,1.55568,348.1253
188.8222: -1.530556,1.216118,1.566652,2.217094
189.0444: -1.639762,1.310941,1.551842,14.12224
189.2667: -1.732033,1.42462,1.55059,26.75345
189.4889: -1.760289,1.55164,1.552982,39.2834
189.7111: -1.72966,1.679969,1.541831,49.32877
189.9333: -1.697581,1.773616,1.544924,59.77347
Trial Result: Success object: Table | Time Spent: 8.96818
Trial No.:12 Ends
Trial No.:7 Begins
User confirmed on object: Plant, this maze officially starts.
204.7556: -2.704752,-2.137784,1.615496,288.76
204.9778: -2.706158,-2.143991,1.618823,288.8265
205.2: -2.71077,-2.150274,1.60905,300.6146
205.4222: -2.716065,-2.132097,1.582193,337.1802
205.6445: -2.669819,-2.128916,1.5672,17.44753
205.8667: -2.558847,-2.18537,1.561377,53.21892
206.0889: -2.440859,-2.249891,1.554777,72.99658
206.3111: -2.392581,-2.301224,1.569055,73.85936
206.5333: -2.413762,-2.264721,1.567473,53.12203
206.7556: -2.473849,-2.138648,1.560312,34.89081
206.9778: -2.560174,-1.937291,1.552573,32.22813
207.2: -2.604293,-1.728811,1.5631,42.30801
207.4222: -2.564592,-1.550344,1.55353,59.05832
207.6445: -2.446494,-1.393315,1.547671,73.5614
207.8667: -2.316086,-1.247836,1.577237,86.41851
208.0889: -2.161886,-1.124878,1.565214,88.99918
208.3111: -1.972263,-1.024802,1.576845,88.0005
208.5333: -1.761506,-0.9893175,1.570965,88.18703
208.7556: -1.574218,-0.9966781,1.567199,88.91871
208.9778: -1.367326,-0.9886335,1.585228,87.98354
209.2: -1.183473,-0.9663396,1.569577,86.60044
209.4222: -1.00591,-0.9375415,1.578693,79.15427
209.6445: -0.8278573,-0.9200387,1.570003,63.35279
209.8667: -0.6522357,-0.922399,1.55892,49.81584
210.0889: -0.4001944,-0.9139774,1.568784,54.24764
210.3111: -0.1899856,-0.8797656,1.556652,71.17803
210.5333: 0.01340975,-0.8603121,1.579998,81.82277
210.7556: 0.2045418,-0.8605556,1.55957,85.64626
210.9778: 0.4394428,-0.8921076,1.57363,86.69391
211.2: 0.6764888,-0.8977512,1.575654,84.41418
211.4222: 0.9282087,-0.886686,1.552498,83.7375
211.6445: 1.195065,-0.8906577,1.58184,88.36796
211.8667: 1.458106,-0.9111696,1.558473,83.8376
212.0889: 1.76144,-0.9556414,1.571153,70.74136
212.3111: 2.012914,-0.9348211,1.588331,56.67791
212.5333: 2.228288,-0.860473,1.548192,46.7666
212.7556: 2.399392,-0.7758931,1.577549,36.28221
212.9778: 2.562866,-0.6397553,1.567802,30.47189
213.2: 2.709403,-0.4587756,1.575346,24.73813
213.4222: 2.782057,-0.2504254,1.579399,16.55399
213.6445: 2.801662,-0.03815787,1.563905,19.3375
213.8667: 2.831449,0.1732526,1.5782,21.3468
214.0889: 2.891984,0.4046351,1.55709,25.41384
214.3111: 2.943855,0.5740407,1.565463,30.3078
214.5333: 2.97142,0.7241668,1.570287,40.60426
Trial Result: Success object: Trashcan | Time Spent: 10.20567
Trial No.:7 Ends
Trial No.:21 Begins
User confirmed on object: Mailbox, this maze officially starts.
233.2444: -1.819134,-3.083224,1.608302,5.607004
233.4667: -1.834145,-3.096896,1.611001,6.411859
233.6889: -1.833755,-3.093313,1.597623,17.14213
233.9111: -1.813097,-3.079679,1.579169,30.56391
234.1333: -1.742942,-3.082101,1.571399,48.71007
234.3556: -1.620153,-3.104404,1.549728,58.16815
234.5778: -1.446318,-3.088066,1.555374,45.04453
234.8: -1.298984,-3.001295,1.542677,32.33052
235.0222: -1.148775,-2.855302,1.52464,26.76028
235.2444: -1.032674,-2.720566,1.555861,24.99199
235.4667: -0.9235309,-2.53765,1.551049,23.22601
235.6889: -0.8364905,-2.317123,1.552752,20.2415
235.9111: -0.79686,-2.082729,1.569385,20.05245
236.1333: -0.7913122,-1.837381,1.534773,26.82428
236.3556: -0.7759025,-1.591549,1.569496,42.82165
236.5778: -0.6842305,-1.354857,1.565297,62.60739
236.8: -0.5633988,-1.221362,1.553305,68.5112
237.0222: -0.3988036,-1.094697,1.584166,76.80347
237.2444: -0.2186663,-1.001962,1.555377,80.91369
237.4667: 0.003744666,-0.9220793,1.577814,86.62443
237.6889: 0.24426,-0.9056007,1.567081,89.62241
237.9111: 0.4978657,-0.9264908,1.567203,85.49273
238.1333: 0.7590839,-0.9359008,1.590257,78.90785
238.3556: 1.025063,-0.9333701,1.557215,77.05668
238.5778: 1.346782,-0.929704,1.588915,77.79082
238.8: 1.597485,-0.9326859,1.561171,72.04039
239.0222: 1.872506,-0.9449834,1.561615,61.40376
239.2444: 2.083821,-0.8989519,1.585151,49.07372
239.4667: 2.304985,-0.8129324,1.551483,48.24383
239.6889: 2.486085,-0.6935674,1.580293,48.97224
239.9111: 2.615696,-0.5333461,1.573758,36.61036
240.1333: 2.72731,-0.3453757,1.571056,26.94599
240.3556: 2.78718,-0.132832,1.587056,16.45811
240.5778: 2.808055,0.1248121,1.560499,18.60314
240.8: 2.83281,0.3449466,1.583091,24.01361
241.0222: 2.875297,0.5316446,1.561211,29.1572
241.2444: 2.918416,0.6666551,1.557254,33.84565
241.4667: 2.948776,0.8015404,1.564053,46.02023
241.6889: 2.95988,0.90316,1.558496,64.12043
Trial Result: Success object: Trashcan | Time Spent: 8.805861
Trial No.:21 Ends
Trial No.:17 Begins
User confirmed on object: Harp, this maze officially starts.
262.2667: 1.673267,-1.126114,1.622587,0.9643432
262.4889: 1.661609,-1.143127,1.624182,2.59077
262.7111: 1.69746,-1.171732,1.620209,18.6516
262.9333: 1.773265,-1.200898,1.613065,32.22816
263.1555: 1.824805,-1.204818,1.615511,29.07259
263.3778: 1.756826,-1.156127,1.601784,349.1855
263.6: 1.588745,-1.16094,1.547548,309.8063
263.8222: 1.419168,-1.142037,1.543133,301.3927
264.0445: 1.217873,-1.077158,1.554443,297.7528
264.2667: 1.017195,-0.9723712,1.539707,298.3367
264.4889: 0.8211774,-0.8663286,1.568289,298.7601
264.7111: 0.6107421,-0.795737,1.561688,300.8163
264.9333: 0.3839873,-0.7286598,1.532879,315.3425
265.1555: 0.1654714,-0.5822317,1.578016,336.1234
265.3778: 0.08208936,-0.3895337,1.548838,343.9659
265.6: 0.06020176,-0.1570039,1.565242,346.952
265.8222: 0.03016231,0.04483366,1.576998,348.4905
266.0445: -0.02420787,0.2774681,1.548281,344.8718
266.2667: -0.04463866,0.5206178,1.579565,350.782
266.4889: -0.02429662,0.775962,1.554647,358.3242
266.7111: 0.0006439434,1.040406,1.577539,354.5737
266.9333: -0.008727934,1.294785,1.577233,346.0183
267.1555: -0.04172653,1.611594,1.561599,346.8784
267.3778: -0.0498297,1.857263,1.579631,343.1374
267.6: -0.05105045,2.122323,1.539836,334.677
267.8222: -0.06054392,2.351299,1.568072,319.339
268.0445: -0.1332021,2.580451,1.582782,300.3156
268.2667: -0.2392241,2.757435,1.553146,291.0441
268.4889: -0.3735483,2.894178,1.580123,281.3617
268.7111: -0.5488396,3.013417,1.563741,274.9487
268.9333: -0.746701,3.119288,1.567969,270.3646
269.1555: -0.9823173,3.165558,1.578055,264.4482
269.3778: -1.213416,3.15529,1.563369,265.1955
269.6: -1.441022,3.161002,1.578949,266.7446
269.8222: -1.646258,3.170144,1.556531,266.4725
270.0445: -1.872822,3.172802,1.569796,260.8997
270.2667: -2.084965,3.149496,1.564913,257.053
270.4889: -2.281193,3.108333,1.549756,260.9713
270.7111: -2.445751,3.105034,1.575148,264.7452
270.9333: -2.577476,3.124508,1.55057,264.1912
271.1555: -2.707288,3.14134,1.558879,261.8356
271.3778: -2.756713,3.142218,1.556252,259.9211
Trial Result: Success object: Stove | Time Spent: 9.436003
Trial No.:17 Ends
Trial No.:9 Begins
User confirmed on object: Bookshelf, this maze officially starts.
298.0111: 1.820868,1.050475,1.628317,191.8177
298.2333: 1.827649,1.071662,1.627234,194.6011
298.4556: 1.813446,1.103549,1.624485,218.0966
298.6778: 1.820695,1.125841,1.623892,231.3781
298.9: 1.788372,1.130953,1.605385,246.7399
299.1222: 1.701968,1.155158,1.57032,272.7933
299.3445: 1.595017,1.19092,1.558192,283.5541
299.5667: 1.451322,1.180777,1.564239,277.425
299.7889: 1.243153,1.12538,1.545982,276.2919
300.0111: 1.039217,1.095806,1.570858,282.1256
300.2333: 0.8336763,1.113385,1.551249,288.1519
300.4556: 0.6613089,1.140763,1.558381,284.449
300.6778: 0.4448627,1.145336,1.57293,274.4357
300.9: 0.2031616,1.133012,1.549841,271.0544
301.1222: -0.05672982,1.094559,1.570934,274.527
301.3445: -0.3072425,1.091143,1.568402,279.3103
301.5667: -0.5710288,1.112873,1.546707,283.8311
301.7889: -0.8542439,1.130938,1.567856,291.6855
302.0111: -1.094954,1.153043,1.535399,300.7395
302.2333: -1.344709,1.19911,1.562873,314.2458
302.4556: -1.528768,1.305659,1.56221,322.8605
302.6778: -1.679129,1.487877,1.540115,325.3062
302.9: -1.802157,1.71257,1.570224,324.6473
303.1222: -1.905314,1.942849,1.54805,323.2422
303.3445: -1.994125,2.168528,1.554007,324.5446
303.5667: -2.061121,2.367612,1.574875,320.1595
303.7889: -2.154841,2.56613,1.551679,307.0638
304.0111: -2.274867,2.710595,1.577356,294.0156
304.2333: -2.423855,2.805114,1.551169,285.9337
304.4556: -2.558314,2.849733,1.542068,283.7311
304.6778: -2.697282,2.914263,1.560732,279.2074
304.9: -2.805413,2.978863,1.548487,272.8171
305.1222: -2.891841,3.028956,1.553867,267.3011
Trial Result: Success object: Stove | Time Spent: 7.37912
Trial No.:9 Ends
Trial No.:6 Begins
User confirmed on object: Table, this maze officially starts.
326.6333: -1.892464,2.106817,1.613425,108.6372
326.8556: -1.900277,2.106975,1.615565,112.9436
327.0778: -1.916679,2.08939,1.61467,129.767
327.3: -1.919671,2.077494,1.605829,143.7409
327.5222: -1.904953,2.040834,1.583034,154.7641
327.7444: -1.920769,1.949524,1.557612,176.4419
327.9667: -1.96699,1.8155,1.545566,190.2298
328.1889: -2.019902,1.627977,1.555803,194.9071
328.4111: -2.052081,1.439774,1.535301,195.6878
328.6333: -2.098056,1.281887,1.552183,200.5167
328.8556: -2.203903,1.108028,1.544701,198.5252
329.0778: -2.366152,0.9107444,1.526677,187.8315
329.3: -2.507074,0.692596,1.565306,178.8767
329.5222: -2.576335,0.4642968,1.536376,175.1129
329.7444: -2.590895,0.2436916,1.553399,168.6295
329.9667: -2.629144,0.006200667,1.561182,164.6782
330.1889: -2.639094,-0.2823662,1.549358,140.8196
330.4111: -2.584821,-0.489095,1.563777,122.4726
330.6333: -2.456179,-0.6742313,1.535232,123.1189
330.8556: -2.274391,-0.8156962,1.557796,117.9991
331.0778: -2.091421,-0.9191344,1.546587,116.5305
331.3: -1.874452,-1.020592,1.55213,119.4767
331.5222: -1.643039,-1.088275,1.570132,119.9868
331.7444: -1.407831,-1.142184,1.538355,125.0312
331.9667: -1.183911,-1.225201,1.556464,136.5174
332.1889: -1.009922,-1.411403,1.556211,149.028
332.4111: -0.9436933,-1.626753,1.563714,155.5143
332.6333: -0.8926033,-1.848461,1.577889,160.542
332.8556: -0.8378461,-2.07441,1.544255,159.7565
333.0778: -0.8141648,-2.254157,1.565695,153.9307
333.3: -0.7795553,-2.467026,1.547476,130.8754
333.5222: -0.7348202,-2.65065,1.564077,94.57038
333.7444: -0.6607806,-2.762963,1.577372,74.1976
333.9667: -0.5492756,-2.833459,1.55903,71.03992
334.1889: -0.3932593,-2.886821,1.563187,74.9497
334.4111: -0.154254,-2.93541,1.546316,65.78403
334.6333: 0.06331795,-2.974945,1.557286,58.73518
334.8556: 0.2637101,-2.959589,1.56246,49.36273
335.0778: 0.3926024,-2.919084,1.541524,44.70815
335.3: 0.5299088,-2.866099,1.541953,37.09676
335.5222: 0.6169361,-2.832443,1.545547,23.54674
335.7444: 0.6812337,-2.826334,1.553705,13.3474
335.9667: 0.7132902,-2.832246,1.558282,12.03071
Trial Result: Success object: Chair | Time Spent: 9.557037
Trial No.:6 Ends
Trial No.:13 Begins
User confirmed on object: Telescope, this maze officially starts.
357.2778: -2.782729,0.03409043,1.61764,93.44949
357.5: -2.805923,0.0230277,1.618978,99.37003
357.7222: -2.866431,0.02721277,1.60795,115.1109
357.9445: -2.912397,0.07107316,1.598383,118.3658
358.1667: -2.917222,0.1602555,1.577863,94.90938
358.3889: -2.899544,0.2649144,1.573919,65.16814
358.6111: -2.846627,0.334784,1.538181,50.95918
358.8333: -2.725155,0.4592523,1.526863,55.7477
359.0556: -2.606044,0.5989873,1.534067,69.07632
359.2778: -2.472975,0.7062196,1.561599,80.83077
359.5: -2.297854,0.7833987,1.54642,90.23457
359.7222: -2.073296,0.8307703,1.560655,91.60741
359.9445: -1.839788,0.8845137,1.570092,88.12239
360.1667: -1.584134,0.9345129,1.549626,90.62811
360.3889: -1.361719,0.9380518,1.579134,98.95963
360.6111: -1.141074,0.9166648,1.569496,106.2013
360.8333: -0.8992983,0.8820276,1.582078,113.0423
361.0556: -0.6796627,0.8815196,1.573337,110.4095
361.2778: -0.4454196,0.9220145,1.564361,101.4286
361.5: -0.24476,0.9450459,1.583937,99.48229
361.7222: -0.02787539,0.9525007,1.575377,100.4586
361.9445: 0.1701636,0.9597024,1.566359,99.26337
362.1667: 0.3060431,0.9877974,1.582899,102.9777
362.3889: 0.3520499,0.9644045,1.58116,131.5269
362.6111: 0.2826729,0.8986478,1.57009,162.7657
362.8333: 0.1519419,0.7612559,1.555508,171.4787
363.0556: 0.04315076,0.5837182,1.575458,168.5683
363.2778: 0.01212623,0.397721,1.56745,163.7713
363.5: 0.02358177,0.2003117,1.569631,156.7828
363.7222: 0.02650663,0.002167813,1.578742,153.6699
363.9445: 0.02946402,-0.2436602,1.569175,143.7736
364.1667: 0.06221144,-0.4905209,1.592671,128.5392
364.3889: 0.1542179,-0.6808955,1.57733,121.5649
364.6111: 0.2980746,-0.8213512,1.576139,119.4445
364.8333: 0.4931999,-0.9512316,1.574507,110.1577
365.0556: 0.681952,-1.06219,1.573108,108.346
365.2778: 0.8840312,-1.101423,1.577445,101.4344
365.5: 1.113274,-1.105843,1.557223,108.9665
365.7222: 1.301998,-1.126081,1.586375,117.9229
365.9445: 1.487295,-1.202771,1.570206,122.7718
366.1667: 1.631399,-1.338689,1.573142,122.4125
366.3889: 1.773009,-1.488931,1.582739,125.8312
366.6111: 1.880737,-1.602938,1.559645,125.5681
366.8333: 1.972303,-1.702652,1.562636,122.0851
367.0556: 2.024001,-1.791927,1.565598,114.6582
Trial Result: Success object: Well | Time Spent: 10.17119
Trial No.:13 Ends
Trial No.:22 Begins
User confirmed on object: Mailbox, this maze officially starts.
391.1556: -1.829346,-3.093396,1.613183,9.797701
391.3778: -1.833827,-3.095571,1.611553,9.968363
391.6: -1.830796,-3.090235,1.610759,14.88
391.8222: -1.782015,-3.067391,1.588602,35.15487
392.0445: -1.676936,-3.070022,1.570088,47.47854
392.2667: -1.563626,-3.082656,1.571188,48.94644
392.4889: -1.446963,-3.048221,1.564783,44.73613
392.7111: -1.327725,-2.976125,1.557573,41.78643
392.9333: -1.224056,-2.885087,1.566095,38.7942
393.1556: -1.113641,-2.787499,1.570728,33.82232
393.3778: -0.9909822,-2.655638,1.561453,22.11341
393.6: -0.9228877,-2.4787,1.568915,13.49302
393.8222: -0.9117554,-2.265954,1.544826,17.91975
394.0445: -0.9045916,-2.059626,1.572182,28.79981
394.2667: -0.872737,-1.863253,1.564134,36.3728
394.4889: -0.8050698,-1.661178,1.561816,43.71006
394.7111: -0.7293448,-1.482362,1.581545,54.9368
394.9333: -0.6380981,-1.322279,1.56405,66.57259
395.1556: -0.536895,-1.186656,1.575696,75.80757
395.3778: -0.3850359,-1.046893,1.564983,72.77213
395.6: -0.2366512,-0.9104998,1.566165,52.04784
395.8222: -0.1155696,-0.7331244,1.573934,31.32103
396.0445: -0.04241537,-0.538148,1.554837,25.25099
396.2667: -0.009316502,-0.3412494,1.576924,25.65981
396.4889: 0.0335826,-0.1195729,1.565156,27.06749
396.7111: 0.08117579,0.1059837,1.561947,28.11992
396.9333: 0.1288252,0.3220474,1.573693,39.82898
397.1556: 0.1832593,0.5236844,1.548063,58.40372
397.3778: 0.2508575,0.7028053,1.559688,84.01899
397.6: 0.3696007,0.8350734,1.567645,98.10551
397.8222: 0.5204518,0.9043169,1.551364,100.6221
398.0445: 0.7107338,0.9349244,1.56564,102.9086
398.2667: 0.8770581,0.9542145,1.567297,109.2512
398.4889: 1.068182,0.9787368,1.554099,117.2843
398.7111: 1.251839,0.965721,1.580895,130.5148
398.9333: 1.399897,0.9106097,1.564343,141.0151
Trial Result: Success object: Bookshelf | Time Spent: 8.195665
Trial No.:22 Ends
Trial No.:2 Begins
User confirmed on object: Stove, this maze officially starts.
421.6333: -2.683301,3.098135,1.611018,267.4563
421.8556: -2.639938,3.073562,1.610882,268.3247
422.0778: -2.567809,3.011044,1.598714,263.515
422.3: -2.488888,2.907582,1.584611,219.0103
422.5222: -2.366798,2.852958,1.548999,158.2816
422.7444: -2.299961,2.837059,1.536355,128.8275
422.9667: -2.193913,2.780434,1.538505,131.0898
423.1889: -2.085744,2.714842,1.553244,156.7346
423.4111: -2.00091,2.612938,1.555746,173.8151
423.6333: -1.954534,2.480984,1.547749,186.9464
423.8556: -1.920834,2.351065,1.564353,203.2401
424.0778: -1.868234,2.192902,1.561608,209.1584
424.3: -1.819979,2.058673,1.56548,215.9124
424.5222: -1.799753,1.915465,1.571992,213.4234
424.7444: -1.827153,1.801024,1.566073,213.4286
424.9667: -1.914787,1.666718,1.555367,207.891
425.1889: -2.032265,1.52285,1.565792,194.3029
425.4111: -2.147584,1.378147,1.56349,186.981
425.6333: -2.244349,1.228264,1.556945,186.2195
425.8556: -2.345305,1.10649,1.573335,187.7083
426.0778: -2.447789,1.004841,1.566906,185.9231
426.3: -2.519588,0.9227771,1.578494,181.2512
426.5222: -2.551931,0.8594295,1.566663,172.3495
426.7444: -2.584224,0.7905229,1.555753,167.6989
426.9667: -2.628459,0.6422389,1.538154,170.3269
427.1889: -2.633195,0.4407027,1.548488,175.0087
427.4111: -2.655863,0.2574404,1.564005,180.1049
427.6333: -2.699917,0.08154452,1.55903,185.6817
427.8556: -2.739129,-0.09389499,1.578822,185.1832
428.0778: -2.710615,-0.2968752,1.55658,170.9899
428.3: -2.606671,-0.4461786,1.562219,148.3545
428.5222: -2.497518,-0.5670151,1.552259,114.8707
428.7444: -2.38917,-0.6882086,1.542598,101.3345
428.9667: -2.24846,-0.792732,1.56052,80.41386
429.1889: -2.054212,-0.852412,1.545674,78.15076
429.4111: -1.834851,-0.8564844,1.552617,87.24239
429.6333: -1.610115,-0.8985133,1.563424,103.6174
429.8556: -1.368924,-0.9385457,1.562268,97.98719
430.0778: -1.106498,-0.9304655,1.579676,70.38404
430.3: -0.8851595,-0.9061195,1.552596,63.76446
430.5222: -0.6708432,-0.8894576,1.571451,51.68665
430.7444: -0.4901693,-0.8672645,1.55567,25.90642
430.9667: -0.3130592,-0.8575802,1.575913,8.165147
431.1889: -0.172265,-0.812529,1.5767,359.9005
431.4111: -0.1114042,-0.7455129,1.564459,354.3774
431.6333: -0.1099192,-0.6529834,1.562875,345.9193
431.8556: -0.1052333,-0.5451717,1.553194,335.4536
432.0778: -0.08831292,-0.4013476,1.539132,320.7034
432.3: -0.09333341,-0.2521342,1.561439,303.1629
Trial Result: Success object: Wheelbarrow | Time Spent: 10.9666
Trial No.:2 Ends
Trial No.:8 Begins
User confirmed on object: Plant, this maze officially starts.
454.5334: -2.740099,-2.075867,1.618273,290.4578
454.7556: -2.717194,-2.062541,1.621154,303.8095
454.9778: -2.699388,-2.037529,1.622636,325.1419
455.2: -2.693055,-1.96369,1.607102,334.022
455.4222: -2.656237,-1.853077,1.579645,356.9786
455.6445: -2.587113,-1.796608,1.555967,43.72927
455.8667: -2.567505,-1.799402,1.553143,70.80823
456.0889: -2.528847,-1.784042,1.557998,73.74312
456.3111: -2.471464,-1.713134,1.556679,63.63293
456.5334: -2.414428,-1.556681,1.538588,57.22663
456.7556: -2.347949,-1.38864,1.534953,64.40488
456.9778: -2.228313,-1.252733,1.567223,81.30642
457.2: -2.066477,-1.164509,1.548102,93.42542
457.4222: -1.899336,-1.128378,1.5598,93.9381
457.6445: -1.109946,-0.9827071,1.569344,93.27507
457.8667: -0.9609553,-0.9803852,1.575214,80.6666
458.0889: -0.9389359,-0.9728779,1.575772,78.7972
458.3111: -0.9333864,-0.9653753,1.574301,78.79762
458.5334: -0.9309217,-0.9589747,1.57506,80.08574
458.7556: -0.9285058,-0.9510325,1.573684,80.80564
458.9778: -0.9200983,-0.9343086,1.573239,81.10094
459.2: -0.8746295,-0.908662,1.560538,83.31327
459.4222: -0.7593677,-0.9299388,1.552085,86.60979
459.6445: -0.6348693,-0.9831693,1.571914,87.9067
459.8667: -0.473235,-1.014685,1.580171,86.99295
460.0889: -0.3203719,-0.9985615,1.562117,88.49235
460.3111: -0.1661663,-0.9569025,1.578259,89.74444
460.5334: -0.02560735,-0.9466107,1.584656,88.87949
460.7556: 0.1496028,-0.9481727,1.563813,87.53912
460.9778: 0.350618,-0.9738947,1.575623,83.02194
461.2: 0.5560006,-0.976261,1.578682,77.88499
461.4222: 0.7643818,-0.9434786,1.555291,75.70716
461.6445: 0.9586703,-0.8911969,1.570162,70.30443
461.8667: 1.148836,-0.8508273,1.566584,61.24688
462.0889: 1.3193,-0.8182387,1.560363,48.4838
462.3111: 1.456872,-0.7791902,1.573679,36.21471
462.5334: 1.519696,-0.7464216,1.566479,28.30346
462.7556: 1.544875,-0.7234653,1.563261,26.1755
Trial Result: Success object: Harp | Time Spent: 8.455185
Trial No.:8 Ends
Trial No.:18 Begins
User confirmed on object: Harp, this maze officially starts.
500.2778: 1.713135,-1.011814,1.61802,8.484014
500.5: 1.707947,-1.024363,1.618059,4.938996
500.7222: 1.693194,-1.035479,1.612283,352.0951
500.9445: 1.628429,-1.034815,1.572926,311.6675
501.1667: 1.565047,-1.047753,1.558144,288.8298
501.3889: 1.494699,-1.052933,1.562613,283.6399
501.6111: 1.406736,-1.06414,1.574138,279.4052
501.8333: 1.307355,-1.050071,1.578268,279.2035
502.0556: 1.192081,-1.01161,1.573706,281.7685
502.2778: 1.063843,-0.9608282,1.575414,284.4799
502.5: 0.9022813,-0.9350452,1.578409,283.0952
502.7222: 0.6840882,-0.953004,1.56089,279.9764
502.9445: 0.4755603,-0.983122,1.579483,277.1017
503.1667: 0.2704613,-0.9791723,1.571706,276.09
503.3889: 0.1008281,-0.9557379,1.563239,273.9317
503.6111: -0.1114206,-0.9411668,1.585611,268.9305
503.8333: -0.3280231,-0.9582028,1.568041,266.3899
504.0556: -0.5454545,-0.9900036,1.577051,273.4506
504.2778: -0.7573675,-0.9903944,1.577791,277.3615
504.5: -0.9695585,-0.9724392,1.556659,277.4095
504.7222: -1.23283,-0.9572396,1.572193,276.2793
504.9445: -1.444296,-0.9676405,1.551138,280.4353
505.1667: -1.64747,-0.9803801,1.562671,297.4837
505.3889: -1.81279,-0.9575699,1.570147,307.2401
505.6111: -1.995306,-0.9298909,1.553735,302.1477
505.8333: -2.173067,-0.8960795,1.566889,303.1045
506.0556: -2.312516,-0.8269732,1.556882,342.1582
506.2778: -2.456428,-0.7776246,1.554487,4.579442
506.5: -2.573056,-0.6894621,1.56723,16.72297
506.7222: -2.638221,-0.550083,1.538319,26.66158
506.9445: -2.647942,-0.4248174,1.536513,41.62549
507.1667: -2.65086,-0.3127949,1.530759,55.83819
507.3889: -2.658042,-0.2195119,1.536891,69.09845
507.6111: -2.646409,-0.148632,1.546565,80.1486
Trial Result: Success object: Telescope | Time Spent: 7.561804
Trial No.:18 Ends
Trial No.:1 Begins
User confirmed on object: Stove, this maze officially starts.
528.4222: -2.709453,3.033099,1.604634,269.556
528.6445: -2.691553,3.0347,1.60879,277.0555
528.8667: -2.661981,3.043542,1.610869,286.9613
529.0889: -2.629182,3.040949,1.597077,257.903
529.3111: -2.558643,2.99482,1.579142,204.1365
529.5333: -2.408855,2.972543,1.545081,154.3705
529.7556: -2.288724,2.96094,1.54958,138.5022
529.9778: -2.1755,2.898929,1.561397,142.2306
530.2: -2.078597,2.777187,1.54932,151.4179
530.4222: -2.025489,2.624941,1.553432,155.7167
530.6445: -1.977763,2.452811,1.564241,158.3655
530.8667: -1.921212,2.270294,1.554422,151.4663
531.0889: -1.851387,2.032577,1.569573,147.5523
531.3111: -1.815949,1.824644,1.573175,147.305
531.5333: -1.768603,1.61175,1.548396,136.6845
531.7556: -1.699528,1.400814,1.572474,125.843
531.9778: -1.607178,1.281115,1.56863,121.2935
532.2: -1.454887,1.181225,1.559959,120.7047
532.4222: -1.285689,1.094964,1.571573,117.275
532.6445: -1.092811,1.021929,1.560677,119.5872
532.8667: -0.9049412,0.9692153,1.572759,122.2435
533.0889: -0.6929305,0.9325913,1.574151,122.3743
533.3111: -0.4866064,0.8941262,1.553619,131.6446
533.5333: -0.3091709,0.8193316,1.579649,145.2164
533.7556: -0.1941274,0.6993217,1.564738,153.8385
533.9778: -0.1272715,0.5323693,1.56401,155.2109
534.2: -0.06284713,0.3474126,1.571447,154.6736
534.4222: -0.002117747,0.1555208,1.557463,152.629
534.6445: 0.04915404,-0.05366279,1.573342,151.2704
534.8667: 0.07230811,-0.2589462,1.570568,146.5511
535.0889: 0.09387058,-0.4552108,1.559935,137.9614
535.3111: 0.1613474,-0.6725132,1.583784,122.7015
535.5333: 0.2792301,-0.7922899,1.570848,113.6227
535.7556: 0.4297443,-0.8726745,1.574813,112.3979
535.9778: 0.5778455,-0.9476581,1.580375,110.9242
536.2: 0.7615877,-1.027104,1.565678,110.0491
536.4222: 0.9531647,-1.101806,1.582496,106.2592
536.6445: 1.143247,-1.135236,1.577645,104.9289
536.8667: 1.339768,-1.159152,1.567644,112.9214
537.0889: 1.512893,-1.225731,1.582863,121.2693
537.3111: 1.661832,-1.34257,1.568593,126.7381
537.5333: 1.757735,-1.487187,1.575269,124.1297
537.7556: 1.846464,-1.610076,1.578203,121.6993
537.9778: 1.91551,-1.696121,1.561035,119.3189
538.2: 1.988273,-1.772647,1.561024,117.656
538.4222: 2.027101,-1.826341,1.566712,113.8783
Trial Result: Success object: Well | Time Spent: 10.3165
Trial No.:1 Ends
Trial No.:4 Begins
User confirmed on object: Piano, this maze officially starts.
563.1223: 1.747803,3.04515,1.609902,179.4371
563.3445: 1.759404,3.046744,1.606837,181.7806
563.5667: 1.767778,3.044717,1.599858,183.5686
563.7889: 1.772876,3.044702,1.599123,187.0102
564.0111: 1.778357,3.044031,1.594133,187.9641
564.2333: 1.788169,3.077031,1.639181,184.9946
564.4556: 1.78712,3.100994,1.636947,188.744
564.6778: 1.766164,3.100315,1.627283,204.8066
564.9: 1.749913,3.097243,1.615872,219.9678
565.1223: 1.731743,3.071581,1.583917,229.0756
565.3445: 1.794284,3.013507,1.566474,186.9986
565.5667: 1.928462,3.00672,1.543151,146.2257
565.7889: 2.088862,2.986359,1.530352,139.1434
566.0111: 2.248105,2.926687,1.553376,148.6404
566.2333: 2.362644,2.827347,1.551373,162.1187
566.4556: 2.422777,2.714977,1.517503,163.9304
566.6778: 2.485022,2.566,1.533904,169.8978
566.9: 2.54195,2.391769,1.533097,180.7397
567.1223: 2.597255,2.205254,1.565447,191.0835
567.3445: 2.597615,2.014806,1.569069,197.7407
567.5667: 2.553464,1.825106,1.56949,199.7764
567.7889: 2.500601,1.606915,1.578403,202.9823
568.0111: 2.452098,1.415438,1.560637,210.961
568.2333: 2.359414,1.253263,1.569407,231.7403
568.4556: 2.220237,1.160303,1.563203,248.8956
568.6778: 2.05419,1.107081,1.560392,252.403
568.9: 1.85172,1.05868,1.577559,250.7393
569.1223: 1.646529,1.010569,1.560807,249.7541
569.3445: 1.437993,0.9421299,1.562434,251.5119
569.5667: 1.223175,0.9050682,1.573719,249.7899
569.7889: 0.9456209,0.881453,1.550044,246.5416
570.0111: 0.6699197,0.8739451,1.57956,241.0491
570.2333: 0.4588825,0.8218075,1.566421,235.4871
570.4556: 0.302143,0.714748,1.553895,221.1872
570.6778: 0.2031858,0.6165735,1.566392,197.1874
570.9: 0.09764266,0.4693697,1.554771,182.1729
571.1223: 0.007395269,0.2902513,1.567962,171.028
571.3445: -0.01276854,0.09389946,1.562523,156.3985
571.5667: 0.02270965,-0.1079983,1.551035,150.6774
571.7889: 0.07126413,-0.2937135,1.557409,136.1997
572.0111: 0.1363907,-0.5014105,1.541243,116.9796
572.2333: 0.210587,-0.6780697,1.56551,90.81361
572.4556: 0.3181823,-0.7887758,1.563307,79.04937
572.6778: 0.43979,-0.8441907,1.54704,79.54295
572.9: 0.6024762,-0.8812633,1.560217,79.59772
573.1223: 0.7626325,-0.9226062,1.561409,76.05817
573.3445: 0.9442577,-0.9562538,1.536805,66.87769
573.5667: 1.139688,-0.9622766,1.561616,52.2264
573.7889: 1.27415,-0.9281229,1.565826,42.05715
Trial Result: Success object: Harp | Time Spent: 10.98207
Trial No.:4 Ends
Trial No.:3 Begins
User confirmed on object: Piano, this maze officially starts.
603.2222: 1.853333,3.044306,1.626559,194.0827
603.4445: 1.856443,3.045811,1.625698,195.2323
603.6667: 1.824339,3.021487,1.613807,211.1503
603.8889: 1.766847,3.005694,1.582754,232.898
604.1111: 1.729875,3.00334,1.562301,244.8854
604.3334: 1.666824,2.99142,1.544811,252.8733
604.5555: 1.53185,2.998849,1.543174,254.4034
604.7778: 1.401985,2.992183,1.557986,249.8726
605: 1.26388,2.954654,1.547336,247.8042
605.2222: 1.133967,2.908696,1.562669,249.3789
605.4445: 0.9649948,2.883981,1.564615,249.6014
605.6667: 0.7652614,2.86511,1.550022,244.168
605.8889: 0.5330913,2.859225,1.55961,229.5365
606.1111: 0.3380046,2.810332,1.576767,217.6857
606.3334: 0.2109805,2.711288,1.570216,205.379
606.5555: 0.1043595,2.564972,1.571198,194.8251
606.7778: 0.01924852,2.432387,1.577146,187.3289
607: -0.06295014,2.283078,1.575478,183.7962
607.2222: -0.1043197,2.138539,1.574786,186.3489
607.4445: -0.1077113,1.96922,1.561048,189.1727
607.6667: -0.07246653,1.79799,1.566977,195.9393
607.8889: -0.08325835,1.631835,1.571296,209.1704
608.1111: -0.1178511,1.459836,1.547662,209.1741
608.3334: -0.1249017,1.264217,1.565664,193.7524
608.5555: -0.09260641,1.034824,1.548004,181.3403
608.7778: -0.03488352,0.8117926,1.567727,185.7829
609: -0.01801402,0.6003743,1.573485,190.084
609.2222: -0.02347431,0.4001412,1.547491,193.5371
609.4445: -0.05696484,0.1804237,1.558276,197.4913
609.6667: -0.07804704,-0.04234646,1.564838,201.3325
609.8889: -0.0928595,-0.2767239,1.539978,208.8766
610.1111: -0.1373449,-0.506281,1.571087,218.6525
610.3334: -0.2340234,-0.6946165,1.556071,222.8392
610.5555: -0.4105521,-0.8804896,1.565684,220.597
610.7778: -0.5408032,-1.044771,1.574616,211.7406
611: -0.6728736,-1.231323,1.540991,208.551
611.2222: -0.7758791,-1.42985,1.564016,204.6438
611.4445: -0.850383,-1.607114,1.562336,200.1971
611.6667: -0.9248172,-1.816251,1.548501,200.7458
611.8889: -0.9732589,-2.038867,1.563222,203.2071
612.1111: -0.9966747,-2.262497,1.531782,213.4004
612.3334: -1.018115,-2.486418,1.533709,237.4128
612.5555: -1.094569,-2.65908,1.551574,258.7034
612.7778: -1.198137,-2.757071,1.532337,274.3003
613: -1.317206,-2.823376,1.521039,290.0203
613.2222: -1.412619,-2.883468,1.523984,308.5696
613.4445: -1.480635,-2.94985,1.522899,325.7389
613.6667: -1.548943,-2.991169,1.539022,338.9078
613.8889: -1.57578,-3.004055,1.545837,343.1649
614.1111: -1.582776,-3.002947,1.554121,346.9891
614.3334: -1.593854,-3.003685,1.563375,348.1074
614.5555: -1.609956,-3.018058,1.596287,342.96
614.7778: -1.618172,-3.031936,1.601847,344.5665
615: -1.623624,-3.009567,1.566158,347.3214
615.2222: -1.624755,-2.993924,1.540378,349.1541
615.4445: -1.629656,-2.983836,1.530653,347.8897
615.6667: -1.648375,-2.970299,1.516941,342.2385
615.8889: -1.693021,-2.964107,1.524045,345.2197
616.1111: -1.744742,-2.975281,1.533374,354.468
616.3334: -1.771561,-2.986307,1.541698,0.7289121
616.5555: -1.773788,-2.999653,1.549394,3.636472
616.7778: -1.774251,-3.010864,1.578511,2.080253
617: -1.768974,-3.029699,1.593941,0.1947888
617.2222: -1.757899,-3.0239,1.585404,0.8983617
617.4445: -1.747099,-3.007885,1.559813,2.150036
617.6667: -1.740464,-2.98951,1.537327,2.07699
617.8889: -1.738114,-2.981459,1.537004,1.766165
618.1111: -1.737642,-2.979077,1.538979,1.733801
618.3334: -1.740883,-2.986295,1.567423,0.390224
618.5555: -1.741573,-2.988197,1.563117,0.4133527
618.7778: -1.748909,-2.984551,1.549119,359.1143
619: -1.759181,-2.980393,1.548235,358.3282
619.2222: -1.773416,-2.968658,1.537937,359.1169
619.4445: -1.774539,-2.946324,1.532112,358.549
619.6667: -1.763055,-2.923248,1.534837,356.4825
619.8889: -1.765665,-2.907915,1.530905,357.334
620.1111: -1.779915,-2.905502,1.541146,359.4181
620.3334: -1.792677,-2.900486,1.542747,0.9911754
620.5555: -1.804328,-2.909201,1.573465,3.944486
620.7778: -1.814654,-2.934747,1.606776,8.891263
621: -1.820978,-2.949886,1.606406,10.36099
621.2222: -1.825158,-2.936791,1.593647,9.46119
621.4445: -1.820423,-2.908839,1.554454,12.83244
621.6667: -1.823555,-2.891446,1.523674,10.44068
621.8889: -1.821343,-2.882686,1.525565,9.587408
622.1111: -1.819292,-2.879886,1.525333,8.257932
622.3334: -1.815058,-2.875843,1.52076,10.03095
622.5555: -1.819593,-2.87187,1.522169,9.259305
622.7778: -1.848856,-2.866817,1.507347,0.4589324
623: -1.860674,-2.867954,1.506667,358.8493
623.2222: -1.86487,-2.87046,1.512016,358.4133
623.4445: -1.856688,-2.884194,1.554323,3.666536
623.6667: -1.843979,-2.910799,1.574597,8.419667
623.8889: -1.836354,-2.927137,1.586117,6.83853
624.1111: -1.825893,-2.932374,1.582172,6.732002
624.3334: -1.81624,-2.920333,1.549918,9.931367
624.5555: -1.817409,-2.911268,1.541867,7.242099
624.7778: -1.81858,-2.907912,1.546894,4.995057
625: -1.820537,-2.918612,1.568787,4.68645
625.2222: -1.818932,-2.920669,1.566247,7.663087
625.4445: -1.820003,-2.920058,1.565086,8.040663
625.6667: -1.853971,-2.917677,1.566025,352.9461
625.8889: -1.91744,-2.928251,1.559166,325.7239
626.1111: -1.963818,-2.943604,1.55353,311.5834
626.3334: -1.990553,-2.95188,1.552127,310.8787
626.5555: -2.012292,-2.960977,1.549781,312.9234
626.7778: -2.0258,-2.962362,1.550124,318.6891
627: -2.001478,-2.935183,1.544088,344.5847
627.2222: -1.940761,-2.937191,1.544582,8.525414
627.4445: -1.896298,-2.96174,1.562363,21.85518
627.6667: -1.886228,-2.997322,1.599001,22.77327
627.8889: -1.878835,-3.007951,1.594969,19.12526
628.1111: -1.869105,-2.996431,1.583661,16.24662
628.3334: -1.859704,-2.980775,1.575906,16.0213
628.5555: -1.848074,-2.970017,1.572057,17.78745
628.7778: -1.824905,-2.966688,1.566632,25.74595
629: -1.796857,-2.96837,1.560094,34.49385
629.2222: -1.7879,-2.969225,1.559243,34.93084
629.4445: -1.796915,-2.956481,1.557764,27.2141
629.6667: -1.814322,-2.942079,1.553209,15.78888
629.8889: -1.830416,-2.931937,1.551114,7.335304
630.1111: -1.842095,-2.925348,1.55078,0.244191
630.3334: -1.859287,-2.924218,1.551574,350.4442
630.5555: -1.880177,-2.929873,1.551602,338.6154
630.7778: -1.895872,-2.934537,1.552919,332.0441
631: -1.901818,-2.934942,1.5521,332.7885
631.2222: -1.90398,-2.935506,1.552768,333.8727
631.4445: -1.895963,-2.93162,1.551525,341.1273
631.6667: -1.877519,-2.923617,1.532985,352.606
631.8889: -1.862171,-2.915728,1.522858,359.5638
632.1111: -1.853065,-2.904649,1.522595,0.3062963
632.3334: -1.845647,-2.886666,1.521744,358.7943
632.5555: -1.839846,-2.87024,1.522617,356.7235
632.7778: -1.83481,-2.859764,1.525125,356.3111
633: -1.842719,-2.861703,1.543084,352.1833
Trial Result: Fail at object:  | Time Spent: 30
Trial No.:3 Ends
Trial No.:10 Begins
User confirmed on object: Bookshelf, this maze officially starts.
658.8556: 1.801779,1.105744,1.625769,185.5181
659.0778: 1.79775,1.114517,1.626514,187.9211
659.3: 1.782302,1.127501,1.628583,203.9967
659.5222: 1.755964,1.131818,1.620196,225.5161
659.7444: 1.678354,1.128283,1.602744,238.0252
659.9667: 1.5544,1.145639,1.579396,249.6687
660.1889: 1.436055,1.141229,1.577305,250.6223
660.4111: 1.284149,1.114152,1.575179,250.1938
660.6334: 1.121662,1.047595,1.571957,249.3117
660.8556: 0.9393771,0.989782,1.583849,246.7641
661.0778: 0.7436953,0.9517407,1.567826,244.3157
661.3: 0.5176454,0.915614,1.560185,237.3982
661.5222: 0.2931094,0.8059471,1.584522,213.612
661.7444: 0.1555904,0.6566305,1.556854,208.4149
661.9667: 0.06467679,0.473278,1.578955,210.7229
662.1889: 0.001573292,0.3016475,1.582511,207.4901
662.4111: -0.05596688,0.1098989,1.561487,206.4578
662.6334: -0.09898407,-0.1075044,1.583025,206.7253
662.8556: -0.1288908,-0.323939,1.562615,212.1931
663.0778: -0.1736448,-0.5406163,1.553248,228.9662
663.3: -0.2723973,-0.7043985,1.574312,244.3568
663.5222: -0.4372076,-0.8299162,1.547984,253.4798
663.7444: -0.6454204,-0.8913788,1.566369,253.0263
663.9667: -0.8525534,-0.9484707,1.577175,253.9996
664.1889: -1.07861,-1.000994,1.551483,251.9646
664.4111: -1.287781,-1.045546,1.573712,252.466
664.6334: -1.529277,-1.05708,1.565853,250.6671
664.8556: -1.776142,-1.050098,1.55125,247.3658
665.0778: -2.008926,-1.080045,1.575049,244.0204
665.3: -2.210571,-1.152254,1.548023,242.2497
665.5222: -2.416973,-1.272054,1.567594,237.5295
665.7444: -2.568159,-1.386355,1.558597,233.3577
665.9667: -2.691797,-1.486181,1.536038,231.1516
666.1889: -2.820125,-1.624611,1.554991,234.4294
666.4111: -2.884698,-1.735422,1.556611,238.1486
666.6334: -2.908621,-1.824382,1.564606,251.943
Trial Result: Success object: Plant | Time Spent: 8.19099
Trial No.:10 Ends
Trial No.:24 Begins
User confirmed on object: Chair, this maze officially starts.
696.9333: 0.8178155,-2.992957,1.600494,0.6143947
697.1556: 0.8109502,-3.01915,1.604571,1.822786
697.3778: 0.7977039,-3.046807,1.605404,4.129435
697.6: 0.7776854,-3.045713,1.59589,353.7525
697.8223: 0.7445997,-3.039262,1.58265,330.3229
698.0444: 0.6751418,-3.059861,1.570528,310.6968
698.2667: 0.5521613,-3.109326,1.557796,293.8473
698.4889: 0.4329455,-3.150323,1.564134,284.6366
698.7111: 0.3026181,-3.145436,1.561513,287.1209
698.9333: 0.1803208,-3.109312,1.54997,293.2158
699.1556: 0.03164232,-3.049685,1.563141,300.2147
699.3778: -0.1257511,-2.997913,1.565038,302.8305
699.6: -0.2785041,-2.96008,1.548517,311.9566
699.8223: -0.4219435,-2.922372,1.569087,321.1576
700.0444: -0.5179957,-2.85811,1.567369,332.1796
700.2667: -0.5870693,-2.770516,1.559406,340.5309
700.4889: -0.616537,-2.677669,1.562123,349.3047
700.7111: -0.6146816,-2.662687,1.557198,1.671855
700.9333: -0.5773636,-2.696511,1.553609,24.94804
701.1556: -0.5364081,-2.715871,1.554763,35.68735
701.3778: -0.5318192,-2.673049,1.547933,34.02931
701.6: -0.5961476,-2.55934,1.53847,28.33616
701.8223: -0.7067885,-2.384461,1.534779,23.35397
702.0444: -0.8032291,-2.177968,1.560855,19.61793
702.2667: -0.8405014,-1.926463,1.544372,24.08544
702.4889: -0.8104528,-1.706104,1.544057,30.18501
702.7111: -0.7659575,-1.528231,1.568851,42.18175
702.9333: -0.7215927,-1.382521,1.550289,52.56008
703.1556: -0.6388234,-1.226933,1.570833,61.73255
703.3778: -0.5124633,-1.09949,1.558652,66.10177
703.6: -0.3477693,-0.9826872,1.568395,56.68436
703.8223: -0.217324,-0.8404605,1.578976,36.68078
704.0444: -0.1214337,-0.6715457,1.558313,23.61941
704.2667: -0.03718731,-0.4605651,1.566956,25.02254
704.4889: 0.02448856,-0.2591121,1.563271,21.64875
704.7111: 0.07405189,-0.05012403,1.547835,20.83796
704.9333: 0.1033819,0.1414971,1.572805,22.53892
705.1556: 0.1254795,0.3207847,1.556821,30.3048
705.3778: 0.1559828,0.5274237,1.550774,43.78036
705.6: 0.2433402,0.6935048,1.573507,60.49026
705.8223: 0.3687242,0.8003646,1.561108,71.24837
706.0444: 0.5472408,0.8655864,1.5691,77.97868
706.2667: 0.7893573,0.93271,1.573611,83.53602
706.4889: 0.9839849,0.9938235,1.552796,81.79454
706.7111: 1.203181,1.047662,1.575345,84.95387
706.9333: 1.415375,1.0628,1.579886,82.67117
707.1556: 1.613615,1.05213,1.563321,83.12666
707.3778: 1.822197,1.045444,1.585515,83.12576
707.6: 2.028007,1.062159,1.573839,83.13088
707.8223: 2.22054,1.097171,1.572253,86.78584
708.0444: 2.402339,1.097342,1.584278,91.77139
708.2667: 2.549064,1.082631,1.566166,92.40273
708.4889: 2.695557,1.056113,1.572461,89.88243
708.7111: 2.794217,1.056669,1.578314,86.9498
708.9333: 2.831154,1.06581,1.579522,89.50775
709.1556: 2.845603,1.076407,1.577473,90.95042
Trial Result: Success object: Trashcan | Time Spent: 12.46334
Trial No.:24 Ends
Trial No.:14 Begins
User confirmed on object: Telescope, this maze officially starts.
734.6223: -2.760635,0.03429049,1.606386,91.66132
734.8445: -2.770394,0.03510597,1.610688,92.75482
735.0667: -2.777256,0.04251436,1.612942,93.67253
735.2889: -2.748406,0.09427915,1.591944,67.65154
735.5111: -2.746864,0.1738302,1.577543,51.42232
735.7333: -2.781892,0.2968951,1.561418,35.49797
735.9556: -2.801255,0.4223936,1.567952,26.24406
736.1778: -2.767048,0.5663869,1.54888,28.41847
736.4: -2.691837,0.6894348,1.56161,30.20318
736.6223: -2.638386,0.8033686,1.564721,28.51972
736.8445: -2.606133,0.8784078,1.561533,38.32097
737.0667: -2.585969,0.8912914,1.565008,66.88268
737.2889: -2.586598,0.8905087,1.56283,88.27553
737.5111: -2.554321,0.902126,1.553429,99.05865
737.7333: -2.440567,0.9208435,1.538559,101.9437
737.9556: -2.280208,0.9189541,1.536493,100.4697
738.1778: -2.09203,0.9216839,1.552998,96.52403
738.4: -1.89679,0.9509673,1.549465,96.07156
738.6223: -1.687035,1.007465,1.566739,102.9821
738.8445: -1.482785,1.024451,1.56668,107.1737
739.0667: -1.235492,1.001756,1.547796,109.9753
739.2889: -1.060409,0.9791991,1.569233,111.2313
739.5111: -0.8985122,0.9850065,1.562772,110.5307
739.7333: -0.7566068,1.035783,1.563903,97.50305
739.9556: -0.6301636,1.122369,1.564667,51.78704
740.1778: -0.5229738,1.155984,1.560692,22.3827
740.4: -0.3726795,1.139382,1.565463,11.13801
740.6223: -0.2436999,1.137187,1.574606,0.8463955
740.8445: -0.182108,1.162544,1.568824,349.5963
741.0667: -0.1817037,1.115316,1.578811,304.603
741.2889: -0.1314969,0.9749545,1.550727,247.706
741.5111: -0.06292772,0.8646873,1.566381,226.9019
741.7333: -0.02534404,0.7759569,1.566055,218.8185
741.9556: -0.0001607081,0.657588,1.565434,212.1519
742.1778: -0.0227847,0.5378433,1.560604,214.2464
742.4: -0.07359602,0.4496579,1.546272,215.4128
742.6223: -0.09303533,0.3726407,1.555747,217.9925
Trial Result: Success object: Wheelbarrow | Time Spent: 8.417891
Trial No.:14 Ends
Trial No.:5 Begins
User confirmed on object: Table, this maze officially starts.
768.2444: -1.885956,2.051426,1.61606,97.42628
768.4667: -1.888954,2.05662,1.615131,98.43541
768.6889: -1.881236,2.057171,1.61237,104.6275
768.9111: -1.858253,2.019024,1.604824,122.6689
769.1334: -1.862176,1.936175,1.587245,138.9747
769.3556: -1.88785,1.842808,1.574823,152.737
769.5778: -1.900473,1.753418,1.568896,169.0568
769.8: -1.88322,1.687759,1.565412,177.9323
770.0222: -1.853072,1.648753,1.567332,182.9721
770.2444: -1.829482,1.617821,1.57051,183.0158
770.4667: -1.821136,1.563311,1.567113,177.5218
770.6889: -1.857595,1.493638,1.55851,174.1436
770.9111: -1.922827,1.422824,1.566244,176.2595
771.1334: -1.97694,1.36452,1.566044,178.6846
771.3556: -2.005075,1.312134,1.559555,176.0669
771.5778: -1.966852,1.262656,1.560509,162.1974
771.8: -1.850226,1.22551,1.563126,138.373
772.0222: -1.696399,1.179503,1.565549,122.441
772.2444: -1.556143,1.123907,1.565692,112.4532
772.4667: -1.402328,1.05134,1.553835,106.9125
772.6889: -1.220951,0.963241,1.578195,98.70057
772.9111: -1.03481,0.9305006,1.584719,89.04935
773.1334: -0.8488778,0.9389621,1.566454,87.90058
773.3556: -0.6542198,0.9548875,1.580266,92.0586
773.5778: -0.4092931,0.9504918,1.561677,92.85753
773.8: -0.215976,0.9315897,1.578461,90.85129
774.0222: -0.01156642,0.9413791,1.583193,89.38045
774.2444: 0.1902301,0.9733084,1.562862,92.00877
774.4667: 0.3780639,1.013208,1.575813,99.78947
774.6889: 0.5714896,1.017134,1.578372,105.7047
774.9111: 0.7683032,0.9901056,1.557322,110.5097
775.1334: 0.9556757,0.9607875,1.570817,116.574
775.3556: 1.124228,0.9430535,1.559787,123.6506
775.5778: 1.31057,0.927879,1.54137,138.0571
775.8: 1.457496,0.8942268,1.564256,150.376
776.0222: 1.494577,0.8829919,1.55403,156.4305
Trial Result: Success object: Bookshelf | Time Spent: 8.074694
Trial No.:5 Ends
Trial No.:20 Begins
User confirmed on object: Well, this maze officially starts.
792.7111: 1.813146,-1.989577,1.614136,86.53081
792.9333: 1.812588,-1.990587,1.613349,87.22261
793.1556: 1.811868,-2.025843,1.614548,103.0811
793.3778: 1.812671,-2.047292,1.609256,107.2172
793.6: 1.829901,-2.032309,1.605341,96.10202
793.8223: 1.840043,-1.954343,1.59031,64.56469
794.0444: 1.783562,-1.826817,1.579013,22.66283
794.2667: 1.729107,-1.737875,1.57312,357.1062
794.4889: 1.720052,-1.639853,1.562692,349.6122
794.7111: 1.768616,-1.525245,1.559409,359.4542
794.9333: 1.848025,-1.394645,1.564124,9.366698
795.1556: 1.951932,-1.260503,1.562943,15.10836
795.3778: 2.059217,-1.113987,1.558436,20.79799
795.6: 2.182188,-0.9773089,1.575091,24.53497
795.8223: 2.327772,-0.8273489,1.559655,24.72404
796.0444: 2.498446,-0.610895,1.574583,12.05365
796.2667: 2.576296,-0.3991625,1.576065,353.9102
796.4889: 2.61147,-0.1913164,1.559248,351.8177
796.7111: 2.639752,0.006232572,1.57953,346.4935
796.9333: 2.678787,0.2103437,1.565831,345.7066
797.1556: 2.73265,0.4499772,1.571832,346.2176
797.3778: 2.753462,0.6900769,1.586743,344.4429
797.6: 2.7389,0.9228314,1.568461,346.4838
797.8223: 2.719843,1.152069,1.586459,349.0088
798.0444: 2.726951,1.421754,1.565761,347.4452
798.2667: 2.74487,1.627522,1.574932,341.0899
798.4889: 2.726096,1.832197,1.585675,333.5769
798.7111: 2.681754,2.022019,1.564712,329.5012
798.9333: 2.635341,2.175744,1.579578,324.8051
799.1556: 2.585109,2.347857,1.574277,312.9908
799.3778: 2.541687,2.521778,1.556514,296.6758
799.6: 2.473058,2.678237,1.575661,279.5815
799.8223: 2.387791,2.77689,1.569686,264.9569
800.0444: 2.275198,2.837612,1.566729,256.0167
800.2667: 2.194447,2.863308,1.560492,235.9276
800.4889: 2.098927,2.884171,1.556124,218.0242
800.7111: 1.994167,2.910562,1.565649,205.4995
800.9333: 1.942073,2.925475,1.565713,199.6437
Trial Result: Success object: Piano | Time Spent: 8.45599
Trial No.:20 Ends
Trial No.:16 Begins
User confirmed on object: Wheelbarrow, this maze officially starts.
823.4333: 0.1912179,-0.1034147,1.620774,277.5695
823.6556: 0.1958836,-0.09547255,1.620071,283.0028
823.8778: 0.197641,-0.07927196,1.614313,293.325
824.1: 0.173297,-0.09799651,1.60529,283.7333
824.3223: 0.1520196,-0.1911385,1.59248,247.338
824.5445: 0.1737397,-0.3132681,1.578567,213.7183
824.7667: 0.156318,-0.4313576,1.56296,207.9203
824.9889: 0.06811347,-0.550079,1.538991,217.8029
825.2111: -0.06044938,-0.6443059,1.549136,228.7433
825.4333: -0.1954243,-0.7370422,1.553216,235.7027
825.6556: -0.3747566,-0.8449993,1.537353,244.0292
825.8778: -0.568505,-0.933335,1.562132,255.0595
826.1: -0.7710416,-0.9634732,1.553699,262.9912
826.3223: -0.977621,-0.9574485,1.561183,258.6396
826.5445: -1.208239,-0.9719965,1.575048,247.0972
826.7667: -1.432218,-1.003841,1.557887,246.3708
826.9889: -1.653553,-1.03876,1.573524,248.2119
827.2111: -1.871314,-1.063824,1.553779,246.0945
827.4333: -2.066234,-1.08476,1.55565,239.2227
827.6556: -2.269939,-1.14718,1.566496,230.118
827.8778: -2.425768,-1.252395,1.549438,226.8922
828.1: -2.551817,-1.382137,1.563805,228.0722
828.3223: -2.664619,-1.506093,1.558367,228.8529
828.5445: -2.776792,-1.625891,1.542728,229.6113
828.7667: -2.877741,-1.753022,1.549367,235.5669
828.9889: -2.914417,-1.83491,1.543577,244.8104
Trial Result: Success object: Plant | Time Spent: 5.862751
Trial No.:16 Ends
Trial No.:15 Begins
User confirmed on object: Wheelbarrow, this maze officially starts.
845.3334: 0.2672819,0.003292222,1.61493,269.824
845.5556: 0.2676036,0.004613176,1.614442,271.7062
845.7778: 0.2420224,-0.001165856,1.61484,265.6134
846: 0.2126819,-0.04676578,1.596043,243.1273
846.2222: 0.2417173,-0.1446738,1.569083,210.9291
846.4445: 0.2676392,-0.2384586,1.561169,196.0567
846.6667: 0.2305723,-0.3517836,1.554261,199.4118
846.8889: 0.1342858,-0.4751044,1.545166,210.1518
847.1111: -9.025447E-05,-0.5987505,1.560087,212.7753
847.3334: -0.1287944,-0.7256552,1.56598,213.3741
847.5556: -0.2693788,-0.8690438,1.549978,215.8461
847.7778: -0.4098611,-1.002795,1.566029,217.8191
848: -0.568063,-1.147605,1.556722,215.0028
848.2222: -0.7173752,-1.302137,1.56199,206.8809
848.4445: -0.8227214,-1.489129,1.569074,198.4101
848.6667: -0.8673279,-1.696005,1.549001,198.7556
848.8889: -0.9018556,-1.907341,1.563865,205.5302
849.1111: -0.9522143,-2.128351,1.551946,210.014
849.3334: -1.020073,-2.323578,1.547754,218.6445
849.5556: -1.091494,-2.498817,1.554276,243.0719
849.7778: -1.146088,-2.636176,1.53445,261.94
850: -1.217772,-2.766499,1.544471,280.952
850.2222: -1.324575,-2.843153,1.53612,297.5788
850.4445: -1.427062,-2.857868,1.527763,308.0405
850.6667: -1.498042,-2.869623,1.536915,323.2595
850.8889: -1.553244,-2.87872,1.539113,339.4404
851.1111: -1.609918,-2.900232,1.550898,350.8619
851.3334: -1.642445,-2.917044,1.5509,354.2169
851.5556: -1.658697,-2.925487,1.547372,357.0148
851.7778: -1.665796,-2.928407,1.54606,357.964
852: -1.673441,-2.942359,1.546642,1.139904
852.2222: -1.670528,-2.963932,1.538235,9.044662
852.4445: -1.637464,-3.045146,1.537836,11.36692
852.6667: -1.615499,-3.124614,1.544632,5.822541
852.8889: -1.641502,-3.162438,1.553521,359.1552
853.1111: -1.718776,-3.156441,1.552817,356.3245
853.3334: -1.789246,-3.136764,1.554891,356.7165
853.5556: -1.820882,-3.101746,1.555726,1.30144
853.7778: -1.820759,-3.076759,1.56063,2.290955
Trial Result: Success object: Mailbox | Time Spent: 8.803535
Trial No.:15 Ends
Trial No.:23 Begins
User confirmed on object: Chair, this maze officially starts.
876.0111: 0.8372986,-3.060075,1.617305,359.8919
876.2333: 0.8398927,-3.059653,1.618527,4.264075
876.4556: 0.856262,-3.057864,1.614096,14.91215
876.6778: 0.8549287,-3.038826,1.608042,7.856193
876.9: 0.7896208,-3.02445,1.588888,330.127
877.1223: 0.7012584,-3.061398,1.567751,302.0205
877.3445: 0.5981704,-3.110982,1.564166,293.1788
877.5667: 0.4593816,-3.129965,1.561597,288.7188
877.7889: 0.3401482,-3.121436,1.553979,288.5174
878.0111: 0.2179055,-3.080692,1.560792,288.9581
878.2333: 0.1348873,-3.048397,1.569312,292.9481
878.4556: 0.03564835,-3.005993,1.556972,300.3952
878.6778: -0.1152609,-2.962236,1.540423,311.2452
878.9: -0.3132257,-2.915233,1.555533,321.6833
879.1223: -0.478874,-2.81916,1.564042,333.6528
879.3445: -0.6062077,-2.682691,1.544654,342.1611
879.5667: -0.7006922,-2.495347,1.557061,354.1626
879.7889: -0.757897,-2.319742,1.564798,0.7380103
880.0111: -0.8211857,-2.131173,1.556427,7.631762
880.2333: -0.8372449,-1.936505,1.571921,14.6146
880.4556: -0.8142719,-1.748682,1.552664,19.84835
880.6778: -0.7526591,-1.544606,1.562846,20.78129
880.9: -0.6848671,-1.354049,1.571076,23.73465
881.1223: -0.6074289,-1.173849,1.559422,21.59228
881.3445: -0.4974549,-1.00152,1.578459,23.27689
881.5667: -0.3348258,-0.8097302,1.565075,21.695
881.7889: -0.1743774,-0.635949,1.571865,14.57193
882.0111: -0.07590358,-0.4433513,1.584171,9.049017
882.2333: -0.04440819,-0.2370331,1.560254,7.481036
882.4556: -0.04883692,-0.04592946,1.572947,8.336082
882.6778: -0.03033933,0.17889,1.575913,7.939438
882.9: 0.001928952,0.4177852,1.55491,4.406463
883.1223: 0.01720297,0.6582579,1.582673,358.637
883.3445: 0.00684649,0.8880656,1.55872,359.2683
883.5667: -0.0303635,1.129521,1.567482,7.043809
883.7889: -0.03006872,1.414064,1.569922,13.98071
884.0111: 0.001689553,1.649727,1.546099,18.48851
884.2333: 0.02110873,1.875746,1.573122,18.58451
884.4556: 0.03146197,2.047199,1.557447,22.8945
884.6778: 0.03421609,2.273916,1.55586,33.97775
884.9: 0.09258091,2.479061,1.571177,50.69361
885.1223: 0.184243,2.637322,1.551554,68.75916
885.3445: 0.2856482,2.750192,1.557909,89.2646
885.5667: 0.3820071,2.851091,1.56661,101.4751
885.7889: 0.5294844,2.975296,1.543876,106.0577
886.0111: 0.6895631,3.045571,1.566711,111.1543
886.2333: 0.8440773,3.052612,1.558782,118.5752
886.4556: 0.9772867,3.016326,1.541081,120.1374
886.6778: 1.128224,2.956764,1.568274,124.5227
886.9: 1.219337,2.928877,1.564649,129.6646
Trial Result: Success object: Piano | Time Spent: 11.12162
Trial No.:23 Ends
