Participant ID: 404
Maze Mode: testing
Trial No.:21 Begins
User confirmed on object: Mailbox, this maze officially starts.
95.67333: -1.731897,-3.304226,1.714769,357.9252
95.89556: -1.733823,-3.320462,1.73138,358.3007
96.11778: -1.735128,-3.330222,1.735364,358.6904
96.34: -1.734296,-3.335751,1.737102,359.5385
96.56223: -1.736686,-3.333031,1.733522,358.4404
96.78445: -1.738153,-3.32722,1.732315,357.1931
97.00667: -1.734706,-3.319218,1.732934,358.6642
97.22889: -1.720774,-3.311365,1.733917,6.650481
97.45111: -1.674178,-3.318217,1.713791,40.49966
97.67333: -1.657433,-3.335283,1.699471,61.96938
97.89556: -1.635917,-3.330889,1.688265,71.69224
98.11778: -1.565185,-3.246607,1.663408,45.30355
98.34: -1.413781,-3.168869,1.632887,32.12618
98.56223: -1.24097,-3.074164,1.642153,26.90001
98.78445: -1.133588,-2.971447,1.640992,21.16184
99.00667: -1.018995,-2.800906,1.637397,17.59354
99.22889: -0.9189249,-2.605993,1.667835,15.01585
99.45111: -0.8353841,-2.370839,1.653414,16.53567
99.67333: -0.7646244,-2.110092,1.658421,16.86275
99.89556: -0.7347833,-1.87847,1.667448,22.00387
100.1178: -0.7186382,-1.59069,1.634312,38.02175
100.34: -0.6611372,-1.417889,1.674042,68.93585
100.5622: -0.5693715,-1.26849,1.658487,73.57165
100.7844: -0.436148,-1.164855,1.651835,76.49915
101.0067: -0.2690834,-1.070707,1.655955,82.78313
101.2289: -0.1242085,-0.9149618,1.636562,52.34046
101.4511: -0.0511556,-0.7559814,1.675997,20.40256
101.6733: 0.01620427,-0.6085952,1.661963,8.886991
101.8956: 0.0409796,-0.4147021,1.650785,355.938
102.1178: -0.009459509,-0.1946941,1.643903,310.3271
102.34: 0.01132864,-0.05313075,1.670988,295.1241
102.5622: 0.1510892,0.2107646,1.651002,25.36664
102.7844: 0.1928209,0.382261,1.651924,42.82006
103.0067: 0.2077547,0.5587604,1.632584,59.25816
103.2289: 0.2413268,0.7220678,1.63699,89.22318
103.4511: 0.3361507,0.8371542,1.649996,103.5596
103.6733: 0.5262134,0.9211496,1.629965,106.2282
103.8956: 0.7803839,1.000669,1.662855,90.72832
104.1178: 1.067173,1.069668,1.633119,92.80718
104.34: 1.329877,1.104698,1.6799,94.93979
104.5622: 1.584601,1.081454,1.640458,94.5582
104.7844: 1.866996,1.024446,1.65745,90.92834
105.0067: 2.087816,1.011589,1.671517,90.33516
105.2289: 2.33439,1.018905,1.641825,89.57573
Trial Result: Success object: Trashcan | Time Spent: 9.883072
Trial No.:21 Ends
Trial No.:5 Begins
User confirmed on object: Table, this maze officially starts.
123.4511: -2.202652,2.004914,1.678653,91.52959
123.6733: -2.2082,2.001892,1.680308,91.11924
123.8956: -2.213187,1.999196,1.678589,92.4916
124.1178: -2.206942,1.99912,1.65829,93.94458
124.34: -2.190713,1.979734,1.627114,104.15
124.5622: -2.164622,2.001501,1.622731,88.62236
124.7844: -2.175708,2.076892,1.627993,44.99313
125.0067: -2.221172,2.121607,1.625546,10.17917
125.2289: -2.298819,2.112207,1.615346,321.6133
125.4511: -2.290004,2.107494,1.617311,319.1843
125.6733: -2.256618,2.113198,1.616122,328.2914
125.8956: -2.219357,2.142518,1.614537,338.9293
126.1178: -2.138872,2.139022,1.609805,30.33233
126.34: -2.109581,2.079409,1.611299,73.51685
126.5622: -2.133102,1.969591,1.612257,130.2837
126.7844: -2.158913,1.91534,1.609858,154.2748
127.0067: -2.10893,1.919641,1.612895,136.6847
127.2289: -2.037,2.073321,1.604895,73.24577
127.4511: -1.998492,2.243906,1.579784,56.42345
127.6733: -1.9027,2.454108,1.571646,71.44577
127.8956: -1.74176,2.634199,1.58216,84.12983
128.1178: -1.480342,2.780226,1.554785,91.55722
128.34: -1.200954,2.912137,1.603763,99.13487
128.5622: -0.9011566,3.055821,1.583487,111.7977
128.7845: -0.6342328,3.115598,1.638081,145.7911
129.0067: -0.299647,3.190233,1.583806,117.9242
129.2289: 0.0549821,3.208132,1.631479,104.9969
129.4511: 0.3607776,3.189672,1.60691,109.1364
129.6733: 0.7340385,3.176034,1.626556,106.5891
129.8956: 1.091114,3.143726,1.631221,105.681
130.1178: 1.447475,3.078249,1.623394,115.3119
130.34: 1.77068,3.038226,1.646282,131.5045
130.5622: 2.06329,2.981293,1.608774,152.4683
130.7845: 2.348533,2.814585,1.645128,168.532
131.0067: 2.522811,2.580085,1.626177,171.558
131.2289: 2.634069,2.350563,1.650885,195.2907
131.4511: 2.727976,2.141111,1.634742,206.3315
131.6733: 2.76396,1.897621,1.678684,215.8418
131.8956: 2.704772,1.65887,1.645084,219.9922
132.1178: 2.586576,1.437919,1.667343,220.9538
132.34: 2.431651,1.247925,1.652661,221.0958
132.5622: 2.253976,1.115881,1.700489,220.2621
Trial Result: Success object: Bookshelf | Time Spent: 9.426716
Trial No.:5 Ends
Trial No.:13 Begins
User confirmed on object: Telescope, this maze officially starts.
149.2067: -3.064994,-0.0007528141,1.686947,89.8786
149.4289: -3.063888,-0.001642901,1.687033,89.66174
149.6511: -3.061004,-0.01091201,1.686509,96.45574
149.8733: -3.050181,-0.01452467,1.679033,98.41354
150.0956: -3.045904,-0.02114588,1.688318,104.4755
150.3178: -3.024649,-0.01031624,1.683128,97.92295
150.54: -2.994795,0.005367175,1.667974,87.29808
150.7622: -2.967358,-0.06116357,1.649867,116.1629
150.9845: -2.909963,-0.1757831,1.622305,125.6836
151.2067: -2.806602,-0.3820124,1.570201,133.0334
151.4289: -2.6584,-0.6289623,1.591754,134.4322
151.6511: -2.4314,-0.770813,1.598353,117.9196
151.8733: -2.194967,-0.8720058,1.568668,115.3662
152.0956: -1.913566,-0.9844134,1.586609,112.5942
152.3178: -1.636264,-1.109061,1.588447,124.8778
152.54: -1.374418,-1.222477,1.610991,141.1244
152.7622: -1.12296,-1.33378,1.589008,155.6977
152.9845: -0.9657896,-1.512607,1.628997,169.913
153.2067: -0.8830609,-1.84002,1.636744,164.3655
153.4289: -0.8251035,-2.09929,1.669621,150.0032
153.6511: -0.7380733,-2.405756,1.630876,132.3979
153.8733: -0.6644787,-2.619467,1.632998,116.3896
154.0956: -0.5337903,-2.849191,1.654761,99.64145
154.3178: -0.3609365,-3.040361,1.67527,82.12226
154.54: -0.1497394,-3.159295,1.677846,75.33474
154.7622: 0.1209351,-3.229573,1.679456,82.40967
154.9845: 0.4008605,-3.26195,1.697982,86.7934
155.2067: 0.7971125,-3.27976,1.68485,82.50175
155.4289: 1.116258,-3.258969,1.718985,76.90871
155.6511: 1.460863,-3.221568,1.666865,84.15041
155.8733: 1.711293,-3.151863,1.700047,56.22266
156.0956: 1.888853,-3.079099,1.662562,31.73527
156.3178: 1.980661,-2.933391,1.690014,23.71906
156.54: 1.989725,-2.717084,1.689477,27.18877
Trial Result: Success object: Well | Time Spent: 7.610432
Trial No.:13 Ends
Trial No.:6 Begins
User confirmed on object: Table, this maze officially starts.
172.0178: -2.214246,2.048092,1.672681,92.75378
172.24: -2.207858,2.047856,1.672077,90.07946
172.4622: -2.204113,2.043076,1.673692,92.03456
172.6844: -2.200148,2.030097,1.673108,101.2905
172.9067: -2.189042,2.039381,1.665671,95.15025
173.1289: -2.18452,2.089744,1.653011,60.91612
173.3511: -2.184101,2.114276,1.644472,42.67332
173.5733: -2.111936,2.03579,1.640245,97.35622
173.7956: -2.148582,1.93789,1.621947,156.1771
174.0178: -2.16546,1.909995,1.598475,179.1299
174.24: -2.170784,1.842935,1.583763,192.1614
174.4622: -2.180631,1.694792,1.591433,189.4864
174.6844: -2.220533,1.498581,1.604435,185.2589
174.9067: -2.287872,1.277922,1.590723,181.0921
175.1289: -2.374425,1.057148,1.614031,177.1985
175.3511: -2.501135,0.850463,1.609749,168.3464
175.5733: -2.685119,0.5959661,1.622399,160.0002
175.7956: -2.800255,0.3287916,1.622084,164.4738
176.0178: -2.869383,0.02582408,1.621555,182.722
176.24: -2.895694,-0.2330819,1.644477,180.7514
176.4622: -2.925598,-0.5716389,1.609652,174.4431
176.6844: -2.932218,-0.9285014,1.653487,165.8413
176.9067: -2.907375,-1.281374,1.610405,162.7838
177.1289: -2.867166,-1.615259,1.647153,158.0198
177.3511: -2.834489,-1.936682,1.626595,151.5559
177.5733: -2.754661,-2.307111,1.66335,136.8353
177.7956: -2.636999,-2.524419,1.644353,115.7947
178.0178: -2.462003,-2.732089,1.640404,87.65023
178.24: -2.353371,-2.847823,1.670852,64.54461
178.4622: -2.184036,-3.015868,1.660624,48.06726
178.6844: -1.955004,-3.15982,1.676389,64.59475
178.9067: -1.707115,-3.218431,1.645938,73.53846
179.1289: -1.467306,-3.210546,1.674376,75.89483
179.3511: -1.250027,-3.203479,1.692674,74.85228
179.5733: -0.9426197,-3.216293,1.670233,73.20913
179.7956: -0.66655,-3.211172,1.704214,68.87466
180.0178: -0.3900161,-3.180076,1.662593,65.80435
180.24: -0.1635864,-3.141448,1.681625,61.11389
180.4622: 0.04995697,-3.126114,1.705005,49.43012
180.6844: 0.3132889,-3.139068,1.664605,33.37189
Trial Result: Success object: Chair | Time Spent: 8.934931
Trial No.:6 Ends
Trial No.:3 Begins
User confirmed on object: Piano, this maze officially starts.
193.4289: 1.683551,3.323225,1.693405,180.5131
193.6511: 1.683944,3.322456,1.702266,179.3615
193.8733: 1.689574,3.314079,1.690367,177.0468
194.0956: 1.729726,3.297731,1.668808,156.3072
194.3178: 1.779844,3.245431,1.650969,154.3397
194.54: 1.917484,3.162868,1.625079,154.6927
194.7622: 2.14228,3.057916,1.607313,159.2567
194.9845: 2.334099,2.89365,1.638588,170.0597
195.2067: 2.463432,2.661846,1.601813,186.4323
195.4289: 2.576849,2.399351,1.627576,193.9117
195.6511: 2.674691,2.128871,1.627351,203.6907
195.8733: 2.711012,1.816855,1.662883,219.8996
196.0956: 2.606173,1.546707,1.638788,233.6101
196.3178: 2.399656,1.302165,1.596271,250.5967
196.54: 2.128087,1.129222,1.613363,258.3624
196.7622: 1.863857,1.046672,1.646787,271.4792
196.9845: 1.569433,1.012122,1.658989,268.858
197.2067: 1.236699,0.9975138,1.666317,258.9691
197.4289: 0.9074965,0.9409247,1.663636,243.3967
197.6511: 0.6006408,0.8626069,1.631178,230.1792
197.8733: 0.3143516,0.7550245,1.631519,205.3691
198.0956: 0.1168332,0.5935495,1.639068,186.1628
198.3178: 0.005421557,0.356865,1.606896,189.0019
198.54: -0.06734838,0.02132048,1.597266,203.4599
198.7622: -0.1168579,-0.2360581,1.635943,207.3946
198.9845: -0.1916331,-0.5117534,1.629907,208.0941
199.2067: -0.2822013,-0.7963725,1.659755,220.8757
199.4289: -0.4322196,-1.002833,1.689569,260.9847
199.6511: -0.5987664,-1.208686,1.654549,257.7627
199.8733: -0.7356015,-1.456229,1.67646,219.3564
200.0956: -0.8033487,-1.730667,1.663794,208.9788
200.3178: -0.8126314,-2.010879,1.649204,212.394
200.54: -0.86962,-2.276838,1.689144,225.267
200.7622: -0.9715802,-2.46474,1.64529,242.8129
200.9845: -1.121069,-2.664882,1.661555,265.4884
201.2067: -1.288591,-2.847887,1.657418,288.9625
201.4289: -1.460939,-2.962767,1.657456,319.9341
Trial Result: Success object: Mailbox | Time Spent: 8.36245
Trial No.:3 Ends
Trial No.:20 Begins
User confirmed on object: Well, this maze officially starts.
213.4845: 1.531203,-1.985642,1.748146,87.95792
213.7067: 1.526878,-1.988016,1.74741,90.10896
213.9289: 1.52436,-2.008306,1.745459,101.88
214.1511: 1.532404,-2.014064,1.741752,101.9038
214.3733: 1.557493,-1.98714,1.732283,80.71973
214.5956: 1.573752,-1.917495,1.719623,43.62327
214.8178: 1.586637,-1.801516,1.681349,7.248331
215.04: 1.672035,-1.654751,1.647165,14.14966
215.2622: 1.814539,-1.416977,1.667808,25.51443
215.4845: 1.98693,-1.184151,1.668013,24.86339
215.7067: 2.219348,-0.9442446,1.64184,19.22693
215.9289: 2.423776,-0.6840364,1.692374,13.83213
216.1511: 2.55298,-0.4241319,1.652935,358.3881
216.3733: 2.689976,-0.08227018,1.686835,345.3469
216.5956: 2.811039,0.2431795,1.651732,343.1949
216.8178: 2.897012,0.6117023,1.691679,346.0823
217.04: 2.913451,0.9298304,1.645504,350.9871
217.2622: 2.889819,1.296899,1.670031,350.9975
217.4845: 2.859898,1.643926,1.647454,345.7408
217.7067: 2.804906,2.005407,1.651367,330.6044
217.9289: 2.691465,2.305958,1.647571,310.8773
218.1511: 2.535762,2.582499,1.62051,290.9855
218.3733: 2.356426,2.814933,1.645089,260.1703
218.5956: 2.184783,2.996182,1.596046,235.6544
218.8178: 2.027304,3.075283,1.646468,209.5318
219.04: 1.909288,3.122746,1.636491,196.5669
Trial Result: Success object: Piano | Time Spent: 5.919701
Trial No.:20 Ends
Trial No.:18 Begins
User confirmed on object: Harp, this maze officially starts.
236.4956: 1.711377,-1.407349,1.742383,0.5706601
236.7178: 1.719067,-1.404278,1.741258,4.355425
236.94: 1.767949,-1.394043,1.724922,31.32973
237.1622: 1.796605,-1.353679,1.71232,35.82649
237.3844: 1.863848,-1.290779,1.697677,30.40949
237.6067: 2.04429,-1.21617,1.660402,31.75646
237.8289: 2.231358,-1.11404,1.690693,29.42122
238.0511: 2.380541,-0.9635099,1.668683,23.73312
238.2733: 2.503647,-0.736459,1.667689,12.54818
238.4956: 2.614639,-0.5032624,1.682494,359.6143
238.7178: 2.749183,-0.2002504,1.636665,349.7711
238.94: 2.799946,0.07903881,1.686782,340.2062
239.1622: 2.76189,0.3251289,1.647339,317.2341
239.3844: 2.698796,0.517089,1.666194,295.3474
239.6067: 2.598158,0.7241606,1.594458,283.6407
239.8289: 2.345076,0.8613763,1.588502,270.5981
240.0511: 2.043708,0.9391874,1.657743,265.7386
240.2733: 1.724466,1.027637,1.639328,270.0919
240.4956: 1.356019,1.081489,1.657256,268.1476
240.7178: 0.9254569,1.050973,1.621085,258.4593
240.94: 0.595867,1.025017,1.653716,259.417
241.1622: 0.2480346,1.042431,1.644133,270.2227
241.3844: -0.1009157,1.063642,1.631045,271.7542
241.6067: -0.4204432,1.051591,1.652733,271.9819
241.8289: -0.7549137,1.02837,1.620726,276.0133
242.0511: -1.071535,1.020458,1.659877,272.4945
242.2733: -1.396346,1.024603,1.608796,264.1999
242.4956: -1.714448,0.9979231,1.648951,241.8856
242.7178: -2.039311,0.9302226,1.597887,217.3165
242.94: -2.292137,0.8632823,1.624621,190.5675
243.1622: -2.519908,0.7917646,1.597897,165.7921
243.3844: -2.708803,0.6804666,1.625002,148.9015
243.6067: -2.780781,0.556102,1.617536,135.2871
243.8289: -2.809383,0.4137588,1.641135,121.6815
244.0511: -2.828824,0.2475794,1.643526,108.3693
Trial Result: Success object: Telescope | Time Spent: 7.929096
Trial No.:18 Ends
Trial No.:19 Begins
User confirmed on object: Well, this maze officially starts.
253.9067: 1.59285,-2.008723,1.747501,88.10825
254.1289: 1.588536,-2.004173,1.747382,87.60883
254.3511: 1.582375,-2.021486,1.750075,100.3728
254.5733: 1.586464,-2.024438,1.744492,102.2611
254.7956: 1.597782,-1.97395,1.726867,69.78066
255.0178: 1.520713,-1.960807,1.681617,3.733749
255.24: 1.45546,-2.06694,1.667686,326.2964
255.4622: 1.373739,-2.187775,1.65602,295.0859
255.6844: 1.349882,-2.289519,1.678232,280.0838
255.9067: 1.271698,-2.378016,1.686659,276.9074
256.1289: 1.149946,-2.444556,1.674135,277.0875
256.3511: 1.161221,-2.369076,1.692037,332.5344
256.5733: 1.324768,-2.318124,1.688997,24.91424
256.7956: 1.467398,-2.243594,1.680334,25.74316
257.0178: 1.570297,-2.042829,1.670972,1.561018
257.24: 1.589397,-1.772704,1.616154,347.0044
257.4622: 1.552402,-1.521405,1.672252,321.6284
257.6844: 1.500979,-1.306376,1.638295,304.4857
257.9067: 1.379979,-1.141724,1.668532,292.1985
258.1289: 1.186324,-1.043931,1.652407,290.2318
258.3511: 0.9258733,-1.015588,1.667425,284.2389
258.5733: 0.6601818,-0.9714782,1.668317,285.5145
258.7956: 0.3783032,-0.8842863,1.660722,308.1968
259.0178: 0.01255494,-0.9225294,1.671906,288.5605
259.24: -0.3034495,-0.99563,1.649461,276.1911
259.4622: -0.6298276,-1.006113,1.686662,275.0138
259.6844: -0.98009,-0.970332,1.621644,278.0519
259.9067: -1.284731,-0.954711,1.666407,277.995
260.1289: -1.613964,-0.9986026,1.624734,265.9702
260.3511: -1.910171,-0.9397506,1.655681,313.9291
260.5733: -2.155875,-0.8514922,1.63154,345.4408
260.7956: -2.396128,-0.7237305,1.62557,4.270988
261.0178: -2.614178,-0.5815865,1.62848,19.1963
261.24: -2.83473,-0.3658259,1.628644,16.90832
261.4622: -2.883608,-0.1234981,1.607562,31.81155
261.6844: -2.832438,0.1512594,1.605187,42.64792
261.9067: -2.762301,0.3829423,1.623775,42.49718
262.1289: -2.639847,0.6641608,1.591925,42.86926
262.3511: -2.47323,0.9318172,1.631215,44.04673
262.5733: -2.261177,1.17915,1.583513,46.16512
262.7956: -2.055887,1.407229,1.598898,48.4628
263.0178: -1.931691,1.613179,1.631863,55.85962
263.24: -1.845565,1.86945,1.59515,75.36378
Trial Result: Success object: Table | Time Spent: 9.556658
Trial No.:19 Ends
Trial No.:8 Begins
User confirmed on object: Plant, this maze officially starts.
273.7956: -2.399532,-2.007453,1.714756,272.0682
274.0178: -2.404873,-2.008039,1.716555,273.2773
274.24: -2.400589,-2.001192,1.717162,277.6552
274.4622: -2.406617,-1.996256,1.712449,279.1993
274.6844: -2.422388,-1.949085,1.699297,301.7455
274.9067: -2.372225,-1.869861,1.659765,4.064414
275.1289: -2.374719,-1.738353,1.631865,15.45392
275.3511: -2.358236,-1.483657,1.578544,27.27727
275.5733: -2.29076,-1.324853,1.603459,66.05164
275.7956: -2.26759,-1.152599,1.59131,76.28427
276.0178: -2.116109,-1.025533,1.608152,87.514
276.24: -1.890128,-0.9942439,1.590502,88.87422
276.4622: -1.588193,-0.9703004,1.646837,86.57899
276.6844: -1.266822,-0.9430124,1.622939,86.42169
276.9067: -0.9240113,-0.937499,1.673894,89.69962
277.1289: -0.5568028,-0.9797797,1.63746,93.4158
277.3511: -0.119943,-1.015883,1.688338,86.24178
277.5733: 0.2485751,-0.9989067,1.644844,83.26843
277.7956: 0.5807133,-0.9790066,1.69112,77.73163
278.0178: 0.8995595,-0.988641,1.660207,69.64926
278.24: 1.135582,-0.9785228,1.675137,56.50626
278.4622: 1.360166,-0.9370072,1.688637,37.06925
278.6844: 1.521908,-0.9367659,1.700702,22.27142
Trial Result: Success object: Harp | Time Spent: 5.278246
Trial No.:8 Ends
Trial No.:4 Begins
User confirmed on object: Piano, this maze officially starts.
287.1844: 1.709254,3.295855,1.691806,181.5711
287.4067: 1.707567,3.306947,1.69226,184.5545
287.6289: 1.718392,3.296597,1.683199,182.5757
287.8511: 1.801754,3.243303,1.664187,158.7901
288.0733: 1.949631,3.13564,1.626234,154.7554
288.2956: 2.169207,3.003015,1.603045,159.3641
288.5178: 2.363845,2.797563,1.622977,173.7952
288.74: 2.480483,2.5245,1.591845,188.2001
288.9622: 2.584009,2.23213,1.643565,199.7322
289.1844: 2.68318,1.92854,1.617788,211.6463
289.4067: 2.736942,1.592065,1.667648,210.5069
289.6289: 2.721298,1.207323,1.633721,195.4139
289.8511: 2.679559,0.8547385,1.689782,191.9647
290.0733: 2.670909,0.492898,1.638902,196.8248
290.2956: 2.653597,0.1554739,1.681742,206.9733
290.5178: 2.60264,-0.1360175,1.662676,219.4171
290.74: 2.511163,-0.4424879,1.647774,240.5517
290.9622: 2.415907,-0.6795759,1.667513,276.4691
291.1844: 2.320288,-0.9005356,1.672362,290.8107
291.4067: 2.196001,-1.024003,1.68268,311.4235
291.6289: 2.041127,-1.094858,1.671125,328.1301
Trial Result: Success object: Harp | Time Spent: 4.856365
Trial No.:4 Ends
Trial No.:16 Begins
User confirmed on object: Wheelbarrow, this maze officially starts.
306.3845: 0.3879144,0.01535729,1.724126,268.8308
306.6067: 0.3763457,0.02707198,1.720994,277.3071
306.8289: 0.3602469,0.02842958,1.717558,280.1984
307.0511: 0.3338929,0.002247088,1.707642,265.7875
307.2733: 0.2941989,-0.095213,1.680371,227.0965
307.4956: 0.1946584,-0.2430421,1.637089,221.019
307.7178: 0.03124461,-0.4818284,1.609438,232.7424
307.94: -0.225336,-0.7179051,1.642977,250.1835
308.1622: -0.4715406,-0.8733373,1.615254,249.8806
308.3845: -0.7862872,-1.011098,1.652825,254.2218
308.6067: -1.109447,-1.121017,1.625835,257.8054
308.8289: -1.408112,-1.159319,1.667418,256.0867
309.0511: -1.746318,-1.154952,1.609723,247.6657
309.2733: -2.053299,-1.177194,1.653067,238.3874
309.4956: -2.308465,-1.277306,1.626143,233.6683
309.7178: -2.516036,-1.420734,1.645276,228.8867
Trial Result: Success object: Plant | Time Spent: 3.752787
Trial No.:16 Ends
Trial No.:9 Begins
User confirmed on object: Bookshelf, this maze officially starts.
321.9067: 1.68526,1.386701,1.718266,182.0156
322.1289: 1.671944,1.387873,1.715629,189.3066
322.3511: 1.539979,1.373963,1.666119,251.4423
322.5733: 1.384875,1.37526,1.629815,273.8024
322.7956: 1.136749,1.345881,1.576386,269.9175
323.0178: 0.9266026,1.286095,1.563801,281.427
323.24: 0.7134065,1.236523,1.573551,293.7819
323.4622: 0.4743306,1.250636,1.614611,318.1472
323.6844: 0.2650477,1.346117,1.588863,327.9475
323.9067: 0.08593904,1.524871,1.599215,335.424
324.1289: -0.04412729,1.753303,1.602544,338.0136
324.3511: -0.1498172,2.085436,1.630616,334.6863
324.5733: -0.2117177,2.399755,1.581007,319.478
324.7956: -0.3288263,2.672827,1.560036,292.2171
325.0178: -0.507726,2.8305,1.584668,277.145
325.24: -0.748812,2.945402,1.597181,269.8166
325.4622: -1.026019,3.048627,1.603178,268.1675
325.6844: -1.355757,3.131584,1.582231,267.0078
325.9067: -1.653836,3.150955,1.62057,264.4553
326.1289: -1.926651,3.128209,1.58101,263.811
326.3511: -2.223493,3.101598,1.629632,264.0984
326.5733: -2.39571,3.09228,1.605644,262.8105
Trial Result: Success object: Stove | Time Spent: 4.890989
Trial No.:9 Ends
Trial No.:1 Begins
User confirmed on object: Stove, this maze officially starts.
339.3178: -2.378881,3.023661,1.649692,269.6919
339.54: -2.373304,3.024261,1.650877,271.4013
339.7622: -2.370695,3.024673,1.649268,270.8849
339.9845: -2.340409,3.005971,1.618275,231.6011
340.2067: -2.209321,3.031592,1.599865,164.6596
340.4289: -2.070934,3.082445,1.600832,135.757
340.6511: -1.830541,3.096017,1.579337,120.0526
340.8734: -1.547249,3.116173,1.590722,104.8031
341.0956: -1.268109,3.050811,1.557967,108.8105
341.3178: -1.012116,2.948731,1.571911,112.3568
341.54: -0.7181512,2.905896,1.607135,99.05018
341.7622: -0.3749824,2.898619,1.591509,93.30619
341.9845: -0.005626312,2.894567,1.626419,93.47002
342.2067: 0.3803082,2.881905,1.581962,92.55448
342.4289: 0.7492604,2.903029,1.64362,92.0683
342.6511: 1.139374,2.960453,1.595872,100.849
342.8734: 1.465737,2.966874,1.661077,111.9193
343.0956: 1.7711,2.929769,1.605709,124.694
343.3178: 2.049843,2.838899,1.624464,138.0648
343.54: 2.278623,2.728455,1.620974,155.0832
343.7622: 2.474762,2.544636,1.627464,174.7337
343.9845: 2.593438,2.292873,1.59699,182.7572
344.2067: 2.645907,1.956397,1.620435,185.0053
344.4289: 2.680337,1.64975,1.656991,197.172
344.6511: 2.731017,1.269995,1.65439,194.3565
344.8734: 2.736489,0.9790027,1.681874,189.6342
345.0956: 2.686117,0.6333606,1.639147,190.3878
345.3178: 2.639439,0.301803,1.68706,193.7753
345.54: 2.614352,0.01878518,1.64712,199.7067
345.7622: 2.557151,-0.2847852,1.686644,211.5215
345.9845: 2.470958,-0.5544674,1.669934,211.0682
346.2067: 2.3333,-0.8344576,1.67823,191.7549
346.4289: 2.206978,-1.095121,1.694618,176.7465
346.6511: 2.092587,-1.395691,1.673251,163.3461
346.8734: 2.012156,-1.598276,1.693436,139.2199
347.0956: 1.91929,-1.79467,1.658644,113.6188
Trial Result: Success object: Well | Time Spent: 8.141039
Trial No.:1 Ends
Trial No.:22 Begins
User confirmed on object: Mailbox, this maze officially starts.
358.5733: -1.761606,-3.237168,1.723776,2.85886
358.7956: -1.76172,-3.218207,1.729335,5.027991
359.0178: -1.757382,-3.216464,1.723331,5.193854
359.24: -1.72606,-3.189126,1.717736,17.17281
359.4622: -1.608895,-3.14495,1.68932,37.70557
359.6844: -1.441568,-3.087361,1.651413,40.15003
359.9067: -1.259974,-2.98011,1.66285,33.10435
360.1289: -1.115474,-2.789754,1.633525,25.43011
360.3511: -1.009215,-2.520607,1.660529,25.39845
360.5733: -0.9081357,-2.247053,1.661439,25.61759
360.7956: -0.7991515,-1.937666,1.647097,26.15185
361.0178: -0.7012658,-1.613151,1.66751,33.75693
361.24: -0.5816,-1.342151,1.644593,55.67313
361.4622: -0.4231896,-1.134014,1.679283,70.24493
361.6844: -0.2645158,-0.9833462,1.647071,61.0399
361.9067: -0.1686429,-0.7289906,1.672801,30.64441
362.1289: -0.1139885,-0.4471248,1.632526,20.75886
362.3511: -0.06331795,-0.1460434,1.66095,25.56792
362.5733: 0.02143681,0.1325482,1.645728,39.33479
362.7956: 0.1383732,0.4161581,1.630109,52.02693
363.0178: 0.2827666,0.6679223,1.640923,85.78819
363.24: 0.4332076,0.8785355,1.631526,106.757
363.4622: 0.6462368,1.017625,1.635676,111.9677
363.6844: 0.8999068,1.042259,1.625699,120.9446
363.9067: 1.114453,1.055792,1.654614,132.7895
364.1289: 1.357542,1.070082,1.631583,151.4437
Trial Result: Success object: Bookshelf | Time Spent: 5.919039
Trial No.:22 Ends
Trial No.:11 Begins
User confirmed on object: Trashcan, this maze officially starts.
374.3956: 2.368936,1.034526,1.725587,92.80555
374.6178: 2.367124,1.03516,1.725061,93.76009
374.84: 2.370524,1.041501,1.719635,91.66578
375.0622: 2.360626,1.104159,1.693177,52.82758
375.2845: 2.20351,1.068199,1.646345,315.6781
375.5067: 2.13008,0.9796522,1.675564,285.6956
375.7289: 1.995422,0.9294401,1.658082,272.0317
375.9511: 1.795204,0.9092585,1.626027,267.3047
376.1733: 1.514936,0.8991701,1.644197,269.017
376.3956: 1.233475,0.9239019,1.651248,263.4379
376.6178: 0.9242548,0.9753181,1.637529,253.834
376.84: 0.6176816,1.0017,1.670302,262.1747
377.0622: 0.3011914,0.9884348,1.628796,270.3525
377.2845: -0.07475173,0.9736408,1.673624,275.0661
377.5067: -0.3905623,0.9774544,1.621588,274.2788
377.7289: -0.729284,0.9861472,1.656793,275.6528
377.9511: -1.029161,0.9577961,1.620345,269.6184
378.1733: -1.323986,0.9318632,1.641668,265.0837
378.3956: -1.627912,0.9258263,1.628133,251.7603
378.6178: -1.946575,0.9222118,1.586699,228.7468
378.84: -2.199482,0.84878,1.625625,193.8546
379.0622: -2.411471,0.7320132,1.579438,169.517
379.2845: -2.606743,0.5944394,1.630131,147.0914
379.5067: -2.760928,0.4625858,1.629807,126.9245
379.7289: -2.875505,0.3107428,1.631908,112.6499
Trial Result: Success object: Telescope | Time Spent: 5.669527
Trial No.:11 Ends
Trial No.:17 Begins
User confirmed on object: Harp, this maze officially starts.
392.3845: 1.694539,-1.383639,1.740682,357.8711
392.6067: 1.695774,-1.370754,1.740952,2.961042
392.8289: 1.705309,-1.368857,1.738465,12.15442
393.0511: 1.686235,-1.358629,1.729236,4.321072
393.2733: 1.588912,-1.339856,1.705091,319.2386
393.4956: 1.43212,-1.304226,1.668467,304.9331
393.7178: 1.094289,-1.230908,1.644067,304.4036
393.94: 0.8143058,-1.094716,1.658604,314.584
394.1622: 0.5726803,-0.9026096,1.627569,322.7894
394.3845: 0.3595814,-0.7377384,1.639498,328.1386
394.6067: 0.1614832,-0.5205849,1.596421,339.6136
394.8289: 0.05110224,-0.2121136,1.598746,347.9795
395.0511: 0.01026934,0.1343295,1.575792,345.4184
395.2733: -0.02013265,0.4915666,1.637689,349.7157
395.4956: -0.07685271,0.8253852,1.606813,354.6319
395.7178: -0.1172936,1.244371,1.663269,357.3031
395.94: -0.0980411,1.637202,1.594025,353.1692
396.1622: -0.1021725,2.010849,1.647984,345.1001
396.3845: -0.1446273,2.330415,1.585282,336.229
396.6067: -0.2357414,2.612689,1.60116,314.0216
396.8289: -0.3881731,2.865951,1.596154,293.123
397.0511: -0.6188888,3.096329,1.601635,277.2644
397.2733: -0.9123078,3.222079,1.568099,265.961
397.4956: -1.23761,3.273283,1.594124,265.4746
397.7178: -1.619604,3.273746,1.592855,264.3167
397.94: -1.954478,3.238232,1.562294,259.1126
398.1622: -2.1802,3.166296,1.622778,262.2673
398.3845: -2.35236,3.087932,1.578383,267.3696
Trial Result: Success object: Stove | Time Spent: 6.390503
Trial No.:17 Ends
Trial No.:2 Begins
User confirmed on object: Stove, this maze officially starts.
410.1178: -2.405739,2.989155,1.65874,270.9856
410.34: -2.397778,2.987811,1.659483,269.6417
410.5622: -2.346616,2.990712,1.622648,240.2698
410.7845: -2.236895,2.958892,1.61745,185.8594
411.0067: -2.083204,2.931157,1.604907,156.7643
411.2289: -1.950145,2.825748,1.588176,161.4792
411.4511: -1.913539,2.631703,1.583464,180.642
411.6733: -1.949721,2.378221,1.564443,184.4447
411.8956: -1.979147,2.093988,1.612476,184.0977
412.1178: -2.019326,1.791556,1.586084,194.2415
412.34: -2.139993,1.534223,1.621647,194.2497
412.5622: -2.302668,1.320026,1.586638,184.8317
412.7845: -2.482537,1.076105,1.637172,171.9619
413.0067: -2.607738,0.8339114,1.60563,166.5477
413.2289: -2.725536,0.5697882,1.630965,167.0778
413.4511: -2.824124,0.2859051,1.617795,167.9887
413.6733: -2.898392,0.02057153,1.624957,166.2237
413.8956: -2.939157,-0.2834928,1.642319,175.5967
414.1178: -2.859611,-0.5896063,1.617929,144.71
414.34: -2.782054,-0.7541643,1.63013,102.8295
414.5622: -2.689218,-0.9031959,1.620772,91.59683
414.7845: -2.526533,-0.9867252,1.612047,93.60185
415.0067: -2.252426,-1.013894,1.599212,101.2302
415.2289: -1.987636,-1.035552,1.645301,113.7194
415.4511: -1.710815,-1.082924,1.620152,115.5341
415.6733: -1.417509,-1.066056,1.657877,78.50253
415.8956: -1.149464,-1.022894,1.65618,66.8232
416.1178: -0.8461769,-0.953384,1.655427,60.12347
416.34: -0.6081302,-0.895116,1.669078,42.8894
416.5622: -0.3865247,-0.8484591,1.639924,36.32476
416.7845: -0.2107208,-0.8318002,1.684422,69.72002
417.0067: -0.08207129,-0.8486816,1.676621,84.38406
417.2289: 0.06799603,-0.895716,1.66776,85.77107
417.4511: 0.2616253,-0.9960222,1.652085,97.73888
417.6733: 0.4650549,-1.059588,1.686579,100.5908
417.8956: 0.7013409,-1.089868,1.660575,109.948
418.1178: 1.010523,-1.076888,1.688143,103.7016
418.34: 1.267951,-1.09348,1.689108,86.92407
418.5622: 1.538886,-1.120186,1.673042,68.67448
418.7845: 1.745584,-1.095973,1.701209,54.80322
419.0067: 1.966921,-1.022443,1.661956,41.9094
419.2289: 2.174925,-0.9026142,1.672635,29.20392
419.4511: 2.359603,-0.7706231,1.674381,14.06175
419.6733: 2.538332,-0.5897446,1.653706,352.792
419.8956: 2.646214,-0.3813793,1.680688,344.4364
420.1178: 2.694873,-0.08122846,1.641752,338.4716
420.34: 2.698224,0.1582245,1.68664,328.6146
420.5622: 2.700868,0.3896656,1.657689,309.0517
420.7845: 2.689463,0.6044572,1.640235,280.9867
421.0067: 2.631968,0.793187,1.673132,265.1282
421.2289: 2.532345,0.9213771,1.670927,263.2869
421.4511: 2.458124,1.047003,1.693501,276.8969
421.6733: 2.4886,1.238788,1.694474,331.7422
421.8956: 2.55084,1.425913,1.670394,344.6727
422.1178: 2.588947,1.556068,1.650444,343.9804
422.34: 2.628481,1.914725,1.676985,338.6528
422.5622: 2.578427,2.124694,1.647921,337.1166
422.7845: 2.513876,2.332308,1.669933,328.797
423.0067: 2.440448,2.562837,1.630341,314.4398
423.2289: 2.316151,2.768602,1.646204,286.6696
423.4511: 2.146609,2.904314,1.634538,263.8744
423.6733: 1.928243,2.991451,1.62492,252.2873
423.8956: 1.697112,3.094697,1.652212,258.0717
424.1178: 1.407868,3.216111,1.614361,262.0093
424.34: 1.119342,3.285802,1.649059,256.8403
424.5622: 0.8458173,3.264719,1.625401,246.342
424.7845: 0.5931122,3.182462,1.62601,224.9277
425.0067: 0.4045709,3.150933,1.641518,206.8237
425.2289: 0.1238802,3.158709,1.604185,214.7098
425.4511: -0.186015,3.183594,1.634624,242.7325
425.6733: -0.4663011,3.148685,1.605755,252.236
425.8956: -0.7435842,3.062425,1.609084,251.378
426.1178: -1.020933,2.993579,1.621104,256.8823
426.34: -1.343849,2.876392,1.566324,245.0578
426.5622: -1.544783,2.684155,1.624072,213.6154
426.7845: -1.685895,2.456099,1.577917,204.485
427.0067: -1.803171,2.224542,1.604586,210.4912
427.2289: -1.95653,1.980395,1.609259,214.3308
427.4511: -2.133373,1.703259,1.591264,210.0858
427.6733: -2.27333,1.408848,1.631906,199.5519
427.8956: -2.395422,1.080734,1.581003,187.7161
428.1178: -2.498155,0.785026,1.630911,171.8663
428.34: -2.643625,0.4661212,1.599452,171.6528
428.5622: -2.765882,0.1526895,1.642674,176.004
428.7845: -2.818861,-0.1597382,1.618789,179.6067
429.0067: -2.798558,-0.4437635,1.632461,164.6416
429.2289: -2.759193,-0.7077677,1.651139,125.9845
429.4511: -2.75404,-0.9736126,1.619091,98.09171
429.6733: -2.75137,-1.280768,1.664554,107.2755
429.8956: -2.76589,-1.626718,1.628358,144.9025
430.1178: -2.733335,-1.924711,1.661382,148.5196
430.34: -2.656111,-2.253258,1.630309,138.5001
430.5622: -2.535813,-2.531319,1.644419,116.2904
430.7845: -2.36088,-2.722179,1.649078,84.47225
431.0067: -2.179255,-2.871164,1.64167,80.34905
431.2289: -1.959669,-3.024047,1.677314,74.55833
431.4511: -1.700386,-3.180131,1.649037,74.40317
431.6733: -1.421741,-3.26388,1.692739,58.05389
431.8956: -1.153215,-3.268595,1.656644,31.51823
432.1178: -0.8335521,-3.295898,1.686034,55.74348
432.34: -0.4822569,-3.334908,1.678511,69.89483
432.5622: -0.1509952,-3.366846,1.691118,78.40662
432.7845: 0.149813,-3.325399,1.702581,78.58552
433.0067: 0.4059782,-3.240424,1.665237,70.70507
433.2289: 0.6586813,-3.154154,1.709399,61.04085
433.4511: 0.9351182,-3.06796,1.6714,53.20649
433.6733: 1.224855,-2.95239,1.663855,37.21821
433.8956: 1.422297,-2.786589,1.703498,19.52988
434.1178: 1.550266,-2.571358,1.661896,10.16237
434.34: 1.651403,-2.318963,1.699247,2.026994
434.5622: 1.722027,-2.084843,1.669313,351.9649
434.7845: 1.750129,-1.83126,1.678785,325.2124
435.0067: 1.701193,-1.647949,1.690057,298.957
435.2289: 1.637656,-1.493097,1.678061,300.2981
435.4511: 1.535359,-1.345498,1.701638,290.7107
435.6733: 1.461516,-1.204133,1.696199,288.5971
435.8956: 1.348822,-1.093075,1.689315,293.329
436.1178: 1.144188,-1.025135,1.642229,295.6587
436.34: 0.7965683,-0.9659389,1.6284,301.3423
436.5622: 0.5322358,-0.8723651,1.682439,305.9708
436.7845: 0.3282428,-0.7304038,1.648045,305.3876
Trial Result: Success object: Wheelbarrow | Time Spent: 26.96444
Trial No.:2 Ends
Trial No.:15 Begins
User confirmed on object: Wheelbarrow, this maze officially starts.
446.2845: 0.421611,0.01135056,1.713989,268.6099
446.5067: 0.424035,0.01009539,1.718899,269.1893
446.7289: 0.4079325,0.004313448,1.7027,266.4523
446.9511: 0.3759232,-0.06024591,1.681717,236.1791
447.1733: 0.3172553,-0.1611515,1.654671,227.7423
447.3956: 0.2361493,-0.319237,1.630752,232.8594
447.6178: 0.1133309,-0.5012479,1.662801,240.2432
447.84: -0.05792668,-0.6451316,1.64628,249.9692
448.0622: -0.259138,-0.7707998,1.648104,250.4177
448.2845: -0.4189689,-0.9552197,1.658818,223.2332
448.5067: -0.5812919,-1.158951,1.631609,208.4398
448.7289: -0.7619492,-1.407304,1.658298,196.2635
448.9511: -0.8948982,-1.624955,1.644395,198.9759
449.1733: -1.00055,-1.888377,1.678991,195.3676
449.3956: -1.043329,-2.132575,1.644173,198.097
449.6178: -1.087624,-2.444163,1.618838,218.7629
449.84: -1.215222,-2.656123,1.664683,256.5673
450.0622: -1.414306,-2.793032,1.636901,278.0379
450.2845: -1.608128,-2.879016,1.667615,310.4915
450.5067: -1.772154,-2.969049,1.657761,345.9951
450.7289: -1.896683,-3.04668,1.697669,6.021847
Trial Result: Success object: Mailbox | Time Spent: 4.699579
Trial No.:15 Ends
Trial No.:12 Begins
User confirmed on object: Trashcan, this maze officially starts.
464.6956: 2.310513,1.064808,1.727121,93.33199
464.9178: 2.322648,1.053921,1.723543,101.7944
465.14: 2.329622,1.035304,1.712435,111.7562
465.3622: 2.302605,0.9543166,1.687942,166.5044
465.5844: 2.266117,0.9387112,1.679788,192.702
465.8067: 2.171056,0.8805301,1.65863,236.0001
466.0289: 2.147403,0.79549,1.667667,227.6671
466.2511: 2.143401,0.6702809,1.662632,213.832
466.4734: 2.129472,0.5617789,1.664916,208.0987
466.6956: 2.094784,0.521826,1.675876,201.724
466.9178: 2.124747,0.5554537,1.682416,209.1441
467.14: 2.204255,0.5633103,1.67456,204.0263
467.3622: 2.291485,0.4999382,1.679517,198.5974
467.5844: 2.348718,0.3927429,1.680985,186.376
467.8067: 2.364243,0.2467991,1.667345,181.2203
468.0289: 2.35035,0.05731209,1.674971,179.3515
468.2511: 2.355664,-0.1202907,1.688108,182.5645
468.4734: 2.388652,-0.3172821,1.662353,195.4882
468.6956: 2.399298,-0.5012492,1.692053,213.0255
468.9178: 2.362039,-0.6456821,1.700225,222.4964
469.14: 2.204657,-0.7792645,1.68341,251.1104
469.3622: 2.071029,-0.8766426,1.681604,266.5497
469.5844: 1.900184,-0.9903729,1.65482,278.0135
469.8067: 1.748438,-1.02152,1.676406,305.7652
470.0289: 1.504679,-1.057441,1.668651,292.5394
470.2511: 1.224552,-1.028411,1.658628,276.835
470.4734: 0.9813744,-0.9801502,1.691077,281.2766
470.6956: 0.7240619,-0.9643021,1.655486,279.4715
470.9178: 0.4569335,-0.9587036,1.683243,268.7981
471.14: 0.1278965,-0.9045603,1.655969,267.6712
471.3622: -0.126426,-0.8579189,1.668318,267.0606
471.5844: -0.3872111,-0.8628259,1.669096,264.0844
471.8067: -0.6402962,-0.8908156,1.647096,267.7869
472.0289: -0.9042339,-0.9102758,1.666856,266.9317
472.2511: -1.189218,-0.910386,1.628176,265.0524
472.4734: -1.473108,-0.9092724,1.651859,260.5821
472.6956: -1.739263,-0.8879934,1.644262,286.3766
472.9178: -1.987686,-0.8720212,1.623355,320.1879
473.14: -2.235085,-0.8122458,1.645594,345.6608
473.3622: -2.422259,-0.669413,1.605995,8.278068
473.5844: -2.596813,-0.5074428,1.632802,13.22663
473.8067: -2.741366,-0.3313245,1.601037,17.66997
474.0289: -2.818575,-0.1120694,1.629823,29.0843
474.2511: -2.781199,0.1335588,1.597897,35.742
474.4734: -2.664907,0.4022163,1.623238,35.68827
474.6956: -2.566386,0.6579087,1.633649,37.78797
474.9178: -2.464268,0.9219997,1.6004,40.46779
475.14: -2.316009,1.159371,1.640941,44.65083
475.3622: -2.141932,1.347714,1.590949,46.35373
Trial Result: Success object: Table | Time Spent: 11.10275
Trial No.:12 Ends
Trial No.:10 Begins
User confirmed on object: Bookshelf, this maze officially starts.
487.8845: 1.739618,1.420355,1.720114,182.7964
488.1067: 1.727686,1.421828,1.718914,189.1732
488.3289: 1.712801,1.409477,1.709928,194.5409
488.5511: 1.761714,1.356095,1.684489,170.0423
488.7733: 1.866737,1.272116,1.658216,157.053
488.9956: 2.070767,1.119665,1.62684,160.7332
489.2178: 2.267232,0.9278578,1.65935,177.9066
489.44: 2.423641,0.6380407,1.617964,186.3335
489.6622: 2.497475,0.3639053,1.658575,190.0807
489.8845: 2.561288,0.06761433,1.667401,200.5292
490.1067: 2.581989,-0.209798,1.660615,210.231
490.3289: 2.524462,-0.4784783,1.673584,214.3667
490.5511: 2.391523,-0.7514588,1.65862,210.5155
490.7733: 2.255785,-1.023785,1.694205,207.6242
490.9956: 2.135295,-1.309417,1.647599,207.1872
491.2178: 2.02943,-1.602276,1.688279,201.0528
491.44: 1.893437,-1.923581,1.659826,208.7045
491.6622: 1.75437,-2.215344,1.685202,219.407
491.8845: 1.627183,-2.484833,1.672023,241.7142
492.1067: 1.511724,-2.711413,1.666941,266.3845
492.3289: 1.355367,-2.891647,1.703857,279.5633
492.5511: 1.107086,-3.049419,1.667292,277.8248
492.7733: 0.8167706,-3.177195,1.703646,274.6238
492.9956: 0.5191807,-3.286042,1.67085,276.9133
493.2178: 0.2155232,-3.346367,1.703965,284.0912
493.44: -0.1121873,-3.337154,1.681037,289.7472
493.6622: -0.4391692,-3.296183,1.683639,285.3943
493.8845: -0.7377913,-3.28704,1.694771,281.5226
494.1067: -1.055803,-3.286898,1.665196,279.9768
494.3289: -1.296334,-3.256063,1.706026,280.8364
494.5511: -1.574283,-3.180423,1.660705,288.2464
494.7733: -1.834903,-3.057627,1.671918,309.2711
494.9956: -2.078506,-2.960788,1.66521,308.7932
495.2178: -2.313764,-2.850212,1.645745,310.2858
495.44: -2.491383,-2.698117,1.683383,309.5952
495.6622: -2.574521,-2.518035,1.654158,302.6523
Trial Result: Success object: Plant | Time Spent: 8.06488
Trial No.:10 Ends
Trial No.:23 Begins
User confirmed on object: Chair, this maze officially starts.
507.5289: 0.7752255,-3.382265,1.75055,4.588137
507.7511: 0.7752514,-3.390306,1.748017,8.315002
507.9734: 0.7513377,-3.362458,1.741161,357.6728
508.1956: 0.623674,-3.329414,1.720679,322.9836
508.4178: 0.4546018,-3.33118,1.688459,311.9333
508.64: 0.2192047,-3.329931,1.687087,307.8035
508.8622: 0.03873155,-3.276866,1.694063,307.7095
509.0844: -0.1422219,-3.159369,1.662055,314.8038
509.3067: -0.3164876,-3.030616,1.685265,320.063
509.5289: -0.4762094,-2.89984,1.675225,334.2069
509.7511: -0.6610483,-2.725499,1.624235,358.3644
509.9734: -0.7638229,-2.582231,1.681616,10.26606
510.1956: -0.8247706,-2.390061,1.66329,11.55146
510.4178: -0.8226501,-2.126476,1.630477,15.93771
510.64: -0.7807842,-1.851346,1.651366,20.55162
510.8622: -0.7084296,-1.553219,1.624731,24.66109
511.0844: -0.5912787,-1.23888,1.658213,26.49799
511.3067: -0.4125975,-0.9627917,1.650396,24.72948
511.5289: -0.2290673,-0.676034,1.643882,16.28211
511.7511: -0.1207052,-0.3449996,1.652485,9.811917
511.9734: -0.08959135,-7.831864E-05,1.635808,9.670074
512.1956: -0.05777404,0.33137,1.662889,6.891017
512.4178: -0.01361023,0.6923761,1.59478,4.523205
512.64: -0.0102352,0.9915705,1.655258,3.170937
512.8622: -0.02202272,1.31296,1.612261,5.636838
513.0845: -0.02301875,1.620068,1.629585,12.07691
513.3067: 0.007876206,1.888803,1.624621,18.5518
513.5289: 0.07697532,2.174581,1.612245,25.50595
513.7511: 0.1455913,2.425226,1.628142,40.65731
513.9733: 0.2666983,2.664012,1.599306,81.36112
514.1956: 0.4178888,2.825411,1.631357,99.90624
514.4178: 0.6519288,2.940269,1.591178,103.3417
514.64: 0.8697774,2.982379,1.629326,109.7684
514.8622: 1.0915,3.030062,1.636363,124.4797
515.0845: 1.314694,3.084623,1.621148,138.4616
515.3067: 1.491757,3.081795,1.663761,153.2536
Trial Result: Success object: Piano | Time Spent: 8.01899
Trial No.:23 Ends
Trial No.:24 Begins
User confirmed on object: Chair, this maze officially starts.
529.5067: 0.8198004,-3.436593,1.743753,356.3327
529.7289: 0.8353696,-3.452536,1.7538,356.113
529.9511: 0.844284,-3.458741,1.754082,359.6222
530.1733: 0.8470637,-3.44612,1.747974,1.013046
530.3956: 0.8807864,-3.416585,1.718642,15.90123
530.6178: 0.9285862,-3.407691,1.715345,35.86298
530.84: 0.92871,-3.394518,1.715851,30.45746
531.0623: 0.8872429,-3.378121,1.715984,5.344122
531.2845: 0.8811634,-3.37597,1.714844,2.309966
531.5067: 0.9575446,-3.35059,1.702507,12.2051
531.7289: 1.148653,-3.300843,1.671426,23.8177
531.9511: 1.322018,-3.195515,1.701225,29.12634
532.1733: 1.461731,-3.01091,1.6777,26.03188
532.3956: 1.556112,-2.757287,1.683844,15.36012
532.6178: 1.652277,-2.522104,1.702637,12.71439
532.84: 1.768771,-2.256,1.66318,17.45088
533.0623: 1.869821,-1.999148,1.691093,18.64064
533.2845: 1.959796,-1.725514,1.681939,24.23969
533.5067: 2.041945,-1.446906,1.687638,22.14183
533.7289: 2.174451,-1.207178,1.70008,21.1628
533.9511: 2.355818,-0.9661512,1.665558,18.38524
534.1733: 2.512907,-0.6697555,1.701758,15.18334
534.3956: 2.576851,-0.4202248,1.658391,15.40836
534.6178: 2.632921,-0.1563432,1.696416,23.30936
534.84: 2.69871,0.08889429,1.675676,28.76553
535.0623: 2.763476,0.3242804,1.65664,30.30311
Trial Result: Success object: Trashcan | Time Spent: 5.987169
Trial No.:24 Ends
Trial No.:14 Begins
User confirmed on object: Telescope, this maze officially starts.
547.5845: -3.16873,-0.04337445,1.682624,86.50156
547.8067: -3.162199,-0.04243881,1.681215,87.44236
548.0289: -3.149916,-0.03771002,1.679663,86.26479
548.2511: -3.135192,-0.03667265,1.678138,86.39701
548.4733: -3.11209,-0.02436373,1.668862,81.57835
548.6956: -3.070817,-0.0969233,1.653764,107.9482
548.9178: -3.019722,-0.2361734,1.625406,123.0352
549.14: -2.93355,-0.4191574,1.586824,116.26
549.3622: -2.804056,-0.5696084,1.612838,102.9426
549.5845: -2.594442,-0.6974621,1.585862,94.71953
549.8067: -2.330663,-0.7848581,1.608563,95.01018
550.0289: -2.068972,-0.88157,1.640634,96.87253
550.2511: -1.766866,-0.9874642,1.621815,95.79118
550.4733: -1.45028,-1.022645,1.663038,83.40739
550.6956: -1.122349,-1.010137,1.619735,74.63128
550.9178: -0.8383437,-1.000639,1.670818,61.01383
551.14: -0.5511413,-1.000045,1.62239,31.84997
551.3622: -0.3361208,-0.9831855,1.648913,3.511534
551.5845: -0.126248,-0.9261425,1.653236,349.705
551.8067: 0.04778197,-0.8798361,1.648509,340.2589
552.0289: 0.1263409,-0.8274404,1.636696,330.0793
552.2511: 0.1140466,-0.7086053,1.646176,318.6419
Trial Result: Success object: Wheelbarrow | Time Spent: 5.052843
Trial No.:14 Ends
Trial No.:7 Begins
User confirmed on object: Plant, this maze officially starts.
565.6067: -2.486995,-2.051977,1.723598,274.6742
565.8289: -2.496063,-2.050502,1.722049,275.4915
566.0511: -2.514415,-2.001662,1.707663,301.4537
566.2734: -2.454522,-1.947198,1.66865,9.153407
566.4955: -2.390694,-2.010502,1.650935,54.79519
566.7178: -2.327672,-2.083625,1.656194,69.90634
566.94: -2.321467,-2.179047,1.654488,85.48054
567.1622: -2.33307,-2.199407,1.649561,66.75258
567.3845: -2.409003,-2.148486,1.629842,17.88643
567.6067: -2.472452,-2.063917,1.616759,13.55319
567.8289: -2.548475,-1.886258,1.61315,19.95177
568.0511: -2.548193,-1.689208,1.640497,32.89488
568.2734: -2.435748,-1.490972,1.604541,53.57372
568.4955: -2.295717,-1.313454,1.637151,69.91606
568.7178: -2.126872,-1.148579,1.62915,81.17268
568.94: -1.888442,-0.989363,1.668147,87.74696
569.1622: -1.643618,-0.9305393,1.638654,89.41396
569.3845: -1.354443,-0.9306483,1.651778,84.25716
569.6067: -1.126101,-0.9299489,1.664852,85.92505
569.8289: -0.8450201,-0.9228667,1.630505,87.8326
570.0511: -0.552181,-0.9355486,1.681844,89.2273
570.2734: -0.2517074,-0.987106,1.655665,87.41134
570.4955: 0.06125835,-1.056581,1.681489,86.29541
570.7178: 0.356435,-1.075969,1.682756,88.11614
570.94: 0.7093343,-1.055062,1.677044,92.0243
571.1622: 1.003322,-1.059054,1.692907,89.26947
571.3845: 1.314073,-1.072549,1.674017,80.66654
571.6067: 1.566442,-1.04425,1.701438,67.6187
571.8289: 1.809677,-0.9847887,1.664295,53.07269
572.0511: 2.047875,-0.9036158,1.683983,38.61956
572.2734: 2.265838,-0.8071434,1.681979,29.18023
572.4955: 2.441593,-0.6656404,1.683183,21.59213
572.7178: 2.537471,-0.4591672,1.660137,15.8948
572.94: 2.597684,-0.1499546,1.663395,21.52162
573.1622: 2.651415,0.04693729,1.691041,29.03951
573.3845: 2.721426,0.2828478,1.647699,34.36291
573.6067: 2.776823,0.5126297,1.685425,39.82336
573.8289: 2.79065,0.669804,1.690459,50.92534
Trial Result: Success object: Trashcan | Time Spent: 8.455477
Trial No.:7 Ends
