Participant ID: 405
Maze Mode: testing
Trial No.:13 Begins
User confirmed on object: Telescope, this maze officially starts.
88.70222: -2.706098,0.01488192,1.728067,90.12813
88.92445: -2.710175,0.0146,1.730571,88.96707
89.14667: -2.718503,0.01228097,1.730751,88.31361
89.36889: -2.726161,0.008625566,1.731002,88.29048
89.59111: -2.731077,0.007124017,1.735377,87.12569
89.81333: -2.749971,0.009467542,1.775861,82.74877
90.03556: -2.781512,0.006606961,1.795034,81.32475
90.25778: -2.781538,0.006990228,1.790298,79.24832
90.48: -2.775991,0.002224883,1.788253,83.21679
90.70222: -2.7734,-0.01373358,1.787335,94.73322
90.92445: -2.778106,-0.03323163,1.786707,109.5411
91.14667: -2.777737,-0.03623123,1.787156,112.216
91.36889: -2.760979,-0.01985748,1.784429,99.14779
91.59111: -2.746185,0.01638014,1.778689,72.12478
91.81333: -2.748027,0.04881448,1.751046,46.32871
92.03556: -2.753257,0.04653369,1.752765,41.98855
92.25778: -2.75669,0.03474758,1.756938,41.21037
92.48: -2.755334,0.009457804,1.768641,48.44879
92.70222: -2.756335,0.004467474,1.760764,49.92687
92.92445: -2.750598,-0.02025391,1.763397,66.98814
93.14667: -2.747783,-0.05801583,1.748597,92.75103
93.36889: -2.750172,-0.07233865,1.747432,100.0727
93.59111: -2.735886,-0.08477356,1.740368,111.6554
93.81334: -2.716021,-0.08536622,1.711964,128.9931
94.03556: -2.701506,-0.09316383,1.695099,137.9127
94.25778: -2.709854,-0.1714776,1.703863,140.9742
94.48: -2.741255,-0.3167729,1.697771,142.1582
94.70222: -2.798301,-0.4859212,1.715516,163.6244
94.92445: -2.808599,-0.5871936,1.730253,169.5869
95.14667: -2.732723,-0.6609083,1.730221,142.779
95.36889: -2.598326,-0.6789387,1.711358,99.24767
95.59111: -2.482262,-0.738741,1.738664,94.56491
95.81334: -2.36942,-0.8034195,1.751225,92.69779
96.03556: -2.191724,-0.927721,1.725659,89.6899
96.25778: -2.030061,-1.029806,1.76638,88.24314
96.48: -1.839562,-1.055949,1.755695,87.8653
96.70222: -1.629213,-1.00791,1.705537,86.41568
96.92445: -1.426684,-0.9553744,1.739305,86.32315
97.14667: -1.219737,-0.9517419,1.765834,89.01005
97.36889: -0.9984528,-0.9643373,1.733036,89.76755
97.59111: -0.7721505,-0.9995602,1.752437,88.4504
97.81334: -0.5723445,-1.00142,1.768232,89.34863
98.03556: -0.3122968,-0.9679614,1.726085,91.76317
98.25778: -0.06864156,-0.9406931,1.764799,92.35183
98.48: 0.148525,-0.9501755,1.770661,94.07031
98.70222: 0.3876916,-1.00039,1.730662,93.85334
98.92445: 0.5685701,-1.026824,1.769405,99.76893
99.14667: 0.7682679,-1.015387,1.760506,104.4326
99.36889: 0.9996063,-0.9626517,1.730157,111.2639
99.59111: 1.190048,-0.9642089,1.777994,119.0391
99.81334: 1.352058,-1.020347,1.760079,127.0056
100.0356: 1.504166,-1.13332,1.754648,129.6441
100.2578: 1.654462,-1.227792,1.774044,135.8251
100.48: 1.799124,-1.298465,1.747243,138.9531
100.7022: 1.924707,-1.360986,1.761386,142.3827
100.9244: 1.994184,-1.431254,1.775887,142.6082
Trial Result: Success object: Well | Time Spent: 12.49779
Trial No.:13 Ends
Trial No.:9 Begins
User confirmed on object: Bookshelf, this maze officially starts.
125.3467: 1.800315,1.250952,1.793061,180.6361
125.5689: 1.803723,1.253225,1.796166,181.3462
125.7911: 1.804692,1.262729,1.801005,184.9157
126.0133: 1.788144,1.274163,1.800285,198.0071
126.2356: 1.781125,1.281302,1.800945,204.5705
126.4578: 1.779825,1.278201,1.802423,204.3203
126.68: 1.778519,1.266932,1.800084,205.5799
126.9022: 1.777994,1.259684,1.799431,209.2683
127.1245: 1.750746,1.262984,1.78856,229.5891
127.3467: 1.725348,1.281682,1.778409,250.4243
127.5689: 1.684689,1.294444,1.777048,260.4192
127.7911: 1.585621,1.305648,1.768897,262.8729
128.0133: 1.470558,1.300886,1.761142,262.4737
128.2356: 1.388232,1.27282,1.761786,253.0291
128.4578: 1.288429,1.240351,1.749557,258.5052
128.68: 1.142631,1.170939,1.717412,274.1799
128.9022: 1.020577,1.062117,1.739523,280.0543
129.1245: 0.8887229,1.023333,1.755765,283.4669
129.3467: 0.7377573,1.04895,1.727196,292.1503
129.5689: 0.5834588,1.110956,1.733575,304.8849
129.7911: 0.4290773,1.145947,1.740514,310.9301
130.0133: 0.2628649,1.130546,1.731767,296.2239
130.2356: 0.06036249,1.078752,1.708199,292.7509
130.4578: -0.1345947,1.027425,1.731533,289.2366
130.68: -0.3170159,1.017388,1.739361,287.2993
130.9022: -0.5232476,1.056536,1.700107,287.0295
131.1245: -0.7438828,1.096224,1.733918,286.6594
131.3467: -0.9241661,1.113843,1.736167,288.7416
131.5689: -1.084823,1.118355,1.703567,295.5216
131.7911: -1.309536,1.119157,1.700676,304.9717
132.0133: -1.478043,1.180515,1.725781,315.1564
132.2356: -1.597819,1.289399,1.70902,322.9089
132.4578: -1.68166,1.456508,1.698341,331.0217
132.68: -1.746609,1.603638,1.713694,335.0802
132.9022: -1.832229,1.790984,1.692906,329.3975
133.1245: -1.933342,1.958398,1.691226,326.7469
133.3467: -2.006282,2.106845,1.729329,322.3976
133.5689: -2.06669,2.250293,1.714151,315.9613
133.7911: -2.116802,2.431123,1.699062,306.8461
134.0133: -2.185427,2.588619,1.726236,298.9273
134.2356: -2.28855,2.67367,1.718405,290.8057
134.4578: -2.416554,2.690104,1.697395,288.0662
134.68: -2.519073,2.703491,1.709146,285.8441
134.9022: -2.575181,2.749518,1.720291,280.7617
135.1245: -2.595657,2.808894,1.728914,271.8493
Trial Result: Success object: Stove | Time Spent: 10.11722
Trial No.:9 Ends
Trial No.:21 Begins
User confirmed on object: Mailbox, this maze officially starts.
151.0244: -1.820654,-3.245166,1.798011,0.1432761
151.2467: -1.827182,-3.255755,1.800874,2.2425
151.4689: -1.830921,-3.261786,1.80258,6.92908
151.6911: -1.835966,-3.260792,1.801023,7.804928
151.9133: -1.835642,-3.259786,1.799161,7.486569
152.1356: -1.831322,-3.269273,1.796692,8.721022
152.3578: -1.8358,-3.272534,1.797101,7.273983
152.58: -1.837149,-3.270824,1.794172,7.202294
152.8022: -1.837932,-3.275195,1.794442,7.693541
153.0244: -1.840428,-3.275169,1.7946,8.100962
153.2467: -1.844013,-3.273004,1.789667,11.44056
153.4689: -1.830836,-3.272663,1.780439,27.39446
153.6911: -1.819187,-3.286742,1.775952,44.58434
153.9133: -1.814121,-3.29476,1.771726,55.69761
154.1356: -1.802756,-3.288363,1.767595,60.381
154.3578: -1.760968,-3.277902,1.764555,59.73677
154.58: -1.667379,-3.281608,1.765575,58.61883
154.8022: -1.565874,-3.254868,1.759608,36.10323
155.0244: -1.460422,-3.206804,1.753574,32.877
155.2467: -1.325968,-3.094724,1.720396,32.88671
155.4689: -1.208835,-2.93916,1.717964,30.44695
155.6911: -1.105413,-2.801373,1.750109,25.92155
155.9133: -1.01859,-2.669742,1.747151,21.28468
156.1356: -0.9012064,-2.523639,1.724659,14.59092
156.3578: -0.8199601,-2.367459,1.753612,12.98855
156.58: -0.8127217,-2.189723,1.73424,15.6306
156.8022: -0.871051,-1.96392,1.709567,23.09342
157.0244: -0.8992653,-1.78197,1.746889,31.95978
157.2467: -0.8758079,-1.595211,1.73525,44.90592
157.4689: -0.7803339,-1.440353,1.733126,55.20373
157.6911: -0.7234831,-1.31481,1.752013,59.57872
157.9133: -0.6718791,-1.2034,1.75016,54.24886
158.1356: -0.6260756,-1.060832,1.737152,47.50304
158.3578: -0.5597811,-0.9490662,1.757075,40.46726
158.58: -0.4371374,-0.859413,1.750105,31.80783
158.8022: -0.2641279,-0.7771294,1.733941,14.24412
159.0244: -0.1464269,-0.6861039,1.759913,2.858469
159.2467: -0.08330279,-0.5208755,1.73236,0.6259342
159.4689: -0.08323723,-0.284475,1.712383,4.265621
159.6911: -0.06653628,-0.09216867,1.745961,10.98687
159.9133: -0.02877072,0.07957971,1.737457,19.67612
160.1356: 0.04327318,0.2772403,1.700559,34.51912
160.3578: 0.120244,0.4681909,1.725882,48.529
160.58: 0.1960535,0.6183732,1.734996,60.47883
160.8022: 0.2831331,0.7683342,1.71259,73.2132
161.0244: 0.3792529,0.8941195,1.737893,85.37783
161.2467: 0.5138301,0.9716332,1.738587,91.57971
161.4689: 0.7229878,1.002766,1.708932,90.2652
161.6911: 0.9291772,0.988565,1.731036,89.32513
161.9133: 1.09675,1.007767,1.751993,90.57055
162.1356: 1.258224,1.03994,1.719137,91.24715
162.3578: 1.481544,1.079548,1.734115,91.87793
162.58: 1.671376,1.063173,1.763598,93.8542
162.8022: 1.864358,1.028268,1.735991,90.91838
163.0244: 2.05915,0.9649237,1.760957,86.54724
163.2467: 2.200623,0.9676549,1.775463,85.5574
163.4689: 2.319177,1.029149,1.756985,84.32397
163.6911: 2.410566,1.115991,1.768843,85.93134
163.9133: 2.481282,1.157498,1.775185,84.19339
Trial Result: Success object: Trashcan | Time Spent: 13.1342
Trial No.:21 Ends
Trial No.:6 Begins
User confirmed on object: Table, this maze officially starts.
187.8467: -2.113278,2.062319,1.765005,84.94054
188.0689: -2.12475,2.07184,1.769733,88.90675
188.2911: -2.140678,2.07045,1.773075,102.5694
188.5133: -2.144236,2.065618,1.770331,108.5598
188.7356: -2.142516,2.076684,1.769206,104.9
188.9578: -2.132342,2.089033,1.771555,100.2075
189.18: -2.115973,2.100163,1.76912,98.9865
189.4022: -2.11642,2.118304,1.766952,97.08777
189.6245: -2.117404,2.135988,1.765847,98.13612
189.8467: -2.112611,2.130673,1.753851,116.8517
190.0689: -2.105244,2.118743,1.740722,128.74
190.2911: -2.105603,2.030285,1.736449,130.4591
190.5133: -2.103682,1.881422,1.72903,128.8799
190.7356: -2.076672,1.722688,1.723976,126.2562
190.9578: -2.013484,1.601844,1.732391,123.1977
191.18: -1.889123,1.499477,1.705939,119.1991
191.4022: -1.718093,1.404614,1.727846,116.5847
191.6245: -1.583189,1.308683,1.743131,113.4762
191.8467: -1.384202,1.165932,1.714269,107.8743
192.0689: -1.223263,1.042014,1.732172,103.8944
192.2911: -1.040428,0.9801958,1.749224,103.7889
192.5133: -0.8388805,0.9712079,1.719758,108.05
192.7356: -0.6354674,0.9744356,1.721189,124.7086
192.9578: -0.4597752,0.9381675,1.73932,136.2251
193.18: -0.2976549,0.8305335,1.71468,139.0785
193.4022: -0.1771707,0.6468445,1.713825,148.0953
193.6245: -0.08837298,0.4902814,1.718834,156.021
193.8467: -0.01088245,0.2997062,1.692579,158.8899
194.0689: 0.06570527,0.09771897,1.703789,163.9761
194.2911: 0.07910682,-0.09312907,1.73718,166.9106
194.5133: 0.0322135,-0.3135201,1.706112,182.5959
194.7356: -0.01761356,-0.5368419,1.711219,181.3331
194.9578: 0.04754056,-0.6723573,1.740325,143.6616
195.18: 0.1672495,-0.7234256,1.729455,104.3707
195.4022: 0.3364143,-0.7800063,1.7258,93.6759
195.6245: 0.4977611,-0.8302607,1.741044,92.68058
195.8467: 0.6748162,-0.8957477,1.727246,95.35716
196.0689: 0.9242654,-1.025674,1.706674,105.6599
196.2911: 1.1028,-1.097925,1.754576,116.4764
196.5133: 1.301276,-1.158696,1.733867,129.6705
196.7356: 1.480388,-1.206791,1.727123,143.2399
196.9578: 1.591783,-1.316828,1.762821,161.2673
197.18: 1.662965,-1.475883,1.735708,167.958
197.4022: 1.707661,-1.707765,1.732941,165.338
197.6245: 1.763706,-1.900064,1.753955,155.7566
197.8467: 1.823636,-2.095722,1.727041,149.6834
198.0689: 1.890566,-2.335102,1.713562,173.8368
198.2911: 1.82487,-2.471819,1.762138,233.2863
198.5133: 1.783928,-2.590322,1.736768,256.0412
198.7356: 1.7139,-2.702213,1.73049,264.9394
198.9578: 1.666546,-2.815414,1.740968,269.1343
Trial Result: Success object: Chair | Time Spent: 11.40588
Trial No.:6 Ends
Trial No.:18 Begins
User confirmed on object: Harp, this maze officially starts.
219.58: 1.712362,-1.207341,1.812375,357.6787
219.8022: 1.713778,-1.206686,1.81637,359.3813
220.0244: 1.715973,-1.205343,1.819294,0.9782475
220.2467: 1.716289,-1.19847,1.817649,358.7367
220.4689: 1.702998,-1.190207,1.810335,342.0475
220.6911: 1.677841,-1.199131,1.801351,313.3297
220.9133: 1.661476,-1.209372,1.789332,289.9804
221.1356: 1.642389,-1.202554,1.783828,284.0049
221.3578: 1.567161,-1.202635,1.780451,285.5379
221.58: 1.438512,-1.204398,1.779741,287.9722
221.8022: 1.316538,-1.200679,1.781681,288.8195
222.0244: 1.16385,-1.169726,1.75914,283.61
222.2467: 0.9743186,-1.098521,1.734326,278.6259
222.4689: 0.7649884,-1.043824,1.769673,277.5858
222.6911: 0.5502412,-1.037934,1.75158,278.0686
222.9133: 0.3030142,-1.07721,1.738288,279.5005
223.1356: 0.1054218,-1.076519,1.779359,277.9683
223.3578: -0.09815184,-1.053197,1.752622,277.1054
223.58: -0.3458706,-0.9890919,1.741467,273.7398
223.8022: -0.5766529,-0.9756567,1.771265,270.1774
224.0244: -0.8203628,-1.001194,1.728114,271.5235
224.2467: -1.074845,-1.051291,1.733978,276.4034
224.4689: -1.31325,-1.048158,1.7702,281.0038
224.6911: -1.550475,-1.01023,1.720916,282.8632
224.9133: -1.77494,-0.9575157,1.740932,286.4694
225.1356: -1.98147,-0.9420515,1.746325,294.2557
225.3578: -2.159128,-0.9211205,1.706175,315.4877
225.58: -2.336202,-0.8746976,1.717907,350.54
225.8022: -2.457002,-0.8034612,1.725544,3.435758
226.0244: -2.516601,-0.6788427,1.708806,9.397032
226.2467: -2.555849,-0.584775,1.717736,18.31678
Trial Result: Success object: Telescope | Time Spent: 7.06988
Trial No.:18 Ends
Trial No.:17 Begins
User confirmed on object: Harp, this maze officially starts.
241.88: 1.891932,-1.221401,1.810729,345.3436
242.1022: 1.898093,-1.219464,1.813501,349.9896
242.3244: 1.906118,-1.214838,1.815174,355.7677
242.5467: 1.905826,-1.206617,1.815969,353.3038
242.7689: 1.902823,-1.201331,1.813681,348.6731
242.9911: 1.879201,-1.193342,1.802447,324.8283
243.2133: 1.801989,-1.202431,1.786942,301.6181
243.4356: 1.663829,-1.21512,1.766726,293.5933
243.6578: 1.51804,-1.233402,1.761988,291.7915
243.88: 1.381095,-1.245636,1.773146,287.16
244.1022: 1.215352,-1.218542,1.747256,283.1771
244.3244: 0.9991574,-1.132089,1.726934,284.4295
244.5467: 0.8120268,-1.04687,1.752221,299.8235
244.7689: 0.628717,-0.9845494,1.735929,310.3151
244.9911: 0.4062226,-0.9396167,1.707308,322.5132
245.2133: 0.2507379,-0.8483614,1.744275,332.1195
245.4356: 0.1617192,-0.7027626,1.732917,342.6573
245.6578: 0.1205068,-0.5106882,1.723993,345.2431
245.88: 0.09377605,-0.3463053,1.744754,346.7998
246.1022: 0.06301357,-0.1653434,1.735239,346.303
246.3244: 0.001534978,0.05447198,1.711624,342.8781
246.5467: -0.0297861,0.240579,1.74659,335.6369
246.7689: -0.04528577,0.4160276,1.737972,321.3491
246.9911: -0.02608771,0.620324,1.718732,307.7474
247.2133: -0.08076343,0.7666266,1.756378,298.2951
247.4356: -0.2175289,0.8553159,1.729874,294.5146
247.6578: -0.3930763,0.8860873,1.724422,296.442
247.88: -0.56818,0.9059046,1.7448,298.7847
248.1022: -0.750605,0.9395103,1.732531,298.3651
248.3244: -0.9614863,1.007931,1.708627,298.7445
248.5467: -1.149808,1.07245,1.733764,301.7403
248.7689: -1.326972,1.126759,1.731886,305.5969
248.9911: -1.552404,1.200709,1.69852,321.8677
249.2133: -1.682957,1.321403,1.730344,334.9236
249.4356: -1.742221,1.465042,1.706577,340.7784
249.6578: -1.776208,1.676755,1.694558,333.2901
249.88: -1.809372,1.823253,1.714501,320.4266
250.1022: -1.851687,1.965369,1.715462,315.5837
250.3244: -1.937356,2.114458,1.690633,314.0022
250.5467: -2.038465,2.261673,1.709741,312.9745
250.7689: -2.107959,2.39117,1.722176,308.888
250.9911: -2.17379,2.541003,1.703887,298.8813
251.2133: -2.20368,2.69005,1.724721,286.4356
251.4356: -2.25558,2.780858,1.74146,280.2424
251.6578: -2.330231,2.804499,1.725642,276.0577
251.88: -2.410666,2.783436,1.716436,276.5148
252.1022: -2.485642,2.772853,1.721779,274.1776
252.3244: -2.528476,2.785874,1.727945,271.3239
Trial Result: Success object: Stove | Time Spent: 10.87497
Trial No.:17 Ends
Trial No.:16 Begins
User confirmed on object: Wheelbarrow, this maze officially starts.
272.0911: 0.4333812,-0.07575162,1.798001,266.0717
272.3134: 0.4350639,-0.07442804,1.801693,268.3039
272.5356: 0.4393788,-0.07619062,1.802711,274.931
272.7578: 0.436204,-0.0796629,1.802382,281.0719
272.98: 0.4306069,-0.08340292,1.803527,280.8808
273.2022: 0.4307619,-0.09275676,1.799274,274.6773
273.4244: 0.4301487,-0.08693491,1.795372,268.5789
273.6467: 0.4232209,-0.08120217,1.791943,254.1097
273.8689: 0.4108584,-0.07183045,1.785184,246.0199
274.0911: 0.3893386,-0.06942773,1.769039,239.3444
274.3134: 0.375984,-0.1141129,1.770588,238.9466
274.5356: 0.3542016,-0.2382532,1.760407,238.5473
274.7578: 0.331653,-0.4174059,1.754236,241.3125
274.98: 0.2943233,-0.5524271,1.770193,245.1721
275.2022: 0.2189803,-0.6649537,1.758486,246.7247
275.4244: 0.06492989,-0.7530572,1.740934,247.942
275.6467: -0.1169908,-0.8647432,1.752013,244.4659
275.8689: -0.2746012,-0.9491533,1.742152,241.9688
276.0911: -0.4515688,-1.029955,1.703544,250.6996
276.3134: -0.6534471,-1.094397,1.744645,260.0109
276.5356: -0.8523432,-1.099421,1.745703,266.85
276.7578: -1.058666,-1.054533,1.718325,263.2513
276.98: -1.277795,-1.007819,1.750174,253.4971
277.2022: -1.438249,-1.007039,1.752916,248.6245
277.4244: -1.636612,-1.048175,1.714427,244.5475
277.6467: -1.866023,-1.113619,1.739381,241.4749
277.8689: -2.027861,-1.146722,1.750808,237.7889
278.0911: -2.214826,-1.1701,1.722855,227.1261
278.3134: -2.370001,-1.181298,1.748322,222.8883
278.5356: -2.493761,-1.236952,1.761543,220.9699
278.7578: -2.558618,-1.329085,1.743405,222.489
278.98: -2.587044,-1.462922,1.744093,227.4629
Trial Result: Success object: Plant | Time Spent: 7.313324
Trial No.:16 Ends
Trial No.:12 Begins
User confirmed on object: Trashcan, this maze officially starts.
297.68: 2.508492,1.002221,1.809902,86.50119
297.9022: 2.517666,0.9888206,1.810841,93.74105
298.1245: 2.530991,0.9784164,1.808723,103.1113
298.3467: 2.545289,0.9838995,1.809074,98.97779
298.5689: 2.554151,1.000629,1.808249,93.57343
298.7911: 2.554153,1.01981,1.806222,91.70185
299.0133: 2.55441,1.053551,1.804428,89.65588
299.2356: 2.571898,1.095457,1.792136,91.35915
299.4578: 2.589292,1.040409,1.789589,113.3058
299.68: 2.554842,0.8940274,1.782878,150.9272
299.9022: 2.48585,0.7971295,1.764619,183.5346
300.1245: 2.418388,0.7973738,1.764996,219.055
300.3467: 2.433929,0.8189873,1.770123,246.8058
300.5689: 2.499288,0.8203592,1.773936,263.6919
300.7911: 2.507235,0.8206142,1.771701,270.8174
301.0133: 2.438241,0.8534901,1.775177,272.8328
301.2356: 2.281777,0.9179245,1.763237,273.1539
301.4578: 2.116762,0.9802918,1.76599,271.1437
301.68: 1.968102,0.9958839,1.762149,270.3443
301.9022: 1.763547,0.9669192,1.716666,271.8171
302.1245: 1.486054,0.910076,1.738056,272.0401
302.3467: 1.278291,0.9232203,1.769282,274.0865
302.5689: 1.033488,0.9635856,1.723854,273.4543
302.7911: 0.8083839,1.006883,1.758205,273.2721
303.0133: 0.5712661,1.000909,1.769756,273.7693
303.2356: 0.3076937,0.9535065,1.713912,275.1996
303.4578: 0.04262754,0.9139706,1.74758,277.9812
303.68: -0.1881676,0.9218313,1.757402,281.4886
303.9022: -0.4401291,0.9659443,1.713358,281.3916
304.1245: -0.7209187,0.9974412,1.759896,285.9878
304.3467: -0.9473547,0.9884348,1.731148,293.5287
304.5689: -1.193304,0.9681234,1.709998,308.1678
304.7911: -1.34396,1.015138,1.742732,324.4908
305.0133: -1.471412,1.108687,1.719621,347.4849
305.2356: -1.582924,1.244726,1.700602,3.669647
305.4578: -1.686755,1.329213,1.715658,14.38945
305.68: -1.79865,1.385297,1.715457,23.89218
305.9022: -1.923203,1.419649,1.723726,33.64941
Trial Result: Success object: Table | Time Spent: 8.474691
Trial No.:12 Ends
Trial No.:2 Begins
User confirmed on object: Stove, this maze officially starts.
324.4022: -2.508389,3.056191,1.751673,258.7259
324.6245: -2.514247,3.04894,1.753564,259.789
324.8467: -2.518381,3.037092,1.755349,261.9838
325.0689: -2.523346,3.028511,1.760326,263.7421
325.2911: -2.522967,3.019484,1.762202,264.1769
325.5133: -2.517365,3.01392,1.754014,262.3261
325.7356: -2.52836,3.06435,1.755757,258.5824
325.9578: -2.551988,3.121119,1.744363,255.9038
326.18: -2.556011,3.1435,1.739651,247.2655
326.4022: -2.526152,3.10695,1.724175,207.7355
326.6245: -2.454285,3.067402,1.71316,171.3372
326.8467: -2.388802,3.021057,1.714088,157.9801
327.0689: -2.303725,2.913088,1.707875,153.4983
327.2911: -2.204641,2.777155,1.703583,155.788
327.5133: -2.114719,2.650795,1.715275,157.4081
327.7356: -2.057717,2.523629,1.709765,154.7632
327.9578: -2.055341,2.371645,1.707429,146.4482
328.18: -2.028715,2.218211,1.736764,142.4774
328.4022: -1.949013,2.054889,1.716323,139.2924
328.6245: -1.794129,1.855552,1.721508,137.4304
328.8467: -1.716504,1.691895,1.744059,133.7187
329.0689: -1.651436,1.506851,1.72422,124.5722
329.2911: -1.619785,1.343364,1.724684,113.799
329.5133: -1.540822,1.223287,1.748431,107.5601
329.7356: -1.405684,1.155228,1.726794,101.9185
329.9578: -1.205459,1.130522,1.717486,100.1919
330.18: -1.044187,1.107375,1.744976,99.61782
330.4022: -0.8861817,1.075158,1.741337,95.32162
330.6245: -0.6987959,0.9939373,1.724269,92.69419
330.8467: -0.5464412,0.8906372,1.739952,125.3648
331.0689: -0.4233726,0.8390374,1.727837,160.0957
331.2911: -0.289017,0.8410749,1.702827,173.1398
331.5133: -0.1359673,0.8662064,1.716802,180.7827
331.7356: -0.04685906,0.8548549,1.729654,186.5542
331.9578: -0.005934179,0.8259798,1.726131,188.4706
332.18: 0.005504177,0.7912986,1.737713,188.771
Trial Result: Success object: Wheelbarrow | Time Spent: 8.00654
Trial No.:2 Ends
Trial No.:1 Begins
User confirmed on object: Stove, this maze officially starts.
349.78: -2.576849,3.05809,1.761374,264.6739
350.0022: -2.577425,3.058882,1.762304,265.2805
350.2245: -2.576267,3.075526,1.764002,274.0925
350.4467: -2.571486,3.090426,1.763688,277.6132
350.6689: -2.567109,3.108376,1.761575,276.1496
350.8911: -2.565212,3.135376,1.760615,274.0174
351.1133: -2.569698,3.153098,1.758138,269.502
351.3356: -2.56849,3.110968,1.751634,238.3819
351.5578: -2.479769,3.034351,1.739818,191.362
351.78: -2.373712,2.975215,1.730829,171.7932
352.0022: -2.269774,2.877715,1.723196,158.3724
352.2245: -2.184204,2.771609,1.707868,153.165
352.4467: -2.114595,2.675452,1.717842,153.5835
352.6689: -2.051188,2.531233,1.69241,151.7582
352.8911: -2.030773,2.286754,1.705684,148.0512
353.1133: -1.984254,2.122562,1.742143,146.632
353.3356: -1.909041,1.94181,1.708519,144.2953
353.5578: -1.793325,1.758935,1.72199,137.5391
353.78: -1.738308,1.624133,1.742813,130.5329
354.0022: -1.659097,1.438933,1.715896,121.2232
354.2245: -1.593673,1.253033,1.736924,111.6993
354.4467: -1.467882,1.136393,1.75431,105.2677
354.6689: -1.307041,1.108268,1.731369,103.0056
354.8911: -1.09409,1.128151,1.738364,103.4078
355.1133: -0.8920414,1.103569,1.759746,105.779
355.3356: -0.693311,1.018819,1.722732,115.9175
355.5578: -0.517262,0.8841289,1.734912,134.6252
355.78: -0.3693424,0.8049563,1.743062,137.9281
356.0022: -0.1964818,0.7159696,1.712319,141.5193
356.2245: -0.02507903,0.6547562,1.743752,109.9018
356.4467: 0.049916,0.5358132,1.748765,104.6759
356.6689: 0.04557378,0.318148,1.73013,126.6625
356.8911: -0.004077943,0.09889761,1.744167,153.2604
357.1133: 0.008357726,-0.0812843,1.744255,151.9957
357.3356: 0.08539943,-0.2428233,1.71608,141.6066
357.5578: 0.1750023,-0.400488,1.74963,136.8831
357.78: 0.2547837,-0.5459774,1.74894,127.9482
358.0022: 0.3284803,-0.7156698,1.720863,115.812
358.2245: 0.4260848,-0.8687118,1.760376,111.7963
358.4467: 0.5818689,-0.9425735,1.751831,112.8195
358.6689: 0.8030821,-0.9541127,1.715423,114.8426
358.8911: 1.026064,-0.9616221,1.748819,116.4872
359.1133: 1.218941,-1.017316,1.760221,122.2627
359.3356: 1.366321,-1.111922,1.733053,121.1674
359.5578: 1.513994,-1.228928,1.76013,123.4478
359.78: 1.619851,-1.28119,1.774351,128.8834
360.0022: 1.742514,-1.314632,1.756182,136.2265
360.2245: 1.867427,-1.32942,1.779724,140.9816
Trial Result: Success object: Well | Time Spent: 10.78796
Trial No.:1 Ends
Trial No.:22 Begins
User confirmed on object: Mailbox, this maze officially starts.
375.6467: -1.825537,-3.362749,1.796298,356.8125
375.8689: -1.827605,-3.366293,1.799829,359.761
376.0911: -1.824334,-3.36624,1.801323,2.935239
376.3134: -1.816723,-3.35315,1.802759,3.210501
376.5356: -1.795159,-3.330987,1.803223,3.065908
376.7578: -1.778924,-3.317886,1.7926,7.053195
376.98: -1.794286,-3.319358,1.791025,10.62115
377.2022: -1.830095,-3.313102,1.789715,13.59717
377.4244: -1.881111,-3.284822,1.780413,19.033
377.6467: -1.873149,-3.281199,1.770287,31.56864
377.8689: -1.790826,-3.304802,1.774873,38.58386
378.0911: -1.679919,-3.340611,1.779944,46.65939
378.3134: -1.563286,-3.369263,1.767427,58.58014
378.5356: -1.489058,-3.396013,1.755899,67.10415
378.7578: -1.445664,-3.394039,1.751727,67.67258
378.98: -1.431958,-3.376691,1.744688,64.25947
379.2022: -1.429878,-3.356618,1.743681,62.28093
379.4244: -1.434652,-3.339207,1.742754,60.46642
379.6467: -1.445222,-3.333559,1.743301,58.58309
379.8689: -1.446195,-3.336549,1.739231,57.46202
380.0911: -1.439494,-3.345717,1.738072,57.92181
380.3134: -1.430689,-3.356365,1.737487,57.88871
380.5356: -1.421757,-3.366961,1.736831,58.12019
380.7578: -1.41623,-3.357592,1.741237,49.23613
380.98: -1.419617,-3.324128,1.737679,31.47401
381.2022: -1.378989,-3.252832,1.724089,29.06609
381.4244: -1.2855,-3.093414,1.709001,27.73927
381.6467: -1.190815,-2.901048,1.72896,25.51091
381.8689: -1.125887,-2.751856,1.762261,20.63202
382.0911: -1.026808,-2.551965,1.723225,15.76803
382.3134: -0.9145779,-2.369702,1.723686,13.69812
382.5356: -0.8668057,-2.169904,1.75768,16.48404
382.7578: -0.8831996,-1.940448,1.710503,22.04037
382.98: -0.9148415,-1.690063,1.724225,32.14769
383.2022: -0.8608783,-1.512379,1.741604,48.90272
383.4244: -0.7320615,-1.36821,1.723925,59.40924
383.6467: -0.5527595,-1.219373,1.739968,64.7683
383.8689: -0.4466473,-1.104571,1.751911,50.16565
384.0911: -0.3340697,-0.9261738,1.722645,34.31286
384.3134: -0.2284904,-0.7135476,1.730419,28.49517
384.5356: -0.1481981,-0.5369741,1.746864,20.69102
384.7578: -0.07875814,-0.3252011,1.716678,18.04964
384.98: 0.01062802,-0.09981382,1.71775,17.05789
385.2022: 0.04783163,0.1135608,1.750336,23.22643
385.4244: 0.06866969,0.3467893,1.704428,36.31479
385.6467: 0.102499,0.6057327,1.722789,62.04633
385.8689: 0.1972031,0.7218928,1.734096,87.99468
386.0911: 0.3401353,0.8090761,1.709996,91.84943
386.3134: 0.4944541,0.8638629,1.71503,95.55149
386.5356: 0.6398978,0.9214005,1.731357,102.0975
386.7578: 0.8205379,0.984115,1.706316,109.9174
Trial Result: Success object: Bookshelf | Time Spent: 11.51535
Trial No.:22 Ends
Trial No.:24 Begins
User confirmed on object: Chair, this maze officially starts.
398.1467: 0.78508,-3.287712,1.798412,357.7054
398.3689: 0.7894554,-3.28136,1.800109,0.2184591
398.5911: 0.8012494,-3.274344,1.802985,2.712398
398.8134: 0.817538,-3.267548,1.800811,2.933399
399.0356: 0.8367153,-3.264097,1.799199,2.510281
399.2578: 0.8608442,-3.255573,1.797336,4.918584
399.48: 0.9077438,-3.245773,1.782839,25.0144
399.7022: 0.9477025,-3.239852,1.776636,34.41746
399.9245: 1.067364,-3.243634,1.766718,35.26369
400.1467: 1.181078,-3.208846,1.761535,34.87358
400.3689: 1.279351,-3.114722,1.744466,31.98894
400.5911: 1.395737,-2.938149,1.736279,28.56648
400.8134: 1.48247,-2.804813,1.773677,20.93914
401.0356: 1.58536,-2.649595,1.765652,17.63363
401.2578: 1.722405,-2.467227,1.739391,14.57399
401.48: 1.842606,-2.281062,1.775171,14.28265
401.7022: 1.901202,-2.07682,1.763024,18.04872
401.9245: 1.918459,-1.761414,1.729839,25.40163
402.1467: 1.958352,-1.559435,1.769527,24.33123
402.3689: 2.035434,-1.360164,1.753819,14.75774
402.5911: 2.173995,-1.177777,1.743881,13.48423
402.8134: 2.293987,-0.9737877,1.779921,11.77329
403.0356: 2.38749,-0.7622917,1.752603,12.92517
403.2578: 2.445933,-0.5044186,1.732524,16.63578
403.48: 2.516029,-0.3044216,1.772845,19.06407
403.7022: 2.594238,-0.1151466,1.756518,20.16201
403.9245: 2.717386,0.1179564,1.758625,17.78036
404.1467: 2.756573,0.2756041,1.777046,20.54997
404.3689: 2.737948,0.4173512,1.766532,24.91106
Trial Result: Success object: Trashcan | Time Spent: 6.467278
Trial No.:24 Ends
Trial No.:11 Begins
User confirmed on object: Trashcan, this maze officially starts.
421.0022: 2.419127,1.030754,1.819399,86.98877
421.2245: 2.429762,1.034734,1.817467,89.45431
421.4467: 2.443155,1.043393,1.81599,91.53745
421.6689: 2.466443,1.044676,1.818688,93.76835
421.8911: 2.494022,1.018405,1.812853,114.471
422.1133: 2.46975,0.9662986,1.797073,154.6422
422.3356: 2.322152,0.897613,1.791809,199.2883
422.5578: 2.194664,0.8542969,1.776145,226.3116
422.78: 2.151095,0.8674749,1.773805,250.077
423.0022: 2.162336,0.8696716,1.766986,264.7742
423.2245: 2.116173,0.8593138,1.770071,269.2563
423.4467: 1.962458,0.8879082,1.754288,269.3325
423.6689: 1.759401,0.9562904,1.745656,267.9519
423.8911: 1.582659,0.9773083,1.775074,265.4689
424.1133: 1.357008,0.9492037,1.727826,265.0025
424.3356: 1.051942,0.8594383,1.732714,261.0577
424.5578: 0.8570074,0.8620043,1.777452,261.6844
424.78: 0.6160128,0.8913796,1.728065,264.2361
425.0022: 0.3745677,0.9399619,1.744764,265.1344
425.2245: 0.1352803,0.9500012,1.772942,266.3245
425.4467: -0.1331712,0.9284713,1.722027,266.6288
425.6689: -0.3969095,0.9164026,1.745666,268.8131
425.8911: -0.6314307,0.9488585,1.753385,271.9067
426.1133: -0.8960602,1.007154,1.709732,263.858
426.3356: -1.178362,1.059172,1.757254,258.0498
426.5578: -1.402442,1.040888,1.733479,249.9622
426.78: -1.646752,0.9672256,1.726275,242.7224
427.0022: -1.834806,0.9370937,1.757945,234.7218
427.2245: -2.026017,0.8939206,1.734527,216.796
427.4467: -2.228254,0.864181,1.720042,189.6365
427.6689: -2.390571,0.8051859,1.741971,173.0883
427.8911: -2.465571,0.7033532,1.725423,164.123
428.1133: -2.475348,0.599239,1.717369,156.5786
Trial Result: Success object: Telescope | Time Spent: 7.412628
Trial No.:11 Ends
Trial No.:10 Begins
User confirmed on object: Bookshelf, this maze officially starts.
440.0911: 1.844461,1.281001,1.806746,183.1065
440.3134: 1.836152,1.278728,1.80721,192.0495
440.5356: 1.832752,1.275791,1.805725,197.1919
440.7578: 1.828147,1.269518,1.805648,198.3201
440.98: 1.822715,1.273368,1.804948,199.6343
441.2022: 1.8077,1.277077,1.802988,205.1654
441.4245: 1.777202,1.272316,1.791888,223.7284
441.6467: 1.745029,1.266292,1.78147,240.0664
441.8689: 1.657819,1.282699,1.777468,244.5555
442.0911: 1.519622,1.295855,1.764441,250.581
442.3134: 1.384505,1.274936,1.757618,253.5937
442.5356: 1.219468,1.200065,1.731071,251.2203
442.7578: 0.9877514,1.065436,1.735031,245.5064
442.98: 0.7882421,1.023113,1.754955,242.232
443.2022: 0.5392567,1.026135,1.705429,242.6722
443.4245: 0.3054721,1.061444,1.725277,252.6802
443.6467: 0.08759166,1.053374,1.753947,257.4885
443.8689: -0.1740808,1.004308,1.704263,259.1094
444.0911: -0.4499631,0.9470616,1.743349,261.8358
444.3134: -0.6901788,0.9535141,1.759404,262.044
444.5356: -0.9661217,0.9978647,1.715602,258.6625
444.7578: -1.251491,1.028615,1.766754,252.8464
444.98: -1.4765,1.009385,1.736797,244.7825
445.2022: -1.73197,0.9476301,1.716507,237.7582
445.4245: -1.922282,0.9068194,1.740085,228.0897
445.6467: -2.124921,0.8366413,1.712954,215.6554
445.8689: -2.368638,0.7567046,1.70231,200.3789
446.0911: -2.515729,0.619212,1.741485,193.7308
446.3134: -2.576263,0.4222665,1.69496,187.7656
446.5356: -2.598609,0.1423002,1.696695,185.7399
446.7578: -2.654765,-0.0952104,1.746207,185.8431
446.98: -2.730077,-0.3471603,1.696084,185.4212
447.2022: -2.819203,-0.6008426,1.718324,185.4408
447.4245: -2.816268,-0.7808163,1.745561,188.0492
447.6467: -2.756235,-0.9685215,1.706218,194.0296
447.8689: -2.687511,-1.145355,1.733194,198.8183
Trial Result: Success object: Plant | Time Spent: 8.174265
Trial No.:10 Ends
Trial No.:3 Begins
User confirmed on object: Piano, this maze officially starts.
464.1689: 1.777706,3.33171,1.788137,180.0399
464.3911: 1.782561,3.342542,1.790117,185
464.6133: 1.786673,3.335192,1.791438,188.0846
464.8356: 1.776361,3.310372,1.793804,187.396
465.0578: 1.762472,3.300176,1.78316,189.0461
465.28: 1.758309,3.296805,1.782992,187.1291
465.5022: 1.76395,3.278132,1.77426,178.4948
465.7245: 1.769442,3.269673,1.765714,169.8789
465.9467: 1.762671,3.264353,1.760097,165.7393
466.1689: 1.750378,3.253304,1.753101,162.9847
466.3911: 1.736237,3.252187,1.748123,161.887
466.6133: 1.714532,3.255923,1.747795,164.4558
466.8356: 1.685156,3.264902,1.749569,169.7497
467.0578: 1.636614,3.27904,1.750829,182.0574
467.28: 1.601016,3.287184,1.746146,187.9824
467.5022: 1.574363,3.293235,1.739562,192.207
467.7245: 1.528485,3.313446,1.735573,212.3497
467.9467: 1.484144,3.329481,1.729596,228.7796
468.1689: 1.437233,3.313694,1.727021,236.0208
468.3911: 1.362704,3.245888,1.712169,245.1659
468.6133: 1.243987,3.117129,1.688385,246.0411
468.8356: 1.107314,3.026016,1.722097,245.282
469.0578: 0.9559366,2.974808,1.734444,246.4216
469.28: 0.732626,2.932201,1.698727,236.0079
469.5022: 0.5068926,2.907525,1.722645,213.4606
469.7245: 0.3512051,2.833527,1.746111,204.3753
469.9467: 0.2528844,2.704706,1.724393,195.7512
470.1689: 0.1688122,2.484441,1.712008,189.4018
470.3911: 0.09484483,2.297987,1.748142,183.3147
470.6133: 0.03309146,2.099995,1.740608,180.058
470.8356: -0.0540025,1.87343,1.721793,177.1248
471.0578: -0.1138833,1.654847,1.763127,176.7915
471.28: -0.09728344,1.391452,1.741,175.114
471.5022: -0.00211381,1.115792,1.719819,177.5528
471.7245: 0.02917768,0.8987582,1.777092,179.3524
471.9467: 0.02755518,0.701008,1.759201,179.1432
472.1689: -0.003554624,0.443966,1.741267,175.0602
472.3911: -0.01911816,0.1982126,1.756901,176.0776
472.6133: -0.02552681,-0.02714979,1.734617,184.6278
472.8356: -0.01509116,-0.2853262,1.705996,195.7111
473.0578: -0.05408489,-0.5119202,1.74737,206.2873
473.28: -0.1598106,-0.7130507,1.733293,213.2826
473.5022: -0.3155246,-0.8774645,1.702543,210.42
473.7245: -0.4708513,-1.038794,1.741291,204.9818
473.9467: -0.557561,-1.172678,1.748119,198.8023
474.1689: -0.6373581,-1.37239,1.713341,188.5201
474.3911: -0.7063065,-1.579192,1.737748,180.939
474.6133: -0.7731085,-1.747708,1.753201,175.4822
474.8356: -0.8457605,-1.94176,1.725511,164.5944
475.0578: -0.911399,-2.137426,1.74999,150.3742
475.28: -0.881268,-2.323432,1.751776,130.0592
475.5022: -0.7667547,-2.485257,1.709911,115.16
475.7245: -0.6713973,-2.604077,1.740683,95.71471
475.9467: -0.617462,-2.701926,1.758804,87.60632
476.1689: -0.5398157,-2.831537,1.7575,79.74057
476.3911: -0.4498504,-2.957705,1.759946,61.07418
476.6133: -0.4651251,-2.97436,1.77509,14.18469
476.8356: -0.5838599,-2.998641,1.775921,330.3482
477.0578: -0.7289894,-3.025958,1.774559,309.8278
477.28: -0.9608542,-3.045103,1.765804,307.6161
477.5022: -1.157443,-3.049581,1.741291,310.1115
477.7245: -1.252992,-3.069155,1.733552,311.0009
Trial Result: Success object: Mailbox | Time Spent: 13.8773
Trial No.:3 Ends
Trial No.:19 Begins
User confirmed on object: Well, this maze officially starts.
494.9578: 1.715068,-2.04719,1.81496,84.77283
495.18: 1.703145,-2.062808,1.821356,93.00652
495.4022: 1.696994,-2.079331,1.820919,103.7448
495.6245: 1.704536,-2.08333,1.822104,97.74791
495.8467: 1.706012,-2.089263,1.818393,93.48289
496.0689: 1.719028,-2.108634,1.81424,93.3611
496.2911: 1.741005,-2.120998,1.801223,88.1014
496.5133: 1.743407,-2.07786,1.789526,58.00109
496.7356: 1.697887,-2.008368,1.773099,16.74986
496.9578: 1.649616,-1.934169,1.762822,354.5377
497.18: 1.595435,-1.828157,1.753582,338.3365
497.4022: 1.556351,-1.72566,1.74828,332.5199
497.6245: 1.535518,-1.590244,1.736215,316.9651
497.8467: 1.553138,-1.401346,1.715141,304.9043
498.0689: 1.529396,-1.242013,1.763128,297.6773
498.2911: 1.43067,-1.165769,1.763963,290.5999
498.5133: 1.280267,-1.135933,1.740783,290.0845
498.7356: 1.05605,-1.115783,1.751123,292.4525
498.9578: 0.8858042,-1.084848,1.771832,292.3095
499.18: 0.6963148,-1.034473,1.748634,290.1321
499.4022: 0.5072123,-0.9163781,1.750389,307.148
499.6245: 0.3608004,-0.8212035,1.764042,319.1998
499.8467: 0.1799938,-0.6665654,1.732046,332.3607
500.0689: 0.04045121,-0.5222998,1.740362,344.3908
500.2911: -0.02582053,-0.3407892,1.759469,347.8417
500.5133: -0.03123245,-0.1596164,1.716876,343.9458
500.7356: 0.0149814,0.07700534,1.719168,339.666
500.9578: 0.01348306,0.2557815,1.754948,340.8041
501.18: -0.04387589,0.4275454,1.730309,342.5129
501.4022: -0.1461719,0.6138637,1.739106,352.7904
501.6245: -0.2491932,0.7517328,1.754981,345.0536
501.8467: -0.4435009,0.8878503,1.729954,299.8286
502.0689: -0.5848548,1.037365,1.736223,291.3968
502.2911: -0.7336249,1.115512,1.76254,285.1165
502.5133: -0.8767191,1.120678,1.736985,285.3513
502.7356: -1.102776,1.097339,1.720353,300.9871
502.9578: -1.28458,1.124626,1.737214,323.9237
503.18: -1.419465,1.203261,1.715225,344.8513
503.4022: -1.521995,1.315549,1.703876,357.7716
503.6245: -1.619818,1.376177,1.718046,7.09268
503.8467: -1.740717,1.41293,1.726584,21.25425
Trial Result: Success object: Table | Time Spent: 9.14315
Trial No.:19 Ends
Trial No.:8 Begins
User confirmed on object: Plant, this maze officially starts.
515.9355: -2.585277,-2.102333,1.787877,275.6542
516.1578: -2.599944,-2.102548,1.788355,280.9111
516.38: -2.608864,-2.097807,1.787434,290.6274
516.6022: -2.609026,-2.093121,1.790066,300.7372
516.8245: -2.607984,-2.104702,1.789401,298.5809
517.0467: -2.607352,-2.125053,1.788234,292.6917
517.2689: -2.608905,-2.145598,1.785963,286.1727
517.4911: -2.606712,-2.198848,1.783454,260.8009
517.7133: -2.566831,-2.263131,1.766422,212.8539
517.9355: -2.473985,-2.265104,1.73162,152.5876
518.1578: -2.417129,-2.266027,1.717263,130.5349
518.38: -2.377944,-2.338786,1.707251,131.603
518.6022: -2.334761,-2.440738,1.685857,131.7376
518.8245: -2.31816,-2.550029,1.682175,123.2797
519.0467: -2.326249,-2.714901,1.661574,111.6069
519.2689: -2.291171,-2.840807,1.711256,98.90514
519.4911: -2.180049,-2.900126,1.719213,87.61212
519.7133: -1.962144,-2.934061,1.695534,84.60462
519.9355: -1.74176,-2.959782,1.735585,81.87367
520.1578: -1.502505,-3.008954,1.756714,80.98483
520.38: -1.259,-3.088653,1.720433,77.95747
520.6022: -1.01079,-3.150435,1.783955,76.15106
520.8245: -0.7822668,-3.142905,1.768645,74.33035
521.0467: -0.5058126,-3.089161,1.733138,74.19329
521.2689: -0.2471435,-3.062981,1.786647,73.50227
521.4911: 0.005874322,-3.057677,1.76318,72.58082
521.7133: 0.2884226,-3.093216,1.752205,67.86672
521.9355: 0.5337654,-3.094693,1.793472,64.91233
522.1578: 0.7784042,-3.054679,1.763596,57.82038
522.38: 1.014293,-2.962546,1.762131,51.39756
522.6022: 1.199456,-2.904318,1.788129,39.788
522.8245: 1.406097,-2.828082,1.750866,25.61978
523.0467: 1.586006,-2.764867,1.759895,12.57848
523.2689: 1.710793,-2.631789,1.790678,5.085494
523.4911: 1.740511,-2.446575,1.7492,359.3045
523.7133: 1.710915,-2.203152,1.75612,357.8756
523.9355: 1.705664,-2.008728,1.789502,357.4067
524.1578: 1.717875,-1.795926,1.765303,354.8367
524.38: 1.752903,-1.580304,1.769858,351.7831
524.6022: 1.745891,-1.425026,1.79087,352.1942
524.8245: 1.707967,-1.310604,1.789108,352.5848
525.0467: 1.629399,-1.235976,1.7836,359.2345
Trial Result: Success object: Harp | Time Spent: 9.326193
Trial No.:8 Ends
Trial No.:5 Begins
User confirmed on object: Table, this maze officially starts.
537.0578: -2.111312,2.077348,1.779006,90.22632
537.28: -2.108925,2.078084,1.778545,91.78103
537.5023: -2.109754,2.085074,1.77762,94.48235
537.7245: -2.09783,2.090663,1.775806,94.87578
537.9467: -2.085271,2.07914,1.773472,94.90449
538.1689: -2.086212,2.057289,1.769788,97.63678
538.3911: -2.082966,2.042072,1.760808,106.6052
538.6133: -2.074306,2.040974,1.737183,129.708
538.8356: -2.071028,1.996751,1.734643,136.494
539.0578: -2.070547,1.873675,1.732011,139.3304
539.28: -2.063658,1.709244,1.718211,136.8212
539.5023: -2.032302,1.544018,1.727155,130.1339
539.7245: -1.934909,1.419083,1.719712,123.8779
539.9467: -1.747551,1.32228,1.7025,117.1957
540.1689: -1.558998,1.247331,1.751815,107.7913
540.3911: -1.397977,1.180896,1.759002,104.1522
540.6133: -1.15161,1.066987,1.725634,101.4091
540.8356: -0.9710709,0.9904343,1.76316,101.812
541.0578: -0.7679945,0.9426718,1.7618,103.6598
541.28: -0.5465153,0.922838,1.715608,108.7074
541.5023: -0.3177624,0.8806273,1.751758,112.5601
541.7245: -0.1903161,0.7388359,1.757934,134.9922
541.9467: -0.1411498,0.5419883,1.731879,148.6565
542.1689: -0.1158553,0.3514267,1.752953,154.6612
542.3911: -0.09465004,0.1816155,1.74801,175.8167
542.6133: -0.04742942,-0.007451561,1.719501,192.7418
542.8356: 0.02588691,-0.1945158,1.746448,180.9612
543.0578: 0.07931412,-0.3554012,1.75724,152.8855
543.28: 0.09287422,-0.513454,1.730263,132.9801
543.5023: 0.080341,-0.6815389,1.754487,122.5566
543.7245: 0.1075856,-0.793095,1.768694,116.0237
543.9467: 0.174551,-0.8412125,1.76061,99.89693
544.1689: 0.2454805,-0.8646743,1.765869,97.75172
544.3911: 0.294021,-0.8821846,1.761891,98.61766
544.6133: 0.3129157,-0.8866002,1.763102,101.4126
544.8356: 0.2962519,-0.860922,1.769556,97.23785
545.0578: 0.2599984,-0.8060368,1.770703,83.29449
545.28: 0.1968711,-0.780196,1.770777,71.70433
545.5023: 0.1340974,-0.736108,1.762101,45.99277
545.7245: 0.07760628,-0.6491855,1.768717,30.50059
545.9467: 0.03328866,-0.5159196,1.76771,23.38837
546.1689: 0.01324188,-0.3191555,1.756598,20.63211
546.3911: 0.002395294,-0.108077,1.7577,23.28818
546.6133: 0.01785016,0.07780004,1.738883,29.45411
546.8356: 0.09610771,0.23688,1.717737,32.31334
547.0578: 0.1753186,0.360302,1.73218,43.46205
547.28: 0.2074484,0.5039841,1.726606,54.11541
547.5023: 0.2348835,0.6608633,1.700595,69.30417
547.7245: 0.2897102,0.7911197,1.726331,86.93181
547.9467: 0.3788136,0.8640131,1.732797,95.5906
548.1689: 0.5275936,0.8941405,1.709667,97.44068
548.3911: 0.7203945,0.8843302,1.720489,100.1709
548.6133: 0.8607494,0.8822798,1.740134,102.7936
Trial Result: Success object: Bookshelf | Time Spent: 11.85394
Trial No.:5 Ends
Trial No.:15 Begins
User confirmed on object: Wheelbarrow, this maze officially starts.
564.4689: 0.301042,-0.04647715,1.797172,271.1633
564.6911: 0.3074006,-0.04706084,1.80508,272.4147
564.9133: 0.3138257,-0.04552041,1.805684,274.1086
565.1356: 0.3110341,-0.04126021,1.805861,274.5358
565.3578: 0.3105115,-0.03578944,1.803291,273.6998
565.58: 0.3132058,-0.03538099,1.80127,271.9414
565.8022: 0.3048264,-0.04527869,1.796554,258.1425
566.0245: 0.2940971,-0.06497942,1.774419,229.6163
566.2467: 0.272912,-0.0850814,1.756251,216.826
566.4689: 0.2334795,-0.1572948,1.746099,217.0142
566.6911: 0.1794904,-0.2983689,1.731471,220.5716
566.9133: 0.1319871,-0.4309556,1.741842,225.5242
567.1356: 0.05898015,-0.5600757,1.741042,235.1712
567.3578: -0.05402863,-0.6812093,1.719389,235.5515
567.58: -0.2175558,-0.8046786,1.729414,228.2402
567.8022: -0.3220749,-0.9050709,1.743502,221.4961
568.0245: -0.4634984,-1.039742,1.728045,215.3057
568.2467: -0.5942458,-1.232332,1.709855,211.3408
568.4689: -0.6833895,-1.373727,1.751658,201.5569
568.6911: -0.7750912,-1.54203,1.73426,196.1966
568.9133: -0.888957,-1.72422,1.72209,192.1863
569.1356: -0.9777617,-1.941335,1.752251,192.1731
569.3578: -0.9840316,-2.145638,1.723732,199.8597
569.58: -0.9586942,-2.396266,1.697324,225.0787
569.8022: -0.9863838,-2.543191,1.727834,250.5497
570.0245: -1.052192,-2.672236,1.72504,265.4304
570.2467: -1.16663,-2.76583,1.712723,272.2601
570.4689: -1.252379,-2.850948,1.730706,283.0298
570.6911: -1.323596,-2.956669,1.734555,295.5201
Trial Result: Success object: Mailbox | Time Spent: 6.607616
Trial No.:15 Ends
Trial No.:7 Begins
User confirmed on object: Plant, this maze officially starts.
584.4689: -2.601511,-2.033416,1.786767,271.7148
584.6911: -2.594917,-2.032284,1.793574,274.8507
584.9133: -2.580375,-2.039898,1.795135,277.7783
585.1356: -2.575233,-2.054705,1.794862,275.9187
585.3578: -2.576419,-2.062667,1.794733,275.6345
585.58: -2.579464,-2.06077,1.786933,279.7165
585.8022: -2.581312,-2.005754,1.766657,307.2408
586.0245: -2.542237,-1.943369,1.753261,345.0631
586.2467: -2.499212,-1.885176,1.746904,4.22619
586.4689: -2.46577,-1.790299,1.745717,10.45578
586.6911: -2.42955,-1.680346,1.730541,21.06469
586.9133: -2.409568,-1.586137,1.720201,36.16217
587.1356: -2.43187,-1.491981,1.709299,56.33625
587.3578: -2.500118,-1.376219,1.724649,70.70158
587.58: -2.464855,-1.290663,1.737218,77.20199
587.8022: -2.313488,-1.208145,1.720716,80.75407
588.0245: -2.112252,-1.154686,1.737945,82.07072
588.2467: -1.974462,-1.114816,1.759034,83.24655
588.4689: -1.786556,-1.045659,1.731117,86.60298
588.6911: -1.566777,-0.9418118,1.733304,87.41298
588.9133: -1.345255,-0.9173874,1.773537,84.95786
589.1356: -1.110205,-0.9550883,1.737216,83.59589
589.3578: -0.8867308,-1.021617,1.760732,78.91534
589.58: -0.7001387,-1.023265,1.779888,76.27249
589.8022: -0.5209439,-0.9625272,1.755487,74.49652
590.0245: -0.3578475,-0.8506006,1.752202,65.98623
590.2467: -0.2549446,-0.7353774,1.757538,36.47353
590.4689: -0.1415839,-0.5950795,1.731073,19.81251
590.6911: -0.004866888,-0.4451304,1.734163,14.74762
590.9133: 0.07585161,-0.261833,1.748873,13.22175
591.1356: 0.09033116,-0.051659,1.708563,16.20484
591.3578: 0.05374762,0.2201413,1.692715,28.29451
591.58: 0.09873547,0.4550448,1.726157,42.10206
591.8022: 0.2134263,0.616738,1.704552,57.34349
592.0245: 0.4035782,0.7514741,1.711857,72.4103
592.2467: 0.5374446,0.8278004,1.74205,83.21301
592.4689: 0.734444,0.926571,1.722065,89.73425
592.6911: 0.9595833,1.045845,1.715303,91.70344
592.9133: 1.165175,1.084273,1.76135,94.05517
593.1356: 1.383597,1.081955,1.727108,97.01653
593.3578: 1.632313,1.022858,1.732162,97.24837
593.58: 1.851492,0.9957172,1.771959,106.0945
593.8022: 2.030838,0.9906965,1.739145,128.0113
594.0245: 2.197788,1.01225,1.738304,156.149
594.2467: 2.313744,1.001565,1.761975,159.1232
594.4689: 2.428695,0.958034,1.763402,162.1886
594.6911: 2.524722,0.8680345,1.763222,161.1518
Trial Result: Success object: Trashcan | Time Spent: 10.56117
Trial No.:7 Ends
Trial No.:20 Begins
User confirmed on object: Well, this maze officially starts.
609.1467: 1.677893,-2.134448,1.816725,81.02065
609.3689: 1.675181,-2.128811,1.81985,80.66371
609.5911: 1.673118,-2.130036,1.818753,86.32879
609.8134: 1.690329,-2.126281,1.822655,81.33784
610.0356: 1.696808,-2.119191,1.820668,75.56527
610.2578: 1.691976,-2.121568,1.818559,75.71875
610.48: 1.690538,-2.129859,1.815291,71.00665
610.7022: 1.693448,-2.13431,1.813032,62.02151
610.9244: 1.69721,-2.109981,1.79408,36.21526
611.1467: 1.705785,-2.056937,1.772335,23.22684
611.3689: 1.728369,-1.927603,1.751954,20.56277
611.5911: 1.768229,-1.720305,1.726754,20.81371
611.8134: 1.824255,-1.560189,1.75869,21.97071
612.0356: 1.928268,-1.405016,1.735459,19.74326
612.2578: 2.113067,-1.241619,1.717131,12.61329
612.48: 2.265128,-1.06836,1.758096,10.04217
612.7022: 2.357697,-0.8465769,1.736629,4.142859
612.9244: 2.40579,-0.5769195,1.715993,359.7381
613.1467: 2.470342,-0.3746704,1.768689,355.5156
613.3689: 2.545286,-0.1640657,1.739565,351.7108
613.5911: 2.646891,0.05862968,1.745582,341.7369
613.8134: 2.6602,0.2410547,1.7656,327.0439
614.0356: 2.570699,0.4551332,1.72495,310.8813
614.2578: 2.439099,0.6000516,1.730747,302.5994
614.48: 2.323694,0.7167596,1.749295,294.9684
614.7022: 2.179991,0.8366517,1.722614,289.324
614.9244: 2.016256,0.9829592,1.741263,284.6787
615.1467: 1.822457,1.033773,1.770973,281.4073
615.3689: 1.583891,1.009396,1.723557,282.6461
615.5911: 1.314428,0.9572033,1.745595,283.9113
615.8134: 1.094933,0.9755383,1.763453,288.4928
616.0356: 0.8313574,1.043337,1.720707,289.2612
616.2578: 0.6122763,1.141594,1.748652,298.7223
616.48: 0.4362926,1.238048,1.732768,314.7384
616.7022: 0.2793137,1.325446,1.679578,331.4712
616.9244: 0.1346124,1.456694,1.705739,341.6358
617.1467: 0.0768858,1.607319,1.699725,349.4531
617.3689: 0.06851542,1.823819,1.677507,348.4997
617.5911: 0.06403043,2.016024,1.687056,343.4243
617.8134: 0.03361977,2.188591,1.674436,339.1929
618.0356: -0.05674561,2.393695,1.649363,322.7373
618.2578: -0.1120306,2.517535,1.687586,293.7008
618.48: -0.1467233,2.625694,1.692019,274.1136
618.7022: -0.139751,2.753114,1.691624,257.3109
618.9244: -0.1556317,2.87019,1.725995,251.436
619.1467: -0.1939951,2.912678,1.730214,251.8972
619.3689: -0.23549,2.917819,1.740093,257.0211
619.5911: -0.267642,2.927001,1.7446,259.9459
619.8134: -0.3279058,2.943991,1.750887,258.9564
620.0356: -0.4520035,3.04083,1.745834,259.5672
620.2578: -0.5823218,3.175668,1.750694,258.2622
620.48: -0.682236,3.232759,1.754071,255.3326
620.7022: -0.7617378,3.232286,1.739387,246.6473
620.9244: -0.7657807,3.170305,1.754174,222.9925
621.1467: -0.6641015,3.116415,1.729675,172.5849
621.3689: -0.5356601,3.100747,1.733499,149.7128
621.5911: -0.3731394,3.098838,1.736705,134.7133
621.8134: -0.1508256,3.100383,1.728572,122.9364
622.0356: 0.1164789,3.095784,1.72002,111.999
622.2578: 0.2807551,3.102291,1.731186,107.9103
622.48: 0.4067006,3.064528,1.713624,104.6985
622.7022: 0.5295513,2.976933,1.731436,102.6387
622.9244: 0.6245499,2.936303,1.755886,102.5765
623.1467: 0.7345103,2.944767,1.749809,104.4877
623.3689: 0.853367,3.005319,1.728522,111.0672
Trial Result: Success object: Piano | Time Spent: 14.62641
Trial No.:20 Ends
Trial No.:4 Begins
User confirmed on object: Piano, this maze officially starts.
641.5023: 1.763491,3.227988,1.791232,180.5382
641.7245: 1.760457,3.233197,1.797237,187.0421
641.9467: 1.787145,3.255789,1.799178,196.3871
642.1689: 1.824573,3.270153,1.802565,197.4734
642.3911: 1.875756,3.285869,1.798389,193.2569
642.6133: 1.941115,3.294931,1.793757,183.4305
642.8356: 2.037938,3.303643,1.780706,166.8545
643.0578: 2.126421,3.2851,1.763308,160.2243
643.28: 2.207197,3.2217,1.747566,159.7423
643.5023: 2.309824,3.094428,1.727136,165.6316
643.7245: 2.394311,2.959862,1.762028,170.2258
643.9467: 2.488939,2.845517,1.770602,173.28
644.1689: 2.622902,2.698602,1.740001,177.133
644.3911: 2.764184,2.548259,1.759427,178.7108
644.6133: 2.814207,2.349948,1.773608,187.0293
644.8356: 2.801138,2.141007,1.743877,187.8707
645.0578: 2.769113,1.93895,1.780616,189.5044
645.28: 2.779754,1.777471,1.787567,190.7359
645.5023: 2.826906,1.557511,1.74754,192.2872
645.7245: 2.892276,1.327479,1.771372,192.8521
645.9467: 2.895386,1.119647,1.788041,196.0091
646.1689: 2.872499,0.8783507,1.749049,198.7828
646.3911: 2.835732,0.6210297,1.762473,199.7959
646.6133: 2.834157,0.3605507,1.773428,203.9171
646.8356: 2.870827,0.08955264,1.722453,211.2521
647.0578: 2.857489,-0.1351153,1.771425,224.7654
647.28: 2.809731,-0.2914835,1.767497,232.6715
647.5023: 2.696595,-0.467263,1.732683,243.3839
647.7245: 2.590103,-0.6164346,1.745948,258.0253
647.9467: 2.514359,-0.7577125,1.744181,270.8078
648.1689: 2.462605,-0.91168,1.738897,281.9962
648.3911: 2.414157,-1.021825,1.761801,291.424
Trial Result: Success object: Harp | Time Spent: 7.131483
Trial No.:4 Ends
Trial No.:14 Begins
User confirmed on object: Telescope, this maze officially starts.
660.7689: -3.093039,0.01145753,1.766352,84.4105
660.9911: -3.102707,0.01531657,1.771562,86.65231
661.2134: -3.112914,0.02509888,1.774065,89.3395
661.4355: -3.111424,0.03293847,1.776827,90.70435
661.6578: -3.109876,0.0352547,1.776544,91.56669
661.88: -3.115341,0.03181382,1.770627,91.9724
662.1022: -3.119865,0.01919455,1.77058,91.91273
662.3245: -3.112606,0.006782162,1.769409,91.03366
662.5467: -3.098042,-0.003624409,1.766981,89.18595
662.7689: -3.077908,-0.00282013,1.761161,81.54518
662.9911: -3.050363,0.04605197,1.740931,65.26235
663.2134: -3.01614,0.1344367,1.729219,61.31102
663.4355: -2.947583,0.305455,1.699725,58.98174
663.6578: -2.86705,0.4799933,1.709963,60.03377
663.88: -2.759521,0.6076497,1.728815,65.44181
664.1022: -2.603207,0.7086825,1.708245,71.94577
664.3245: -2.395305,0.7859706,1.726285,76.01546
664.5467: -2.229797,0.8505202,1.752117,78.25618
664.7689: -2.031435,0.9252065,1.728703,80.27334
664.9911: -1.767758,1.031889,1.741887,81.39352
665.2134: -1.561799,1.040273,1.763472,82.85844
665.4355: -1.370845,1.013629,1.730553,83.16216
665.6578: -1.178416,0.94929,1.746647,80.04855
665.88: -1.008398,0.9238661,1.766251,76.70537
666.1022: -0.8401511,0.9264543,1.745351,74.79745
666.3245: -0.6478044,0.9364972,1.739091,88.71085
666.5467: -0.507862,0.8671821,1.735769,149.6007
666.7689: -0.4133812,0.8031886,1.733394,177.101
666.9911: -0.30186,0.7141834,1.711419,184.4811
667.2134: -0.2295219,0.6265398,1.709603,188.7152
667.4355: -0.1556813,0.591139,1.717735,194.498
667.6578: -0.06938159,0.5906184,1.721044,199.5771
Trial Result: Success object: Wheelbarrow | Time Spent: 7.138411
Trial No.:14 Ends
Trial No.:23 Begins
User confirmed on object: Chair, this maze officially starts.
679.9133: 0.8893167,-3.325017,1.815278,356.052
680.1356: 0.8851353,-3.331563,1.814833,0.3500717
680.3578: 0.8751581,-3.33322,1.815082,3.221426
680.58: 0.8611233,-3.328623,1.812214,5.183987
680.8022: 0.8495463,-3.330081,1.807677,10.98691
681.0245: 0.8339063,-3.341045,1.798615,20.17391
681.2467: 0.8981187,-3.342352,1.794349,24.3292
681.4689: 1.033867,-3.309749,1.790756,26.64128
681.6911: 1.227523,-3.231138,1.776903,24.09307
681.9133: 1.365164,-3.152088,1.783739,21.53805
682.1356: 1.481167,-3.021241,1.759288,19.16506
682.3578: 1.574929,-2.808569,1.735649,16.57703
682.58: 1.668236,-2.59839,1.779748,13.8812
682.8022: 1.772453,-2.393502,1.773412,13.4397
683.0245: 1.913205,-2.171596,1.747996,11.57805
683.2467: 2.016807,-1.937735,1.79784,10.26974
683.4689: 2.053253,-1.713004,1.753121,10.75926
683.6911: 2.071931,-1.447997,1.755934,14.08595
683.9133: 2.129471,-1.273621,1.777189,15.07734
684.1356: 2.229841,-1.077697,1.753038,9.388868
684.3578: 2.377965,-0.8826153,1.751546,3.188351
684.58: 2.472103,-0.6894115,1.780252,1.81874
684.8022: 2.503958,-0.4758387,1.74478,0.5707191
685.0245: 2.482272,-0.2385184,1.744127,5.642907
685.2467: 2.487288,-0.01007378,1.776695,358.0596
685.4689: 2.517408,0.2194493,1.740167,353.0545
685.6911: 2.579828,0.4645605,1.754516,351.113
685.9133: 2.586775,0.6544845,1.78091,348.9919
686.1356: 2.565836,0.8599918,1.74396,348.1762
686.3578: 2.521035,1.108458,1.746703,349.1669
686.58: 2.532564,1.305706,1.7777,349.4083
686.8022: 2.578218,1.519685,1.743231,344.1819
687.0245: 2.651489,1.745531,1.763925,336.8779
687.2467: 2.667891,1.961518,1.781124,332.7839
687.4689: 2.61882,2.162043,1.737317,326.0322
687.6911: 2.538129,2.352813,1.738243,313.7803
687.9133: 2.487065,2.500093,1.749565,292.2635
688.1356: 2.45419,2.631204,1.725897,272.4358
688.3578: 2.44252,2.793484,1.749694,254.8549
688.58: 2.418442,2.897909,1.765277,241.2621
688.8022: 2.372453,2.955457,1.759259,240.4894
Trial Result: Success object: Piano | Time Spent: 9.191359
Trial No.:23 Ends
