Participant ID: 406
Maze Mode: testing
Trial No.:14 Begins
User confirmed on object: Telescope, this maze officially starts.
111.0867: -2.934025,-0.05559586,1.676549,85.20062
111.3089: -2.943585,-0.05244137,1.701402,85.13706
111.5311: -2.954282,-0.04929326,1.705927,84.80978
111.7533: -2.965456,-0.04427159,1.707278,87.44869
111.9756: -2.972008,-0.03170795,1.703202,90.67842
112.1978: -2.965985,-0.02716867,1.692667,99.05547
112.42: -2.960687,-0.04856111,1.671028,123.5269
112.6422: -2.982576,-0.06927903,1.651752,142.0094
112.8644: -3.02721,-0.1147167,1.649464,152.8136
113.0867: -3.088732,-0.1921765,1.653288,159.3165
113.3089: -3.116273,-0.2631595,1.653108,154.1175
113.5311: -3.093536,-0.3389459,1.649859,149.7078
113.7533: -2.986267,-0.4125675,1.630672,140.7602
113.9756: -2.823996,-0.4963413,1.658966,128.2787
114.1978: -2.7318,-0.6005888,1.663846,125.8959
114.42: -2.68746,-0.7608933,1.647322,130.1241
114.6422: -2.662704,-0.9151198,1.646132,125.0479
114.8644: -2.600024,-1.01636,1.651769,103.9528
115.0867: -2.503845,-1.055506,1.652766,90.31154
115.3089: -2.362066,-1.049402,1.642845,87.41908
115.5311: -2.191602,-1.038708,1.655042,96.4474
115.7533: -2.040287,-1.051642,1.661992,105.629
115.9756: -1.833598,-1.109775,1.635027,107.5842
116.1978: -1.657878,-1.180812,1.645355,110.7509
116.42: -1.514812,-1.207058,1.656347,119.2914
116.6422: -1.392503,-1.21143,1.654285,137.6568
116.8644: -1.267623,-1.176728,1.689462,146.0163
117.0867: -1.148923,-1.148512,1.718647,148.9697
117.3089: -1.063925,-1.188046,1.702324,158.4932
117.5311: -1.017343,-1.294264,1.670462,174.385
117.7533: -0.9838094,-1.436762,1.653741,178.6821
117.9756: -0.9300526,-1.573962,1.666535,183.7096
118.1978: -0.8667406,-1.698833,1.667046,189.3526
118.42: -0.7881323,-1.8259,1.656417,198.1051
118.6422: -0.7270595,-1.957016,1.667483,205.5299
118.8644: -0.7202634,-2.072594,1.662046,210.0401
119.0867: -0.7705059,-2.223192,1.640222,219.4395
119.3089: -0.8604892,-2.380137,1.657869,228.5871
119.5311: -0.9190886,-2.514456,1.668196,235.6956
119.7533: -0.9326433,-2.627041,1.669101,244.1899
119.9756: -0.903005,-2.734362,1.671885,250.4966
120.1978: -0.8932735,-2.781425,1.676945,276.1031
120.42: -0.9119507,-2.839167,1.676718,277.9132
120.6422: -0.9785584,-2.915942,1.667,269.4743
120.8644: -0.9949488,-3.040977,1.68059,212.7984
121.0867: -0.901503,-3.014521,1.678273,122.0259
121.3089: -0.92388,-2.908413,1.678954,76.90232
121.5311: -0.9310875,-2.857172,1.67411,72.2404
121.7533: -0.9146393,-2.844196,1.671544,75.99425
121.9756: -0.8729814,-2.863528,1.673467,76.43829
122.1978: -0.7793118,-2.915613,1.672208,68.16628
122.42: -0.722102,-2.897587,1.671879,47.19649
122.6422: -0.754137,-2.816689,1.670786,9.870719
122.8644: -0.7928329,-2.717742,1.65829,4.775142
123.0867: -0.8585122,-2.573573,1.666757,2.435912
123.3089: -0.8792665,-2.424194,1.680339,2.285163
123.5311: -0.8357902,-2.252767,1.660857,1.965247
123.7533: -0.7432036,-2.066615,1.660517,2.015763
123.9756: -0.6810493,-1.894397,1.66719,9.631045
124.1978: -0.6661935,-1.690096,1.654151,25.86095
124.42: -0.6849776,-1.481872,1.644328,46.44814
124.6422: -0.6768721,-1.341474,1.656554,61.14661
124.8644: -0.6261293,-1.243976,1.678178,70.66025
125.0867: -0.5044045,-1.180102,1.670352,73.95292
125.3089: -0.3027399,-1.144119,1.658945,77.34911
125.5311: -0.1524811,-1.101496,1.67819,73.91203
125.7533: -0.08876212,-1.009365,1.670656,47.52851
125.9756: -0.08657667,-0.8500714,1.662437,16.90412
126.1978: -0.09255764,-0.5909333,1.618001,1.327668
126.42: -0.1106591,-0.377942,1.650893,335.8918
126.6422: -0.09391861,-0.2836359,1.671444,315.9555
126.8644: -0.05261896,-0.2123491,1.662253,298.8988
127.0867: 0.02792902,-0.1138658,1.64642,285.9681
127.3089: 0.08732098,-0.04683255,1.659011,276.5584
127.5311: 0.1240656,-0.03130903,1.668622,272.4254
127.7533: 0.1425827,-0.04596815,1.678499,271.4765
127.9756: 0.1461793,-0.05946926,1.675229,272.892
128.1978: 0.1524002,-0.05718008,1.681475,273.6787
128.42: 0.1810579,-0.03648508,1.71196,270.1631
128.6422: 0.1992719,-0.01206151,1.719395,271.6145
128.8644: 0.2146887,0.001407459,1.715682,272.9118
129.0867: 0.1919977,0.001018707,1.678823,272.9191
129.3089: 0.1730294,-0.004000276,1.645715,273.7746
129.5311: 0.1594168,-0.00906344,1.650681,271.997
129.7533: 0.1637929,-0.0101235,1.650525,271.192
129.9756: 0.1718376,-0.01423533,1.650734,270.9338
130.1978: 0.1748529,-0.01895167,1.651486,271.0501
130.42: 0.1651565,-0.0255709,1.650677,272.9014
130.6422: 0.1594108,-0.03549615,1.648824,276.5597
130.8644: 0.1590978,-0.04770764,1.649047,277.4331
131.0867: 0.1638952,-0.05635651,1.653831,279.4204
131.3089: 0.1694207,-0.06563715,1.658115,282.1194
131.5311: 0.1741505,-0.0667742,1.665721,291.1406
131.7533: 0.1806233,-0.05899027,1.669088,304.027
131.9756: 0.182061,-0.05305731,1.671504,308.6881
132.1978: 0.168613,-0.05477417,1.670691,296.7821
132.42: 0.153194,-0.06596124,1.666937,276.4832
132.6422: 0.153119,-0.06435878,1.661923,271.1147
132.8644: 0.1578275,-0.05900653,1.659666,271.5196
133.0867: 0.157942,-0.05661324,1.658788,272.6056
133.3089: 0.1572286,-0.05770035,1.660193,272.6768
133.5311: 0.1561702,-0.05768617,1.660568,273.3605
133.7533: 0.1513923,-0.05830533,1.663095,273.5714
133.9756: 0.1418021,-0.05673407,1.66394,273.4405
134.1978: 0.1353837,-0.05405541,1.664157,274.1389
134.42: 0.1372977,-0.05147088,1.664323,275.1427
134.6422: 0.143232,-0.05169738,1.664502,274.2155
134.8644: 0.1511245,-0.05004009,1.662624,272.9153
135.0867: 0.1594498,-0.05028217,1.662499,271.403
135.3089: 0.1673313,-0.0543621,1.663936,268.9225
Trial Result: Success object: Wheelbarrow | Time Spent: 24.44519
Trial No.:14 Ends
Trial No.:19 Begins
User confirmed on object: Well, this maze officially starts.
151.9644: 1.67755,-2.017003,1.683076,85.54344
152.1867: 1.679746,-2.018878,1.689083,87.25595
152.4089: 1.679834,-2.019464,1.698826,90.63799
152.6311: 1.680639,-2.01318,1.696751,94.05013
152.8533: 1.680195,-1.999161,1.700929,94.82815
153.0756: 1.666275,-1.986989,1.716899,95.37293
153.2978: 1.647329,-1.983965,1.718409,100.1874
153.52: 1.632804,-1.98875,1.716683,107.1674
153.7422: 1.651443,-1.965044,1.706786,96.9965
153.9644: 1.676085,-1.918577,1.684559,70.78833
154.1867: 1.694755,-1.912351,1.673559,46.68916
154.4089: 1.725232,-1.94241,1.668417,25.32201
154.6311: 1.732168,-1.952742,1.663295,5.410827
154.8533: 1.69731,-1.920042,1.665766,352.5898
155.0756: 1.630511,-1.864068,1.671215,326.9617
155.2978: 1.609301,-1.801274,1.673436,320.4641
155.52: 1.627966,-1.724878,1.672556,319.2173
155.7422: 1.672485,-1.606941,1.659622,311.9818
155.9644: 1.733297,-1.477139,1.667204,300.6787
156.1867: 1.739589,-1.379557,1.668549,289.7115
156.4089: 1.66414,-1.305665,1.659188,284.7869
156.6311: 1.499498,-1.246878,1.642553,289.7493
156.8533: 1.28222,-1.184959,1.675966,295.9837
157.0756: 1.137171,-1.11273,1.678504,296.1708
157.2978: 0.9752495,-1.018835,1.648427,285.7955
157.52: 0.8429456,-0.9456227,1.662514,274.8895
157.7422: 0.6851616,-0.9210571,1.67671,269.4196
157.9644: 0.5275788,-0.9278259,1.65492,295.0464
158.1867: 0.3756978,-0.9616013,1.672015,325.147
158.4089: 0.2166578,-0.9760722,1.676955,328.3077
158.6311: 0.008281495,-0.9722622,1.653034,297.7865
158.8533: -0.2007178,-0.9938158,1.651018,227.7399
159.0756: -0.3503693,-1.010733,1.662916,207.179
159.2978: -0.5058219,-1.102261,1.646141,198.8858
159.52: -0.5973246,-1.204844,1.649448,186.5439
159.7422: -0.6951956,-1.277287,1.679248,177.7645
159.9644: -0.8292298,-1.35229,1.660608,172.0516
160.1867: -0.9536401,-1.459553,1.653466,169.7081
160.4089: -0.9924633,-1.613146,1.659859,172.8662
160.6311: -0.9347635,-1.815403,1.644863,179.8901
160.8533: -0.8695944,-2.026767,1.673661,207.0562
161.0756: -0.8464516,-2.202533,1.674959,213.3192
161.2978: -0.9042572,-2.381749,1.645153,226.9199
161.52: -0.9871677,-2.558077,1.656787,245.8302
161.7422: -1.007788,-2.687181,1.671178,257.5139
161.9644: -0.9797156,-2.838942,1.656873,271.6964
162.1867: -0.9858997,-2.953811,1.677111,274.4345
162.4089: -1.076855,-3.027041,1.669868,275.7445
162.6311: -1.308664,-3.054754,1.629455,281.0074
162.8533: -1.62437,-3.022404,1.651588,287.6722
163.0756: -1.812607,-3.003358,1.688552,295.9904
163.2978: -2.030288,-2.974234,1.635076,315.783
163.52: -2.239444,-2.948859,1.628494,331.3209
163.7422: -2.423413,-2.843915,1.656096,341.3271
163.9644: -2.562912,-2.638836,1.598519,349.9118
164.1867: -2.639437,-2.356922,1.622941,3.235261
164.4089: -2.700474,-2.168279,1.68998,12.12457
164.6311: -2.78637,-1.978968,1.660276,12.77398
164.8533: -2.899362,-1.714751,1.654176,13.57259
165.0756: -2.918315,-1.477859,1.676726,10.08453
165.2978: -2.872396,-1.183945,1.627888,5.027631
165.52: -2.818967,-0.9217353,1.655435,358.675
165.7422: -2.810581,-0.7259459,1.686888,1.065586
165.9644: -2.840643,-0.4665229,1.639179,14.86194
166.1867: -2.86659,-0.2175136,1.659503,23.91384
166.4089: -2.835808,0.008081427,1.663047,29.32911
166.6311: -2.735733,0.2526537,1.642687,31.85657
166.8533: -2.628741,0.5168731,1.679284,35.03604
167.0756: -2.563305,0.7194786,1.660152,38.74018
167.2978: -2.508943,0.9600366,1.650472,42.25997
167.52: -2.433594,1.147064,1.694114,45.71555
167.7422: -2.335668,1.298096,1.664356,49.72449
167.9644: -2.193569,1.450037,1.643507,52.09488
168.1867: -2.087101,1.582193,1.667052,56.28671
168.4089: -2.031312,1.701517,1.656052,65.93015
168.6311: -2.005368,1.849963,1.648762,75.48284
168.8533: -1.985885,1.966972,1.659077,81.15166
169.0756: -1.967116,2.031608,1.659872,86.12579
Trial Result: Success object: Table | Time Spent: 17.41039
Trial No.:19 Ends
Trial No.:3 Begins
User confirmed on object: Piano, this maze officially starts.
188.2311: 1.783128,3.200151,1.67622,180.527
188.4533: 1.759147,3.197524,1.692317,182.8562
188.6756: 1.75064,3.205323,1.692182,183.1712
188.8978: 1.744524,3.225662,1.6996,187.1704
189.12: 1.73839,3.237394,1.701367,190.9296
189.3422: 1.743175,3.239568,1.699869,188.1159
189.5645: 1.759009,3.222376,1.688726,184.1028
189.7867: 1.725743,3.198808,1.657831,216.8583
190.0089: 1.710469,3.227857,1.645899,251.0602
190.2311: 1.688925,3.242596,1.653803,262.3837
190.4533: 1.621201,3.263237,1.659199,263.4739
190.6756: 1.518008,3.282102,1.65677,266.7254
190.8978: 1.403613,3.255977,1.655428,264.2384
191.12: 1.276557,3.171527,1.642732,260.8997
191.3422: 1.128466,3.073726,1.670104,267.0667
191.5645: 0.992864,3.028808,1.66893,270.1414
191.7867: 0.8051659,3.018015,1.646884,267.005
192.0089: 0.6192186,3.00891,1.662586,245.743
192.2311: 0.4795806,2.954872,1.663821,211.6315
192.4533: 0.3262942,2.886258,1.642636,204.6772
192.6756: 0.1440937,2.862498,1.662336,243.451
192.8978: 0.0008110302,2.884541,1.664923,273.4574
193.12: -0.1638092,2.900674,1.646166,272.1813
193.3422: -0.3881834,2.951871,1.653389,266.9988
193.5645: -0.5689623,2.981883,1.67406,266.6659
193.7867: -0.7569605,2.968207,1.64102,262.3543
194.0089: -0.9442644,2.933159,1.656667,256.8146
194.2311: -1.093091,2.941773,1.666687,263.0511
194.4533: -1.278696,2.959458,1.646392,259.9301
194.6756: -1.446058,2.936514,1.64997,228.6613
194.8978: -1.55499,2.865632,1.651886,202.882
195.12: -1.64135,2.72895,1.635751,194.7879
195.3422: -1.707952,2.555208,1.644797,188.281
195.5645: -1.773106,2.372192,1.655186,163.8404
195.7867: -1.894082,2.204484,1.631645,152.1829
196.0089: -2.031731,2.013722,1.653353,182.7287
196.2311: -2.074733,1.825732,1.635267,190.991
196.4533: -2.079771,1.57844,1.630297,193.765
196.6756: -2.108975,1.369239,1.662402,193.574
196.8978: -2.19054,1.165858,1.643985,189.8379
197.12: -2.344592,0.9584119,1.620752,183.7715
197.3422: -2.465252,0.7506189,1.648989,178.3651
197.5645: -2.513805,0.4830955,1.63781,179.1511
197.7867: -2.515582,0.2202125,1.640075,185.5692
198.0089: -2.562698,0.00606136,1.67458,185.8828
198.2311: -2.636297,-0.1966675,1.638445,186.775
198.4533: -2.741708,-0.4456695,1.646227,182.9251
198.6756: -2.792243,-0.6612936,1.676812,178.4988
198.8978: -2.794859,-0.8898181,1.638,178.0607
199.12: -2.787544,-1.117688,1.65122,182.1898
199.3422: -2.787649,-1.333348,1.677398,180.8448
199.5645: -2.811379,-1.619291,1.637202,168.9288
199.7867: -2.818378,-1.862551,1.65862,154.1716
200.0089: -2.762177,-2.063194,1.671663,147.3705
200.2311: -2.679199,-2.240793,1.641443,144.0267
200.4533: -2.583758,-2.416523,1.66096,133.7273
200.6756: -2.488929,-2.589335,1.649559,107.7237
200.8978: -2.430972,-2.774792,1.644978,82.40948
201.12: -2.345149,-2.919145,1.682446,71.23346
201.3422: -2.231428,-3.003886,1.673911,66.69304
201.5645: -2.117398,-3.040589,1.678756,47.83561
201.7867: -2.0457,-3.082372,1.677437,29.25609
202.0089: -1.920158,-3.137994,1.675536,14.93488
202.2311: -1.806198,-3.168774,1.681068,6.086877
202.4533: -1.727176,-3.196319,1.680957,0.3443818
Trial Result: Success object: Mailbox | Time Spent: 14.47312
Trial No.:3 Ends
Trial No.:12 Begins
User confirmed on object: Trashcan, this maze officially starts.
219.6533: 2.571888,1.011777,1.703867,87.21478
219.8756: 2.5649,1.016722,1.708186,98.19812
220.0978: 2.564697,1.028924,1.704773,107.3262
220.32: 2.576865,1.050066,1.699575,111.1569
220.5422: 2.60972,1.076349,1.68884,96.68774
220.7645: 2.616633,1.112347,1.671831,48.89322
220.9867: 2.59772,1.094915,1.665295,12.79299
221.2089: 2.597062,1.094824,1.658991,356.1713
221.4311: 2.593419,1.162902,1.656216,348.9994
221.6533: 2.576205,1.296511,1.650315,354.9915
221.8756: 2.55882,1.467194,1.667614,0.1227913
222.0978: 2.579471,1.626256,1.644084,355.2968
222.32: 2.651792,1.823519,1.637203,339.8079
222.5422: 2.687149,2.003836,1.65121,324.3678
222.7645: 2.659399,2.14905,1.650898,317.1115
222.9867: 2.5649,2.326451,1.645114,311.8915
223.2089: 2.487649,2.482436,1.655299,301.4134
223.4311: 2.441602,2.652638,1.649817,291.1958
223.6533: 2.415202,2.839751,1.639359,276.471
223.8756: 2.347947,2.962015,1.66115,253.0193
224.0978: 2.23726,3.027087,1.642299,248.3652
224.32: 2.050319,3.085434,1.644973,254.2308
224.5422: 1.871298,3.146562,1.661576,255.8386
224.7645: 1.704344,3.236902,1.643132,257.9365
224.9867: 1.519507,3.357039,1.642522,259.2459
225.2089: 1.33496,3.414802,1.663906,262.1329
225.4311: 1.127639,3.404727,1.637199,261.6749
225.6533: 0.9074152,3.347921,1.661069,252.3834
225.8756: 0.7074774,3.330761,1.67087,250.1641
226.0978: 0.4454724,3.353026,1.640466,256.4067
226.32: 0.2213852,3.369857,1.6703,260.4743
226.5422: 0.02280934,3.35964,1.670368,262.4484
226.7645: -0.1555829,3.319007,1.642811,259.878
226.9867: -0.3663136,3.275861,1.664578,256.5009
227.2089: -0.5821035,3.265029,1.654929,256.5601
227.4311: -0.8068103,3.287683,1.645675,259.4851
227.6533: -1.021738,3.255711,1.670546,249.0981
227.8756: -1.195272,3.131842,1.639482,221.8418
228.0978: -1.379208,2.949207,1.645183,200.5049
228.32: -1.523133,2.814126,1.6609,189.4793
228.5422: -1.678184,2.67035,1.62581,178.7874
228.7645: -1.765184,2.553929,1.641406,158.9284
228.9867: -1.810123,2.421337,1.654438,143.4559
229.2089: -1.810152,2.288179,1.632077,137.7899
229.4311: -1.815122,2.182062,1.653489,119.4308
229.6533: -1.858262,2.072114,1.638149,100.5483
229.8756: -1.906091,1.972551,1.658392,87.0069
230.0978: -1.947446,1.942919,1.667931,82.2304
Trial Result: Success object: Table | Time Spent: 10.74485
Trial No.:12 Ends
Trial No.:6 Begins
User confirmed on object: Table, this maze officially starts.
242.8533: -1.970515,1.978291,1.666112,87.05342
243.0756: -1.962047,1.992226,1.663879,88.95155
243.2978: -1.951422,2.003789,1.663636,91.28122
243.52: -1.943028,2.006395,1.662902,93.3638
243.7422: -1.932499,2.004821,1.667592,93.70422
243.9644: -1.960763,2.007495,1.699427,95.90678
244.1867: -1.998634,2.014968,1.698011,98.96678
244.4089: -2.015839,1.999531,1.689844,113.6109
244.6311: -2.002242,1.971472,1.662782,137.6113
244.8533: -1.992385,1.921938,1.64198,166.0081
245.0756: -2.024967,1.842014,1.633064,195.2865
245.2978: -2.056314,1.714035,1.632454,193.9868
245.52: -2.09308,1.559678,1.646208,190.1921
245.7422: -2.108581,1.373749,1.632747,190.4138
245.9644: -2.11193,1.159218,1.632726,194.5399
246.1867: -2.180595,0.9591516,1.630769,191.8289
246.4089: -2.389834,0.7429963,1.605365,186.3294
246.6311: -2.535804,0.5656916,1.634725,180.2074
246.8533: -2.601186,0.3538513,1.638551,173.9732
247.0756: -2.621681,0.1158871,1.640578,176.7283
247.2978: -2.660673,-0.1069053,1.671604,178.97
247.52: -2.718716,-0.3481894,1.641943,176.6187
247.7422: -2.788436,-0.5970527,1.654346,172.1659
247.9644: -2.804833,-0.840184,1.676435,167.1322
248.1867: -2.76924,-1.09063,1.642025,165.9904
248.4089: -2.708807,-1.374303,1.677263,164.1812
248.6311: -2.688143,-1.615055,1.647593,158.7208
248.8533: -2.701558,-1.87732,1.64368,150.9226
249.0756: -2.670511,-2.079183,1.683207,142.4528
249.2978: -2.59657,-2.306848,1.638658,135.9581
249.52: -2.482197,-2.509118,1.650167,125.936
249.7422: -2.363027,-2.676682,1.679434,107.1207
249.9644: -2.243681,-2.859682,1.634744,89.4348
250.1867: -2.104669,-2.999788,1.665635,75.74388
250.4089: -1.892141,-3.079837,1.651544,73.34843
250.6311: -1.684999,-3.087648,1.663676,72.23358
250.8533: -1.491458,-3.123694,1.676552,74.54588
251.0756: -1.272185,-3.157468,1.656873,78.40619
251.2978: -1.058994,-3.187967,1.678382,75.83351
251.52: -0.8345252,-3.183305,1.696372,73.93004
251.7422: -0.607926,-3.137638,1.656604,74.87236
251.9644: -0.4019628,-3.08098,1.686627,71.42376
252.1867: -0.1952006,-3.05748,1.672783,65.0434
252.4089: 0.04964728,-3.069779,1.660419,57.42658
252.6311: 0.2308922,-3.061692,1.685683,48.572
252.8533: 0.3693358,-3.046345,1.656981,42.07514
253.0756: 0.4864891,-3.027935,1.661759,34.67474
253.2978: 0.5753209,-3.036079,1.675702,22.58787
Trial Result: Success object: Chair | Time Spent: 10.81149
Trial No.:6 Ends
Trial No.:22 Begins
User confirmed on object: Mailbox, this maze officially starts.
270.5089: -1.841742,-3.183491,1.712548,9.619696
270.7311: -1.832147,-3.177707,1.714356,11.06729
270.9533: -1.822376,-3.168777,1.712287,13.70509
271.1756: -1.79818,-3.14814,1.705179,24.64432
271.3978: -1.747045,-3.123162,1.693258,41.35059
271.62: -1.670922,-3.118227,1.679344,52.47459
271.8422: -1.531848,-3.103568,1.661157,53.3131
272.0645: -1.390547,-3.055932,1.648918,31.14115
272.2867: -1.296017,-2.99385,1.647676,15.70513
272.5089: -1.192744,-2.881044,1.64272,11.43078
272.7311: -1.063536,-2.697853,1.63728,13.98445
272.9533: -0.9402441,-2.513778,1.660752,12.75169
273.1756: -0.8414751,-2.367062,1.661861,13.54339
273.3978: -0.722277,-2.200143,1.645712,11.50578
273.62: -0.6670564,-2.047435,1.656286,9.387155
273.8422: -0.6590655,-1.83316,1.643474,16.36826
274.0645: -0.6844914,-1.588817,1.634467,34.68484
274.2867: -0.6692691,-1.425687,1.662593,51.49362
274.5089: -0.5823325,-1.316506,1.66405,70.75224
274.7311: -0.3965977,-1.181021,1.639389,67.65118
274.9533: -0.177514,-0.9608002,1.666812,40.08751
275.1756: -0.1105287,-0.7624722,1.651487,15.95528
275.3978: -0.07380855,-0.5128582,1.610588,16.39699
275.62: -0.04897257,-0.3374678,1.654227,18.81407
275.8422: -0.01088802,-0.1392624,1.668698,16.65294
276.0645: 0.05480985,0.07813612,1.643114,15.11345
276.2867: 0.1420678,0.278065,1.663828,25.99282
276.5089: 0.1899595,0.4422638,1.671265,46.54726
276.7311: 0.2044772,0.6207189,1.64511,68.4745
276.9533: 0.2218994,0.8083942,1.671046,94.23195
277.1756: 0.2758781,0.9239864,1.674916,97.13487
277.3978: 0.3983522,0.9839814,1.66165,98.10122
277.62: 0.5665382,0.9793813,1.649188,97.45563
277.8422: 0.7454953,0.9684757,1.660325,101.1927
278.0645: 0.8975916,0.9842547,1.663115,107.353
278.2867: 1.048231,1.048107,1.641241,117.5428
278.5089: 1.196914,1.121601,1.651836,129.6597
278.7311: 1.336707,1.13193,1.666212,138.0402
278.9533: 1.475994,1.074431,1.635632,143.2926
279.1756: 1.576514,1.005784,1.647101,151.6817
Trial Result: Success object: Bookshelf | Time Spent: 9.013088
Trial No.:22 Ends
Trial No.:23 Begins
User confirmed on object: Chair, this maze officially starts.
293.4311: 0.8429844,-3.153898,1.679016,353.7285
293.6534: 0.8458542,-3.143741,1.690573,352.6797
293.8755: 0.8525488,-3.159503,1.715693,355.1911
294.0978: 0.8482307,-3.18208,1.718149,2.32472
294.32: 0.8392009,-3.204629,1.715412,15.52076
294.5422: 0.8217444,-3.210104,1.705352,20.92651
294.7645: 0.7642112,-3.194685,1.691362,343.1675
294.9867: 0.7308973,-3.217541,1.671332,298.9008
295.2089: 0.7153547,-3.179599,1.659633,286.2675
295.4311: 0.6230574,-3.155834,1.646641,284.8456
295.6534: 0.5247885,-3.164231,1.667666,285.1159
295.8755: 0.3951974,-3.158587,1.658752,284.8771
296.0978: 0.2119774,-3.110581,1.632163,286.4963
296.32: -0.01112277,-3.009747,1.646694,290.5508
296.5422: -0.1782285,-2.937807,1.665346,299.56
296.7645: -0.3650221,-2.875046,1.652592,323.4801
296.9867: -0.6240609,-2.861599,1.657238,326.2568
297.2089: -0.9396982,-2.896707,1.671097,285.1295
297.4311: -1.194955,-2.883345,1.639127,273.8115
297.6534: -1.442195,-2.836654,1.660482,276.9467
297.8755: -1.656767,-2.815858,1.679909,285.1742
298.0978: -1.863756,-2.821335,1.633065,296.5832
298.32: -2.096893,-2.812218,1.665292,315.7169
298.5422: -2.277405,-2.744084,1.671193,332.5444
298.7645: -2.455928,-2.595348,1.64485,338.534
298.9867: -2.590666,-2.450617,1.662815,344.7529
299.2089: -2.736411,-2.315723,1.662154,358.38
299.4311: -2.903239,-2.142792,1.654782,7.59604
299.6534: -2.946995,-1.952419,1.678382,9.124935
299.8755: -2.92474,-1.700888,1.636412,8.756691
300.0978: -2.897176,-1.510858,1.667404,5.40664
300.32: -2.887562,-1.294291,1.681554,1.358127
300.5422: -2.902542,-1.05414,1.643535,3.733392
300.7645: -2.907532,-0.8225315,1.672629,7.339781
300.9867: -2.882144,-0.5914038,1.65828,7.700026
301.2089: -2.822251,-0.365202,1.649439,6.268315
301.4311: -2.758276,-0.1125333,1.670466,21.38612
301.6534: -2.748726,0.1159664,1.638137,32.55923
301.8755: -2.76118,0.3486161,1.661406,36.22224
302.0978: -2.711916,0.5212055,1.67055,43.949
302.32: -2.596289,0.6986529,1.638304,55.46989
302.5422: -2.459605,0.8836221,1.659735,51.84782
302.7645: -2.376501,1.091928,1.6706,27.6484
302.9867: -2.2956,1.323327,1.62902,18.23378
303.2089: -2.211553,1.526935,1.657894,14.93366
303.4311: -2.064047,1.763678,1.630282,19.03676
303.6534: -1.917835,1.968263,1.634,29.27822
303.8755: -1.797664,2.164001,1.675766,40.36795
304.0978: -1.722134,2.332831,1.638749,51.6747
304.32: -1.640654,2.55364,1.632971,68.18769
304.5422: -1.533385,2.705093,1.662319,84.97936
304.7645: -1.37011,2.819185,1.637455,94.27406
304.9867: -1.170783,2.909231,1.64433,93.13298
305.2089: -1.005309,2.991106,1.677444,93.30521
305.4311: -0.8050892,3.087706,1.643618,97.71368
305.6534: -0.6221138,3.149189,1.655072,99.74919
305.8755: -0.4366855,3.149243,1.658695,101.4875
306.0978: -0.2625262,3.108121,1.645148,100.9323
306.32: -0.06320775,3.052824,1.662346,99.80521
306.5422: 0.1194046,3.051224,1.682079,99.07365
306.7645: 0.3103313,3.095306,1.650704,101.4791
306.9867: 0.5000101,3.141672,1.66585,103.3333
307.2089: 0.6701596,3.127927,1.666692,106.604
307.4311: 0.8544866,3.053137,1.655635,111.0605
307.6534: 1.005243,2.992235,1.661129,114.3003
307.8755: 1.139828,2.985318,1.666574,118.3548
308.0978: 1.269216,3.021499,1.646597,129.8156
308.32: 1.381992,3.054212,1.665416,141.8656
308.5422: 1.463248,3.051818,1.675396,149.9112
308.7645: 1.507725,3.008623,1.658715,154.4072
308.9867: 1.543141,2.969025,1.646361,155.8591
309.2089: 1.58774,2.980199,1.651867,161.7831
Trial Result: Success object: Piano | Time Spent: 16.00758
Trial No.:23 Ends
Trial No.:7 Begins
User confirmed on object: Plant, this maze officially starts.
325.0756: -2.548773,-2.031793,1.686528,268.8896
325.2978: -2.542198,-2.026117,1.691534,271.894
325.52: -2.536211,-2.013048,1.695698,282.8532
325.7422: -2.532517,-2.02663,1.719796,279.4446
325.9644: -2.526596,-2.032833,1.717345,278.1853
326.1867: -2.539686,-2.039111,1.711156,276.5459
326.4089: -2.560572,-2.077559,1.694676,254.2651
326.6311: -2.550779,-2.129265,1.673978,225.203
326.8533: -2.548287,-2.169468,1.669498,211.4952
327.0756: -2.606412,-2.172009,1.663764,234.0597
327.2978: -2.631771,-2.052094,1.650912,292.5782
327.52: -2.563777,-1.918284,1.663571,326.8495
327.7422: -2.499055,-1.796901,1.657793,351.3432
327.9644: -2.482056,-1.712461,1.666502,5.245818
328.1867: -2.519169,-1.622437,1.665431,10.53049
328.4089: -2.598594,-1.510507,1.655824,12.80169
328.6311: -2.695389,-1.396527,1.669013,12.08495
328.8533: -2.766346,-1.261396,1.673748,12.11807
329.0756: -2.787358,-1.106782,1.658889,17.43493
329.2978: -2.729278,-0.97027,1.646437,46.36278
329.52: -2.683707,-0.8856387,1.657286,77.58013
329.7422: -2.662539,-0.7799046,1.628858,87.86111
329.9644: -2.548736,-0.7035322,1.638565,99.48732
330.1867: -2.365314,-0.7464531,1.620552,103.1073
330.4089: -2.161656,-0.8476179,1.666438,99.15784
330.6311: -2.017916,-0.8933784,1.667743,95.65798
330.8533: -1.818458,-0.8870485,1.636082,90.94948
331.0756: -1.593684,-0.8510095,1.650975,86.73633
331.2978: -1.364357,-0.8527057,1.675484,85.30375
331.52: -1.119933,-0.8971294,1.640379,88.05012
331.7422: -0.8861555,-0.9664794,1.661383,88.25121
331.9644: -0.6509489,-0.985561,1.687698,87.37092
332.1867: -0.3862958,-0.9700945,1.645621,88.492
332.4089: -0.1419674,-0.9513501,1.67495,87.47168
332.6311: 0.07308045,-0.9649483,1.678705,88.31744
332.8533: 0.3164759,-1.010563,1.659929,87.49974
333.0756: 0.543205,-1.035734,1.685953,90.30652
333.2978: 0.7635193,-1.025392,1.658826,102.3509
333.52: 0.9923007,-0.9559982,1.666175,100.4224
333.7422: 1.211116,-0.914757,1.675348,84.60471
333.9644: 1.463597,-0.9324937,1.639651,69.84425
334.1867: 1.697658,-0.9760412,1.659757,56.64734
334.4089: 1.887692,-0.9568617,1.671743,45.67393
334.6311: 2.056273,-0.8799641,1.642401,42.78226
334.8533: 2.20559,-0.7775968,1.668541,37.08047
335.0756: 2.35579,-0.6598672,1.673446,29.83074
335.2978: 2.508613,-0.5116951,1.654247,13.07281
335.52: 2.594779,-0.3339077,1.672547,356.9371
335.7422: 2.621775,-0.1355582,1.649185,358.4328
335.9644: 2.625337,0.1002895,1.660223,21.35103
336.1867: 2.644204,0.2641496,1.678619,25.64156
336.4089: 2.676166,0.4397353,1.664005,23.50304
336.6311: 2.741352,0.604808,1.655424,32.11373
336.8533: 2.769023,0.7285462,1.664966,55.36725
337.0756: 2.752285,0.8526585,1.665042,72.06937
Trial Result: Success object: Trashcan | Time Spent: 12.40525
Trial No.:7 Ends
Trial No.:1 Begins
User confirmed on object: Stove, this maze officially starts.
354.42: -2.484831,2.996065,1.690417,272.9058
354.6422: -2.471855,2.992158,1.689792,272.0594
354.8644: -2.460547,2.994803,1.689992,275.8368
355.0867: -2.45135,2.997193,1.68989,277.2789
355.3089: -2.440192,2.965521,1.683297,262.0822
355.5311: -2.435036,2.904113,1.671381,230.0022
355.7534: -2.379724,2.899705,1.654685,172.3678
355.9756: -2.381341,2.970154,1.6391,132.1807
356.1978: -2.370108,2.988507,1.637273,123.4428
356.42: -2.298622,2.930903,1.616576,130.2143
356.6422: -2.169599,2.827709,1.602003,144.9626
356.8644: -2.022275,2.708594,1.633965,152.834
357.0867: -1.923522,2.565841,1.618017,161.4253
357.3089: -1.853021,2.315267,1.566985,155.6724
357.5311: -1.82606,2.054381,1.609629,137.8672
357.7534: -1.792503,1.865961,1.660128,133.1315
357.9756: -1.697387,1.661513,1.617037,129.6625
358.1978: -1.584189,1.473184,1.629678,126.075
358.42: -1.465255,1.265887,1.66559,120.4053
358.6422: -1.36044,1.084107,1.614661,110.7685
358.8644: -1.198941,0.9335525,1.636621,95.09116
359.0867: -1.021091,0.9095614,1.634526,95.03571
359.3089: -0.7737232,0.9271542,1.634234,109.1261
359.5311: -0.6051992,0.88802,1.656351,136.3708
359.7534: -0.4442596,0.7847012,1.640029,140.1282
359.9756: -0.237169,0.5442426,1.592862,134.8925
360.1978: -0.1046648,0.298246,1.604741,149.265
360.42: -0.01790264,0.1077502,1.640962,165.1421
360.6422: 0.1017968,-0.07928362,1.626016,160.3298
360.8644: 0.1845611,-0.2766014,1.665694,142.963
361.0867: 0.2159274,-0.4583483,1.657607,125.0755
361.3089: 0.2386044,-0.6711342,1.632066,110.438
361.5311: 0.305646,-0.8320737,1.676857,93.25391
361.7534: 0.4332614,-0.9215206,1.654876,85.17861
361.9756: 0.6394268,-0.9803984,1.669956,95.96941
362.1978: 0.8065466,-1.034513,1.680479,106.2322
362.42: 1.020151,-1.102064,1.659113,115.3064
362.6422: 1.217381,-1.181422,1.652502,114.9183
362.8644: 1.389934,-1.236204,1.686724,115.1164
363.0867: 1.552978,-1.287211,1.664465,120.3372
363.3089: 1.69533,-1.338953,1.651954,127.1659
363.5311: 1.800574,-1.431799,1.672016,128.4431
363.7534: 1.858629,-1.564903,1.659962,123.2948
363.9756: 1.895516,-1.737135,1.655591,111.9046
364.1978: 1.881879,-1.871796,1.673428,96.86821
Trial Result: Success object: Well | Time Spent: 10.00144
Trial No.:1 Ends
Trial No.:21 Begins
User confirmed on object: Mailbox, this maze officially starts.
378.9422: -1.855136,-3.209659,1.712962,6.944215
379.1645: -1.802627,-3.198902,1.716403,8.19454
379.3867: -1.755239,-3.175114,1.716942,10.62002
379.6089: -1.706143,-3.165096,1.709079,19.24191
379.8311: -1.640641,-3.175395,1.687303,42.47132
380.0533: -1.548487,-3.192325,1.650657,70.29176
380.2756: -1.447302,-3.211848,1.646316,75.18546
380.4978: -1.384828,-3.183191,1.667178,55.55185
380.72: -1.305362,-3.074455,1.654548,33.7781
380.9422: -1.167751,-2.856818,1.64132,34.62651
381.1645: -1.070737,-2.685585,1.671592,28.08895
381.3867: -0.9689628,-2.532812,1.6706,25.69773
381.6089: -0.8513749,-2.373504,1.641753,22.65941
381.8311: -0.7599072,-2.166866,1.678105,20.40004
382.0533: -0.7484024,-1.943291,1.644658,23.60797
382.2756: -0.771817,-1.665698,1.631019,41.29281
382.4978: -0.7651386,-1.472811,1.648014,54.6664
382.72: -0.6860633,-1.328532,1.664203,65.35518
382.9422: -0.4716027,-1.144868,1.648443,58.13915
383.1645: -0.344729,-0.9740219,1.668779,31.66905
383.3867: -0.2465689,-0.7943912,1.664819,18.9885
383.6089: -0.1742391,-0.5901098,1.634807,19.30433
383.8311: -0.1062881,-0.3962187,1.663897,19.49835
384.0533: -0.02623273,-0.1654463,1.645111,17.73763
384.2756: 0.08949058,0.08977653,1.626976,17.94994
384.4978: 0.1765587,0.3175417,1.659902,29.42875
384.72: 0.2335263,0.5345507,1.622937,53.10113
384.9422: 0.3088993,0.7578902,1.618497,72.88071
385.1645: 0.4711528,0.865615,1.64529,80.67912
385.3867: 0.7493037,0.908722,1.638222,80.58247
385.6089: 0.962826,0.9374775,1.672874,81.84692
385.8311: 1.179084,0.9809998,1.67206,84.68407
386.0533: 1.412827,1.046299,1.63253,90.85619
386.2756: 1.632374,1.082048,1.67066,92.71848
386.4978: 1.827639,1.063581,1.643084,94.102
386.72: 2.02281,0.9948673,1.630545,95.27757
386.9422: 2.24667,0.9358749,1.642439,95.89127
387.1645: 2.422273,0.9810567,1.621265,91.48965
387.3867: 2.584902,0.9945284,1.630953,99.32162
387.6089: 2.675122,1.011918,1.649877,101.2046
Trial Result: Success object: Trashcan | Time Spent: 8.92804
Trial No.:21 Ends
Trial No.:9 Begins
User confirmed on object: Bookshelf, this maze officially starts.
403.1534: 1.820347,1.20778,1.70137,181.9079
403.3756: 1.813054,1.212047,1.706622,186.9531
403.5978: 1.800316,1.213114,1.703512,196.8922
403.82: 1.785466,1.20983,1.70416,205.4879
404.0422: 1.763192,1.199523,1.697982,217.4201
404.2645: 1.690357,1.211943,1.665288,254.599
404.4867: 1.587082,1.215807,1.641613,274.2658
404.7089: 1.443689,1.207552,1.641857,273.0724
404.9311: 1.243733,1.181112,1.6275,271.9185
405.1534: 1.025223,1.122194,1.599075,278.2585
405.3756: 0.7863569,1.07142,1.63704,289.9669
405.5978: 0.5998328,1.102729,1.638808,308.1254
405.82: 0.4133123,1.191896,1.629463,317.175
406.0422: 0.241266,1.248861,1.644016,313.9064
406.2645: 0.05269349,1.291024,1.627546,312.6656
406.4867: -0.1222285,1.351125,1.586699,319.8473
406.7089: -0.1976338,1.57566,1.568154,333.9177
406.9311: -0.1668343,1.923767,1.570663,335.3339
407.1534: -0.134367,2.179787,1.609187,332.0318
407.3756: -0.1762023,2.37905,1.617045,314.7536
407.5978: -0.2718936,2.568396,1.614928,299.814
407.82: -0.3699428,2.756183,1.657039,289.7747
408.0422: -0.480384,2.933456,1.604586,282.5633
408.2645: -0.6468608,3.077196,1.646812,282.1708
408.4867: -0.8561076,3.119043,1.634778,271.6989
408.7089: -1.123747,3.123507,1.636688,264.6092
408.9311: -1.346937,3.129307,1.662122,260.1291
409.1534: -1.591963,3.140721,1.632817,258.8412
409.3756: -1.885337,3.146137,1.646517,258.1553
409.5978: -2.091656,3.109657,1.662543,260.6938
409.82: -2.258749,3.046923,1.626098,265.9183
410.0422: -2.375798,3.005124,1.650721,266.6272
410.2645: -2.451828,2.996952,1.649077,266.0945
410.4867: -2.51673,3.025376,1.645748,263.9268
Trial Result: Success object: Stove | Time Spent: 7.719433
Trial No.:9 Ends
Trial No.:2 Begins
User confirmed on object: Stove, this maze officially starts.
424.7534: -2.491165,3.073615,1.680573,263.4682
424.9756: -2.502567,3.076553,1.680874,266.3488
425.1978: -2.511242,3.065404,1.675414,262.2234
425.42: -2.521563,3.015286,1.668851,233.4008
425.6422: -2.461586,3.006419,1.639959,159.9143
425.8644: -2.44795,3.004977,1.629157,136.3616
426.0867: -2.36614,2.922359,1.618163,132.0529
426.3089: -2.21348,2.787042,1.596132,141.7303
426.5311: -2.075295,2.682162,1.637089,149.2183
426.7534: -1.995196,2.534687,1.630958,151.0803
426.9756: -1.956098,2.285906,1.592185,146.4847
427.1978: -1.936775,2.034786,1.621089,140.2116
427.42: -1.885245,1.818578,1.668941,132.8446
427.6422: -1.742644,1.577996,1.607159,132.499
427.8644: -1.601843,1.405727,1.638619,125.2142
428.0867: -1.483225,1.250748,1.657841,114.9225
428.3089: -1.354032,1.06798,1.624132,104.8729
428.5311: -1.186976,0.9488208,1.651605,100.6126
428.7534: -0.977778,0.9119157,1.632401,106.1729
428.9756: -0.7438167,0.9312652,1.630624,115.7594
429.1978: -0.5697417,0.9242336,1.644898,115.7452
429.42: -0.4008187,0.8788878,1.605633,106.0749
429.6422: -0.2294189,0.7528939,1.628459,113.1632
429.8644: -0.1256781,0.6409819,1.643772,137.2421
430.0867: -0.01535896,0.5293704,1.63177,151.8918
430.3089: 0.08982302,0.3999706,1.640588,154.6595
430.5311: 0.126456,0.2609464,1.654753,153.5585
430.7534: 0.1140572,0.05598607,1.634671,152.656
430.9756: 0.07353303,-0.1639083,1.655477,147.9147
431.1978: 0.09400758,-0.3338819,1.665173,135.0982
431.42: 0.1565396,-0.5036074,1.643193,126.704
431.6422: 0.2428097,-0.6429305,1.647055,122.3156
431.8644: 0.3310998,-0.7570004,1.666258,114.1072
432.0867: 0.4372203,-0.8906599,1.651609,109.0491
432.3089: 0.5664825,-1.011381,1.66138,103.7082
432.5311: 0.7024734,-1.047352,1.676219,98.07858
432.7534: 0.8698581,-1.022965,1.653954,92.79317
432.9756: 1.032613,-0.9913492,1.675093,91.25266
433.1978: 1.180913,-1.018435,1.671552,96.1324
433.42: 1.327019,-1.127561,1.649305,114.8439
433.6422: 1.453182,-1.252567,1.661593,144.9593
433.8644: 1.571017,-1.338701,1.652025,187.1571
434.0867: 1.716969,-1.368734,1.641674,206.1645
434.3089: 1.844038,-1.398748,1.672612,207.7867
434.5311: 1.887895,-1.427068,1.675272,211.5403
434.7534: 1.878456,-1.467828,1.662038,217.8153
434.9756: 1.842795,-1.4438,1.650792,253.7813
435.1978: 1.901135,-1.376771,1.646966,290.2463
435.42: 1.948658,-1.350236,1.6588,302.7264
435.6422: 1.94834,-1.308951,1.660277,307.6296
435.8644: 1.88529,-1.22174,1.650349,318.6325
436.0867: 1.763653,-1.145023,1.657623,310.4668
436.3089: 1.61196,-1.107523,1.660313,295.186
436.5311: 1.442096,-1.104814,1.638085,292.7821
436.7534: 1.234599,-1.146547,1.628586,294.7371
436.9756: 1.051553,-1.145548,1.657341,294.5808
437.1978: 0.8685011,-1.070424,1.645875,297.5627
437.42: 0.6885059,-0.9457816,1.652442,298.0943
437.6422: 0.5294845,-0.8610207,1.675065,300.457
437.8644: 0.3420578,-0.8037941,1.648759,306.2438
438.0867: 0.2010944,-0.7841966,1.665547,312.0407
438.3089: 0.1302536,-0.7416599,1.677893,312.8783
438.5311: 0.1077652,-0.6555647,1.674429,309.7765
Trial Result: Success object: Wheelbarrow | Time Spent: 14.18205
Trial No.:2 Ends
Trial No.:16 Begins
User confirmed on object: Wheelbarrow, this maze officially starts.
450.5089: 0.3551035,0.002215657,1.704794,269.1165
450.7311: 0.3460869,0.01072085,1.704144,274.5209
450.9533: 0.3393798,0.02159137,1.699324,284.4357
451.1756: 0.3159446,0.0173227,1.696786,287.5919
451.3978: 0.2922769,0.008372368,1.687294,286.777
451.62: 0.2551003,-0.04691492,1.670044,253.5801
451.8422: 0.2283239,-0.1032665,1.642682,217.6138
452.0645: 0.1688453,-0.1852888,1.631121,210.1668
452.2867: 0.103418,-0.3471084,1.621063,219.8016
452.5089: 0.05154213,-0.4926405,1.656761,235.4208
452.7311: -0.03259016,-0.6293538,1.6523,238.4135
452.9533: -0.174273,-0.7561314,1.621555,228.7844
453.1756: -0.4250389,-0.921074,1.615707,211.2567
453.3978: -0.6015342,-1.0837,1.652674,200.3715
453.62: -0.7134688,-1.270199,1.642854,197.6894
453.8422: -0.7854551,-1.510918,1.639851,202.006
454.0645: -0.8611794,-1.734343,1.669688,199.4041
454.2867: -0.9610782,-1.998021,1.639752,197.3284
454.5089: -1.067528,-2.238521,1.6404,196.8015
454.7311: -1.129192,-2.473778,1.648936,213.8596
454.9533: -1.157804,-2.65222,1.604143,235.2414
455.1756: -1.227423,-2.834737,1.598282,260.0725
455.3978: -1.392697,-2.929705,1.646701,273.8208
455.62: -1.634812,-2.95391,1.627819,285.5069
455.8422: -1.832304,-2.972938,1.662473,296.9112
456.0645: -2.002849,-2.994756,1.682115,305.9373
456.2867: -2.231604,-3.011005,1.633458,313.2389
456.5089: -2.371478,-2.939494,1.68409,315.1323
456.7311: -2.482455,-2.778526,1.640907,310.135
456.9533: -2.539197,-2.636342,1.667324,306.2098
457.1756: -2.608562,-2.499885,1.668447,302.5571
Trial Result: Success object: Plant | Time Spent: 7.002584
Trial No.:16 Ends
Trial No.:11 Begins
User confirmed on object: Trashcan, this maze officially starts.
475.4089: 2.552361,1.012285,1.709084,85.70142
475.6311: 2.538787,1.021305,1.708431,89.34521
475.8533: 2.508272,1.029782,1.702438,93.36208
476.0756: 2.485064,1.044362,1.695453,100.898
476.2978: 2.452547,1.045644,1.666496,126.578
476.52: 2.376774,1.074912,1.629812,165.5027
476.7422: 2.342145,1.121205,1.621123,185.5788
476.9644: 2.326657,1.153533,1.637628,200.5404
477.1867: 2.271037,1.153767,1.66482,220.2188
477.4089: 2.157728,1.137927,1.647953,247.9705
477.6311: 2.05548,1.082365,1.625483,255.1087
477.8533: 2.056854,0.9487775,1.610843,226.3932
478.0756: 2.267925,0.8071926,1.626014,180.7447
478.2978: 2.477644,0.6597781,1.593275,181.0017
478.52: 2.608203,0.3631788,1.603361,187.9171
478.7422: 2.592184,-0.03075438,1.537794,196.5797
478.9644: 2.487007,-0.3934795,1.51093,202.89
479.1867: 2.429729,-0.6130575,1.626461,210.21
479.4089: 2.425895,-0.7894431,1.599396,206.7478
479.6311: 2.346433,-1.018414,1.667052,205.9274
479.8533: 2.189035,-1.257575,1.624459,205.4643
480.0756: 2.019992,-1.50138,1.64982,193.1979
480.2978: 1.90955,-1.727555,1.668688,196.7895
480.52: 1.853661,-1.986521,1.640728,211.2581
480.7422: 1.763439,-2.304728,1.671947,221.1148
480.9644: 1.60787,-2.550432,1.623706,232.1749
481.1867: 1.386734,-2.766385,1.631127,241.6428
481.4089: 1.248322,-2.873201,1.681739,256.9494
481.6311: 1.071133,-3.011184,1.643371,272.0773
481.8533: 0.8833424,-3.138522,1.654025,282.4791
482.0756: 0.6694762,-3.199788,1.679858,281.5915
482.2978: 0.4026999,-3.201103,1.649174,280.3948
482.52: 0.1645971,-3.184145,1.687967,280.1536
482.7422: -0.1047975,-3.184836,1.669856,281.6189
482.9644: -0.3343815,-3.208674,1.662909,283.8369
483.1867: -0.5462023,-3.206851,1.701194,287.4116
483.4089: -0.7639674,-3.178656,1.660952,288.091
483.6311: -1.013323,-3.113825,1.667387,284.6825
483.8533: -1.248944,-3.081365,1.683542,280.9323
484.0756: -1.502174,-3.080578,1.640378,292.158
484.2978: -1.755423,-3.087421,1.659486,307.4739
484.52: -1.965158,-3.021378,1.670644,315.4343
484.7422: -2.193749,-2.842655,1.63699,324.25
484.9644: -2.351593,-2.690965,1.653645,342.305
485.1867: -2.469077,-2.558651,1.64709,10.23325
485.4089: -2.604232,-2.440845,1.638796,17.99534
485.6311: -2.707481,-2.294723,1.67791,15.24574
485.8533: -2.751941,-2.103112,1.649414,10.99489
486.0756: -2.738403,-1.837454,1.658591,8.68487
486.2978: -2.724246,-1.585935,1.67665,9.408513
486.52: -2.743628,-1.344622,1.654138,12.64021
486.7422: -2.793573,-1.10767,1.645153,16.72728
486.9644: -2.810102,-0.9111087,1.682951,22.09731
487.1867: -2.794415,-0.6772832,1.65245,29.70905
487.4089: -2.783351,-0.4425701,1.68118,38.71852
487.6311: -2.800174,-0.3225616,1.668996,48.58586
487.8533: -2.864467,-0.1537607,1.651471,67.41791
488.0756: -2.897695,-0.08105335,1.65683,76.87223
Trial Result: Success object: Telescope | Time Spent: 12.99894
Trial No.:11 Ends
Trial No.:4 Begins
User confirmed on object: Piano, this maze officially starts.
502.02: 1.756844,3.213534,1.702341,174.3333
502.2422: 1.767092,3.194934,1.695143,189.3627
502.4644: 1.791757,3.194352,1.692783,204.7751
502.6867: 1.824101,3.193283,1.686522,205.5974
502.9089: 1.862494,3.16023,1.66405,181.3788
503.1311: 1.928167,3.075324,1.617393,146.4025
503.3533: 2.072124,2.973112,1.605414,146.5398
503.5756: 2.288046,2.832209,1.608439,161.1453
503.7978: 2.428183,2.692337,1.56297,173.6311
504.02: 2.486042,2.526485,1.61093,180.5391
504.2422: 2.511634,2.258834,1.598635,185.6784
504.4644: 2.530131,2.067527,1.643409,189.1178
504.6867: 2.561424,1.871401,1.656161,194.6578
504.9089: 2.631857,1.630979,1.641882,191.3605
505.1311: 2.678847,1.371597,1.686536,185.387
505.3533: 2.671026,1.126691,1.649124,185.467
505.5756: 2.636304,0.8876725,1.667055,185.5501
505.7978: 2.640105,0.7085065,1.687281,189.3835
506.02: 2.689905,0.4853286,1.64623,193.6012
506.2422: 2.755608,0.2715538,1.665936,198.3645
506.4644: 2.773698,0.08451967,1.670686,200.5367
506.6867: 2.730765,-0.1146597,1.648473,205.7271
506.9089: 2.662711,-0.3070211,1.660614,212.1753
507.1311: 2.610763,-0.5075959,1.666952,222.4389
507.3533: 2.558753,-0.6598809,1.640052,259.9419
507.5756: 2.511849,-0.8001472,1.66906,272.7466
507.7978: 2.421787,-0.8952703,1.659886,277.1946
508.02: 2.273286,-0.9332534,1.647237,289.974
508.2422: 2.161033,-0.9865087,1.659182,302.4652
Trial Result: Success object: Harp | Time Spent: 6.541183
Trial No.:4 Ends
Trial No.:5 Begins
User confirmed on object: Table, this maze officially starts.
522.0311: -1.947934,2.054708,1.665486,87.15574
522.2534: -1.953585,2.052815,1.681246,88.34019
522.4756: -1.971354,2.047945,1.698019,91.06824
522.6978: -1.968768,2.041991,1.697623,95.01954
522.92: -1.943098,2.059843,1.687082,81.1231
523.1422: -1.915906,2.082932,1.659779,53.02374
523.3644: -1.830626,2.045191,1.637953,78.2892
523.5867: -1.826891,1.898645,1.601333,140.0114
523.8089: -1.817093,1.744764,1.60709,135.3288
524.0311: -1.766202,1.547691,1.619862,103.1809
524.2534: -1.716809,1.413195,1.631521,100.0226
524.4756: -1.602853,1.295393,1.639725,101.1856
524.6978: -1.4154,1.213912,1.622486,104.0445
524.92: -1.232469,1.17189,1.664109,101.1054
525.1422: -1.057643,1.125556,1.67294,96.69842
525.3644: -0.8366623,1.041687,1.646138,100.0645
525.5867: -0.5995077,0.9937741,1.679727,99.65198
525.8089: -0.3898954,1.016859,1.658053,96.97566
526.0311: -0.169037,1.084685,1.667133,97.95631
526.2534: 0.02767319,1.106725,1.678344,98.29678
526.4756: 0.2665429,1.094446,1.648439,96.51302
526.6978: 0.4909185,1.044117,1.656079,101.7964
526.92: 0.6909069,1.033489,1.670284,107.7145
527.1422: 0.8948544,1.068881,1.639546,113.4956
527.3644: 1.098534,1.130096,1.661528,110.0321
Trial Result: Success object: Bookshelf | Time Spent: 5.738726
Trial No.:5 Ends
Trial No.:24 Begins
User confirmed on object: Chair, this maze officially starts.
537.8422: 0.8137704,-3.231843,1.709065,355.6715
538.0645: 0.8099854,-3.251692,1.704909,1.343202
538.2867: 0.8038628,-3.247981,1.698202,7.287616
538.5089: 0.8323474,-3.230656,1.680611,27.48645
538.7311: 0.8939244,-3.201142,1.654534,46.25814
538.9534: 1.020277,-3.126047,1.628068,47.35267
539.1756: 1.245751,-3.02512,1.622757,35.37922
539.3978: 1.435917,-2.930988,1.642751,25.18548
539.62: 1.557414,-2.793039,1.649177,20.65377
539.8422: 1.630877,-2.557198,1.637067,23.12335
540.0645: 1.683641,-2.310297,1.677289,25.46893
540.2867: 1.772434,-2.092837,1.664231,23.60479
540.5089: 1.908241,-1.864902,1.630527,22.7408
540.7311: 2.039539,-1.648388,1.670669,27.86237
540.9534: 2.125187,-1.435529,1.668079,26.98578
541.1756: 2.194472,-1.18644,1.649714,26.52615
541.3978: 2.27914,-0.9748652,1.677534,22.89496
541.62: 2.392861,-0.7711827,1.648516,20.29964
541.8422: 2.560945,-0.5274433,1.653205,13.98202
542.0645: 2.637098,-0.329882,1.688095,16.54748
542.2867: 2.659893,-0.1087916,1.637088,23.39165
542.5089: 2.665076,0.07846405,1.661194,25.99531
542.7311: 2.712047,0.2662169,1.669548,25.5334
542.9534: 2.797558,0.4476656,1.651533,27.69162
Trial Result: Success object: Trashcan | Time Spent: 5.378433
Trial No.:24 Ends
Trial No.:20 Begins
User confirmed on object: Well, this maze officially starts.
560.1533: 1.702904,-2.023489,1.710217,90.23762
560.3755: 1.719707,-2.014667,1.712019,97.13786
560.5978: 1.734237,-2.034236,1.704306,109.5154
560.82: 1.731233,-2.058097,1.681811,124.0593
561.0422: 1.746186,-2.072271,1.666998,122.0601
561.2645: 1.806295,-2.045809,1.663498,77.23256
561.4867: 1.796496,-1.982876,1.654799,20.10461
561.7089: 1.803382,-1.915707,1.649823,5.774671
561.9312: 1.84512,-1.76816,1.627877,9.85404
562.1533: 1.87202,-1.463362,1.636657,18.58972
562.3755: 1.921848,-1.244449,1.626353,28.19293
562.5978: 2.09379,-1.065997,1.618805,24.11904
562.82: 2.321999,-0.9490017,1.60645,19.51954
563.0422: 2.502113,-0.7673213,1.686834,15.36063
563.2645: 2.601059,-0.5312788,1.627934,13.81477
563.4867: 2.641558,-0.2341921,1.65101,11.86032
563.7089: 2.676514,0.03412749,1.675819,0.6235239
563.9312: 2.725172,0.339331,1.617509,351.8573
564.1533: 2.776824,0.6443875,1.668176,346.1468
564.3755: 2.776886,0.9222881,1.653627,348.1446
564.5978: 2.709854,1.204033,1.643348,343.429
564.82: 2.674684,1.429007,1.670569,337.5538
565.0422: 2.669929,1.712021,1.621728,330.1212
565.2645: 2.685868,1.981392,1.638648,325.6534
565.4867: 2.643249,2.207802,1.664313,316.6457
565.7089: 2.548568,2.416974,1.627256,307.2325
565.9312: 2.452631,2.56855,1.657009,287.825
566.1533: 2.332897,2.73132,1.640102,264.8405
566.3755: 2.226846,2.885584,1.633534,243.6431
566.5978: 2.128741,2.949046,1.67342,228.2451
566.82: 2.011415,2.971298,1.640697,221.655
567.0422: 1.913256,2.978592,1.669579,212.2297
Trial Result: Success object: Piano | Time Spent: 7.204887
Trial No.:20 Ends
Trial No.:10 Begins
User confirmed on object: Bookshelf, this maze officially starts.
582.4645: 1.817582,1.170244,1.693584,184.6612
582.6867: 1.796474,1.151901,1.698904,190.166
582.9089: 1.769381,1.152391,1.705727,199.3857
583.1311: 1.74158,1.168892,1.703756,213.1995
583.3533: 1.724563,1.187264,1.700577,225.6664
583.5756: 1.740328,1.158083,1.691681,208.7196
583.7978: 1.815819,1.101517,1.669452,163.9509
584.02: 1.80811,1.036458,1.631659,151.0812
584.2422: 1.577265,0.9784836,1.596618,178.1503
584.4645: 1.185686,1.035902,1.592947,234.8425
584.6867: 1.003161,1.04624,1.618043,238.0266
584.9089: 0.8029304,0.9718474,1.622067,236.7086
585.1311: 0.5828497,0.8339114,1.623284,228.4486
585.3533: 0.413557,0.7301133,1.639016,214.8172
585.5756: 0.2312265,0.6253867,1.624377,204.5336
585.7978: 0.02763484,0.4961551,1.606242,198.2892
586.02: -0.05495156,0.2772678,1.640048,195.234
586.2422: -0.04709987,-0.01787488,1.632179,193.3148
586.4645: -0.07749565,-0.2787653,1.684927,197.9224
586.6867: -0.159076,-0.4876192,1.652967,202.3106
586.9089: -0.3094563,-0.7258112,1.64368,201.6163
587.1311: -0.4204583,-0.926093,1.691452,206.7992
587.3533: -0.5296651,-1.120903,1.644314,207.7114
587.5756: -0.6551028,-1.363976,1.645524,204.9382
587.7978: -0.7419909,-1.555589,1.69542,196.4548
588.02: -0.8260311,-1.755588,1.674935,187.0972
588.2422: -0.9424743,-1.993525,1.646161,180.3547
588.4645: -1.026004,-2.222302,1.678304,195.0053
588.6867: -1.092818,-2.500076,1.613941,223.5648
588.9089: -1.153726,-2.744263,1.618217,242.1809
589.1311: -1.296721,-2.87955,1.646413,256.0864
589.3533: -1.53669,-2.939686,1.626759,270.9413
589.5756: -1.778594,-2.985479,1.631706,292.9499
589.7978: -1.946813,-3.032905,1.678957,307.3648
590.02: -2.150074,-3.078136,1.637495,312.8121
590.2422: -2.328936,-3.031016,1.666347,317.9904
590.4645: -2.479877,-2.898897,1.65616,320.1435
590.6867: -2.623255,-2.701062,1.64889,315.6235
590.9089: -2.714713,-2.584523,1.684871,314.3996
591.1311: -2.803917,-2.461975,1.664777,320.2054
Trial Result: Success object: Plant | Time Spent: 8.982382
Trial No.:10 Ends
Trial No.:8 Begins
User confirmed on object: Plant, this maze officially starts.
601.8089: -2.633178,-2.111711,1.694708,303.3396
602.0311: -2.637019,-2.084629,1.690605,330.6436
602.2534: -2.613582,-2.057177,1.69264,353.0858
602.4756: -2.606046,-2.046599,1.69581,321.198
602.6978: -2.539861,-2.045528,1.694339,279.3114
602.92: -2.42354,-1.963205,1.6824,281.0931
603.1422: -2.343638,-1.930943,1.687391,295.8835
603.3644: -2.24295,-1.944072,1.670311,328.6798
603.5867: -2.131907,-1.983631,1.63756,13.03888
603.8089: -1.991824,-2.040146,1.641375,44.95919
604.0311: -1.821032,-2.054974,1.645913,61.54099
604.2534: -1.653883,-2.022246,1.622668,63.91781
604.4756: -1.498811,-1.959249,1.605991,61.18282
604.6978: -1.389239,-1.809897,1.611624,63.85733
604.92: -1.297775,-1.504329,1.63304,61.10122
605.1422: -1.272216,-1.33234,1.673633,57.93643
605.3644: -1.179802,-1.199385,1.69249,63.64834
605.5867: -0.9981012,-1.120841,1.664421,68.54785
605.8089: -0.8019249,-1.047278,1.683903,77.77157
606.0311: -0.6026741,-0.9704211,1.655985,81.31247
606.2534: -0.4179447,-0.8869762,1.656593,80.79204
606.4756: -0.246656,-0.8620062,1.672465,82.23112
606.6978: -0.02823026,-0.8885523,1.647943,82.78031
606.92: 0.2385828,-0.9428792,1.672694,80.33656
607.1422: 0.4441503,-0.936551,1.674659,77.42191
607.3644: 0.6322929,-0.8853359,1.646113,77.73145
607.5867: 0.7843252,-0.8419148,1.669101,73.80936
607.8089: 0.9588773,-0.8339685,1.663165,66.71021
608.0311: 1.141015,-0.8653617,1.646651,56.82478
608.2534: 1.321828,-0.8860964,1.667163,48.97259
Trial Result: Success object: Harp | Time Spent: 6.752474
Trial No.:8 Ends
Trial No.:17 Begins
User confirmed on object: Harp, this maze officially starts.
612.6644: 1.642723,-1.219124,1.704867,3.535952
612.8867: 1.649757,-1.221222,1.704872,9.285693
613.1089: 1.66101,-1.224441,1.703484,16.60267
613.3311: 1.66406,-1.21985,1.700759,17.76839
613.5533: 1.643208,-1.20124,1.698987,1.539324
613.7756: 1.585081,-1.187733,1.688051,334.8127
613.9978: 1.47005,-1.205331,1.648474,301.4315
614.22: 1.351119,-1.207729,1.658482,289.6792
614.4423: 1.218243,-1.157404,1.648728,290.5839
614.6644: 1.048437,-1.062932,1.631884,293.2289
614.8867: 0.8629912,-0.9585868,1.653964,296.8322
615.1089: 0.6573164,-0.8851491,1.65736,308.9014
615.3311: 0.4405871,-0.8588901,1.616108,323.9736
615.5533: 0.2405867,-0.8142217,1.629568,333.1118
615.7756: 0.1343649,-0.7270381,1.618332,339.3996
615.9978: 0.06367921,-0.5359906,1.611874,343.8931
616.22: 0.04294599,-0.2639062,1.620815,342.063
616.4423: 0.01489171,-0.03601735,1.668756,344.545
616.6644: -0.03965905,0.1897168,1.635517,347.2019
616.8867: -0.1104107,0.4105459,1.647236,344.2196
617.1089: -0.1385502,0.6487019,1.661139,338.89
617.3311: -0.1085775,0.8741005,1.633574,346.9556
617.5533: -0.06012968,1.142211,1.657703,349.2871
617.7756: -0.04801368,1.345804,1.668164,349.9903
617.9978: -0.05245355,1.595925,1.61872,352.2416
618.22: -0.07240929,1.821428,1.651329,348.002
618.4423: -0.08062433,2.042487,1.649523,338.4962
618.6644: -0.07838788,2.297221,1.626183,325.9086
618.8867: -0.1319781,2.482738,1.653297,303.8204
619.1089: -0.2337564,2.654236,1.633525,290.886
619.3311: -0.3652307,2.78949,1.643145,288.7178
619.5533: -0.47244,2.891454,1.65377,281.2567
619.7756: -0.6235273,3.026241,1.63105,270.8789
619.9978: -0.7706092,3.139099,1.647351,266.6956
620.22: -0.9427251,3.180698,1.659366,264.061
620.4423: -1.134171,3.15353,1.63431,263.4308
620.6645: -1.322381,3.117423,1.667943,263.2691
620.8867: -1.512383,3.111271,1.665811,260.9677
621.1089: -1.766947,3.143928,1.656019,262.4571
621.3311: -1.950575,3.148706,1.672198,262.2307
621.5533: -2.135689,3.121779,1.654616,262.6247
621.7756: -2.282266,3.060444,1.629122,264.9503
621.9978: -2.365456,3.040755,1.649298,265.0664
622.22: -2.451786,3.040757,1.648314,263.608
622.4423: -2.527015,3.062301,1.651133,261.2982
Trial Result: Success object: Stove | Time Spent: 10.06201
Trial No.:17 Ends
Trial No.:13 Begins
User confirmed on object: Telescope, this maze officially starts.
635.9089: -2.931307,-0.0186462,1.698709,92.33132
636.1311: -2.935576,-0.03012318,1.697849,102.1684
636.3533: -2.929031,-0.04118504,1.6979,107.8744
636.5756: -2.908085,-0.06014289,1.68572,113.891
636.7978: -2.882004,-0.125368,1.649379,124.2092
637.02: -2.864542,-0.2555893,1.637297,129.2641
637.2422: -2.870916,-0.3927069,1.634173,152.9439
637.4645: -2.840373,-0.498589,1.646133,169.934
637.6867: -2.741978,-0.5931209,1.639595,173.1739
637.9089: -2.620529,-0.6887152,1.64784,185.8694
638.1311: -2.509203,-0.7767085,1.658706,175.7977
638.3533: -2.372476,-0.865145,1.654144,139.2908
638.5756: -2.268677,-0.9596726,1.634814,102.1359
638.7978: -2.177901,-1.052523,1.646077,83.37016
639.02: -2.064992,-1.10451,1.652166,77.87489
639.2422: -1.896053,-1.116211,1.642761,83.92699
639.4645: -1.679823,-1.08197,1.664769,91.89806
639.6867: -1.52404,-1.065699,1.674241,92.66265
639.9089: -1.331733,-1.061944,1.646546,86.76505
640.1311: -1.129084,-1.072403,1.661538,80.71986
640.3533: -0.9589522,-1.059088,1.666398,79.78511
640.5756: -0.7764019,-0.9704096,1.640355,63.99749
640.7978: -0.622577,-0.8595682,1.655753,37.05082
641.02: -0.4601682,-0.8366911,1.661172,33.54206
641.2422: -0.2589846,-0.8823296,1.638585,48.78633
641.4645: -0.06233296,-0.9495741,1.659341,70.93607
641.6867: 0.1256947,-0.9610568,1.667596,77.59071
641.9089: 0.3021225,-0.9379787,1.647058,88.28007
642.1311: 0.468242,-0.9241999,1.669884,104.6376
642.3533: 0.610675,-0.941828,1.665257,108.3606
642.5756: 0.8122188,-1.011568,1.641619,111.4413
642.7978: 1.015589,-1.102779,1.660971,114.2253
643.02: 1.202987,-1.153008,1.666355,114.4404
643.2422: 1.393981,-1.183867,1.640098,119.6791
643.4645: 1.578981,-1.201808,1.648566,125.2208
643.6867: 1.712241,-1.296018,1.65893,125.4851
643.9089: 1.788554,-1.474104,1.624966,118.6846
644.1311: 1.840004,-1.657282,1.662513,113.2206
644.3533: 1.853059,-1.745763,1.676938,109.1596
Trial Result: Success object: Well | Time Spent: 8.734362
Trial No.:13 Ends
Trial No.:15 Begins
User confirmed on object: Wheelbarrow, this maze officially starts.
654.3422: 0.2742196,0.04959009,1.70452,265.3259
654.5645: 0.2675956,0.05249004,1.70394,268.9637
654.7867: 0.2580634,0.04279699,1.701446,273.3188
655.0089: 0.2313712,0.01177032,1.681877,274.5106
655.2311: 0.2079062,-0.05591466,1.662104,236.8504
655.4534: 0.1770359,-0.06583786,1.650111,214.2428
655.6756: 0.1340548,-0.08260683,1.638005,205.6808
655.8978: 0.1144702,-0.1645131,1.641943,210.3423
656.12: 0.1052191,-0.3354001,1.631648,220.7845
656.3422: 0.08683582,-0.520154,1.642175,244.0871
656.5645: 0.03656229,-0.6453665,1.644465,247.77
656.7867: -0.09217912,-0.7712709,1.632557,241.9556
657.0089: -0.3294992,-0.8986574,1.614887,221.8078
657.2311: -0.5569583,-1.039328,1.647405,206.1939
657.4534: -0.7020882,-1.216861,1.644536,199.4057
657.6756: -0.7811103,-1.458363,1.616275,200.6624
657.8978: -0.8470798,-1.698412,1.662242,198.101
658.12: -0.9231918,-1.912566,1.659613,196.9192
658.3422: -1.027578,-2.145354,1.639918,192.4105
658.5645: -1.078944,-2.343826,1.645145,189.1994
658.7867: -1.139478,-2.553377,1.631574,200.0317
659.0089: -1.2368,-2.758293,1.602932,240.2665
659.2311: -1.369123,-2.873367,1.632991,273.57
659.4534: -1.56059,-2.943255,1.618078,287.7445
659.6756: -1.745193,-2.94764,1.642411,308.4344
659.8978: -1.850961,-2.940381,1.666656,343.9005
660.12: -1.963316,-2.991151,1.659648,0.2346241
Trial Result: Success object: Mailbox | Time Spent: 6.007008
Trial No.:15 Ends
Trial No.:18 Begins
User confirmed on object: Harp, this maze officially starts.
676.1533: 1.749216,-1.208728,1.700282,356.3725
676.3755: 1.704386,-1.217512,1.706081,0.4449468
676.5978: 1.671921,-1.205689,1.690842,12.59896
676.82: 1.685322,-1.179383,1.671546,28.63544
677.0422: 1.735126,-1.143768,1.656275,33.97699
677.2645: 1.709249,-1.078229,1.618268,348.9335
677.4867: 1.605629,-1.161834,1.61185,281.1608
677.7089: 1.549629,-1.261321,1.631787,257.3902
677.9312: 1.486479,-1.321021,1.631447,262.1245
678.1533: 1.430769,-1.301775,1.640105,252.5443
678.3755: 1.308154,-1.208636,1.628387,235.7717
678.5978: 1.123195,-1.024071,1.629294,250.8258
678.82: 0.9387109,-0.9373497,1.651428,265.1544
679.0422: 0.7616908,-0.946936,1.654834,268.0887
679.2645: 0.5527331,-0.9723926,1.662961,273.2924
679.4867: 0.3688427,-0.9593816,1.687056,270.0424
679.7089: 0.1668297,-0.92343,1.658366,262.1236
679.9312: -0.05251434,-0.8842499,1.674223,253.6406
680.1533: -0.2628525,-0.8842918,1.694789,251.7729
680.3755: -0.4983733,-0.9231184,1.652899,260.778
680.5978: -0.7005013,-0.9568829,1.678951,269.9943
680.82: -0.9065074,-0.9522631,1.668725,270.2692
681.0422: -1.096165,-0.9156752,1.651252,264.0573
681.2645: -1.313128,-0.8980426,1.675351,251.7743
681.4867: -1.511332,-0.9307091,1.663559,246.3997
681.7089: -1.705112,-1.006217,1.660181,244.394
681.9312: -1.88516,-1.081609,1.674547,233.7251
682.1533: -2.061069,-1.139656,1.657228,216.1133
682.3755: -2.274688,-1.183456,1.642424,192.6372
682.5978: -2.439182,-1.219444,1.671049,197.3773
682.82: -2.651146,-1.172022,1.649428,277.3829
683.0422: -2.692994,-1.08631,1.640439,340.3558
683.2645: -2.714375,-0.9919649,1.649053,18.41697
683.4867: -2.748918,-0.8205484,1.64395,28.56292
683.7089: -2.772867,-0.6470307,1.660432,33.57697
683.9312: -2.810542,-0.4968031,1.681031,43.05584
Trial Result: Success object: Telescope | Time Spent: 8.019487
Trial No.:18 Ends
