Participant ID: 407
Maze Mode: testing
Trial No.:4 Begins
User confirmed on object: Piano, this maze officially starts.
37.30222: 1.767627,3.031995,1.623818,187.0738
37.52444: 1.767254,3.041662,1.62521,185.9379
37.74667: 1.763846,3.050455,1.624697,186.0444
37.96889: 1.763522,3.05291,1.624755,186.0438
38.19111: 1.765948,3.053941,1.624926,185.4269
38.41333: 1.767833,3.053184,1.62541,185.0473
38.63556: 1.774264,3.064601,1.685789,181.8584
38.85778: 1.775094,3.096689,1.685468,180.5516
39.08: 1.76531,3.10324,1.682882,185.938
39.30222: 1.742312,3.105371,1.674927,200.8222
39.52444: 1.736246,3.094678,1.650045,201.5112
39.74667: 1.727019,3.087891,1.643188,209.5188
39.96889: 1.701443,3.099612,1.63501,234.0477
40.19111: 1.687246,3.131878,1.628619,256.8858
40.41333: 1.716575,3.120434,1.650407,236.0891
40.63556: 1.802911,3.137324,1.690267,181.2283
40.85778: 1.812017,3.170871,1.687454,170.6477
41.08: 1.800228,3.176816,1.68384,172.6911
41.30222: 1.778195,3.17641,1.676135,186.1765
41.52444: 1.760839,3.173965,1.662095,197.6673
41.74667: 1.76254,3.167938,1.65769,196.1519
41.96889: 1.797329,3.153463,1.656541,182.8735
42.19111: 1.900806,3.147564,1.639923,159.3153
42.41333: 2.005778,3.135596,1.63425,151.8533
42.63556: 2.099953,3.06497,1.617846,158.4603
42.85778: 2.199932,2.967379,1.618431,156.6616
43.08: 2.279919,2.906822,1.624006,158.5521
43.30222: 2.399117,2.83269,1.642215,163.2901
43.52444: 2.515985,2.769842,1.62964,170.7102
43.74667: 2.620343,2.71007,1.648608,181.1387
43.96889: 2.683106,2.629171,1.646053,187.8745
44.19111: 2.699155,2.53928,1.6349,191.4918
44.41333: 2.68234,2.409,1.630521,194.0654
44.63556: 2.669608,2.279434,1.643749,195.4064
44.85778: 2.671062,2.138511,1.646046,195.1521
45.08: 2.688766,1.977769,1.61604,193.5343
45.30222: 2.729629,1.757139,1.633444,194.3837
45.52444: 2.749089,1.558065,1.663927,191.4577
45.74667: 2.739822,1.347068,1.631092,191.2989
45.96889: 2.706305,1.103964,1.630828,192.0036
46.19111: 2.690968,0.8737998,1.670794,192.8894
46.41333: 2.697108,0.6064286,1.631464,194.5025
46.63556: 2.730865,0.3732505,1.649963,200.3071
46.85778: 2.741122,0.1347217,1.68673,205.918
47.08: 2.721553,-0.08630686,1.643095,212.9835
47.30222: 2.674386,-0.316101,1.641416,224.8917
47.52444: 2.621435,-0.5067455,1.678183,247.2415
47.74667: 2.559873,-0.6710752,1.667527,273.1522
47.96889: 2.492422,-0.8520021,1.665738,283.5413
48.19111: 2.399391,-0.9770412,1.678937,293.4998
48.41333: 2.301,-1.027973,1.675869,304.9242
48.63556: 2.207233,-1.008654,1.671072,307.5065
48.85778: 2.120741,-0.9758335,1.665327,310.8913
49.08: 2.061921,-0.967696,1.665544,318.3477
49.30222: 2.032075,-0.9975387,1.663178,323.1122
Trial Result: Success object: Harp | Time Spent: 12.23884
Trial No.:4 Ends
Trial No.:14 Begins
User confirmed on object: Telescope, this maze officially starts.
65.95778: -2.94759,0.06588989,1.720459,88.31148
66.18: -2.957061,0.03030027,1.711449,94.3929
66.40222: -2.971358,0.01946351,1.711096,89.46069
66.62444: -2.983072,0.02078281,1.707469,85.19695
66.84666: -2.970295,-0.02802924,1.695431,112.6496
67.06889: -2.938728,-0.1216971,1.675591,134.9903
67.29111: -2.880075,-0.2691011,1.651327,130.7391
67.51334: -2.796547,-0.428816,1.645095,118.0771
67.73556: -2.649882,-0.5773435,1.653941,114.3452
67.95778: -2.423422,-0.6928461,1.622437,116.1004
68.18: -2.164049,-0.7860876,1.660616,121.0433
68.40222: -1.895998,-0.857378,1.671694,125.0024
68.62444: -1.602805,-0.9424729,1.631236,131.9973
68.84666: -1.34383,-1.034856,1.688803,145.5566
69.06889: -1.127669,-1.169683,1.660026,157.4867
69.29111: -0.9519576,-1.365554,1.677828,162.0834
69.51334: -0.9001734,-1.569736,1.662796,165.2039
69.73556: -0.8895691,-1.832068,1.6523,161.2519
69.95778: -0.8596774,-2.065667,1.701847,148.52
70.18: -0.8137599,-2.304232,1.648695,128.7485
70.40222: -0.7667912,-2.549515,1.678584,106.8976
70.62444: -0.705654,-2.764703,1.694157,93.10002
70.84666: -0.6059957,-2.995265,1.667895,79.14146
71.06889: -0.447289,-3.128964,1.702014,74.59367
71.29111: -0.2212304,-3.172194,1.650672,72.89581
71.51334: 0.03569784,-3.149374,1.672815,72.17587
71.73556: 0.2807688,-3.131729,1.711098,71.74323
71.95778: 0.5635731,-3.105122,1.652312,67.57378
72.18: 0.8511568,-3.041067,1.69969,61.2744
72.40222: 1.094038,-2.923707,1.691915,56.1374
72.62444: 1.316345,-2.763284,1.680096,50.69906
72.84667: 1.512746,-2.567621,1.716933,15.16679
73.06889: 1.662434,-2.396603,1.659926,342.2186
73.29111: 1.812833,-2.215319,1.676784,343.6674
73.51334: 1.871379,-2.026253,1.686539,333.9609
73.73556: 1.855036,-1.842209,1.638226,323.9111
73.95778: 1.7871,-1.650788,1.673051,315.5152
74.18: 1.691974,-1.513631,1.685984,305.2506
74.40222: 1.568069,-1.379651,1.658876,289.6678
74.62444: 1.423402,-1.232057,1.660869,284.8508
74.84667: 1.19657,-1.11556,1.667108,294.244
75.06889: 0.9143858,-1.072315,1.620914,302.5141
75.29111: 0.6597841,-1.018712,1.681023,307.6417
75.51334: 0.4595102,-0.9185461,1.66784,312.6896
75.73556: 0.2844943,-0.7852741,1.610971,313.903
75.95778: 0.08928041,-0.6386096,1.651468,316.6855
Trial Result: Success object: Wheelbarrow | Time Spent: 10.41596
Trial No.:14 Ends
Trial No.:1 Begins
User confirmed on object: Stove, this maze officially starts.
98.80222: -2.498603,3.101194,1.665389,262.9513
99.02444: -2.499548,3.125342,1.660899,276.3278
99.24667: -2.488507,3.136411,1.658122,282.2853
99.46889: -2.482243,3.110796,1.643328,263.8127
99.69112: -2.472571,3.069346,1.636302,227.9775
99.91334: -2.400231,3.028506,1.614373,163.7636
100.1356: -2.406023,3.022781,1.614799,149.0087
100.3578: -2.397187,2.978236,1.616013,143.3752
100.58: -2.341558,2.912837,1.621932,140.7457
100.8022: -2.260177,2.802194,1.620067,144.1669
101.0244: -2.152984,2.632623,1.613789,146.7336
101.2467: -2.054064,2.404886,1.594516,147.7888
101.4689: -1.929292,2.1519,1.643794,147.9219
101.6911: -1.805078,1.948302,1.619519,146.0706
101.9133: -1.67022,1.738411,1.641971,144.9899
102.1356: -1.5809,1.550987,1.653799,138.6379
102.3578: -1.434863,1.324733,1.613368,119.2328
102.58: -1.269447,1.170694,1.647543,107.2056
102.8022: -1.075432,1.066441,1.617732,112.9006
103.0244: -0.8194894,1.010809,1.625114,125.0611
103.2467: -0.5941981,0.9485337,1.667934,134.3926
103.4689: -0.348273,0.8238342,1.621789,143.8191
103.6911: -0.1746506,0.677762,1.642734,155.9416
103.9133: -0.07646377,0.4728431,1.655371,160.5824
104.1356: -0.00865072,0.2662376,1.641655,158.8831
104.3578: 0.01114538,0.0406334,1.673417,153.2619
104.58: 0.00512331,-0.2100336,1.636688,143.3132
104.8022: 0.04761399,-0.4336265,1.669578,125.8508
105.0244: 0.1694626,-0.6033361,1.664219,117.1956
105.2467: 0.356458,-0.736925,1.659128,115.6637
105.4689: 0.6127221,-0.8615038,1.669488,117.3354
105.6911: 0.8646045,-0.9704114,1.63347,117.2082
105.9133: 1.109424,-1.065947,1.693581,117.424
106.1356: 1.337222,-1.151079,1.676515,121.7626
106.3578: 1.58226,-1.228578,1.64245,127.791
106.58: 1.783418,-1.349236,1.683341,131.9386
106.8022: 1.882641,-1.523446,1.666625,132.5511
Trial Result: Success object: Well | Time Spent: 8.272778
Trial No.:1 Ends
Trial No.:23 Begins
User confirmed on object: Chair, this maze officially starts.
124.2022: 0.826184,-3.303075,1.72449,1.959712
124.4244: 0.8668181,-3.325569,1.726727,25.7292
124.6467: 0.8726188,-3.343374,1.72857,26.17381
124.8689: 0.89527,-3.367229,1.716284,36.45766
125.0911: 0.8338783,-3.364709,1.713995,356.5593
125.3133: 0.7253267,-3.410226,1.700079,300.2032
125.5356: 0.68794,-3.41368,1.697071,290.0536
125.7578: 0.742558,-3.329371,1.704493,342.5114
125.98: 0.9178184,-3.293105,1.688967,28.27821
126.2022: 1.126173,-3.257003,1.659891,27.31517
126.4244: 1.311119,-3.196806,1.686706,15.92509
126.6467: 1.47085,-3.073898,1.682115,13.52981
126.8689: 1.600478,-2.86609,1.648194,13.42651
127.0911: 1.682778,-2.603469,1.683004,12.46604
127.3133: 1.734268,-2.327816,1.64235,14.69993
127.5356: 1.813043,-1.991548,1.630155,15.88862
127.7578: 1.872675,-1.700775,1.688632,19.8639
127.98: 1.95687,-1.350768,1.641152,25.24839
128.2022: 2.103281,-1.106561,1.67974,23.11097
128.4245: 2.304069,-0.8819385,1.622582,16.64179
128.6467: 2.455748,-0.6709909,1.651779,8.135871
128.8689: 2.549948,-0.391632,1.627788,2.215659
129.0911: 2.584639,-0.04564636,1.626311,0.8075486
129.3133: 2.608937,0.2654835,1.665409,359.7411
129.5356: 2.63185,0.597881,1.603585,357.3711
129.7578: 2.643597,0.9552612,1.664881,351.9194
129.98: 2.632805,1.358798,1.605812,346.8579
130.2022: 2.60915,1.711015,1.652767,347.4366
130.4245: 2.617343,2.017737,1.648803,344.4703
130.6467: 2.606387,2.306279,1.597299,320.9006
130.8689: 2.502827,2.550985,1.629282,269.5693
131.0911: 2.353903,2.727872,1.585716,254.3598
131.3133: 2.213734,2.865373,1.604827,240.374
131.5356: 2.083658,2.985231,1.631313,221.1256
Trial Result: Success object: Piano | Time Spent: 7.566433
Trial No.:23 Ends
Trial No.:7 Begins
User confirmed on object: Plant, this maze officially starts.
141.9578: -2.467925,-2.067842,1.73847,271.7738
142.18: -2.463465,-2.066419,1.732775,277.6611
142.4022: -2.463669,-2.07257,1.722151,275.6847
142.6245: -2.470957,-2.051301,1.716023,295.7907
142.8467: -2.463914,-2.011908,1.70723,331.6263
143.0689: -2.468837,-2.001538,1.707162,346.9788
143.2911: -2.485404,-2.010033,1.706933,350.4101
143.5133: -2.500246,-1.984966,1.704825,356.9085
143.7356: -2.502991,-1.884711,1.689355,359.06
143.9578: -2.481353,-1.746324,1.674686,4.99863
144.18: -2.456295,-1.620451,1.6924,39.25238
144.4022: -2.47353,-1.531363,1.662224,71.45096
144.6245: -2.480574,-1.396706,1.665973,75.42535
144.8467: -2.399245,-1.25743,1.652877,82.98032
145.0689: -2.222395,-1.1251,1.635275,86.72038
145.2911: -2.015587,-1.02666,1.673764,88.67965
145.5133: -1.768721,-0.9649713,1.643425,87.81101
145.7356: -1.491677,-0.8898552,1.64945,90.20106
145.9578: -1.219736,-0.8793994,1.689212,90.61913
146.18: -0.8669612,-0.9272885,1.62015,90.17316
146.4022: -0.5446904,-0.9699921,1.705127,87.88725
146.6245: -0.231558,-0.9738159,1.654163,84.98149
146.8467: 0.04125941,-0.9561891,1.658369,83.66618
147.0689: 0.3322745,-0.9520125,1.708083,82.263
147.2911: 0.6262428,-0.9476207,1.648597,82.68474
147.5133: 0.9566771,-0.9534428,1.682479,80.06227
147.7356: 1.286021,-0.9447657,1.672411,77.52351
147.9578: 1.642049,-0.9229593,1.646163,74.29862
148.18: 1.955218,-0.8878278,1.680988,59.63829
148.4022: 2.284141,-0.7599584,1.621024,23.67883
148.6245: 2.49337,-0.5717623,1.677313,16.91356
148.8467: 2.618916,-0.3131101,1.599642,21.23644
149.0689: 2.68236,-0.06765909,1.633972,24.79361
149.2911: 2.759594,0.1650811,1.668044,28.4574
149.5133: 2.850081,0.3978214,1.614439,29.1174
Trial Result: Success object: Trashcan | Time Spent: 7.774202
Trial No.:7 Ends
Trial No.:22 Begins
User confirmed on object: Mailbox, this maze officially starts.
162.0689: -1.767269,-3.347001,1.753018,5.208471
162.2911: -1.764347,-3.363756,1.748963,2.009261
162.5133: -1.768629,-3.365461,1.743941,0.3376967
162.7356: -1.768468,-3.352378,1.738792,7.420343
162.9578: -1.745492,-3.318245,1.740252,29.58605
163.18: -1.662495,-3.28037,1.726595,31.82796
163.4022: -1.514289,-3.256664,1.701079,28.80216
163.6245: -1.350644,-3.215609,1.704136,21.3437
163.8467: -1.224915,-3.122948,1.708625,16.99726
164.0689: -1.132482,-2.942381,1.676083,18.58515
164.2911: -1.076638,-2.715053,1.68871,16.93977
164.5133: -1.017588,-2.438925,1.682502,18.60108
164.7356: -0.9523188,-2.167946,1.648753,19.80183
164.9578: -0.8945355,-1.890755,1.701765,24.02395
165.18: -0.8278005,-1.604667,1.670773,30.37311
165.4022: -0.7703432,-1.335459,1.661914,35.26839
165.6245: -0.6343743,-1.090441,1.688044,37.83537
165.8467: -0.4541176,-0.846813,1.644031,41.48751
166.0689: -0.266166,-0.5576302,1.663078,32.94797
166.2911: -0.1548119,-0.2745544,1.653916,29.31022
166.5133: -0.09373464,0.01090617,1.623711,33.26908
166.7356: -0.00852054,0.2698622,1.689288,45.39537
166.9578: 0.08831845,0.4670567,1.626707,75.42522
167.18: 0.1873701,0.6729467,1.633278,96.48329
167.4022: 0.2741948,0.8180631,1.662633,104.0677
167.6245: 0.4047885,0.9754915,1.629451,107.4814
167.8467: 0.5887244,1.093772,1.644867,112.7186
168.0689: 0.8428986,1.095396,1.620315,117.7919
168.2911: 1.105326,1.021748,1.609082,122.997
Trial Result: Success object: Bookshelf | Time Spent: 6.563648
Trial No.:22 Ends
Trial No.:18 Begins
User confirmed on object: Harp, this maze officially starts.
176.3911: 1.756277,-1.394645,1.728552,0.7701694
176.6133: 1.75279,-1.391845,1.723279,357.627
176.8356: 1.734092,-1.384335,1.720571,344.5295
177.0578: 1.659181,-1.401756,1.656917,287.5833
177.28: 1.546842,-1.386921,1.641867,281.6059
177.5022: 1.423327,-1.351453,1.645046,300.8495
177.7244: 1.337078,-1.312682,1.670697,308.927
177.9467: 1.224353,-1.232659,1.680144,305.1651
178.1689: 1.111156,-1.120391,1.651018,302.4886
178.3911: 0.9547724,-1.040957,1.67758,299.7302
178.6133: 0.7007893,-0.9992669,1.624259,289.4246
178.8356: 0.3724602,-1.000275,1.657271,284.7854
179.0578: 0.1002981,-0.9849943,1.68833,283.1008
179.28: -0.2111351,-0.9699576,1.616969,281.8849
179.5022: -0.5238439,-0.9650304,1.678246,281.2056
179.7244: -0.8152414,-0.9829562,1.663336,284.2897
179.9467: -1.162871,-1.021531,1.644907,289.1857
180.1689: -1.46544,-1.014905,1.698332,295.1184
180.3911: -1.766313,-0.9742026,1.633483,305.6999
180.6133: -2.05102,-0.9071608,1.652529,321.4786
180.8356: -2.307292,-0.7581002,1.676139,342.4982
181.0578: -2.488434,-0.6017778,1.636655,356.9919
181.28: -2.594428,-0.3734982,1.671504,10.45261
181.5022: -2.606753,-0.1630293,1.613131,31.03439
181.7244: -2.599596,-0.05425504,1.644879,60.99204
Trial Result: Success object: Telescope | Time Spent: 5.586317
Trial No.:18 Ends
Trial No.:2 Begins
User confirmed on object: Stove, this maze officially starts.
191.0689: -2.365766,3.086466,1.627542,260.8524
191.2911: -2.37355,3.097796,1.637003,263.0059
191.5133: -2.411827,3.126353,1.647722,281.4655
191.7356: -2.429071,3.173163,1.634755,325.2537
191.9578: -2.436534,3.177332,1.627957,351.819
192.18: -2.431645,3.16768,1.626686,12.33674
192.4022: -2.33318,3.138583,1.615405,65.27448
192.6245: -2.27386,3.090602,1.581722,106.6232
192.8467: -2.257087,3.069003,1.590097,129.5368
193.0689: -2.229062,3.033567,1.56994,146.2369
193.2911: -2.165399,2.883097,1.543512,154.6879
193.5133: -2.082367,2.690517,1.570271,159.5381
193.7356: -1.960439,2.460093,1.623546,158.2316
193.9578: -1.825833,2.235667,1.604741,158.6174
194.18: -1.714411,1.966721,1.644977,153.7499
194.4022: -1.635825,1.663868,1.591528,140.0821
194.6245: -1.51901,1.39023,1.61869,121.0467
194.8467: -1.347371,1.214221,1.634843,112.1594
195.0689: -1.115265,1.072579,1.627788,114.3019
195.2911: -0.8955098,0.9766873,1.643731,119.5246
195.5133: -0.6502992,0.8675009,1.619079,123.323
195.7356: -0.4370489,0.7622466,1.659229,141.5036
195.9578: -0.2781775,0.6740231,1.655833,156.5041
196.18: -0.08849128,0.535401,1.643738,167.6418
196.4022: -0.007473826,0.3452942,1.657665,183.2818
196.6245: -0.04397818,0.1812939,1.628693,219.526
196.8467: -0.04379788,0.06432521,1.663375,244.9843
197.0689: -0.001661455,-0.03298807,1.654747,265.8939
Trial Result: Success object: Wheelbarrow | Time Spent: 6.251801
Trial No.:2 Ends
Trial No.:20 Begins
User confirmed on object: Well, this maze officially starts.
209.0911: 1.526011,-2.102278,1.726927,84.54093
209.3133: 1.526305,-2.12393,1.727451,97.65263
209.5356: 1.54413,-2.122613,1.714671,99.18816
209.7578: 1.560319,-2.059858,1.693073,63.80098
209.98: 1.597496,-2.070003,1.672859,68.10444
210.2022: 1.615482,-2.072476,1.678831,60.34777
210.4245: 1.593515,-2.035039,1.678598,18.08139
210.6467: 1.610407,-1.979809,1.672903,5.57499
210.8689: 1.656907,-1.863778,1.670623,10.39767
211.0911: 1.743282,-1.677525,1.672535,19.27701
211.3133: 1.873502,-1.433165,1.633431,27.09818
211.5356: 2.079146,-1.155437,1.654599,28.30347
211.7578: 2.23137,-0.9415969,1.667314,20.58386
211.98: 2.384618,-0.659183,1.638083,17.78359
212.2022: 2.485107,-0.4427294,1.681491,9.414671
212.4245: 2.582519,-0.1788065,1.633068,4.486351
212.6467: 2.659424,0.1077389,1.657342,2.709494
212.8689: 2.68004,0.3966938,1.661274,1.763818
213.0911: 2.660982,0.6973212,1.629068,0.9341985
213.3133: 2.670166,0.9795992,1.670927,0.2151349
213.5356: 2.720696,1.282755,1.614004,359.626
213.7578: 2.764384,1.565623,1.637404,359.8183
213.98: 2.739695,1.802509,1.663829,340.5226
214.2022: 2.692965,1.984316,1.622437,329.6129
214.4245: 2.644062,2.190952,1.648006,322.1667
214.6467: 2.61351,2.379975,1.642183,309.4412
214.8689: 2.56179,2.586541,1.600716,277.1961
215.0911: 2.489493,2.793051,1.611441,250.321
215.3133: 2.369813,2.91034,1.621958,239.5548
215.5356: 2.209277,2.955392,1.600345,227.3129
215.7578: 2.052642,2.96501,1.611037,216.8534
Trial Result: Success object: Piano | Time Spent: 6.907249
Trial No.:20 Ends
Trial No.:6 Begins
User confirmed on object: Table, this maze officially starts.
228.68: -2.173338,2.249101,1.666744,107.3981
228.9022: -2.167473,2.237381,1.677014,114.9576
229.1245: -2.167458,2.224633,1.675116,121.4315
229.3467: -2.154929,2.230485,1.665698,116.7589
229.5689: -2.123942,2.231455,1.6575,112.5809
229.7911: -2.071259,2.185687,1.647938,136.0957
230.0133: -2.010999,2.137959,1.63232,147.817
230.2356: -1.959071,2.046128,1.610575,146.5553
230.4578: -1.911787,1.866086,1.567201,135.7705
230.68: -1.862768,1.61178,1.580118,121.359
230.9022: -1.722255,1.403002,1.621203,108.2269
231.1245: -1.51767,1.257227,1.593176,100.7427
231.3467: -1.29904,1.14255,1.638181,100.6238
231.5689: -1.063503,1.060778,1.638538,109.2524
231.7911: -0.7475752,0.9407086,1.615731,120.1829
232.0133: -0.5322146,0.8561145,1.661008,138.6186
232.2356: -0.2923565,0.7439943,1.628917,153.7414
232.4578: -0.08210385,0.5819129,1.656203,160.5573
232.68: -0.001034597,0.3916821,1.642359,164.1371
232.9022: 0.03054485,0.1314576,1.619027,161.638
233.1245: 0.05901606,-0.107444,1.670544,154.7675
233.3467: 0.10352,-0.3441642,1.645241,143.4078
233.5689: 0.1821243,-0.5448011,1.655194,101.9341
233.7911: 0.2269204,-0.7393559,1.659014,71.65481
234.0133: 0.3027135,-0.980565,1.641009,66.10904
234.2356: 0.4593447,-1.079935,1.673559,65.08807
234.4578: 0.584901,-1.051264,1.669749,46.63773
234.68: 0.7278212,-1.067183,1.690221,72.48392
234.9022: 0.917535,-1.111649,1.661181,116.8641
235.1245: 1.163397,-1.170856,1.636447,133.1058
235.3467: 1.367566,-1.257046,1.663269,146.9301
235.5689: 1.516529,-1.366667,1.668244,171.0011
235.7911: 1.660502,-1.486134,1.644524,190.3042
236.0133: 1.792805,-1.736159,1.669747,202.5393
236.2356: 1.80266,-2.033036,1.610539,211.1176
236.4578: 1.761186,-2.302741,1.669744,229.4523
236.68: 1.712957,-2.489172,1.681582,252.2444
236.9022: 1.653,-2.726083,1.646428,275.4622
237.1245: 1.560723,-2.905993,1.695073,289.1762
Trial Result: Success object: Chair | Time Spent: 8.833317
Trial No.:6 Ends
Trial No.:8 Begins
User confirmed on object: Plant, this maze officially starts.
248.7245: -2.433777,-1.966656,1.73252,269.1769
248.9467: -2.429725,-1.939766,1.7298,284.6361
249.1689: -2.42849,-1.929311,1.72542,290.0345
249.3911: -2.449677,-1.952884,1.709727,276.9299
249.6133: -2.477441,-1.965792,1.70665,275.576
249.8356: -2.484002,-1.903075,1.709027,314.3099
250.0578: -2.458938,-1.86628,1.697284,350.1316
250.28: -2.436484,-1.827302,1.690638,8.385716
250.5022: -2.462852,-1.745655,1.680481,9.534309
250.7245: -2.507594,-1.590364,1.653574,9.964611
250.9467: -2.562422,-1.460707,1.67888,13.10522
251.1689: -2.630664,-1.321355,1.672617,28.93913
251.3911: -2.684098,-1.236323,1.666668,72.55457
251.6133: -2.717376,-1.155146,1.680375,90.51467
251.8356: -2.704484,-1.073836,1.67095,94.04028
252.0578: -2.65167,-1.00981,1.657757,96.61454
252.28: -2.509903,-0.9643295,1.650881,97.36195
252.5022: -2.296987,-0.9491463,1.647533,99.54604
252.7245: -2.053536,-0.9276894,1.675781,102.2524
252.9467: -1.782627,-0.8934402,1.631405,102.94
253.1689: -1.529634,-0.8544064,1.665378,103.8159
253.3911: -1.330756,-0.8861668,1.687991,120.0891
253.6133: -1.183334,-0.9620508,1.643344,162.6762
253.8356: -1.033247,-1.016477,1.657746,185.4283
254.0578: -0.8875476,-1.038403,1.68438,190.0947
254.28: -0.6389203,-0.9679118,1.689671,108.4937
254.5022: -0.5772797,-0.8227677,1.679737,29.58959
254.7245: -0.5075707,-0.8171757,1.667982,12.62825
254.9467: -0.3908491,-0.8610964,1.666409,10.71889
255.1689: -0.2504205,-0.9237962,1.647601,0.8161735
255.3911: -0.1449187,-0.9231368,1.657456,353.7146
255.6133: -0.05851726,-0.8638461,1.64992,353.4325
255.8356: 0.105567,-0.8398443,1.672734,47.61348
256.0578: 0.2293927,-0.9147056,1.672227,98.07721
256.28: 0.3735174,-0.9788295,1.649157,104.6817
256.5022: 0.5276327,-0.9906713,1.663962,73.23206
256.7245: 0.7078903,-1.015066,1.67198,68.43468
256.9467: 0.9020439,-0.9851362,1.639161,62.43527
257.1689: 1.120229,-0.9157272,1.630601,54.81112
Trial Result: Success object: Harp | Time Spent: 8.812698
Trial No.:8 Ends
Trial No.:21 Begins
User confirmed on object: Mailbox, this maze officially starts.
268.4689: -1.905963,-3.255331,1.747253,11.21224
268.6911: -1.893151,-3.261145,1.750911,18.76716
268.9133: -1.900296,-3.25626,1.736671,13.3131
269.1356: -1.90221,-3.238359,1.721765,11.89563
269.3578: -1.902526,-3.22075,1.720222,13.88057
269.58: -1.918651,-3.199787,1.720451,4.80524
269.8022: -1.965901,-3.186905,1.718407,334.4518
270.0244: -1.91548,-3.151865,1.719299,1.457233
270.2467: -1.765543,-3.153897,1.706928,59.05747
270.4689: -1.600773,-3.10419,1.676575,49.29406
270.6911: -1.373299,-3.012884,1.655933,25.00876
270.9133: -1.185348,-2.854784,1.665422,23.26095
271.1356: -1.053987,-2.601646,1.633657,21.58761
271.3578: -0.9885345,-2.380493,1.686078,19.8308
271.58: -0.9477849,-2.072755,1.64577,28.67331
271.8022: -0.8786097,-1.774915,1.63645,39.05182
272.0244: -0.7814227,-1.547846,1.679879,53.95195
272.2467: -0.6558217,-1.325251,1.643125,69.38049
272.4689: -0.4528742,-1.152479,1.667575,78.56361
272.6911: -0.1167255,-1.039716,1.606677,82.35957
272.9133: 0.1910508,-0.9909365,1.677161,81.5018
273.1356: 0.5050927,-0.9585913,1.635566,79.45705
273.3578: 0.8081502,-0.9267086,1.659853,77.76606
273.58: 1.129513,-0.9313235,1.688245,76.06023
273.8022: 1.46233,-0.9636692,1.63111,70.97153
274.0244: 1.767799,-0.9426923,1.692284,64.76825
274.2467: 2.035205,-0.8529665,1.64037,51.01461
274.4689: 2.256102,-0.7086909,1.661586,32.12762
274.6911: 2.455019,-0.4857841,1.648273,23.64903
274.9133: 2.631104,-0.2361296,1.612527,18.73123
275.1356: 2.710844,0.01372926,1.661813,26.05128
275.3578: 2.735957,0.2209854,1.614428,30.28614
275.58: 2.747575,0.4837005,1.618161,34.67548
Trial Result: Success object: Trashcan | Time Spent: 7.452034
Trial No.:21 Ends
Trial No.:10 Begins
User confirmed on object: Bookshelf, this maze officially starts.
288.6689: 1.752282,1.191353,1.70591,185.4195
288.8911: 1.721212,1.194504,1.699162,205.3271
289.1133: 1.737694,1.21954,1.698072,205.9526
289.3356: 1.778,1.240107,1.681131,188.7319
289.5578: 1.805518,1.261075,1.657249,182.2459
289.78: 1.793335,1.267325,1.657001,198.9214
290.0022: 1.743108,1.297082,1.652124,242.1531
290.2245: 1.697706,1.315818,1.640691,275.1319
290.4467: 1.626029,1.306608,1.634444,286.7741
290.6689: 1.612434,1.320233,1.641833,313.9654
290.8911: 1.677026,1.29181,1.647128,358.8192
291.1133: 1.715024,1.212977,1.642704,21.60223
291.3356: 1.779636,1.160353,1.655955,41.83219
291.5578: 1.850258,1.139427,1.652896,51.78003
291.78: 1.992149,1.156704,1.641983,46.3591
292.0022: 2.208229,1.188169,1.616497,26.4577
292.2245: 2.353909,1.269294,1.640397,9.134884
292.4467: 2.473275,1.420246,1.607183,353.319
292.6689: 2.568901,1.665322,1.599264,348.4384
292.8911: 2.633911,1.912988,1.647213,341.2317
293.1133: 2.669086,2.212211,1.580099,319.2556
293.3356: 2.659576,2.459768,1.622129,289.5934
293.5578: 2.579512,2.67018,1.601072,264.1938
293.78: 2.471252,2.838293,1.571132,254.4769
294.0022: 2.329536,2.999406,1.616242,248.1163
294.2245: 2.115306,3.137535,1.593076,249.7715
294.4467: 1.891376,3.246221,1.587304,251.8996
294.6689: 1.63637,3.277118,1.617423,257.6015
294.8911: 1.37543,3.244874,1.564025,260.0068
295.1133: 1.064335,3.191263,1.632599,258.1605
295.3356: 0.8081283,3.182011,1.620133,256.5349
295.5578: 0.5160974,3.203807,1.584129,255.8485
295.78: 0.2604712,3.206148,1.637841,256.8158
296.0022: -0.02667225,3.177668,1.610245,254.7366
296.2245: -0.3312261,3.105933,1.597731,249.3976
296.4467: -0.6119503,3.071184,1.648362,242.1152
296.6689: -0.9008881,3.060144,1.592153,241.4626
296.8911: -1.19504,3.078009,1.614281,252.1526
297.1133: -1.445042,3.015881,1.640543,238.7969
297.3356: -1.602336,2.885621,1.602448,204.781
297.5578: -1.738746,2.760529,1.623325,186.4241
297.78: -1.858958,2.625567,1.609007,178.0475
298.0022: -1.987012,2.433888,1.601189,169.0439
298.2245: -2.055808,2.185083,1.604535,178.7817
298.4467: -2.053872,1.857147,1.561322,185.5748
298.6689: -2.082254,1.535317,1.622419,189.7416
298.8911: -2.199282,1.260534,1.60813,192.9013
299.1133: -2.369833,0.9207281,1.612543,179.8102
299.3356: -2.437919,0.6711465,1.655877,171.9171
299.5578: -2.493361,0.3721412,1.615396,172.7423
299.78: -2.55022,0.1075575,1.677665,175.9947
300.0022: -2.614548,-0.1801503,1.646307,182.2404
300.2245: -2.689118,-0.4934404,1.639364,183.8942
300.4467: -2.743835,-0.7961214,1.677925,196.6088
300.6689: -2.774254,-1.116242,1.619299,203.927
300.8911: -2.825281,-1.43014,1.6395,211.9978
Trial Result: Success object: Plant | Time Spent: 12.52994
Trial No.:10 Ends
Trial No.:12 Begins
User confirmed on object: Trashcan, this maze officially starts.
312.1356: 2.448045,1.080851,1.704108,96.31909
312.3578: 2.444707,1.064499,1.699224,106.4043
312.58: 2.443167,1.05364,1.695091,114.9802
312.8022: 2.458995,1.07474,1.680339,102.2185
313.0244: 2.476535,1.083337,1.672719,98.49664
313.2467: 2.493796,1.070298,1.674284,109.9614
313.4689: 2.485772,1.020844,1.666619,156.8484
313.6911: 2.482345,0.9994302,1.657167,176.9756
313.9133: 2.505274,0.9670728,1.651508,174.2191
314.1356: 2.522434,0.8775891,1.649785,171.0641
314.3578: 2.538712,0.7331966,1.636338,168.9802
314.58: 2.572727,0.5580246,1.664099,173.253
314.8022: 2.631351,0.3481194,1.630057,182.2879
315.0244: 2.704417,0.1287996,1.644439,195.4688
315.2467: 2.718131,-0.08564539,1.679363,208.6319
315.4689: 2.67121,-0.3563346,1.620486,222.5647
315.6911: 2.589526,-0.5443757,1.655097,241.2401
315.9133: 2.499829,-0.6725261,1.67484,257.5553
316.1356: 2.385623,-0.8304683,1.655786,268.4594
316.3578: 2.221879,-0.9565592,1.681336,274.573
316.58: 2.001629,-1.031681,1.627912,275.7318
316.8022: 1.686667,-1.049614,1.624126,275.6042
317.0244: 1.439033,-1.051489,1.684467,278.3643
317.2467: 1.106598,-1.062207,1.608653,277.9964
317.4689: 0.6838609,-1.081271,1.68472,281.5764
317.6911: 0.3257167,-1.058999,1.652299,278.8987
317.9133: -0.05759871,-1.006779,1.632311,276.739
318.1356: -0.3554623,-1.002196,1.693988,277.9164
318.3578: -0.7236679,-1.021417,1.629708,278.5943
318.58: -1.061711,-1.021182,1.691584,282.5311
318.8022: -1.369818,-0.9903072,1.648601,291.1006
319.0244: -1.683126,-0.9375301,1.645138,296.8669
319.2467: -1.956688,-0.8673762,1.688772,315.0519
319.4689: -2.278044,-0.7449579,1.634386,347.4502
319.6911: -2.48183,-0.6073291,1.680317,7.111312
319.9133: -2.618996,-0.4249457,1.646151,17.76439
320.1356: -2.700032,-0.2010122,1.628746,17.20306
320.3578: -2.732371,-0.00201824,1.663036,24.4862
320.58: -2.733512,0.2300152,1.629484,28.96359
320.8022: -2.694561,0.4877435,1.640032,32.44664
321.0244: -2.557866,0.724063,1.651394,36.57348
321.2467: -2.353514,0.9411901,1.606071,39.27617
321.4689: -2.153312,1.158954,1.655147,42.33765
321.6911: -1.992344,1.368077,1.586638,44.10141
321.9133: -1.842188,1.579115,1.573916,44.33062
Trial Result: Success object: Table | Time Spent: 10.05253
Trial No.:12 Ends
Trial No.:24 Begins
User confirmed on object: Chair, this maze officially starts.
335.5022: 0.7237149,-3.126902,1.724102,3.937715
335.7245: 0.776352,-3.150076,1.74286,18.07943
335.9467: 0.7931839,-3.175732,1.745787,12.4683
336.1689: 0.8029395,-3.192369,1.728732,5.183117
336.3911: 0.8255437,-3.196883,1.727486,12.51831
336.6133: 0.8871089,-3.176694,1.720519,33.35273
336.8356: 1.04013,-3.129749,1.696093,38.4318
337.0578: 1.259575,-3.064317,1.675277,30.86547
337.28: 1.442495,-2.945251,1.689869,20.67078
337.5022: 1.5906,-2.744799,1.646684,15.24961
337.7245: 1.708148,-2.483325,1.69768,15.74701
337.9467: 1.794618,-2.171326,1.646177,19.53195
338.1689: 1.901847,-1.879149,1.679688,18.45858
338.3911: 1.989024,-1.607443,1.693872,19.06017
338.6133: 2.089965,-1.265509,1.675064,21.72837
338.8356: 2.236566,-0.9574536,1.698153,22.07823
339.0578: 2.419683,-0.6442901,1.620403,20.97943
339.28: 2.542198,-0.3469092,1.671216,22.19032
339.5022: 2.614641,-0.03913859,1.649304,28.47137
339.7245: 2.680356,0.2620289,1.61201,35.94701
339.9467: 2.780637,0.5100704,1.655956,39.48765
Trial Result: Success object: Trashcan | Time Spent: 4.80699
Trial No.:24 Ends
Trial No.:17 Begins
User confirmed on object: Harp, this maze officially starts.
353.9578: 1.838823,-1.121545,1.73617,348.6883
354.18: 1.927047,-1.129475,1.72614,12.15539
354.4022: 1.967852,-1.168482,1.716079,11.42694
354.6245: 1.962264,-1.200377,1.686943,351.1926
354.8467: 1.959395,-1.208486,1.673357,343.1884
355.0689: 1.954476,-1.184845,1.678545,339.3772
355.2911: 1.900275,-1.158556,1.686665,316.2633
355.5133: 1.822539,-1.16657,1.679687,278.5383
355.7356: 1.706373,-1.169641,1.673141,274.6362
355.9578: 1.525263,-1.176268,1.663105,286.6783
356.18: 1.284793,-1.132718,1.681291,292.7038
356.4022: 1.037786,-1.041323,1.620652,294.8402
356.6245: 0.7944466,-0.9330916,1.670664,297.5547
356.8467: 0.5648078,-0.8397534,1.669199,306.7462
357.0689: 0.3034003,-0.7180275,1.62616,325.241
357.2911: 0.1162616,-0.5250694,1.673311,341.3699
357.5133: 0.0130751,-0.2821421,1.627947,349.0374
357.7356: -0.03879844,0.009893711,1.632304,352.4256
357.9578: -0.08203553,0.3098457,1.652864,355.7476
358.18: -0.1415573,0.7111906,1.612275,358.5849
358.4022: -0.108655,1.057774,1.663187,357.1972
358.6245: -0.03168807,1.385082,1.581995,353.7331
358.8467: 0.006316915,1.659695,1.646256,348.9052
359.0689: 0.0021709,1.950449,1.616412,343.3546
359.2911: -0.06115612,2.284553,1.600335,332.5759
359.5133: -0.2034533,2.528684,1.630824,300.1916
359.7356: -0.3882556,2.770355,1.566167,276.8318
359.9578: -0.6278552,2.969328,1.622462,270.8501
360.18: -0.9748539,3.113447,1.549795,269.4292
360.4022: -1.307036,3.170321,1.6245,267.5711
360.6245: -1.607833,3.19561,1.595507,264.4075
360.8467: -1.923776,3.227338,1.572224,259.0744
361.0689: -2.174355,3.211268,1.62337,260.6765
361.2911: -2.470724,3.163528,1.544664,261.6361
Trial Result: Success object: Stove | Time Spent: 7.674484
Trial No.:17 Ends
Trial No.:15 Begins
User confirmed on object: Wheelbarrow, this maze officially starts.
372.7356: 0.14206,-0.03619463,1.713685,270.0504
372.9578: 0.1651147,-0.005552627,1.715229,272.8078
373.18: 0.2069198,0.02870249,1.713872,275.9626
373.4022: 0.2322194,0.03765193,1.688123,267.9526
373.6245: 0.2317113,0.04837207,1.654665,269.9133
373.8467: 0.2125482,0.04409748,1.658677,269.2041
374.0689: 0.1789016,0.03540728,1.67186,267.4987
374.2911: 0.152117,0.001024266,1.684056,245.9841
374.5133: 0.1513282,-0.03601409,1.660442,214.6301
374.7356: 0.1457031,-0.1016138,1.665918,212.9704
374.9578: 0.1218102,-0.2423245,1.64832,219.4256
375.18: 0.08031166,-0.3850937,1.669281,229.0524
375.4022: -0.01213161,-0.5495335,1.669345,235.6897
375.6245: -0.1734451,-0.7227057,1.613259,226.1095
375.8467: -0.3740388,-0.8988245,1.647578,213.2729
376.0689: -0.5342022,-1.120326,1.659488,208.6849
376.2911: -0.6590006,-1.384765,1.631142,205.5831
376.5133: -0.7798316,-1.650685,1.700416,202.9029
376.7356: -0.8715721,-1.891838,1.662051,204.1501
376.9578: -0.9741687,-2.140771,1.660461,206.1324
377.18: -1.052108,-2.359138,1.703268,228.1235
377.4022: -1.123118,-2.572476,1.66295,266.7694
377.6245: -1.184374,-2.797643,1.67243,289.4138
377.8467: -1.302888,-2.949998,1.698673,291.5743
378.0689: -1.469663,-3.007248,1.66101,302.2325
378.2911: -1.595753,-3.025147,1.672481,327.6907
Trial Result: Success object: Mailbox | Time Spent: 5.802767
Trial No.:15 Ends
Trial No.:13 Begins
User confirmed on object: Telescope, this maze officially starts.
387.68: -2.937405,0.07464905,1.713201,97.09854
387.9022: -2.948869,0.01720704,1.707103,109.3757
388.1245: -2.965834,-0.01185021,1.705985,109.5921
388.3467: -2.96911,-0.003342362,1.694027,95.95384
388.5689: -2.967367,-0.00170413,1.686089,90.83492
388.7911: -2.94078,-0.03154343,1.685903,107.8989
389.0133: -2.925253,-0.07779291,1.674936,130.4449
389.2356: -2.900411,-0.12593,1.664016,135.1631
389.4578: -2.863446,-0.2407783,1.651261,131.1213
389.68: -2.792844,-0.4042796,1.640458,121.2591
389.9022: -2.646133,-0.5439817,1.643399,115.9221
390.1245: -2.40314,-0.6879603,1.588089,113.9049
390.3467: -2.128777,-0.8103835,1.664617,115.6495
390.5689: -1.843401,-0.9211141,1.645205,123.181
390.7911: -1.49874,-1.080042,1.637301,131.6088
391.0133: -1.239233,-1.237891,1.686826,139.9869
391.2356: -0.9836038,-1.443342,1.62424,152.7546
391.4578: -0.8623091,-1.68225,1.679293,158.6038
391.68: -0.7983496,-1.964273,1.635859,159.8816
391.9022: -0.7407527,-2.274438,1.659629,146.7946
392.1245: -0.6302152,-2.513276,1.666039,126.0691
392.3467: -0.4789196,-2.722908,1.633636,107.249
392.5689: -0.3185613,-2.859725,1.691183,85.41809
392.7911: -0.06602442,-3.011861,1.642796,77.4444
393.0133: 0.1784492,-3.091792,1.686035,76.24065
393.2356: 0.4695066,-3.088013,1.646882,72.05811
393.4578: 0.773499,-3.005563,1.667843,65.05167
393.68: 0.9895441,-2.929626,1.710742,61.27661
393.9022: 1.263625,-2.805686,1.653847,58.45508
394.1245: 1.53091,-2.659369,1.685866,55.72485
394.3467: 1.735789,-2.504456,1.676819,54.42949
Trial Result: Success object: Well | Time Spent: 7.007734
Trial No.:13 Ends
Trial No.:19 Begins
User confirmed on object: Well, this maze officially starts.
407.9245: 1.788468,-1.90414,1.738967,96.36977
408.1467: 1.755561,-1.966209,1.733546,117.1677
408.3689: 1.721281,-2.003013,1.729712,114.7796
408.5911: 1.72443,-2.004514,1.700005,95.66059
408.8134: 1.733064,-2.001449,1.671571,81.23613
409.0356: 1.76408,-2.022306,1.673253,84.90222
409.2578: 1.813782,-2.093518,1.690924,110.4296
409.48: 1.764134,-2.210424,1.692447,164.8507
409.7022: 1.658612,-2.238599,1.680826,221.7843
409.9245: 1.656276,-2.232829,1.689343,247.1369
410.1467: 1.716331,-2.205973,1.682006,284.3919
410.3689: 1.779591,-2.173591,1.691389,306.14
410.5911: 1.803233,-2.098853,1.693055,317.6543
410.8134: 1.80548,-1.927976,1.674905,321.3746
411.0356: 1.773249,-1.715089,1.659494,317.0967
411.2578: 1.640536,-1.473842,1.647624,300.9405
411.48: 1.425226,-1.29525,1.62613,293.9141
411.7022: 1.213279,-1.161702,1.682044,294.7572
411.9245: 1.002856,-1.056503,1.639961,299.3539
412.1467: 0.7477802,-0.9311842,1.655612,303.0205
412.3689: 0.4898385,-0.819345,1.672745,315.2016
412.5911: 0.2372674,-0.6964344,1.629202,331.2032
412.8134: 0.0879906,-0.5095501,1.680546,340.956
413.0356: 0.02302236,-0.2750836,1.629984,346.523
413.2578: -0.002210245,0.001956954,1.655951,347.4159
413.48: -0.05420719,0.2444544,1.647991,340.0071
413.7022: -0.1758319,0.4873416,1.615489,318.5345
413.9245: -0.2861391,0.6354836,1.652201,303.24
414.1467: -0.4525092,0.7838704,1.634784,297.4667
414.3689: -0.6336912,0.9234008,1.630813,296.5349
414.5911: -0.8499674,1.024878,1.640679,305.6423
414.8134: -1.120892,1.095111,1.589518,325.3535
415.0356: -1.360631,1.155795,1.624454,358.9205
415.2578: -1.562716,1.267014,1.626962,10.57056
415.48: -1.677249,1.389338,1.586995,19.16909
Trial Result: Success object: Table | Time Spent: 7.972902
Trial No.:19 Ends
Trial No.:11 Begins
User confirmed on object: Trashcan, this maze officially starts.
426.3911: 2.525728,0.9826417,1.70808,88.89368
426.6133: 2.518035,0.9785813,1.694816,94.10561
426.8356: 2.498537,0.9895767,1.68892,89.66008
427.0578: 2.485577,0.9909352,1.69119,92.2778
427.28: 2.486061,0.960635,1.683515,119.7204
427.5022: 2.487003,0.9267183,1.668888,153.8365
427.7245: 2.494575,0.8973283,1.660794,169.7383
427.9467: 2.429757,0.8665354,1.659175,206.3065
428.1689: 2.371776,0.8737299,1.638273,241.9785
428.3911: 2.378924,0.8766205,1.655582,261.7881
428.6133: 2.400603,0.8534127,1.63479,277.9906
428.8356: 2.311198,0.8405266,1.643537,279.9442
429.0578: 2.127947,0.8544279,1.612709,277.2294
429.28: 1.871857,0.886396,1.63825,272.3118
429.5022: 1.484725,0.8831921,1.59668,274.4941
429.7245: 1.16507,0.8587711,1.6447,276.4647
429.9467: 0.8230489,0.8842589,1.64553,276.82
430.1689: 0.4852843,0.9394783,1.607265,274.4077
430.3911: 0.1791863,0.969661,1.6736,277.8821
430.6133: -0.1767276,0.9883587,1.608148,278.5648
430.8356: -0.512079,1.00365,1.670155,278.6597
431.0578: -0.8190057,1.010966,1.632723,281.9212
431.28: -1.12552,1.028683,1.628554,281.6173
431.5022: -1.461994,1.02107,1.664879,275.9523
431.7245: -1.759737,0.9791312,1.627306,254.8258
431.9467: -2.005144,0.9376306,1.663492,213.25
432.1689: -2.247699,0.9476035,1.631506,194.6543
432.3911: -2.471092,0.9288287,1.600661,180.9323
432.6133: -2.560076,0.94139,1.664515,152.1333
432.8356: -2.616939,1.007893,1.642494,147.0438
433.0578: -2.61427,0.9630756,1.645746,150.7216
433.28: -2.547486,0.8204105,1.598003,153.9075
Trial Result: Success object: Telescope | Time Spent: 7.221992
Trial No.:11 Ends
Trial No.:3 Begins
User confirmed on object: Piano, this maze officially starts.
443.3134: 1.980648,3.217151,1.667596,207.7135
443.5356: 1.966162,3.245237,1.668424,199.4356
443.7578: 1.954796,3.266338,1.651154,186.9881
443.98: 1.919539,3.28195,1.642382,190.722
444.2022: 1.878826,3.296128,1.642773,205.8856
444.4245: 1.826763,3.328366,1.637812,239.8297
444.6467: 1.798337,3.338183,1.634315,252.8452
444.8689: 1.772036,3.321918,1.639538,247.4894
445.0911: 1.674122,3.327998,1.620377,244.0582
445.3134: 1.52297,3.332242,1.620912,243.8749
445.5356: 1.340706,3.306223,1.60328,248.0033
445.7578: 1.094347,3.230688,1.590446,252.2348
445.98: 0.8701396,3.187227,1.643598,254.6107
446.2022: 0.6263453,3.169602,1.602278,254.3979
446.4245: 0.3479912,3.183811,1.594307,250.6849
446.6467: 0.1375959,3.166851,1.637389,247.4043
446.8689: -0.1203819,3.128785,1.597274,243.1615
447.0911: -0.3886813,3.069595,1.609048,243.485
447.3134: -0.6267602,3.033106,1.637429,243.7231
447.5356: -0.8840412,3.004079,1.591708,243.1756
447.7578: -1.145652,2.99896,1.612693,255.4935
447.98: -1.377567,2.913753,1.633375,242.6865
448.2022: -1.522993,2.77749,1.603776,208.6351
448.4245: -1.663625,2.648815,1.630708,194.2458
448.6467: -1.779085,2.52162,1.630123,187.6408
448.8689: -1.919209,2.342108,1.598814,181.544
449.0911: -2.033422,2.085987,1.613821,184.7927
449.3134: -2.10727,1.748368,1.540538,190.1197
449.5356: -2.181105,1.402137,1.614773,192.6391
449.7578: -2.306188,1.083313,1.604778,189.0692
449.98: -2.472251,0.6918401,1.602007,174.2378
450.2022: -2.532346,0.3444697,1.637747,170.1181
450.4245: -2.549592,-0.02022138,1.637321,175.2909
450.6467: -2.575112,-0.3147075,1.688904,175.2497
450.8689: -2.618184,-0.6788038,1.62726,178.3434
451.0911: -2.641645,-1.043679,1.691657,174.4544
451.3134: -2.647529,-1.401624,1.655332,167.2949
451.5356: -2.644658,-1.748765,1.676271,159.5979
451.7578: -2.645661,-2.057276,1.699197,154.2927
451.98: -2.614124,-2.439726,1.645483,135.7204
452.2022: -2.467383,-2.608732,1.706679,71.54677
452.4245: -2.359622,-2.732113,1.649393,43.59355
452.6467: -2.204108,-2.892336,1.663437,61.02216
452.8689: -2.072687,-2.990337,1.693597,45.29372
Trial Result: Success object: Mailbox | Time Spent: 9.895451
Trial No.:3 Ends
Trial No.:5 Begins
User confirmed on object: Table, this maze officially starts.
462.7133: -2.174129,2.123633,1.681688,94.72741
462.9356: -2.186221,2.108749,1.669246,98.05885
463.1578: -2.187541,2.107203,1.654215,95.05475
463.38: -2.188958,2.105332,1.65375,96.94737
463.6022: -2.192167,2.104825,1.67266,101.7573
463.8245: -2.176633,2.092964,1.669684,112.5879
464.0467: -2.171885,2.034884,1.653255,146.044
464.2689: -2.174511,1.998764,1.640577,166.4247
464.4911: -2.183166,1.968579,1.630417,180.7021
464.7133: -2.192103,1.898512,1.631194,182.3552
464.9356: -2.227174,1.797242,1.634928,180.7578
465.1578: -2.292147,1.662511,1.643533,180.2031
465.38: -2.393261,1.498656,1.605317,181.8686
465.6022: -2.431473,1.310778,1.588905,184.355
465.8245: -2.434405,1.134951,1.636768,178.7211
466.0467: -2.397088,0.9885041,1.662114,146.7587
466.2689: -2.34978,0.9130186,1.655687,96.12057
466.4911: -2.28823,0.8694454,1.646267,83.61919
466.7133: -2.13402,0.8498259,1.621648,82.02038
466.9356: -1.929098,0.8930023,1.624619,83.61858
467.1578: -1.718693,0.9279397,1.657573,90.7043
467.38: -1.49501,0.9392576,1.623873,94.41995
467.6022: -1.217769,0.911907,1.621856,93.08367
467.8245: -0.900305,0.901471,1.667724,91.47625
468.0467: -0.5528671,0.9159464,1.610987,90.28194
468.2689: -0.1843486,0.9407537,1.656468,91.9785
468.4911: 0.1137867,0.9457606,1.648433,94.85942
468.7133: 0.4257685,0.9371567,1.613496,100.013
468.9356: 0.6697897,0.956709,1.657677,109.2461
469.1578: 0.954012,0.9867933,1.604371,117.4402
Trial Result: Success object: Bookshelf | Time Spent: 6.853931
Trial No.:5 Ends
Trial No.:9 Begins
User confirmed on object: Bookshelf, this maze officially starts.
483.3689: 1.731232,1.284475,1.702416,185.5382
483.5911: 1.721789,1.288732,1.688212,189.4932
483.8134: 1.719359,1.298386,1.678018,193.3553
484.0356: 1.735024,1.294643,1.669895,185.6579
484.2578: 1.712683,1.292053,1.672014,208.7586
484.48: 1.681138,1.315815,1.659328,259.7334
484.7022: 1.666827,1.321337,1.644055,289.3822
484.9245: 1.573291,1.293604,1.654985,282.7323
485.1467: 1.430293,1.259014,1.634344,275.594
485.3689: 1.278883,1.209919,1.62881,278.7555
485.5911: 1.061237,1.097013,1.606924,289.0045
485.8134: 0.8075356,1.003254,1.645742,302.3842
486.0356: 0.5739918,1.028262,1.639977,315.0114
486.2578: 0.343121,1.142301,1.599017,323.0189
486.48: 0.1718181,1.31295,1.646099,330.3983
486.7022: 0.01965432,1.591229,1.595278,333.6395
486.9245: -0.07193083,1.862233,1.642398,335.0154
487.1467: -0.1181973,2.1339,1.597252,332.6334
487.3689: -0.1656165,2.411857,1.57191,317.4242
487.5911: -0.3144602,2.623019,1.619433,283.5369
487.8134: -0.5191238,2.772725,1.573439,270.6896
488.0356: -0.7668616,2.904523,1.617996,271.4475
488.2578: -1.044569,2.985364,1.59926,272.7902
488.48: -1.351575,3.050782,1.590325,269.0634
488.7022: -1.708707,3.04845,1.631832,268.0102
488.9245: -2.019447,2.998711,1.57724,267.6946
489.1467: -2.283696,3.003349,1.627322,268.4948
489.3689: -2.497256,3.025873,1.594963,265.2205
Trial Result: Success object: Stove | Time Spent: 6.369436
Trial No.:9 Ends
Trial No.:16 Begins
User confirmed on object: Wheelbarrow, this maze officially starts.
503.1467: 0.4453281,-0.02417558,1.714204,271.7901
503.3689: 0.4595381,0.004258597,1.711779,285.1953
503.5911: 0.4709575,0.007218871,1.701634,284.6518
503.8134: 0.479315,-0.008223511,1.693813,276.2404
504.0356: 0.4828908,-0.01661824,1.688696,274.486
504.2578: 0.4764761,-0.03987868,1.688788,267.263
504.48: 0.4717394,-0.08919512,1.682989,238.8169
504.7022: 0.4553932,-0.135738,1.679357,224.9136
504.9245: 0.4419944,-0.2224335,1.67595,226.6158
505.1467: 0.4168667,-0.332785,1.679144,232.1401
505.3689: 0.3292911,-0.4530655,1.667767,233.2595
505.5911: 0.1682695,-0.5586761,1.638523,235.2572
505.8134: -0.004913917,-0.6681706,1.667595,235.8327
506.0356: -0.1648125,-0.8076665,1.671293,232.1077
506.2578: -0.3230591,-0.9973064,1.639734,223.5194
506.48: -0.4658459,-1.181468,1.683009,217.0551
506.7022: -0.5935613,-1.34797,1.692387,210.9721
506.9245: -0.7482463,-1.553539,1.657839,201.1881
507.1467: -0.8490593,-1.743906,1.698648,196.5617
507.3689: -0.9275228,-1.980225,1.67013,200.2457
507.5911: -0.9726169,-2.27684,1.653542,219.5555
507.8134: -1.03739,-2.477662,1.691816,247.171
508.0356: -1.128409,-2.640014,1.674786,274.9571
508.2578: -1.25023,-2.789733,1.653092,282.0604
508.48: -1.360362,-2.913934,1.694425,291.4198
508.7022: -1.482952,-3.018246,1.705192,302.3699
508.9245: -1.601023,-3.126416,1.698063,317.7214
509.1467: -1.81976,-3.183793,1.712383,319.3888
509.3689: -2.059879,-3.150937,1.655275,314.9171
509.5911: -2.286523,-3.072117,1.681739,315.0645
509.8134: -2.441388,-3.004774,1.707052,316.7389
510.0356: -2.634174,-2.906504,1.660659,318.9812
510.2578: -2.813162,-2.778336,1.660756,322.0414
Trial Result: Success object: Plant | Time Spent: 7.484102
Trial No.:16 Ends
