Participant ID: 408
Maze Mode: testing
Trial No.:15 Begins
User confirmed on object: Wheelbarrow, this maze officially starts.
44.88: 0.08594648,0.07849051,1.584839,262.2676
45.10222: 0.1276412,0.03588964,1.602795,264.0389
45.32444: 0.1588147,0.0002665846,1.617268,268.9494
45.54667: 0.2025121,0.004134266,1.630517,269.6469
45.76889: 0.2233663,0.02742717,1.639357,267.8182
45.99111: 0.2346207,0.03999095,1.639755,263.9417
46.21333: 0.2333015,0.04704196,1.640406,264.7008
46.43556: 0.2231241,0.05587426,1.639933,268.4828
46.65778: 0.2183356,0.06139164,1.637344,270.2841
46.88: 0.21151,0.06206261,1.636268,268.9302
47.10222: 0.1832729,0.04295462,1.624525,264.5734
47.32444: 0.1564988,-0.05675545,1.588164,252.6136
47.54667: 0.1493054,-0.1742179,1.572535,240.6303
47.76889: 0.109084,-0.2454465,1.572877,236.9773
47.99111: 0.04373517,-0.3030398,1.569287,231.0784
48.21333: -0.02303453,-0.3620385,1.583083,227.2583
48.43556: -0.09468687,-0.4660053,1.585491,231.3128
48.65778: -0.1438266,-0.5976906,1.565302,237.638
48.88: -0.1747379,-0.7439826,1.57529,241.6107
49.10222: -0.2267109,-0.8909796,1.576683,222.8855
49.32444: -0.325152,-1.009826,1.562767,210.6862
49.54667: -0.4722251,-1.12066,1.578554,203.6918
49.76889: -0.569717,-1.253452,1.585855,200.6434
49.99111: -0.6218279,-1.414486,1.559622,203.2174
50.21333: -0.6389779,-1.578616,1.568345,208.4653
50.43556: -0.6776817,-1.735532,1.578019,210.4581
50.65778: -0.7469888,-1.881179,1.563131,213.2895
50.88: -0.844359,-2.026536,1.574587,215.1009
51.10222: -0.9041236,-2.177821,1.576777,219.8299
51.32444: -0.9295449,-2.339851,1.555488,228.8419
51.54667: -0.9541516,-2.525329,1.573198,249.0435
51.76889: -1.01486,-2.618011,1.577487,264.648
51.99111: -1.1124,-2.681565,1.568839,275.1384
52.21333: -1.223262,-2.72833,1.564638,283.9386
52.43556: -1.297685,-2.777267,1.566387,294.8546
Trial Result: Success object: Mailbox | Time Spent: 7.973877
Trial No.:15 Ends
Trial No.:19 Begins
User confirmed on object: Well, this maze officially starts.
79.20222: 1.771385,-2.045112,1.647614,86.77854
79.42445: 1.763884,-2.044006,1.648942,86.62782
79.64667: 1.743744,-2.062772,1.650407,92.93442
79.86889: 1.719729,-2.091385,1.650799,103.4876
80.09111: 1.702704,-2.09304,1.653825,98.67435
80.31333: 1.697997,-2.080308,1.653065,84.52748
80.53556: 1.701353,-2.041966,1.653553,58.28292
80.75778: 1.670827,-1.975597,1.636221,36.65676
80.98: 1.595646,-1.888996,1.620834,7.072324
81.20222: 1.490795,-1.818677,1.596737,337.4068
81.42445: 1.41107,-1.757187,1.593934,315.8291
81.64667: 1.378923,-1.652166,1.595036,312.9303
81.86889: 1.357468,-1.504282,1.603397,309.4194
82.09111: 1.278348,-1.354028,1.59639,302.7778
82.31333: 1.148643,-1.257077,1.58284,301.6185
82.53556: 0.9661916,-1.180924,1.586291,302.4073
82.75778: 0.803721,-1.120051,1.592174,296.0578
82.98: 0.6482959,-1.04545,1.572174,287.8772
83.20222: 0.4876333,-0.9669385,1.589629,282.5803
83.42445: 0.3031612,-0.9560132,1.584177,280.672
83.64667: 0.1030553,-0.9976449,1.566947,281.8629
83.86889: -0.1041106,-1.027175,1.587572,284.0623
84.09111: -0.3134515,-1.00889,1.578554,284.4027
84.31333: -0.5406222,-0.9384642,1.575935,285.255
84.53556: -0.7416235,-0.9189692,1.586155,288.745
84.75778: -0.9524158,-0.9386739,1.557839,290.9138
84.98: -1.1318,-0.9660548,1.57111,291.7019
85.20222: -1.329274,-0.951888,1.578393,293.3132
85.42445: -1.514412,-0.8964761,1.561248,295.5547
85.64667: -1.690556,-0.8491129,1.574144,300.6879
85.86889: -1.867041,-0.8475181,1.558877,308.7804
86.09111: -2.04817,-0.8683743,1.556719,324.4476
86.31333: -2.223969,-0.8360498,1.568358,343.0057
86.53556: -2.333996,-0.7534657,1.551571,356.5247
86.75778: -2.416665,-0.6637948,1.560671,8.480418
86.98: -2.494535,-0.6099199,1.564438,17.15509
87.20222: -2.616208,-0.5195009,1.550675,22.72473
87.42445: -2.688854,-0.3922698,1.561585,25.69685
87.64667: -2.671865,-0.2336991,1.550297,28.82016
87.86889: -2.585421,-0.06923699,1.557179,30.73465
88.09111: -2.537698,0.1087383,1.561627,35.47419
88.31333: -2.526588,0.3301781,1.536631,37.86063
88.53556: -2.495246,0.5272779,1.559626,39.01524
88.75778: -2.392369,0.693843,1.561122,40.83197
88.98: -2.266535,0.8045397,1.543773,42.75983
89.20222: -2.164809,0.9361825,1.558648,44.92186
89.42445: -2.106428,1.093534,1.545957,47.66953
89.64667: -2.076628,1.259151,1.552753,52.21062
89.86889: -2.012893,1.38466,1.554354,56.60596
90.09111: -1.920315,1.482883,1.53467,58.56736
90.31333: -1.816705,1.590368,1.550857,62.36343
Trial Result: Success object: Table | Time Spent: 11.52323
Trial No.:19 Ends
Trial No.:11 Begins
User confirmed on object: Trashcan, this maze officially starts.
108.7133: 2.728513,1.014267,1.654017,90.54018
108.9356: 2.716177,1.024734,1.659194,93.53798
109.1578: 2.697572,1.034456,1.664793,96.38636
109.38: 2.706209,1.040154,1.66049,101.9724
109.6022: 2.716164,1.031747,1.64327,126.9058
109.8244: 2.597441,0.9981428,1.624732,169.3415
110.0467: 2.418578,1.004116,1.609681,205.5259
110.2689: 2.249949,1.025028,1.592569,228.8177
110.4911: 2.130067,1.017913,1.588416,248.1262
110.7133: 1.999661,0.9502681,1.569116,264.7862
110.9356: 1.824133,0.9130803,1.581231,270.0765
111.1578: 1.602295,0.9514396,1.551297,270.3166
111.38: 1.406008,0.997625,1.567905,266.8406
111.6022: 1.178491,0.9762933,1.584667,260.59
111.8244: 0.9283759,0.907227,1.557834,250.6038
112.0467: 0.6644257,0.8931986,1.59389,250.4389
112.2689: 0.4016882,0.9484612,1.562661,259.0585
112.4911: 0.1442105,1.023991,1.571947,265.7334
112.7133: -0.1390041,1.037974,1.572351,271.5544
112.9356: -0.4077419,1.013933,1.558536,278.079
113.1578: -0.6565684,1.030353,1.585172,282.1785
113.38: -0.8606973,1.083259,1.552851,288.3987
113.6022: -1.062522,1.150044,1.565367,294.4792
113.8244: -1.278544,1.156989,1.568684,294.9407
114.0467: -1.518353,1.082305,1.545455,271.2329
114.2689: -1.738052,1.003868,1.562141,231.5807
114.4911: -1.934102,1.003424,1.541301,213.4407
114.7133: -2.156961,0.9892173,1.563402,194.6772
114.9356: -2.286964,0.905121,1.562897,173.9033
115.1578: -2.371569,0.7746047,1.548514,165.0432
115.38: -2.469473,0.6473843,1.53639,154.8242
115.6022: -2.563563,0.5303405,1.513918,140.892
115.8244: -2.613649,0.3901347,1.54361,127.6821
Trial Result: Success object: Telescope | Time Spent: 7.450371
Trial No.:11 Ends
Trial No.:6 Begins
User confirmed on object: Table, this maze officially starts.
128.2244: -1.856089,2.005522,1.607352,89.14984
128.4467: -1.870239,2.004114,1.616791,90.8158
128.6689: -1.887583,1.99428,1.621886,96.69933
128.8911: -1.893692,1.971539,1.620126,110.3093
129.1133: -1.875978,1.962651,1.614768,115.8094
129.3356: -1.848877,1.917778,1.595028,116.4461
129.5578: -1.873968,1.796363,1.577043,133.5826
129.78: -1.903091,1.714136,1.574736,148.3255
130.0022: -1.930856,1.614758,1.56795,162.1249
130.2244: -1.910359,1.462379,1.556567,166.5792
130.4467: -1.789744,1.288429,1.544649,162.2965
130.6689: -1.626742,1.172783,1.566128,143.3585
130.8911: -1.455317,1.068249,1.545008,123.3701
131.1133: -1.263358,0.9126507,1.570342,114.9408
131.3356: -1.064992,0.8393965,1.579285,115.5935
131.5578: -0.8300806,0.8173375,1.551648,119.8698
131.78: -0.625379,0.7820855,1.576734,125.0683
132.0022: -0.4469921,0.6784719,1.572135,135.3992
132.2244: -0.3021957,0.5087625,1.556706,146.742
132.4467: -0.1595621,0.338833,1.568304,152.4196
132.6689: -0.02483377,0.163822,1.551608,150.7462
132.8911: 0.04535975,-0.02366624,1.589304,146.6417
133.1133: 0.05067348,-0.2569047,1.568269,137.4174
133.3356: 0.0342868,-0.4512122,1.590827,122.1226
133.5578: 0.06789815,-0.5871811,1.594002,101.2206
133.78: 0.1105466,-0.6853735,1.581727,94.44592
134.0022: 0.07489827,-0.8527364,1.59833,127.6547
134.2244: -0.0838359,-0.9947536,1.577792,175.1548
134.4467: -0.2593642,-1.080095,1.570171,191.4394
134.6689: -0.3898062,-1.161215,1.586391,193.8497
134.8911: -0.4937659,-1.259415,1.574729,190.7653
135.1133: -0.6011162,-1.444753,1.554298,191.2279
135.3356: -0.6638306,-1.609247,1.561266,187.9822
135.5578: -0.7039539,-1.817343,1.548678,169.6401
135.78: -0.7613395,-2.01058,1.548812,154.6385
136.0022: -0.7537956,-2.179316,1.579194,142.2745
136.2244: -0.694485,-2.353658,1.556328,128.3994
136.4467: -0.5986058,-2.51642,1.569915,110.1943
136.6689: -0.5154203,-2.680818,1.575548,89.40663
136.8911: -0.4124261,-2.844056,1.568879,73.22379
137.1133: -0.2545942,-2.9658,1.583736,68.84305
137.3356: -0.08297752,-2.98485,1.551278,65.84838
137.5578: 0.1238451,-2.95093,1.551486,55.81573
137.78: 0.3257526,-2.954127,1.55342,44.99113
138.0022: 0.519053,-2.954538,1.555369,30.3248
Trial Result: Success object: Chair | Time Spent: 10.10748
Trial No.:6 Ends
Trial No.:18 Begins
User confirmed on object: Harp, this maze officially starts.
148.9578: 1.741112,-1.079818,1.650821,357.1004
149.18: 1.743666,-1.08434,1.652138,359.8415
149.4022: 1.733864,-1.067032,1.651451,354.9514
149.6245: 1.652415,-1.034826,1.633963,330.2224
149.8467: 1.496423,-1.054252,1.603858,299.0892
150.0689: 1.357447,-1.073141,1.590999,281.7242
150.2911: 1.170927,-1.040867,1.5762,272.9108
150.5133: 0.9549499,-0.9577081,1.556782,275.4946
150.7356: 0.7366173,-0.9098958,1.589887,279.3896
150.9578: 0.5015541,-0.9323566,1.575383,278.6042
151.18: 0.2366659,-0.9846853,1.571717,279.6957
151.4022: -0.05792889,-0.9774991,1.594477,279.5982
151.6245: -0.3136246,-0.917316,1.551212,279.0649
151.8467: -0.5771877,-0.862622,1.59268,279.999
152.0689: -0.824047,-0.8687425,1.562884,278.5659
152.2911: -1.076327,-0.9083899,1.557201,280.7875
152.5133: -1.334785,-0.8922735,1.581018,286.2713
152.7356: -1.585712,-0.8335695,1.548432,289.6735
152.9578: -1.818619,-0.7763296,1.567652,299.1869
153.18: -2.034687,-0.7528936,1.546782,318.8372
153.4022: -2.238971,-0.7302648,1.548552,349.9123
153.6245: -2.369027,-0.6630276,1.564185,8.979173
153.8467: -2.431847,-0.5468808,1.54474,15.85507
Trial Result: Success object: Telescope | Time Spent: 5.136999
Trial No.:18 Ends
Trial No.:16 Begins
User confirmed on object: Wheelbarrow, this maze officially starts.
165.38: 0.1147558,-0.03975759,1.643304,276.4867
165.6022: 0.114648,-0.03698956,1.643355,278.642
165.8244: 0.1234061,-0.008731313,1.638563,299.6483
166.0467: 0.1244574,0.001882197,1.635474,308.9731
166.2689: 0.1056826,0.007132463,1.63432,312.0964
166.4911: 0.07409266,0.01609339,1.621611,312.5186
166.7133: 0.02743568,-0.006842442,1.611647,296.0663
166.9356: -0.01319423,-0.1180854,1.600542,253.7414
167.1578: 0.001062155,-0.2741212,1.573735,225.6467
167.38: -0.02788091,-0.4138052,1.569953,224.5958
167.6022: -0.1313568,-0.5469457,1.564204,228.2679
167.8244: -0.3376216,-0.6580018,1.55251,240.2842
168.0467: -0.5331613,-0.7448472,1.576003,253.1536
168.2689: -0.7341923,-0.8285943,1.561921,259.7218
168.4911: -0.9048216,-0.9078552,1.557489,260.0289
168.7133: -1.129857,-0.9546013,1.580376,254.0941
168.9356: -1.378697,-0.9402869,1.546593,245.5984
169.1578: -1.628092,-0.9390863,1.57356,242.2746
169.38: -1.86323,-1.020347,1.545243,237.2338
169.6022: -2.091006,-1.131047,1.528159,234.6997
169.8244: -2.331947,-1.223449,1.543031,229.3369
170.0467: -2.564764,-1.299665,1.525441,227.4553
170.2689: -2.729726,-1.437439,1.543616,231.4083
170.4911: -2.799746,-1.59404,1.519746,235.1325
Trial Result: Success object: Plant | Time Spent: 5.396013
Trial No.:16 Ends
Trial No.:5 Begins
User confirmed on object: Table, this maze officially starts.
182.9578: -1.959531,1.967321,1.615132,91.96494
183.18: -1.96637,1.966548,1.616003,89.52029
183.4022: -1.965691,1.975301,1.616571,85.9959
183.6245: -1.943765,1.968546,1.612568,88.69492
183.8467: -1.896625,1.855022,1.585212,98.81168
184.0689: -1.844394,1.645156,1.55712,103.8666
184.2911: -1.757987,1.483605,1.560649,104.4531
184.5133: -1.621654,1.372631,1.540467,101.3193
184.7356: -1.450884,1.309369,1.547612,99.65913
184.9578: -1.28933,1.231956,1.561768,96.68092
185.18: -1.100505,1.139707,1.549462,96.25994
185.4022: -0.8852069,1.019437,1.56051,98.36483
185.6245: -0.6634417,0.9915559,1.583544,96.30942
185.8467: -0.4269887,1.005846,1.555577,96.51572
186.0689: -0.1433635,1.011019,1.588504,101.2822
186.2911: 0.106585,0.9642985,1.573084,105.4236
186.5133: 0.3432364,0.8823303,1.554636,110.3935
186.7356: 0.5549228,0.8800936,1.57731,109.8502
186.9578: 0.7671651,0.9076622,1.54753,115.2316
187.18: 0.9754909,0.9241494,1.565852,121.9667
187.4022: 1.152009,0.8830007,1.565468,128.4019
Trial Result: Success object: Bookshelf | Time Spent: 4.791962
Trial No.:5 Ends
Trial No.:13 Begins
User confirmed on object: Telescope, this maze officially starts.
203.1356: -2.801887,-0.01604892,1.613938,87.0005
203.3578: -2.805131,-0.01969505,1.615046,88.63701
203.58: -2.805049,-0.04759208,1.614314,101.4526
203.8022: -2.797625,-0.05903802,1.61412,106.1055
204.0244: -2.761477,-0.02637641,1.604227,89.78455
204.2467: -2.70936,-0.02169552,1.582075,83.80061
204.4689: -2.634169,-0.1794839,1.563699,98.92327
204.6911: -2.574056,-0.3844954,1.552703,110.8879
204.9133: -2.490657,-0.5352693,1.564549,113.3574
205.1356: -2.378482,-0.6257814,1.551939,111.891
205.3578: -2.17614,-0.699572,1.54475,110.0622
205.58: -1.958355,-0.7713919,1.562891,103.7505
205.8022: -1.722726,-0.8643742,1.533942,100.2125
206.0244: -1.461349,-0.9562649,1.566137,101.4283
206.2467: -1.190518,-0.9639875,1.568687,100.157
206.4689: -0.8571717,-0.9290217,1.56375,99.7468
206.6911: -0.5962393,-0.9553717,1.595956,98.90783
206.9133: -0.3453161,-1.011102,1.558597,96.01956
207.1356: -0.1274934,-1.066175,1.58905,92.38895
207.3578: 0.1169296,-1.080061,1.593532,94.76051
207.58: 0.4010522,-1.057266,1.579434,102.9664
207.8022: 0.6587421,-1.072718,1.607129,108.8843
208.0244: 0.9110098,-1.139151,1.578823,109.0371
208.2467: 1.147175,-1.241097,1.595518,112.4474
208.4689: 1.400889,-1.337191,1.583688,121.77
208.6911: 1.600281,-1.408596,1.576284,127.2545
208.9133: 1.755848,-1.552017,1.590781,128.3309
209.1356: 1.876787,-1.727162,1.570374,121.0104
Trial Result: Success object: Well | Time Spent: 6.311275
Trial No.:13 Ends
Trial No.:2 Begins
User confirmed on object: Stove, this maze officially starts.
224.28: -2.676482,3.038789,1.603119,268.2137
224.5022: -2.680992,3.03632,1.603421,268.5402
224.7245: -2.698835,3.015355,1.599038,252.7463
224.9467: -2.694918,2.96439,1.582579,216.6559
225.1689: -2.604452,2.899456,1.563277,174.93
225.3911: -2.48579,2.87464,1.543083,143.2159
225.6133: -2.411933,2.847839,1.544061,122.9593
225.8356: -2.320744,2.742424,1.525727,116.2802
226.0578: -2.23758,2.5525,1.526138,127.6925
226.28: -2.139006,2.378127,1.54829,137.1944
226.5022: -2.015476,2.215871,1.536205,146.5573
226.7245: -1.867403,2.059589,1.541798,148.9126
226.9467: -1.73844,1.844487,1.554423,135.5664
227.1689: -1.66685,1.627903,1.522938,122.9833
227.3911: -1.555666,1.42604,1.560187,109.2131
227.6133: -1.403919,1.319361,1.548803,99.41586
227.8356: -1.210118,1.249302,1.548573,90.44497
228.0578: -1.02428,1.170943,1.565553,80.43498
228.28: -0.8366379,1.090192,1.547373,67.54057
228.5022: -0.6531289,1.032756,1.56863,51.90307
228.7245: -0.4954552,1.050053,1.576895,32.82101
228.9467: -0.3463162,1.143625,1.564068,9.488908
229.1689: -0.2260563,1.204505,1.567152,352.5897
229.3911: -0.101954,1.240715,1.562724,346.7328
229.6133: 0.07089724,1.23956,1.578192,23.63731
229.8356: 0.180394,1.159834,1.5779,94.12037
230.0578: 0.1609162,1.114828,1.566484,145.3956
230.28: 0.1258608,1.094918,1.566669,174.8644
230.5022: 0.05561556,1.050027,1.568716,197.6197
230.7245: -0.02876827,0.9677454,1.568667,211.4829
230.9467: -0.07803458,0.8319491,1.57065,218.011
231.1689: -0.05690123,0.6764826,1.538149,217.2073
231.3911: -0.05409651,0.5289002,1.556205,219.4642
Trial Result: Success object: Wheelbarrow | Time Spent: 7.491926
Trial No.:2 Ends
Trial No.:23 Begins
User confirmed on object: Chair, this maze officially starts.
246.4356: 0.8807147,-3.08364,1.644077,356.0311
246.6578: 0.8860707,-3.082517,1.644534,357.5276
246.88: 0.9178897,-3.083858,1.643355,13.83849
247.1022: 0.9248095,-3.0741,1.644089,19.96975
247.3244: 0.8440089,-3.026884,1.637041,349.1268
247.5467: 0.7272909,-3.009629,1.622418,328.9314
247.7689: 0.6229136,-2.994855,1.613293,323.0125
247.9911: 0.5964874,-2.97124,1.617987,334.0065
248.2133: 0.7012653,-2.947561,1.620784,4.106451
248.4356: 0.9049974,-2.94621,1.604417,29.46025
248.6578: 1.095781,-2.917256,1.597809,38.04122
248.88: 1.239828,-2.833368,1.58943,37.86139
249.1022: 1.353452,-2.70339,1.572228,33.29599
249.3244: 1.475925,-2.516238,1.585578,18.66379
249.5467: 1.622466,-2.363809,1.574091,12.70999
249.7689: 1.801334,-2.197356,1.580975,13.19334
249.9911: 1.889984,-2.021898,1.591663,14.36043
250.2133: 1.939089,-1.797028,1.563667,14.91826
250.4356: 1.989096,-1.530066,1.585966,11.44391
250.6578: 2.110123,-1.297994,1.588126,5.69306
250.88: 2.280541,-1.064457,1.576071,5.52295
251.1022: 2.400549,-0.8265328,1.607438,3.620926
251.3244: 2.469221,-0.5122657,1.577119,4.031356
251.5467: 2.504506,-0.2468525,1.604116,351.8981
251.7689: 2.587281,0.01509377,1.578726,344.2095
251.9911: 2.682858,0.2549912,1.57861,342.2634
252.2133: 2.719847,0.5193557,1.609632,343.1054
252.4356: 2.694398,0.8075194,1.562492,337.8827
252.6578: 2.667557,1.090619,1.597603,335.3505
252.88: 2.682844,1.369566,1.597233,336.4909
253.1022: 2.717248,1.638999,1.591617,335.1428
253.3244: 2.681653,1.908944,1.614961,331.5982
253.5467: 2.597398,2.132058,1.572576,324.3223
253.7689: 2.529959,2.315586,1.605058,311.3188
253.9911: 2.483393,2.467282,1.592577,291.2262
254.2133: 2.438069,2.619383,1.599988,271.4373
254.4356: 2.360987,2.721449,1.609654,260.0578
254.6578: 2.265427,2.753891,1.580621,249.2904
254.88: 2.175499,2.760629,1.575788,236.6915
Trial Result: Success object: Piano | Time Spent: 8.718512
Trial No.:23 Ends
Trial No.:12 Begins
User confirmed on object: Trashcan, this maze officially starts.
271.2356: 2.625971,1.00976,1.661967,90.23225
271.4578: 2.626563,1.000891,1.661341,95.75981
271.68: 2.626673,0.9649083,1.655736,119.2104
271.9022: 2.635909,0.928982,1.649937,133.6332
272.1245: 2.583573,0.8484495,1.627536,154.1517
272.3467: 2.495973,0.7857218,1.620463,184.1415
272.5689: 2.403159,0.7572883,1.602871,216.1777
272.7911: 2.322465,0.7338427,1.597433,245.3727
273.0133: 2.24284,0.7080449,1.588289,268.1614
273.2356: 2.120302,0.7128543,1.582915,278.0514
273.4578: 1.942966,0.7859426,1.558765,277.5919
273.68: 1.715823,0.88218,1.583269,282.8731
273.9022: 1.464285,0.8881873,1.577729,283.6129
274.1245: 1.201119,0.8539466,1.561885,285.3824
274.3467: 0.9703221,0.874976,1.601914,283.6971
274.5689: 0.7236184,0.932386,1.563123,283.6962
274.7911: 0.4602112,1.004805,1.580628,282.588
275.0133: 0.194824,1.019095,1.584159,283.1654
275.2356: -0.07553953,0.9922673,1.561079,286.8423
275.4578: -0.3309235,0.9962275,1.59739,288.9164
275.68: -0.6128048,1.053571,1.561278,292.5668
275.9022: -0.8635339,1.121894,1.579404,297.1473
276.1245: -1.08335,1.155913,1.564762,310.8546
276.3467: -1.265277,1.184497,1.553397,331.3258
276.5689: -1.392563,1.242959,1.5707,352.15
276.7911: -1.488925,1.331395,1.548868,5.634157
Trial Result: Success object: Table | Time Spent: 5.974752
Trial No.:12 Ends
Trial No.:17 Begins
User confirmed on object: Harp, this maze officially starts.
290.98: 1.727307,-1.028169,1.62944,358.2486
291.2022: 1.722351,-1.050225,1.644336,0.2977246
291.4244: 1.727972,-1.074842,1.651495,5.693019
291.6467: 1.744923,-1.084249,1.651188,15.25053
291.8689: 1.704064,-1.069738,1.654026,3.499444
292.0911: 1.556602,-1.063735,1.629336,327.7701
292.3134: 1.411578,-1.076048,1.607836,310.9447
292.5356: 1.268282,-1.061018,1.592771,299.3615
292.7578: 1.130766,-0.9959292,1.568461,296.1544
292.98: 0.9535431,-0.881116,1.576118,297.8842
293.2022: 0.7475855,-0.8090811,1.584135,301.4456
293.4244: 0.523515,-0.7545393,1.556107,308.2253
293.6467: 0.315905,-0.6519083,1.587239,319.14
293.8689: 0.1929789,-0.4705887,1.575811,330.5955
294.0911: 0.1240782,-0.2008685,1.568001,336.3926
294.3134: 0.03424997,0.002962073,1.5759,332.2437
294.5356: -0.08701926,0.2122138,1.552158,334.1597
294.7578: -0.1977071,0.3833073,1.57153,329.6564
294.98: -0.3214036,0.5663966,1.559613,318.6292
295.2022: -0.4482464,0.7591393,1.555166,306.8257
295.4244: -0.6340541,0.889192,1.577575,300.3284
295.6467: -0.8604724,0.9625441,1.552922,300.7955
295.8689: -1.088335,1.03927,1.565682,304.599
296.0911: -1.328572,1.185786,1.546254,307.8913
296.3134: -1.489901,1.334104,1.550427,311.0768
296.5356: -1.628995,1.500304,1.554421,321.4144
296.7578: -1.770118,1.646813,1.535156,324.7918
296.98: -1.891251,1.788788,1.561086,323.9695
297.2022: -1.993378,1.955358,1.544347,319.9685
297.4244: -2.074966,2.153941,1.538446,312.4575
297.6467: -2.19127,2.324464,1.560209,305.7129
297.8689: -2.351632,2.43744,1.540459,301.7525
298.0911: -2.514654,2.524244,1.538156,299.8175
298.3134: -2.631907,2.621757,1.537456,295.0032
298.5356: -2.730286,2.74285,1.536236,288.381
Trial Result: Success object: Stove | Time Spent: 7.826227
Trial No.:17 Ends
Trial No.:1 Begins
User confirmed on object: Stove, this maze officially starts.
333.8245: -2.674869,3.035329,1.624981,271.0882
334.0467: -2.670198,3.043122,1.626128,273.5938
334.2689: -2.665944,3.068123,1.624031,284.1518
334.4911: -2.669536,3.055331,1.623565,274.4995
334.7133: -2.663292,2.971526,1.615543,234.4803
334.9356: -2.555374,2.851268,1.586617,182.9339
335.1578: -2.433346,2.781406,1.562222,152.2814
335.38: -2.353839,2.668124,1.559608,141.0565
335.6022: -2.302367,2.512641,1.537929,139.6916
335.8245: -2.243826,2.307371,1.560517,142.5448
336.0467: -2.120896,2.13087,1.569926,141.3438
336.2689: -1.951354,1.963412,1.550509,140.7958
336.4911: -1.794132,1.774054,1.578094,137.4509
336.7133: -1.667692,1.553854,1.561257,134.0357
336.9356: -1.522868,1.308025,1.575381,127.9564
337.1578: -1.332147,1.163908,1.585572,123.794
337.38: -1.100615,1.080355,1.567144,121.0976
337.6022: -0.9198907,1.00054,1.591559,118.9431
337.8245: -0.7281905,0.8786848,1.578256,123.9754
338.0467: -0.5480518,0.7420853,1.58244,129.2257
338.2689: -0.3763106,0.6337179,1.586824,140.6025
338.4911: -0.2085028,0.5103044,1.572575,152.2812
338.7133: -0.1029047,0.3433296,1.584475,165.9668
338.9356: -0.03312568,0.09730531,1.565373,162.2139
339.1578: 0.01454053,-0.1139896,1.591928,146.0298
339.38: 0.07465509,-0.3099424,1.57917,141.5638
339.6022: 0.1662226,-0.4650923,1.571803,139.235
339.8245: 0.2961399,-0.6528108,1.579223,133.6932
340.0467: 0.4905753,-0.8249937,1.545975,122.6932
340.2689: 0.6895548,-0.9857577,1.555337,114.7773
340.4911: 0.8922241,-1.06401,1.584778,114.3144
340.7133: 1.122913,-1.116207,1.557082,117.6819
340.9356: 1.358235,-1.20959,1.592517,121.5368
341.1578: 1.528648,-1.343489,1.564696,124.1076
341.38: 1.679368,-1.492791,1.563555,119.8425
341.6022: 1.823305,-1.587081,1.56821,123.117
341.8245: 1.964571,-1.655612,1.559966,125.4847
Trial Result: Success object: Well | Time Spent: 8.275074
Trial No.:1 Ends
Trial No.:3 Begins
User confirmed on object: Piano, this maze officially starts.
376.3022: 1.816099,3.092249,1.609651,185.5504
376.5244: 1.815685,3.092497,1.607616,188.0783
376.7467: 1.801838,3.071854,1.606283,193.2462
376.9689: 1.72032,3.046671,1.586689,210.9377
377.1911: 1.585461,3.062253,1.561444,232.2123
377.4133: 1.429001,3.086671,1.547267,250.8997
377.6356: 1.288508,3.048538,1.538875,255.6512
377.8578: 1.140304,2.959756,1.532074,252.4202
378.08: 1.006886,2.908385,1.543648,248.9038
378.3022: 0.8181684,2.875875,1.53229,242.317
378.5244: 0.608007,2.855118,1.531624,233.6263
378.7467: 0.4327696,2.773153,1.548761,226.7372
378.9689: 0.3028959,2.623525,1.523246,219.4853
379.1911: 0.1842512,2.403156,1.534095,205.2385
379.4133: 0.07547859,2.199715,1.525023,194.0513
379.6356: -0.04802355,1.98769,1.526392,190.0552
379.8578: -0.07634936,1.76507,1.538625,187.8066
380.08: -0.05408454,1.553918,1.507365,186.4512
380.3022: -0.02045205,1.325368,1.558251,188.9367
380.5244: -0.03557204,1.067374,1.562239,188.999
380.7467: -0.09390355,0.801646,1.540922,188.2194
380.9689: -0.1150029,0.5511933,1.56702,190.8791
381.1911: -0.08605189,0.3014343,1.532912,195.0676
381.4133: -0.06043767,0.0007567592,1.561481,200.5065
381.6356: -0.1135851,-0.2380993,1.546501,207.7992
381.8578: -0.234927,-0.4633956,1.53413,209.9983
382.08: -0.3426681,-0.6462188,1.530601,213.5133
382.3022: -0.4505777,-0.8741071,1.505717,220.2091
382.5244: -0.5506036,-1.120018,1.528883,218.5103
382.7467: -0.6535669,-1.337923,1.531156,211.0078
382.9689: -0.7920945,-1.5484,1.523235,207.0639
383.1911: -0.8852603,-1.778014,1.543306,207.3585
383.4133: -0.9340302,-2.080631,1.505159,212.5695
383.6356: -0.997812,-2.298506,1.532805,227.4993
383.8578: -1.095184,-2.45817,1.511132,243.6354
384.08: -1.181668,-2.555506,1.500954,258.2614
384.3022: -1.255655,-2.665337,1.504179,278.3314
Trial Result: Success object: Mailbox | Time Spent: 8.329473
Trial No.:3 Ends
Trial No.:7 Begins
User confirmed on object: Plant, this maze officially starts.
414.1356: -2.707724,-2.069977,1.708422,279.7177
414.3578: -2.699865,-2.067582,1.706849,281.8127
414.58: -2.707229,-2.072282,1.706795,283.6504
414.8022: -2.73294,-2.052578,1.701769,299.2567
415.0244: -2.677944,-1.985795,1.673835,332.898
415.2467: -2.523016,-1.927347,1.653043,8.411271
415.4689: -2.385036,-1.886493,1.633959,35.45589
415.6911: -2.282258,-1.834467,1.636925,49.17729
415.9133: -2.197459,-1.741162,1.626096,52.27922
416.1356: -2.056636,-1.564735,1.631086,61.24321
416.3578: -1.878615,-1.458917,1.625545,70.21989
416.58: -1.665011,-1.384603,1.604567,75.19722
416.8022: -1.478731,-1.316106,1.62084,74.676
417.0244: -1.276347,-1.214145,1.605221,77.94151
417.2467: -1.065119,-1.103454,1.605022,80.54285
417.4689: -0.8296527,-1.062361,1.621192,80.30502
417.6911: -0.5696498,-1.091823,1.603325,80.29335
417.9133: -0.318572,-1.109753,1.634788,80.65931
418.1356: -0.03925794,-1.079523,1.600011,80.03899
418.3578: 0.2021816,-1.031893,1.522009,81.29895
418.58: 0.4645755,-1.044701,1.540514,81.94403
418.8022: 0.7097018,-1.07787,1.5079,79.8205
419.0244: 0.974224,-1.087042,1.539007,77.91118
419.2467: 1.228299,-1.041307,1.512277,76.29757
419.4689: 1.482894,-0.9541912,1.520435,71.2175
419.6911: 1.717397,-0.9038934,1.539696,60.06985
419.9133: 1.961658,-0.8728259,1.506992,50.02571
420.1356: 2.213211,-0.7948723,1.542083,38.95037
420.3578: 2.373346,-0.6432474,1.510734,31.95114
420.58: 2.485323,-0.4452795,1.507989,31.29729
420.8022: 2.580669,-0.2958709,1.513229,28.84385
421.0244: 2.707305,-0.1195282,1.486079,28.04285
421.2467: 2.807395,0.07166378,1.503787,29.49125
421.4689: 2.836127,0.2627953,1.497105,31.61789
421.6911: 2.832242,0.4445662,1.49294,39.88917
Trial Result: Success object: Trashcan | Time Spent: 7.908802
Trial No.:7 Ends
Trial No.:21 Begins
User confirmed on object: Mailbox, this maze officially starts.
437.9689: -1.756278,-3.152933,1.607725,358.458
438.1911: -1.736278,-3.147021,1.606214,0.1355462
438.4133: -1.681775,-3.093978,1.592427,13.05777
438.6356: -1.509955,-3.079014,1.564286,38.84279
438.8578: -1.332164,-3.085851,1.557046,57.20051
439.08: -1.199322,-3.028003,1.545608,56.97364
439.3022: -1.0867,-2.892319,1.52621,51.98054
439.5244: -0.9770638,-2.708075,1.539126,44.4926
439.7467: -0.8636981,-2.527524,1.533023,30.07008
439.9689: -0.7358517,-2.340459,1.522806,18.1739
440.1911: -0.6624199,-2.134602,1.543763,16.83154
440.4133: -0.6514316,-1.873349,1.508302,19.85084
440.6356: -0.6351743,-1.644862,1.528057,28.7684
440.8578: -0.5401109,-1.453086,1.535339,43.21448
441.08: -0.3755526,-1.321598,1.51875,54.47255
441.3022: -0.2297374,-1.232328,1.521575,67.76506
441.5244: -0.04344428,-1.125304,1.501916,77.13565
441.7467: 0.1643627,-1.002166,1.521425,80.67552
441.9689: 0.3913831,-0.9532073,1.537982,85.83948
442.1911: 0.6447766,-0.9575461,1.497104,85.95187
442.4133: 0.9033561,-0.952072,1.535436,81.35803
442.6356: 1.173274,-0.9040385,1.51594,76.38647
442.8578: 1.423264,-0.840538,1.524037,74.99356
443.08: 1.672035,-0.8174716,1.534334,69.38205
443.3022: 1.912841,-0.8103572,1.500512,61.51986
443.5244: 2.159806,-0.7603549,1.52751,48.93587
443.7467: 2.345357,-0.6320016,1.516858,37.38168
443.9689: 2.475074,-0.4332297,1.496402,32.55596
444.1911: 2.589324,-0.2470764,1.504761,25.87799
444.4133: 2.720839,-0.05744864,1.481031,25.53882
444.6356: 2.83193,0.1720361,1.491002,28.84531
444.8578: 2.849256,0.3508311,1.488154,32.60883
Trial Result: Success object: Trashcan | Time Spent: 7.290796
Trial No.:21 Ends
Trial No.:10 Begins
User confirmed on object: Bookshelf, this maze officially starts.
459.5133: 1.773262,1.169455,1.571399,183.1301
459.7356: 1.771733,1.167721,1.572101,187.2965
459.9578: 1.747703,1.154092,1.57009,200.9149
460.18: 1.665375,1.148564,1.547711,216.2804
460.4022: 1.529749,1.164343,1.518867,232.0123
460.6245: 1.382763,1.165544,1.506867,245.9262
460.8467: 1.191688,1.11694,1.485376,256.542
461.0689: 1.038353,1.057758,1.498281,259.5817
461.2911: 0.8523753,1.053529,1.518962,263.3876
461.5133: 0.6594821,1.089774,1.490068,264.6929
461.7356: 0.4384834,1.114881,1.523178,261.7759
461.9578: 0.216339,1.091126,1.511833,259.5117
462.18: -0.0223665,1.034052,1.493054,262.9274
462.4022: -0.2654162,1.007038,1.52052,261.5863
462.6245: -0.5115921,1.029421,1.49313,257.7714
462.8467: -0.7904067,1.085649,1.512708,253.1496
463.0689: -1.029773,1.066075,1.516652,245.0671
463.2911: -1.265045,1.014138,1.492469,243.6145
463.5133: -1.485456,0.97835,1.522538,239.1857
463.7356: -1.695134,0.9590775,1.507935,232.4441
463.9578: -1.923828,0.949894,1.501537,217.6275
464.18: -2.109639,0.8826536,1.52868,200.0435
464.4022: -2.262695,0.7570245,1.505241,187.5837
464.6245: -2.389656,0.6276901,1.512424,174.0254
464.8467: -2.516737,0.5110067,1.523891,159.642
465.0689: -2.674348,0.3778628,1.51987,166.1776
465.2911: -2.784709,0.1850576,1.532933,180.6089
465.5133: -2.813563,-0.05444036,1.492999,183.9729
465.7356: -2.816694,-0.2683662,1.51971,185.1552
465.9578: -2.876021,-0.499988,1.534463,187.8376
466.18: -2.968376,-0.7295425,1.513768,187.7551
466.4022: -3.020653,-0.9538286,1.541421,188.7619
466.6245: -3.022869,-1.182016,1.509016,192.5823
466.8467: -2.998334,-1.399667,1.50478,196.036
Trial Result: Success object: Plant | Time Spent: 7.630295
Trial No.:10 Ends
Trial No.:24 Begins
User confirmed on object: Chair, this maze officially starts.
481.58: 0.8128579,-3.110928,1.596653,0.3778262
481.8022: 0.8092744,-3.109034,1.595363,2.692502
482.0244: 0.7613691,-3.075367,1.592759,350.8841
482.2467: 0.6360435,-3.045725,1.570688,322.8494
482.4689: 0.4984754,-3.022749,1.547808,306.567
482.6911: 0.4136675,-2.967666,1.549793,310.9064
482.9133: 0.4480143,-2.94809,1.533797,328.5507
483.1356: 0.6172704,-2.956259,1.553772,12.46916
483.3578: 0.8874372,-3.056883,1.512848,59.09796
483.58: 1.100502,-3.04032,1.50489,62.32066
483.8022: 1.265756,-2.883134,1.523053,53.41202
484.0244: 1.355137,-2.703318,1.496208,39.94525
484.2467: 1.467837,-2.496423,1.535184,30.55049
484.4689: 1.609813,-2.294335,1.503874,29.1608
484.6911: 1.775082,-2.082282,1.517779,28.04718
484.9133: 1.882748,-1.851785,1.534757,24.79293
485.1356: 1.970693,-1.627554,1.504037,28.6453
485.3578: 2.098059,-1.361964,1.535533,31.31884
485.58: 2.253745,-1.16286,1.513195,29.26522
485.8022: 2.413068,-0.9758952,1.52278,23.97869
486.0244: 2.488475,-0.7931401,1.535911,21.69888
486.2467: 2.532012,-0.543512,1.496862,22.93904
486.4689: 2.581452,-0.3043514,1.524292,27.65026
486.6911: 2.661363,-0.09392747,1.504098,30.38747
486.9133: 2.768973,0.1035697,1.49907,29.35717
487.1356: 2.823123,0.2995473,1.513333,33.18548
487.3578: 2.835413,0.5084515,1.489576,41.59938
Trial Result: Success object: Trashcan | Time Spent: 6.052153
Trial No.:24 Ends
Trial No.:22 Begins
User confirmed on object: Mailbox, this maze officially starts.
506.0689: -1.721818,-3.049712,1.603898,357.5081
506.2911: -1.720623,-3.040544,1.603989,357.8052
506.5133: -1.713688,-3.025987,1.60438,358.1843
506.7356: -1.631707,-3.000725,1.586087,8.2922
506.9578: -1.473899,-2.979542,1.561105,24.01968
507.18: -1.319448,-2.922032,1.545614,32.94001
507.4022: -1.198072,-2.796267,1.522359,33.72359
507.6245: -1.090464,-2.604048,1.527503,32.23182
507.8467: -0.9945841,-2.43143,1.542229,25.96154
508.0689: -0.8779527,-2.233328,1.516317,20.62466
508.2911: -0.7641405,-2.030219,1.544019,18.1516
508.5133: -0.7153583,-1.835659,1.53406,18.52593
508.7356: -0.6813385,-1.596155,1.515553,21.75596
508.9578: -0.5983938,-1.380911,1.539718,26.63956
509.18: -0.4573524,-1.20134,1.521777,26.71617
509.4022: -0.2983463,-1.032686,1.531487,22.66714
509.6245: -0.1948941,-0.8557342,1.541425,19.61384
509.8467: -0.1286999,-0.5898525,1.500319,19.55432
510.0689: -0.07991725,-0.353977,1.530632,20.76684
510.2911: -0.003303329,-0.1212476,1.510972,23.56977
510.5133: 0.07915656,0.06688011,1.510334,28.33931
510.7356: 0.1318396,0.2612908,1.525915,40.16537
510.9578: 0.1765486,0.4394614,1.494661,64.30009
511.18: 0.2186196,0.5989484,1.513824,87.63067
511.4022: 0.2982416,0.7132504,1.517836,101.0703
511.6245: 0.431581,0.7800341,1.50682,104.951
511.8467: 0.6256188,0.8328347,1.507208,107.7868
512.0689: 0.8181137,0.8780098,1.496369,113.8912
512.2911: 1.022975,0.9219753,1.48101,122.8399
512.5134: 1.173233,0.9175774,1.505247,128.7307
Trial Result: Success object: Bookshelf | Time Spent: 6.737093
Trial No.:22 Ends
Trial No.:9 Begins
User confirmed on object: Bookshelf, this maze officially starts.
524.58: 1.756655,1.134845,1.574088,181.3944
524.8022: 1.753774,1.131932,1.574038,185.7049
525.0245: 1.725064,1.128232,1.5751,197.2859
525.2467: 1.632439,1.125379,1.554894,211.5091
525.4689: 1.484766,1.156272,1.529817,238.4367
525.6911: 1.339393,1.194267,1.514999,265.367
525.9133: 1.175043,1.18767,1.493717,273.8993
526.1356: 0.9537221,1.137433,1.496186,280.1753
526.3578: 0.7448482,1.143611,1.514198,280.818
526.58: 0.5265398,1.182761,1.487971,278.399
526.8022: 0.3192913,1.215948,1.518098,274.8396
527.0245: 0.09258473,1.203656,1.513981,275.1654
527.2467: -0.1660492,1.151765,1.495811,279.7617
527.4689: -0.3965135,1.139074,1.51986,285.1882
527.6911: -0.6382898,1.167713,1.494944,286.9746
527.9133: -0.8507148,1.222715,1.505733,287.4408
528.1356: -1.107984,1.249247,1.513762,291.6028
528.3578: -1.324902,1.267996,1.484064,298.8129
528.58: -1.514898,1.352817,1.510994,310.5284
528.8022: -1.625958,1.493403,1.501036,316.2578
529.0245: -1.724601,1.687895,1.501869,319.9568
529.2467: -1.848914,1.839207,1.512633,320.9362
529.4689: -2.011215,1.976128,1.484559,317.2953
529.6911: -2.186477,2.113076,1.497004,313.7794
529.9133: -2.327426,2.253274,1.498338,310.4449
530.1356: -2.475373,2.428566,1.478681,302.0001
530.3578: -2.626962,2.565134,1.499256,299.0923
530.58: -2.76821,2.634408,1.483864,299.9278
Trial Result: Success object: Stove | Time Spent: 6.369846
Trial No.:9 Ends
Trial No.:20 Begins
User confirmed on object: Well, this maze officially starts.
546.9911: 1.76119,-2.073245,1.587674,83.26818
547.2133: 1.760299,-2.074214,1.588225,83.80244
547.4355: 1.760045,-2.088979,1.589255,92.5918
547.6578: 1.764843,-2.05881,1.585608,76.20216
547.88: 1.729712,-1.98194,1.571725,33.69452
548.1022: 1.65798,-1.899294,1.550222,4.70555
548.3245: 1.627667,-1.807649,1.543397,1.463516
548.5467: 1.670114,-1.673958,1.532001,6.119378
548.7689: 1.759606,-1.547789,1.526249,6.914033
548.9911: 1.848603,-1.423798,1.537345,8.762866
549.2133: 1.912219,-1.294348,1.531371,15.11769
549.4355: 1.95431,-1.132261,1.513579,22.22625
549.6578: 2.02783,-0.9616625,1.531105,24.75741
549.88: 2.15543,-0.7901419,1.503946,24.46855
550.1022: 2.308544,-0.602722,1.513147,20.68845
550.3245: 2.379963,-0.4000329,1.529416,9.410999
550.5467: 2.392462,-0.1479722,1.496983,359.1402
550.7689: 2.402462,0.08625802,1.523618,355.3318
550.9911: 2.447179,0.3089657,1.513226,351.3819
551.2133: 2.51777,0.5181687,1.506962,349.6412
551.4355: 2.550799,0.7399278,1.529033,350.1039
551.6578: 2.529313,0.9638582,1.502563,346.2588
551.88: 2.494036,1.190581,1.506679,344.5924
552.1022: 2.495468,1.400492,1.524922,345.4424
552.3245: 2.51861,1.61344,1.493098,343.8156
552.5467: 2.554353,1.866178,1.514553,338.5619
552.7689: 2.516485,2.068805,1.520555,330.4518
552.9911: 2.432268,2.247774,1.492207,318.9433
553.2133: 2.369607,2.381621,1.500826,302.5201
553.4355: 2.320185,2.529457,1.500577,282.2197
553.6578: 2.280965,2.67379,1.501893,264.0134
553.88: 2.214393,2.77097,1.508147,250.8818
554.1022: 2.124335,2.796502,1.488798,239.4215
Trial Result: Success object: Piano | Time Spent: 7.367645
Trial No.:20 Ends
Trial No.:14 Begins
User confirmed on object: Telescope, this maze officially starts.
567.38: -2.847729,-0.02604891,1.58478,89.23232
567.6022: -2.849987,-0.02565447,1.585005,90.25966
567.8245: -2.847018,-0.0175777,1.584811,87.61613
568.0467: -2.831805,-0.003801861,1.580982,85.08111
568.2689: -2.789515,-0.07074029,1.559228,92.20607
568.4911: -2.741261,-0.234314,1.52997,105.0053
568.7133: -2.674575,-0.4130291,1.524411,111.1992
568.9355: -2.544054,-0.554567,1.511084,107.4044
569.1578: -2.34993,-0.6207844,1.515992,100.8695
569.38: -2.175508,-0.6833819,1.533985,89.91674
569.6022: -2.018209,-0.7596908,1.524428,84.69393
569.8245: -1.830963,-0.8697166,1.514189,81.40015
570.0467: -1.614965,-0.913708,1.542537,76.89848
570.2689: -1.386265,-0.8986465,1.515949,74.4902
570.4911: -1.152765,-0.8663729,1.534498,71.48375
570.7133: -0.9300505,-0.8653484,1.540615,62.28233
570.9355: -0.6796163,-0.9030497,1.520841,50.59635
571.1578: -0.4820186,-0.8951142,1.553325,39.79651
571.38: -0.3304482,-0.8260572,1.521955,20.27826
571.6022: -0.2132944,-0.7527376,1.530093,0.1470391
571.8245: -0.04039693,-0.7228191,1.542494,5.668288
572.0467: 0.09467399,-0.7028714,1.522302,0.5125895
572.2689: 0.1145382,-0.6307579,1.536929,343.2284
572.4911: 0.05049866,-0.5119298,1.517901,330.3268
572.7133: -0.02557283,-0.3952297,1.516564,318.7405
572.9355: -0.0516494,-0.2766604,1.515635,306.158
Trial Result: Success object: Wheelbarrow | Time Spent: 5.907574
Trial No.:14 Ends
Trial No.:4 Begins
User confirmed on object: Piano, this maze officially starts.
591.2245: 1.805527,3.04997,1.563395,190.6324
591.4467: 1.797953,3.057589,1.56522,196.9054
591.6689: 1.777997,3.058621,1.563251,209.7094
591.8911: 1.730294,3.043258,1.555089,214.7808
592.1133: 1.631868,3.037662,1.527114,225.7027
592.3356: 1.490258,3.012154,1.503825,237.5527
592.5578: 1.333963,2.936751,1.486249,240.2088
592.78: 1.172044,2.820375,1.479302,243.0758
593.0023: 1.009677,2.741455,1.501088,244.3713
593.2245: 0.8175764,2.689321,1.476796,240.1592
593.4467: 0.5542616,2.604127,1.509659,222.9308
593.6689: 0.4038237,2.447869,1.511372,203.105
593.8911: 0.3107738,2.232333,1.491795,190.5894
594.1133: 0.2541623,2.079611,1.510995,173.9444
594.3356: 0.1611168,1.89223,1.501359,160.2734
594.5578: 0.04838032,1.696249,1.50659,159.3192
594.78: -0.001611026,1.495919,1.520027,167.5547
595.0023: 0.02440978,1.278329,1.492583,168.1517
595.2245: 0.05853112,1.059548,1.517873,171.0824
595.4467: 0.04406539,0.7783178,1.510129,171.993
595.6689: 0.005606838,0.5237448,1.516596,168.3871
595.8911: 0.03275115,0.2893585,1.530716,160.1114
596.1133: 0.0885403,0.09156632,1.500725,155.2204
596.3356: 0.1554866,-0.1213285,1.517815,148.148
596.5578: 0.201591,-0.3295878,1.52399,134.6954
596.78: 0.2498154,-0.5070692,1.497546,107.5513
597.0023: 0.3345819,-0.6200652,1.527194,78.81564
597.2245: 0.4584991,-0.6741081,1.508481,70.66656
597.4467: 0.6393794,-0.6874887,1.508554,74.26447
597.6689: 0.8088878,-0.713145,1.511328,68.60069
597.8911: 0.9911339,-0.7572882,1.494046,60.32093
598.1133: 1.155206,-0.7875667,1.51227,55.83963
Trial Result: Success object: Harp | Time Spent: 7.13843
Trial No.:4 Ends
Trial No.:8 Begins
User confirmed on object: Plant, this maze officially starts.
614.7467: -2.674248,-2.066092,1.600927,278.5185
614.9689: -2.66634,-2.063069,1.603173,283.1619
615.1911: -2.665503,-2.055865,1.602127,292.3582
615.4133: -2.67677,-2.034152,1.595864,310.6707
615.6356: -2.593106,-1.947585,1.56122,343.7162
615.8578: -2.453133,-1.856349,1.529837,18.7498
616.08: -2.375523,-1.807908,1.536829,40.40859
616.3022: -2.329671,-1.714908,1.528227,50.51794
616.5245: -2.292275,-1.565158,1.516727,55.88091
616.7467: -2.209829,-1.419527,1.539322,64.19766
616.9689: -2.059302,-1.345937,1.540005,78.28295
617.1911: -1.849093,-1.343197,1.53127,80.87701
617.4133: -1.630301,-1.322477,1.547471,78.90383
617.6356: -1.407439,-1.261699,1.518262,81.25903
617.8578: -1.150845,-1.161115,1.527391,82.6577
618.08: -0.9302072,-1.126249,1.545837,79.57304
618.3022: -0.6910489,-1.125223,1.515227,77.70403
618.5245: -0.4764892,-1.111104,1.543455,77.56886
618.7467: -0.261694,-1.059455,1.52208,75.95625
618.9689: -0.02368872,-0.9748207,1.511465,75.26056
619.1911: 0.2129701,-0.9264297,1.527228,72.3976
619.4133: 0.4558322,-0.9054789,1.491083,70.29366
619.6356: 0.7091606,-0.8829927,1.492224,67.20538
619.8578: 0.9415216,-0.791959,1.498973,63.22025
620.08: 1.091826,-0.7098019,1.493892,66.52811
Trial Result: Success object: Harp | Time Spent: 5.603617
Trial No.:8 Ends
