Participant ID: 409
Maze Mode: testing
Trial No.:9 Begins
User confirmed on object: Bookshelf, this maze officially starts.
140.7133: 1.663029,0.8098487,1.573812,166.6762
140.9356: 1.669227,0.8136171,1.573833,160.2658
141.1578: 1.677612,0.8251925,1.606661,155.4557
141.38: 1.677612,0.8251925,1.606661,155.4557
141.6022: 1.677612,0.8251925,1.606661,155.4557
141.8244: 1.677612,0.8251925,1.606661,155.4557
142.0467: 1.677612,0.8251925,1.606661,155.4557
142.2689: 1.677612,0.8251925,1.606661,155.4557
142.4911: 1.677612,0.8251925,1.606661,155.4557
142.7133: 1.677612,0.8251925,1.606661,155.4557
142.9356: 1.677612,0.8251925,1.606661,155.4557
143.1578: 1.677612,0.8251925,1.606661,155.4557
143.38: 1.677612,0.8251925,1.606661,155.4557
143.6022: 1.677612,0.8251925,1.606661,155.4557
143.8244: 1.677612,0.8251925,1.606661,155.4557
144.0467: 1.677612,0.8251925,1.606661,155.4557
144.2689: 1.677612,0.8251925,1.606661,155.4557
144.4911: 0,0,0,0
144.7133: 0,0,0,0
144.9356: 0,0,0,0
145.1578: 0,0,0,0
145.38: 0,0,0,0
145.6022: 0,0,0,0
145.8244: 0,0,0,0
146.0467: 0,0,0,0
146.2689: 0,0,0,0
146.4911: 0,0,0,0
146.7133: 1.677612,0.8251925,1.606661,155.4557
146.9356: 1.677612,0.8251925,1.606661,155.4557
147.1578: 1.677612,0.8251925,1.606661,155.4557
147.38: 1.677612,0.8251925,1.606661,155.4557
147.6022: 1.677612,0.8251925,1.606661,155.4557
147.8244: 1.677612,0.8251925,1.606661,155.4557
148.0467: 1.677612,0.8251925,1.606661,155.4557
148.2689: 1.677612,0.8251925,1.606661,155.4557
148.4911: 1.677612,0.8251925,1.606661,155.4557
148.7133: 1.677612,0.8251925,1.606661,155.4557
148.9356: 1.677612,0.8251925,1.606661,155.4557
149.1578: 1.677612,0.8251925,1.606661,155.4557
149.38: 1.677612,0.8251925,1.606661,155.4557
149.6022: 1.677612,0.8251925,1.606661,155.4557
149.8244: 1.677612,0.8251925,1.606661,155.4557
150.0467: 1.677612,0.8251925,1.606661,155.4557
150.2689: 1.677612,0.8251925,1.606661,155.4557
150.4911: 1.677612,0.8251925,1.606661,155.4557
150.7133: 1.635814,0.862701,1.59047,163.3876
150.9356: 1.638275,0.8673931,1.592856,163.5045
151.1578: 1.634862,0.8645248,1.590255,163.5463
151.38: 1.620687,0.8783625,1.609137,171.0587
151.6022: 1.617152,0.9125782,1.623049,175.2401
151.8244: 1.61749,0.9286321,1.623693,176.3259
152.0467: 1.614288,0.9244965,1.61845,177.4421
152.2689: 1.619155,0.9129748,1.59964,178.527
152.4911: 1.626382,0.9030424,1.576931,178.6368
152.7133: 1.637392,0.9001468,1.563627,175.9892
152.9356: 1.656691,0.8949025,1.555914,174.1893
153.1578: 1.672251,0.8855339,1.547019,181.2202
153.38: 1.668514,0.9196243,1.531746,184.8448
153.6022: 1.632541,0.9876131,1.534032,181.3576
153.8244: 1.587285,1.043622,1.546572,175.8069
154.0467: 1.554119,1.1138,1.605234,167.6843
154.2689: 1.539858,1.167293,1.613196,172.496
154.4911: 1.558961,1.201508,1.606419,181.7109
154.7133: 1.583314,1.216987,1.598101,198.6837
154.9356: 1.591872,1.227539,1.589056,222.051
155.1578: 1.607621,1.215434,1.58531,224.7827
155.38: 1.612924,1.201012,1.579006,224.9505
155.6022: 1.596151,1.223745,1.576399,242.9938
155.8244: 1.605193,1.20923,1.579193,233.4099
156.0467: 1.645407,1.176194,1.580835,201.4335
156.2689: 1.671642,1.167438,1.571692,182.1859
156.4911: 1.683946,1.166683,1.565052,176.3836
156.7133: 1.694512,1.17322,1.56286,173.5201
156.9356: 1.70187,1.181889,1.565181,172.6019
157.1578: 1.699643,1.191465,1.577352,176.3417
157.38: 1.698758,1.202708,1.586844,180.9956
157.6022: 1.713502,1.204544,1.587248,181.5307
157.8244: 1.725806,1.201348,1.583804,181.299
158.0467: 1.73396,1.205545,1.578446,182.2267
158.2689: 1.73738,1.208547,1.57673,182.2417
158.4911: 1.733926,1.208554,1.576329,182.4257
158.7133: 1.728335,1.207388,1.579069,182.167
158.9356: 1.718151,1.208905,1.583273,181.6403
159.1578: 1.699999,1.210996,1.590519,180.5759
159.38: 1.681835,1.212483,1.593659,180.0813
159.6022: 1.667645,1.213229,1.592924,179.6968
159.8244: 1.654992,1.213159,1.592769,178.9179
160.0467: 1.642977,1.216228,1.593621,177.3929
160.2689: 1.629512,1.2131,1.591729,174.7857
160.4911: 1.613221,1.204922,1.582674,171.634
160.7133: 1.597974,1.200398,1.575231,169.7731
160.9356: 1.585409,1.19205,1.577653,169.671
161.1578: 1.574976,1.166897,1.573263,167.6419
Trial Result: Fail at object: Bookshelf | Time Spent: 20.88697
Trial No.:9 Ends
Trial No.:13 Begins
User confirmed on object: Telescope, this maze officially starts.
182.3356: -2.776316,-0.02892157,1.504401,83.11762
182.5578: -2.769139,-0.03892613,1.50759,81.21896
182.78: -2.775701,-0.03723885,1.516174,79.77545
183.0022: -2.794978,-0.0287852,1.54797,80.57144
183.2244: -2.827552,-0.01947178,1.562941,84.0817
183.4467: -2.851688,-0.003543135,1.565075,86.36353
183.6689: -2.879598,0.001389598,1.565156,98.88804
183.8911: -2.906119,0.01364707,1.564488,103.6067
184.1133: -2.925928,0.04563563,1.564828,92.70682
184.3356: -2.942162,0.06422444,1.565404,90.24685
184.5578: -2.956371,0.07548617,1.565153,95.12586
184.78: -2.967446,0.08727711,1.564971,101.2637
185.0022: -2.972067,0.1034879,1.567259,100.5352
185.2244: -2.976631,0.09895342,1.56488,96.35095
185.4467: -2.971964,0.07252845,1.566242,96.71878
185.6689: -2.959306,0.03812733,1.564795,99.53414
185.8911: -2.949969,0.01560188,1.563939,100.9976
186.1133: -2.943544,0.004155667,1.563064,99.5641
186.3356: -2.935642,-0.002440959,1.561294,97.3682
186.5578: -2.909263,0.02168164,1.547951,74.38284
186.78: -2.901701,0.06081029,1.533293,51.44532
187.0022: -2.907343,0.1183027,1.522626,42.23473
187.2244: -2.923978,0.2050688,1.519671,37.92602
187.4467: -2.915278,0.2760483,1.524289,40.9661
187.6689: -2.868248,0.3064713,1.525151,50.69336
187.8911: -2.835327,0.2606287,1.536201,83.30636
188.1133: -2.840425,0.2500712,1.537213,92.8198
188.3356: -2.845717,0.268496,1.541078,85.18437
188.5578: -2.861254,0.3077701,1.538025,57.25116
188.78: -2.881958,0.319639,1.535697,42.21434
189.0022: -2.894723,0.3129038,1.534721,39.03399
189.2244: -2.906618,0.3109744,1.532329,36.10365
189.4467: -2.918944,0.3133668,1.53072,34.45632
189.6689: -2.930992,0.3168321,1.530231,37.1882
189.8911: -2.933652,0.3221505,1.526704,42.33825
190.1133: -2.915357,0.3398755,1.524727,44.69137
190.3356: -2.864121,0.3663895,1.520449,43.68461
190.5578: -2.784518,0.3946195,1.528654,47.84364
190.78: -2.717287,0.4378832,1.527736,74.22797
191.0022: -2.693444,0.5072235,1.516006,107.2935
191.2244: -2.731611,0.5738703,1.527586,154.6359
191.4467: -2.763599,0.6511539,1.531973,177.1164
191.6689: -2.767749,0.6947051,1.535033,181.4113
191.8911: -2.748452,0.6892558,1.535327,177.7128
192.1133: -2.711776,0.6590744,1.530765,175.629
192.3356: -2.643393,0.6226983,1.530717,154.1385
192.5578: -2.545649,0.6953839,1.536384,100.0245
192.78: -2.497749,0.8084905,1.526142,63.39096
193.0022: -2.455079,0.9428735,1.525871,38.95507
193.2244: -2.386081,1.048249,1.535194,19.171
193.4467: -2.272664,1.109598,1.52318,8.188708
193.6689: -2.097207,1.150265,1.533923,20.89485
193.8911: -1.997565,1.239653,1.535432,17.85122
194.1133: -1.975828,1.388842,1.51473,357.7571
194.3356: -1.988799,1.577068,1.529336,349.6786
194.5578: -1.988409,1.71463,1.541394,345.9364
194.78: -1.972615,1.830037,1.537987,337.3643
195.0022: -1.910988,1.94627,1.53363,329.3539
195.2244: -1.813872,2.054049,1.547655,357.7814
195.4467: -1.756437,2.11057,1.546905,35.62123
195.6689: -1.770959,2.169384,1.544184,55.28906
195.8911: -1.795181,2.27281,1.540358,64.95134
196.1133: -1.760017,2.37741,1.535949,66.13609
196.3356: -1.676685,2.478922,1.525106,64.81522
196.5578: -1.609452,2.55801,1.544032,72.01052
196.78: -1.552838,2.672037,1.536523,87.51325
197.0022: -1.496943,2.810203,1.547119,98.00882
197.2244: -1.396146,2.906694,1.553415,101.8124
197.4467: -1.243049,2.94365,1.537328,103.0432
197.6689: -1.060617,2.930666,1.546673,103.277
197.8911: -0.8628154,2.935356,1.555053,108.7546
198.1133: -0.7135338,2.95452,1.529686,123.6195
198.3356: -0.5618875,2.986293,1.560049,129.3074
198.5578: -0.4468747,2.987661,1.564127,120.1852
198.78: -0.3460622,2.935379,1.556378,114.4719
199.0022: -0.2717847,2.835618,1.562187,120.3826
199.2244: -0.2152053,2.724579,1.555161,148.0997
199.4467: -0.1364626,2.658525,1.55188,156.2182
199.6689: -0.07149956,2.572241,1.562121,166.0845
199.8911: -0.05038401,2.393355,1.535496,170.4278
200.1133: -0.08909586,2.177455,1.545592,164.4052
200.3356: -0.1095472,1.993392,1.559305,169.7488
200.5578: -0.0780157,1.856009,1.539641,174.9158
200.78: -0.01871104,1.705777,1.536819,184.4987
201.0022: 0.03440689,1.545626,1.544059,180.7603
201.2244: 0.05896374,1.368495,1.515637,176.0147
201.4467: 0.06442435,1.212771,1.536815,191.7919
201.6689: 0.1272013,1.120337,1.539957,198.8968
201.8911: 0.2667053,1.083279,1.528903,200.1028
202.1133: 0.3857083,1.07866,1.542483,204.4469
202.3356: 0.5717509,1.054042,1.542542,146.7328
202.5578: 0.6835842,1.060464,1.52962,112.6741
202.78: 0.7967609,1.01408,1.520549,90.83936
203.0022: 0.9138529,0.9736815,1.539475,74.17094
203.2245: 1.049104,0.9508084,1.529568,86.12253
203.4467: 1.206464,0.9987671,1.52863,90.83602
203.6689: 1.363342,1.014256,1.543269,105.748
203.8911: 1.538213,0.9747636,1.519115,121.4395
204.1133: 1.720115,0.9820054,1.522137,76.92666
204.3356: 1.866599,0.9955467,1.537012,41.19067
204.5578: 2.026312,1.02016,1.515668,37.73234
204.78: 2.164134,1.082113,1.526264,30.56233
205.0022: 2.274808,1.13516,1.529659,11.63974
205.2245: 2.375624,1.132825,1.526082,5.09189
205.4467: 2.529158,1.016064,1.531799,62.38385
205.6689: 2.592835,0.8578271,1.52553,130.171
205.8911: 2.668259,0.7970636,1.512211,159.7367
206.1133: 2.738222,0.7528741,1.523795,179.1499
206.3356: 2.775896,0.6639962,1.514451,191.3389
206.5578: 2.764129,0.4954612,1.490055,193.5918
206.78: 2.693078,0.2758697,1.490111,195.1839
207.0022: 2.627457,0.05946764,1.509949,202.8437
207.2245: 2.603312,-0.1086724,1.500244,211.7628
207.4467: 2.602155,-0.2836871,1.491304,221.6365
207.6689: 2.556324,-0.4512848,1.511397,238.174
207.8911: 2.4529,-0.6015887,1.4867,240.2965
208.1133: 2.298093,-0.7971849,1.514168,191.9948
208.3356: 2.193493,-0.8912201,1.51739,177.4621
208.5578: 2.112422,-0.9754823,1.501524,178.3515
208.78: 2.069169,-1.060311,1.503828,176.5051
209.0022: 2.016321,-1.18401,1.507747,167.1094
209.2245: 1.937051,-1.312357,1.489064,151.8746
209.4467: 1.853511,-1.437469,1.503109,137.9683
209.6689: 1.834553,-1.54629,1.503572,128.8156
209.8911: 1.888492,-1.630419,1.493658,123.1193
210.1133: 1.957493,-1.720043,1.495455,115.7297
Trial Result: Success object: Well | Time Spent: 28.09491
Trial No.:13 Ends
Trial No.:16 Begins
User confirmed on object: Wheelbarrow, this maze officially starts.
244.5578: 0.1011204,0.02425621,1.639102,271.1181
244.78: 0.0956481,0.04004324,1.638936,271.1884
245.0022: 0.1185507,0.06500127,1.636976,290.1277
245.2245: 0.1324423,0.06860985,1.631927,292.7601
245.4467: 0.1313855,0.05837971,1.626245,288.1481
245.6689: 0.1239825,0.03172588,1.610572,274.0293
245.8911: 0.1206452,-0.01707832,1.598208,244.9909
246.1133: 0.1116897,-0.02899869,1.588308,207.9564
246.3356: 0.08614561,0.003004395,1.58478,188.3652
246.5578: 0.08618741,0.0104124,1.576649,164.5108
246.78: 0.09008612,-0.02065166,1.578347,154.9458
247.0022: 0.1134417,-0.1056765,1.574415,159.4921
247.2245: 0.1337472,-0.2171163,1.582662,167.1043
247.4467: 0.07289235,-0.2319137,1.594043,212.6546
247.6689: 0.0475219,-0.103315,1.592056,271.2221
247.8911: 0.0797489,0.06211458,1.579728,311.8051
248.1133: 0.09374038,0.1929402,1.571541,329.064
248.3356: 0.05392009,0.2962183,1.569582,339.7203
248.5578: -0.002513966,0.35902,1.567397,351.4372
248.78: -0.0342735,0.4549388,1.57926,5.351866
249.0022: -0.01437283,0.5998833,1.56146,7.958963
249.2245: 0.08998844,0.7778206,1.566081,33.45513
249.4467: 0.1189044,0.8713658,1.584465,51.03943
249.6689: 0.1151917,0.9269235,1.571564,71.22499
249.8911: 0.131413,0.9612418,1.578306,81.0827
250.1133: 0.2307768,0.9660697,1.573642,87.3679
250.3356: 0.4114065,0.9027346,1.57178,92.0457
250.5578: 0.5932015,0.8714286,1.585462,95.04212
250.78: 0.7648454,0.9285351,1.574432,90.52252
251.0022: 0.887632,0.9950645,1.594464,89.50447
251.2245: 1.05091,0.9968921,1.587064,91.50767
251.4467: 1.225356,0.9581128,1.563125,88.02922
251.6689: 1.417928,0.9161168,1.589963,77.44389
251.8911: 1.575482,0.926818,1.587234,66.36976
252.1133: 1.72753,0.9865613,1.569133,57.92152
252.3356: 1.904341,1.056712,1.588055,49.35523
252.5578: 2.08514,1.113165,1.57256,37.72584
252.78: 2.315208,1.174164,1.559621,20.00483
253.0022: 2.455177,1.240632,1.583175,11.46144
253.2245: 2.549514,1.358429,1.567248,8.290862
253.4467: 2.594853,1.530654,1.566421,12.3829
253.6689: 2.629856,1.683577,1.58412,9.00706
253.8911: 2.66973,1.850351,1.56693,352.0178
254.1133: 2.711357,2.008166,1.559917,327.7838
254.3356: 2.750277,2.178832,1.583561,314.3948
254.5578: 2.735048,2.330539,1.570498,307.5318
254.78: 2.631503,2.516502,1.547586,300.2049
255.0022: 2.544223,2.653112,1.569179,287.0708
255.2245: 2.486036,2.787229,1.562929,270.9626
255.4467: 2.456042,2.917608,1.564357,251.5013
255.6689: 2.414821,3.018005,1.574592,245.1381
255.8911: 2.346446,3.082886,1.568995,242.8653
256.1133: 2.229189,3.113172,1.557312,252.11
256.3356: 2.048352,3.121333,1.562409,265.5812
256.5578: 1.869606,3.146102,1.580323,267.0644
256.78: 1.711447,3.205735,1.567381,263.6237
257.0022: 1.513722,3.3119,1.576783,261.306
257.2245: 1.358534,3.346196,1.580864,262.2015
257.4467: 1.20634,3.310309,1.559646,261.8517
257.6689: 1.067074,3.238492,1.576046,258.3052
257.8911: 0.9136018,3.184004,1.581353,253.9128
258.1133: 0.7773382,3.161227,1.569078,249.2803
258.3356: 0.6586329,3.148965,1.575767,240.0148
258.5578: 0.5466292,3.081954,1.57351,227.8606
258.78: 0.4600053,2.966899,1.557229,223.5298
259.0022: 0.3541735,2.865265,1.584296,224.5585
259.2245: 0.2428136,2.820026,1.574467,214.0399
259.4467: 0.1451374,2.787043,1.574298,196.5908
259.6689: 0.07820351,2.71998,1.577273,191.5519
259.8911: 0.03456377,2.567655,1.564454,197.0446
260.1133: 0.04033098,2.311903,1.579012,204.9214
260.3356: 0.02480982,2.089304,1.598818,205.4326
260.5578: -0.02671445,1.941716,1.581234,202.4319
260.78: -0.09382668,1.835298,1.578998,206.8792
261.0022: -0.1460676,1.66079,1.573012,219.4261
261.2245: -0.1641411,1.480972,1.543908,235.9644
261.4467: -0.2042771,1.303598,1.581657,248.9254
261.6689: -0.2848234,1.20871,1.581602,257.0096
261.8911: -0.4474447,1.164057,1.559046,262.6967
262.1133: -0.667994,1.157598,1.578882,264.9865
262.3356: -0.8475474,1.119356,1.595891,268.7476
262.5578: -0.9949594,1.047635,1.580134,270.1149
262.78: -1.144354,0.9733087,1.604339,273.5753
263.0022: -1.319372,0.951087,1.589867,279.9377
263.2245: -1.513081,0.9707726,1.573477,256.438
263.4467: -1.722906,1.021474,1.596371,237.1573
263.6689: -1.86949,1.025472,1.590266,227.7501
263.8911: -1.99968,0.9890667,1.572954,221.925
264.1133: -2.12485,0.9313896,1.590523,213.792
264.3356: -2.255628,0.8783561,1.584437,203.3861
264.5578: -2.407393,0.8208289,1.569507,191.0387
264.78: -2.546325,0.7421351,1.596123,178.4491
265.0022: -2.613438,0.6271725,1.586934,166.69
265.2245: -2.633897,0.4528916,1.57198,178.7263
265.4467: -2.643704,0.2397908,1.611098,192.383
265.6689: -2.673861,0.06128268,1.608477,190.6022
265.8911: -2.725551,-0.06895792,1.588273,187.5831
266.1133: -2.804921,-0.2220754,1.612408,186.9612
266.3356: -2.841381,-0.3875195,1.606491,190.5193
266.5578: -2.798916,-0.5881431,1.598377,194.1756
266.78: -2.764133,-0.7954949,1.628502,197.4389
267.0022: -2.777203,-0.9913068,1.607607,196.1553
267.2245: -2.850001,-1.178258,1.590034,201.5114
267.4467: -2.883427,-1.330846,1.604339,206.1697
267.6689: -2.882732,-1.47779,1.584009,214.2878
267.8911: -2.86976,-1.600131,1.588149,223.1039
268.1133: -2.877168,-1.703114,1.597106,230.6616
Trial Result: Success object: Plant | Time Spent: 23.77666
Trial No.:16 Ends
Trial No.:15 Begins
User confirmed on object: Wheelbarrow, this maze officially starts.
285.0133: 0.02607736,-0.01438778,1.621969,259.5448
285.2356: 0.06434445,0.01283007,1.636941,261.5112
285.4578: 0.09423523,0.04497945,1.636632,265.1934
285.68: 0.1073861,0.07011077,1.630657,270.4948
285.9022: 0.09272934,0.07806562,1.618404,270.2758
286.1245: 0.06217237,0.09769675,1.612098,291.5693
286.3467: 0.06913148,0.09904231,1.596694,330.665
286.5689: 0.0696561,0.08705021,1.594029,347.3932
286.7911: 0.08212851,0.1325048,1.592426,353.6539
287.0133: 0.1144766,0.2386833,1.577463,346.9297
287.2356: 0.1603453,0.3993176,1.58611,344.5242
287.4578: 0.1542825,0.5730482,1.591405,344.3622
287.68: 0.09606323,0.6886251,1.568666,349.1432
287.9022: 0.02981458,0.826731,1.595568,357.1585
288.1245: 0.02714374,0.9731724,1.586582,0.06406032
288.3467: 0.07592531,1.164084,1.573873,356.7104
288.5689: 0.1127909,1.357932,1.592663,355.6382
288.7911: 0.1024871,1.528413,1.578614,355.885
289.0133: 0.06050239,1.68838,1.562737,6.596235
289.2356: 0.01960172,1.8686,1.588703,7.261469
289.4578: 0.01058689,2.08536,1.572657,349.1942
289.68: 0.02745562,2.309337,1.569287,317.948
289.9022: 0.02120865,2.474357,1.590966,293.565
290.1245: -0.01066544,2.587686,1.576867,281.4864
290.3467: -0.07526428,2.687247,1.578795,271.7602
290.5689: -0.1439738,2.801397,1.58465,265.1218
290.7911: -0.22634,2.954413,1.569747,260.1303
291.0133: -0.3227602,3.119653,1.576203,257.6949
291.2356: -0.4356846,3.216687,1.579417,255.5129
291.4578: -0.5794016,3.237546,1.561512,255.7419
291.68: -0.7635668,3.175057,1.552627,259.399
291.9022: -0.9510556,3.122789,1.58063,258.3278
292.1245: -1.107186,3.111984,1.573259,257.6886
292.3467: -1.230979,3.136113,1.560457,254.6449
292.5689: -1.365521,3.170592,1.577481,249.5543
292.7911: -1.450352,3.169853,1.574893,234.8738
293.0133: -1.407712,3.125886,1.583441,194.2632
293.2356: -1.348979,3.099589,1.584234,177.8475
293.4578: -1.310519,3.066597,1.579325,163.1781
293.68: -1.077588,3.057896,1.577213,141.5362
293.9022: -0.8400842,3.06738,1.571775,118.698
294.1245: -0.7034769,3.010037,1.586497,114.6909
294.3467: -0.6320617,2.92465,1.579876,127.2016
294.5689: -0.5322067,2.821575,1.579937,137.7805
294.7911: -0.391468,2.749538,1.581265,144.8367
295.0133: -0.2354788,2.678109,1.57235,156.9015
295.2356: -0.1298151,2.570239,1.591509,166.0699
295.4578: -0.09617129,2.403414,1.574377,165.5667
295.68: -0.1350067,2.154173,1.596102,161.8241
295.9022: -0.1452939,1.974179,1.596115,168.3767
296.1245: -0.1173463,1.812904,1.576162,175.8446
296.3467: -0.07941888,1.667155,1.589155,182.6911
296.5689: -0.06852286,1.477329,1.587234,182.7167
296.7911: -0.1108194,1.265408,1.564411,180.0984
297.0133: -0.1461275,1.061989,1.593836,179.3587
297.2356: -0.1294699,0.8825324,1.582503,179.7508
297.4578: -0.06518532,0.7008764,1.580277,182.1484
297.68: -0.01328546,0.4894551,1.602587,184.8759
297.9022: -0.0176851,0.2967705,1.580681,185.494
298.1245: -0.04779033,0.08546516,1.586091,176.1642
298.3467: -0.03304751,-0.07411426,1.599723,159.0054
298.5689: 0.009428339,-0.2035056,1.584501,142.5567
298.7911: 0.06255032,-0.3281749,1.590559,133.4843
299.0133: 0.09289967,-0.4572814,1.595479,120.5168
299.2356: 0.09315764,-0.5872058,1.582291,97.39481
299.4578: 0.05824992,-0.7317321,1.596578,87.54939
299.68: 0.03018054,-0.8548688,1.595494,88.1718
299.9022: 0.0342833,-0.9100333,1.582053,92.98752
300.1245: 0.02300149,-0.9339007,1.586707,127.2713
300.3467: -0.07880719,-0.966441,1.584361,173.1888
300.5689: -0.2191809,-0.9806092,1.56822,201.5849
300.7911: -0.392022,-1.028619,1.564788,202.168
301.0133: -0.5236598,-1.101135,1.578533,198.316
301.2356: -0.5671138,-1.175897,1.573294,194.1176
301.4578: -0.6184985,-1.282538,1.584157,191.1683
301.68: -0.7705243,-1.44759,1.564448,174.3312
301.9022: -0.8886109,-1.591288,1.601718,172.5108
302.1245: -0.9209218,-1.737749,1.586719,173.2523
302.3467: -0.8858647,-1.896683,1.603742,176.362
302.5689: -0.8547924,-2.054453,1.612692,167.0554
302.7911: -0.8458302,-2.225544,1.591694,146.5492
303.0133: -0.8681428,-2.43259,1.601307,118.3244
303.2356: -0.8566644,-2.593943,1.61153,102.5448
303.4578: -0.7985094,-2.703654,1.596148,95.0197
303.68: -0.7092668,-2.816939,1.601892,87.74644
303.9022: -0.6943051,-2.865842,1.603106,72.56061
304.1245: -0.7675003,-2.950629,1.5915,51.89325
304.3467: -0.8853627,-3.007186,1.609469,19.95842
304.5689: -1.026026,-3.01896,1.614222,348.5917
304.7911: -1.188278,-3.006105,1.602057,330.6024
305.0133: -1.32474,-2.986524,1.606652,319.6122
305.2356: -1.391828,-3.023293,1.602561,323.0595
305.4578: -1.41468,-3.063825,1.603952,334.3764
305.68: -1.472673,-3.074642,1.601212,343.6245
Trial Result: Success object: Mailbox | Time Spent: 21.08098
Trial No.:15 Ends
Trial No.:5 Begins
User confirmed on object: Table, this maze officially starts.
320.1022: -1.874951,2.014584,1.631767,89.7641
320.3245: -1.893144,1.996683,1.630318,92.47865
320.5467: -1.910522,1.972464,1.628418,96.98633
320.7689: -1.916561,1.960863,1.629033,94.24249
320.9911: -1.920089,1.959443,1.630132,88.61765
321.2133: -1.916718,1.952006,1.623667,92.16642
321.4356: -1.898961,1.928721,1.600204,111.7343
321.6578: -1.912612,1.904729,1.585754,145.4434
321.88: -1.925627,1.913439,1.58607,166.2318
322.1022: -1.929791,1.911678,1.595915,190.917
322.3245: -1.957134,1.863208,1.590443,193.4326
322.5467: -2.030512,1.768967,1.581685,189.3303
322.7689: -2.10348,1.665664,1.583066,186.9147
322.9911: -2.161072,1.613463,1.583598,185.9232
323.2133: -2.202984,1.630553,1.578276,186.1766
323.4356: -2.237725,1.655461,1.588995,185.6282
323.6578: -2.303266,1.64459,1.59324,185.8859
323.88: -2.381143,1.586234,1.585115,182.6797
324.1022: -2.47471,1.493417,1.581386,180.2116
324.3245: -2.530472,1.442149,1.580878,177.0256
324.5467: -2.525085,1.437318,1.586218,161.1392
324.7689: -2.460134,1.49472,1.601231,124.5847
324.9911: -2.435926,1.505397,1.603914,111.6532
325.2133: -2.461516,1.409245,1.593792,131.6919
325.4356: -2.496663,1.301776,1.591476,159.2406
325.6578: -2.484618,1.207067,1.585886,172.197
325.88: -2.456663,1.112338,1.595472,183.6956
326.1022: -2.484115,0.9954881,1.5964,190.1023
326.3245: -2.566944,0.8705643,1.573111,187.3002
326.5467: -2.680528,0.710784,1.598692,180.1867
326.7689: -2.732968,0.5703894,1.599138,175.1326
326.9911: -2.740614,0.4545282,1.587006,176.6494
327.2133: -2.727501,0.3092014,1.601946,184.6061
327.4356: -2.722082,0.1538253,1.61109,187.0762
327.6578: -2.736057,-0.01518072,1.5918,179.06
327.88: -2.74902,-0.1745266,1.609253,155.2603
328.1022: -2.717266,-0.2814867,1.608726,119.3433
328.3245: -2.667042,-0.3586026,1.588364,98.96893
328.5467: -2.612926,-0.4318753,1.599602,91.29193
328.7689: -2.584935,-0.5268474,1.604497,86.0215
328.9911: -2.572202,-0.6338326,1.60108,81.50462
329.2133: -2.558452,-0.7312106,1.616777,77.0165
329.4356: -2.547831,-0.7554823,1.613506,56.903
329.6578: -2.573201,-0.7163584,1.612784,22.78735
329.88: -2.578873,-0.6828407,1.61274,17.71762
330.1022: -2.566712,-0.6758325,1.612494,28.95071
330.3245: -2.518599,-0.7520223,1.620858,76.48797
330.5467: -2.468713,-0.8151127,1.612421,88.97659
330.7689: -2.352974,-0.8570541,1.594898,99.08463
330.9911: -2.200877,-0.87292,1.591073,109.0103
331.2133: -2.010606,-0.8938834,1.607041,113.0235
331.4356: -1.830222,-0.9453168,1.590525,113.1887
331.6578: -1.657313,-1.032986,1.592066,113.876
331.88: -1.511625,-1.093836,1.609171,127.3786
332.1022: -1.360071,-1.092925,1.595861,129.1758
332.3245: -1.149076,-0.9937863,1.599118,90.2888
332.5467: -0.9948849,-0.9647917,1.610259,80.14576
332.7689: -0.8149996,-0.9630209,1.593334,68.04065
332.9911: -0.6405773,-0.9818357,1.593802,53.56705
333.2133: -0.4655961,-0.991909,1.603654,54.77398
333.4356: -0.3034162,-0.9859521,1.589746,70.63172
333.6578: -0.1529419,-0.9552592,1.600577,79.88243
333.88: 0.01103095,-0.956952,1.601941,86.36627
334.1022: 0.1894928,-1.013683,1.575811,97.74648
334.3245: 0.4065481,-1.08637,1.597505,99.64724
334.5467: 0.5514662,-1.101508,1.595697,101.1959
334.7689: 0.7100734,-1.091332,1.57879,104.6707
334.9911: 0.8687161,-1.057965,1.599905,98.58553
335.2133: 1.050399,-1.04621,1.600911,94.03941
335.4356: 1.242979,-1.074889,1.57178,101.8395
335.6578: 1.451692,-1.085494,1.596497,85.17002
335.88: 1.63163,-1.049123,1.59863,63.63414
336.1022: 1.808477,-0.9954258,1.571616,55.69987
336.3245: 2.008788,-0.913892,1.590242,44.71365
336.5467: 2.177398,-0.8519505,1.583187,31.00627
336.7689: 2.346187,-0.8010349,1.568164,13.8889
336.9911: 2.475519,-0.7314209,1.586359,351.9902
337.2133: 2.557869,-0.6503255,1.574403,348.6886
337.4356: 2.614729,-0.5034482,1.556528,356.3224
337.6578: 2.629899,-0.3110167,1.577151,357.6708
337.88: 2.650917,-0.1362554,1.574516,345.5255
338.1022: 2.677141,0.02124526,1.553282,326.379
338.3245: 2.713641,0.1907277,1.57419,311.1039
338.5467: 2.706941,0.3695347,1.572142,298.52
338.7689: 2.655461,0.5133534,1.548125,289.6115
338.9911: 2.599043,0.6215433,1.566567,279.3208
339.2133: 2.58197,0.729805,1.570582,271.1806
339.4356: 2.592464,0.8499073,1.559407,262.2412
339.6578: 2.566823,0.9086927,1.575002,250.506
339.88: 2.4829,0.8930701,1.569424,242.3118
340.1022: 2.355678,0.8168229,1.564288,234.5234
340.3245: 2.242379,0.7755866,1.558295,228.363
340.5467: 2.134304,0.7702865,1.540539,215.377
340.7689: 2.064816,0.8082209,1.540577,192.1624
Trial Result: Success object: Bookshelf | Time Spent: 20.9082
Trial No.:5 Ends
Trial No.:4 Begins
User confirmed on object: Piano, this maze officially starts.
360.6022: 1.886987,3.058877,1.598973,191.9963
360.8245: 1.865703,3.072648,1.611855,191.3923
361.0467: 1.834089,3.0883,1.613293,196.9669
361.2689: 1.801668,3.110899,1.61103,207.3253
361.4911: 1.787858,3.128314,1.6105,208.9363
361.7133: 1.78266,3.128944,1.606286,203.1505
361.9356: 1.796517,3.100434,1.591352,181.6881
362.1578: 1.822422,3.082767,1.582879,156.9352
362.38: 1.841688,3.076272,1.578838,139.1391
362.6022: 1.861913,3.066157,1.587183,136.3104
362.8245: 1.936529,3.052053,1.57943,147.363
363.0467: 2.057369,3.036124,1.576523,151.9875
363.2689: 2.142114,3.021799,1.577856,154.8243
363.4911: 2.122265,2.999216,1.577728,192.3692
363.7133: 2.073779,3.031474,1.575058,216.3486
363.9356: 2.005486,3.082221,1.576439,229.0804
364.1578: 1.9046,3.152952,1.576731,248.7566
364.38: 1.818572,3.203153,1.566836,268.9767
364.6022: 1.786072,3.20071,1.568645,295.9267
364.8245: 1.796207,3.12399,1.565034,340.4017
365.0467: 1.80772,3.053792,1.569287,12.85497
365.2689: 1.802366,3.004466,1.567888,32.78355
365.4911: 1.733982,3.03191,1.56318,18.36283
365.7133: 1.609583,3.089544,1.552667,336.5985
365.9356: 1.466683,3.128557,1.570533,292.1296
366.1578: 1.348851,3.124313,1.570975,266.3296
366.38: 1.217192,3.100277,1.553526,259.4398
366.6022: 1.056956,3.073773,1.577062,264.4158
366.8245: 0.8977923,3.080888,1.579297,263.7203
367.0467: 0.7047832,3.126302,1.55051,254.0437
367.2689: 0.5391349,3.163024,1.575106,233.8842
367.4911: 0.4208361,3.151013,1.574311,212.5988
367.7133: 0.3322286,3.118138,1.565002,206.3092
367.9356: 0.2052515,3.075806,1.575725,218.2873
368.1578: 0.0471475,3.085003,1.581894,249.1003
368.38: -0.1227336,3.120123,1.569119,261.1872
368.6022: -0.3052017,3.166671,1.573795,261.9348
368.8245: -0.458003,3.179654,1.580668,263.3697
369.0467: -0.6117612,3.130988,1.563756,265.1633
369.2689: -0.7392715,3.046102,1.582383,264.7348
369.4911: -0.8804055,2.992661,1.583189,259.2864
369.7133: -1.019756,2.990149,1.566663,256.4017
369.9356: -1.17979,3.017192,1.572047,254.1263
370.1578: -1.310347,3.004549,1.582084,242.4293
370.38: -1.381581,2.93993,1.577057,213.7421
370.6022: -1.417967,2.862657,1.57815,197.144
370.8245: -1.454172,2.809127,1.579883,183.866
371.0467: -1.513908,2.801116,1.578883,171.9518
371.2689: -1.580484,2.82107,1.582134,160.6412
371.4911: -1.600173,2.827191,1.578527,145.7304
371.7133: -1.531662,2.872376,1.587576,121.1724
371.9356: -1.39509,2.9217,1.576913,113.9309
372.1578: -1.193286,2.976342,1.574964,117.9226
372.38: -1.005921,2.986801,1.575055,120.5281
372.6022: -0.8770883,2.928007,1.562713,123.9665
372.8245: -0.7707866,2.839473,1.573353,121.7884
373.0467: -0.622866,2.784169,1.568257,128.7551
373.2689: -0.4337724,2.767989,1.544109,144.3457
373.4911: -0.2648759,2.733371,1.57844,151.0617
373.7133: -0.1680826,2.660721,1.57413,149.8943
373.9356: -0.1162093,2.512415,1.557438,146.7224
374.1578: -0.1103337,2.293732,1.573819,147.6117
374.38: -0.09631537,2.113471,1.578781,157.1617
374.6022: -0.04948838,1.955708,1.561528,159.55
374.8245: 0.02767335,1.78891,1.581898,148.2323
375.0467: 0.07537932,1.574205,1.576901,151.1745
375.2689: 0.09311886,1.359216,1.551681,167.2926
375.4911: 0.09491982,1.198232,1.588658,192.2529
375.7133: 0.1565935,1.103283,1.590663,190.4998
375.9356: 0.3000978,1.05888,1.582473,160.6372
376.1578: 0.5256873,1.075367,1.574094,123.4621
376.38: 0.7373378,1.063325,1.592058,109.1449
376.6022: 0.915227,1.009716,1.583985,100.5363
376.8245: 1.065132,0.926252,1.579614,94.79803
377.0467: 1.241547,0.867375,1.5902,98.60035
377.2689: 1.433075,0.8918628,1.558356,107.8922
377.4911: 1.640212,0.9487264,1.58653,119.198
377.7133: 1.81927,0.9419051,1.585612,126.212
377.9356: 1.955455,0.8868361,1.558866,129.8934
378.1578: 2.099585,0.8020828,1.574267,138.921
378.38: 2.23778,0.7371047,1.572339,154.6378
378.6022: 2.380809,0.6825185,1.558871,168.4521
378.8245: 2.490417,0.6127307,1.579753,182.1567
379.0467: 2.550876,0.4947459,1.572261,186.5827
379.2689: 2.541741,0.2734434,1.551862,183.9813
379.4911: 2.502469,0.0981236,1.578196,184.8554
379.7133: 2.490165,-0.07778037,1.570623,191.2829
379.9356: 2.496497,-0.249073,1.547311,202.8852
380.1578: 2.498498,-0.4386877,1.585147,212.8962
380.38: 2.437441,-0.5618013,1.5789,241.3111
380.6022: 2.356819,-0.6372806,1.566248,266.3604
380.8245: 2.291823,-0.7368178,1.580481,276.0971
381.0467: 2.22807,-0.8426322,1.57598,284.8732
381.2689: 2.15767,-0.9492115,1.577137,300.1409
381.4911: 2.104472,-0.9791425,1.571161,312.6462
381.7133: 2.04072,-0.9593399,1.559192,319.9836
Trial Result: Success object: Harp | Time Spent: 21.52016
Trial No.:4 Ends
Trial No.:6 Begins
User confirmed on object: Table, this maze officially starts.
396.8911: -2.004331,1.97977,1.634989,83.98607
397.1133: -2.017426,1.971786,1.634126,96.94886
397.3356: -2.029948,1.965768,1.632095,106.872
397.5578: -2.031387,1.972442,1.625958,109.5312
397.78: -2.015365,1.994533,1.606258,99.16604
398.0022: -2.014902,1.985068,1.600683,111.5211
398.2245: -2.031778,1.966746,1.595939,131.9373
398.4467: -2.05745,1.964288,1.592541,152.8606
398.6689: -2.081613,1.967979,1.586639,174.0932
398.8911: -2.09632,1.957835,1.588482,178.478
399.1133: -2.126901,1.916298,1.59265,176.7911
399.3356: -2.188434,1.818642,1.589467,172.6058
399.5578: -2.275633,1.700181,1.589983,172.5649
399.78: -2.3527,1.655019,1.592635,173.1847
400.0022: -2.419216,1.646331,1.585435,173.3029
400.2245: -2.454388,1.656794,1.584241,171.1229
400.4467: -2.479162,1.666383,1.594112,170.745
400.6689: -2.495009,1.65396,1.597026,166.9753
400.8911: -2.463937,1.629444,1.600794,139.9427
401.1133: -2.417429,1.648645,1.601046,92.74835
401.3356: -2.414991,1.679062,1.593218,55.15651
401.5578: -2.41172,1.692582,1.588317,37.93887
401.78: -2.389827,1.711717,1.592452,42.35842
402.0022: -2.353792,1.727067,1.597141,71.56554
402.2245: -2.322857,1.686657,1.598202,98.30959
402.4467: -2.276288,1.611425,1.5876,108.9079
402.6689: -2.206831,1.481632,1.585335,108.5255
402.8911: -2.122596,1.352022,1.600793,107.0361
403.1133: -2.021072,1.273301,1.595075,107.2889
403.3356: -1.888111,1.241742,1.57976,109.4196
403.5578: -1.698569,1.222593,1.603127,108.6013
403.78: -1.558627,1.171295,1.600864,106.9604
404.0022: -1.404579,1.08543,1.573829,102.4584
404.2245: -1.252953,1.007072,1.596849,94.48335
404.4467: -1.129048,0.994583,1.593212,89.2821
404.6689: -0.9887564,1.017705,1.581448,97.43865
404.8911: -0.8486529,1.027435,1.599956,121.8089
405.1133: -0.7170706,0.99742,1.588107,133.2674
405.3356: -0.5972068,0.9303147,1.581108,131.7059
405.5578: -0.4792386,0.9129138,1.592648,114.537
405.78: -0.3589061,0.9355884,1.585492,108.5989
406.0022: -0.2370424,0.9875742,1.589297,109.7898
406.2245: -0.1313477,1.029092,1.59691,109.6651
406.4467: -0.06810015,1.030066,1.594489,110.3125
406.6689: -0.0468312,0.9810294,1.589076,115.1713
406.8911: -0.08773725,0.850149,1.582208,147.1843
407.1133: -0.1215334,0.6855697,1.579063,155.3516
407.3356: -0.1383013,0.5216228,1.585267,163.4345
407.5578: -0.1376736,0.3799203,1.577254,185.7398
407.78: -0.07388835,0.2438364,1.569333,193.8591
408.0022: -0.04866497,0.1184141,1.582857,212.8266
408.2245: -0.0554742,-0.01558446,1.572884,217.2972
408.4467: -0.0811829,-0.1413545,1.572695,207.8243
408.6689: -0.08836598,-0.2931228,1.594437,191.9082
408.8911: -0.01159167,-0.4017319,1.592757,145.0071
409.1133: 0.06455222,-0.4872032,1.588709,121.5523
409.3356: 0.1240831,-0.5733505,1.596139,108.0642
409.5578: 0.1553458,-0.6572213,1.594962,94.16129
409.78: 0.1561013,-0.7849418,1.590303,85.64159
410.0022: 0.1664316,-0.9075302,1.604571,85.18665
410.2245: 0.1974268,-0.9818388,1.603639,102.1379
410.4467: 0.2311368,-0.9782619,1.599819,117.6527
410.6689: 0.1809943,-0.9950594,1.596086,172.7345
410.8911: 0.06291654,-0.9799343,1.586997,205.5988
411.1133: -0.1029319,-0.9960829,1.572577,204.4507
411.3356: -0.2763829,-1.041265,1.583732,200.6002
411.5578: -0.3870306,-1.125777,1.57845,196.2342
411.78: -0.4814007,-1.247267,1.59086,198.342
412.0022: -0.5702212,-1.35211,1.599359,192.5491
412.2245: -0.6884806,-1.459575,1.578743,176.3239
412.4467: -0.7976925,-1.558746,1.60151,165.2108
412.6689: -0.8742831,-1.692224,1.602715,161.2761
412.8911: -0.8925104,-1.871294,1.575181,160.9741
413.1133: -0.8602278,-2.057673,1.597872,160.6217
413.3356: -0.8347816,-2.229377,1.59589,142.8905
413.5578: -0.829302,-2.413437,1.580011,116.9352
413.78: -0.8035009,-2.609846,1.608665,101.0578
414.0022: -0.7204583,-2.717277,1.601262,91.32188
414.2245: -0.5933423,-2.794211,1.606555,85.87137
414.4467: -0.4853207,-2.878492,1.610154,79.74997
414.6689: -0.3726645,-2.982595,1.593389,73.31022
414.8911: -0.2412626,-3.093481,1.604163,67.85606
415.1133: -0.1071431,-3.119708,1.606123,62.92998
415.3356: 0.0287436,-3.058874,1.583023,58.56453
415.5578: 0.1556064,-2.97356,1.593592,53.03413
415.78: 0.3022297,-2.916289,1.58697,43.59407
416.0022: 0.4210054,-2.894529,1.572834,31.90013
416.2245: 0.5310001,-2.864832,1.582374,20.3438
Trial Result: Success object: Chair | Time Spent: 19.6186
Trial No.:6 Ends
Trial No.:22 Begins
User confirmed on object: Mailbox, this maze officially starts.
433.4467: -1.845555,-3.01276,1.65931,8.980064
433.6689: -1.819416,-3.040189,1.657452,12.37529
433.8911: -1.774526,-3.080426,1.657631,19.37143
434.1133: -1.733064,-3.113775,1.654292,13.58085
434.3356: -1.712004,-3.115398,1.654373,5.866014
434.5578: -1.720921,-3.094084,1.639673,3.405343
434.78: -1.71532,-3.070134,1.626398,35.00399
435.0022: -1.685812,-3.07778,1.619513,63.33335
435.2245: -1.614301,-3.097157,1.609662,74.27813
435.4467: -1.486574,-3.124554,1.604679,73.26001
435.6689: -1.350913,-3.118837,1.616233,71.97007
435.8911: -1.251458,-3.041956,1.609178,54.28922
436.1133: -1.187421,-2.908237,1.602529,36.78569
436.3356: -1.108063,-2.764565,1.619301,24.84727
436.5578: -1.005522,-2.626548,1.601388,19.24995
436.78: -0.8945727,-2.481404,1.608724,15.62855
437.0022: -0.8394087,-2.33828,1.612762,14.06136
437.2245: -0.8367233,-2.159521,1.589666,21.63525
437.4467: -0.8646268,-1.96581,1.601419,39.54951
437.6689: -0.8563753,-1.792413,1.606591,48.23719
437.8911: -0.7947283,-1.647689,1.584446,51.1159
438.1133: -0.7033181,-1.53633,1.58985,63.03331
438.3356: -0.6386263,-1.421605,1.584796,92.33631
438.5578: -0.597507,-1.274908,1.575973,103.0545
438.78: -0.5308014,-1.107908,1.603872,86.8919
439.0022: -0.4528645,-1.019245,1.599738,84.41476
439.2245: -0.3372546,-0.9016479,1.574183,56.66878
439.4467: -0.2104647,-0.7936148,1.585396,28.46354
439.6689: -0.1070522,-0.6813296,1.594955,15.85973
439.8911: -0.06701186,-0.5369413,1.577265,8.428777
440.1133: -0.09452099,-0.3353468,1.573155,357.1407
440.3356: -0.0981149,-0.1319568,1.591009,343.1497
440.5578: -0.02106168,0.03607973,1.577044,5.1383
440.78: 0.07043282,0.1910664,1.579459,35.51939
441.0022: 0.09664963,0.3408497,1.579677,52.84875
441.2245: 0.08437806,0.5269842,1.552182,71.43195
441.4467: 0.06828527,0.6827918,1.57489,88.49225
441.6689: 0.06907504,0.7902899,1.580406,97.90506
441.8911: 0.09968338,0.8686479,1.57198,99.39806
442.1133: 0.1669593,0.9088314,1.564777,95.55064
442.3356: 0.3326419,0.9062509,1.557801,93.22751
442.5578: 0.527231,0.8649279,1.576082,101.1107
442.78: 0.6685442,0.8586928,1.576044,108.0658
443.0022: 0.7936299,0.8820565,1.557171,113.238
443.2245: 0.9365094,0.9237642,1.570352,117.5748
443.4467: 1.076458,0.928211,1.575042,121.8407
Trial Result: Success object: Bookshelf | Time Spent: 10.33876
Trial No.:22 Ends
Trial No.:24 Begins
User confirmed on object: Chair, this maze officially starts.
456.2356: 0.8552341,-3.221888,1.643641,8.048624
456.4578: 0.8570839,-3.218672,1.643528,9.735744
456.68: 0.8567146,-3.210477,1.639122,8.862308
456.9022: 0.8566852,-3.196182,1.628469,4.507197
457.1245: 0.8685958,-3.182168,1.624198,3.347131
457.3467: 0.8657925,-3.16831,1.621892,349.0849
457.5689: 0.8064306,-3.171033,1.618319,317.8586
457.7911: 0.6813917,-3.196075,1.610012,308.5453
458.0133: 0.4955241,-3.221233,1.609074,300.8327
458.2356: 0.3468356,-3.21732,1.613457,298.8041
458.4578: 0.2066856,-3.16467,1.597835,302.3027
458.68: 0.02355868,-3.0556,1.579547,306.9978
458.9022: -0.1330423,-2.970454,1.605081,314.6274
459.1245: -0.2858451,-2.918024,1.589187,325.4299
459.3467: -0.453638,-2.884502,1.595697,332.5084
459.5689: -0.6002536,-2.824297,1.621775,339.0036
459.7911: -0.6844614,-2.723477,1.612964,345.0142
460.0133: -0.7279772,-2.550691,1.594121,342.675
460.2356: -0.7480541,-2.362046,1.610531,343.097
460.4578: -0.779445,-2.220125,1.610318,345.1819
460.68: -0.8568447,-2.065583,1.592577,337.3148
460.9022: -0.9107324,-1.925868,1.615197,330.7932
461.1245: -0.9250362,-1.758223,1.603205,317.2672
461.3467: -0.911118,-1.5734,1.58613,291.7492
461.5689: -0.8936259,-1.408183,1.603888,275.6272
461.7911: -0.8985196,-1.29729,1.60371,268.8743
462.0133: -0.9074167,-1.213676,1.590799,299.9433
462.2356: -0.848543,-1.138586,1.591201,352.0678
462.4578: -0.7545445,-1.076751,1.577404,8.433677
462.68: -0.5321693,-0.9920822,1.577667,10.60419
462.9022: -0.3930344,-0.9358073,1.591636,10.96085
463.1245: -0.3131667,-0.8471032,1.587613,6.905045
463.3467: -0.2743618,-0.7411056,1.586779,3.65825
463.5689: -0.2236164,-0.6428041,1.589706,358.0798
463.7911: -0.1321532,-0.5115676,1.574064,351.7231
464.0133: 0.009452289,-0.3329113,1.580872,346.9225
464.2356: 0.07436463,-0.1757077,1.591845,344.4307
464.4578: 0.05469343,-0.01494829,1.575333,341.2108
464.68: -0.005958075,0.1557993,1.59047,338.1414
464.9022: -0.04398582,0.3202039,1.589229,317.1162
465.1245: -0.05801513,0.4932136,1.569614,291.0379
465.3467: -0.06928728,0.6534451,1.586823,273.8652
465.5689: -0.102715,0.7482636,1.588541,270.2125
465.7911: -0.1348185,0.8533145,1.574355,309.9521
466.0133: -0.1255758,0.9181728,1.575366,344.4343
466.2356: -0.1122509,0.9885151,1.574316,347.1107
466.4578: -0.05572267,1.100291,1.559727,344.1015
466.68: 0.03015447,1.228868,1.568781,343.6207
466.9022: 0.07192677,1.370307,1.573702,342.9289
467.1245: 0.05125213,1.492917,1.565642,347.897
467.3467: 0.002858679,1.633274,1.584201,353.6285
467.5689: -0.02550237,1.760335,1.583286,347.9984
467.7911: -0.02323379,1.923572,1.564315,335.2481
468.0133: 0.01922746,2.114395,1.577702,318.0674
468.2356: 0.02842365,2.269027,1.579972,311.2626
468.4578: -0.01194137,2.37676,1.565242,307.999
468.68: -0.07700999,2.469631,1.569849,299.3328
468.9022: -0.1275536,2.583448,1.569993,281.0322
469.1245: -0.1516185,2.713195,1.558611,264.092
469.3467: -0.1664065,2.852876,1.572482,261.5618
469.5689: -0.1894853,2.927732,1.562769,263.2761
469.7911: -0.2436306,2.95298,1.562866,263.5911
470.0133: -0.3536808,2.935133,1.55805,263.6938
470.2356: -0.5017081,2.911924,1.569724,262.9405
470.4578: -0.65209,2.924442,1.577727,259.3348
470.68: -0.8191396,2.980479,1.560639,255.5687
470.9022: -1.003815,3.064454,1.584775,252.4864
471.1245: -1.145731,3.083912,1.587106,249.727
471.3467: -1.219308,3.022841,1.585241,229.118
471.5689: -1.265857,2.999569,1.586859,216.8405
471.7911: -1.294975,3.042092,1.577957,205.2067
472.0133: -1.296232,3.112133,1.575184,197.1306
472.2356: -1.282057,3.151282,1.572274,190.3156
472.4578: -1.266906,3.161916,1.57376,185.0071
472.68: -1.273065,3.142133,1.580309,184.8652
472.9022: -1.312594,3.052487,1.573258,187.4835
473.1245: -1.352262,2.927791,1.573871,189.6042
473.3467: -1.396412,2.840476,1.579676,183.3493
473.5689: -1.478645,2.779728,1.569113,177.764
473.7911: -1.583673,2.724713,1.56452,172.5264
474.0133: -1.670214,2.671052,1.57658,166.9059
474.2356: -1.721629,2.635839,1.574712,164.252
474.4578: -1.76717,2.600732,1.572041,166.8239
474.68: -1.81338,2.524806,1.560435,179.5502
474.9022: -1.849004,2.380307,1.537194,197.0194
475.1245: -1.866694,2.183964,1.56992,200.1552
475.3467: -1.909032,2.034499,1.579144,208.466
475.5689: -1.96616,1.901872,1.571823,213.1026
475.7911: -2.039827,1.792619,1.574008,221.6235
476.0133: -2.120924,1.690772,1.583865,252.1991
476.2356: -2.165285,1.554808,1.574548,260.6421
476.4578: -2.187888,1.358809,1.587515,227.4262
476.68: -2.228981,1.197393,1.597514,201.2574
476.9022: -2.313709,1.072394,1.583799,188.8177
477.1245: -2.462674,0.9434774,1.598675,179.3759
477.3467: -2.557576,0.8414432,1.601556,174.338
477.5689: -2.600399,0.7488345,1.589245,180.5951
477.7911: -2.599558,0.641405,1.588246,187.8427
478.0133: -2.592095,0.4881599,1.60462,192.2833
478.2356: -2.61478,0.3465762,1.604677,191.4319
478.4578: -2.666383,0.1969664,1.585953,186.6923
478.68: -2.728327,0.04740739,1.603508,178.3982
478.9022: -2.748441,-0.08353658,1.611513,174.2804
479.1245: -2.707779,-0.2296349,1.598926,171.8666
479.3467: -2.638848,-0.363863,1.614,163.2436
479.5689: -2.591548,-0.4997784,1.615883,139.3049
479.7911: -2.594728,-0.6114017,1.603574,123.1371
480.0133: -2.627486,-0.7378808,1.619977,115.6812
480.2356: -2.678291,-0.8734207,1.621061,129.4154
480.4578: -2.751816,-1.006361,1.611918,164.677
480.68: -2.755425,-1.137748,1.594793,175.0086
480.9022: -2.70871,-1.30071,1.597227,176.8202
481.1245: -2.682043,-1.504184,1.610441,172.8284
481.3467: -2.713567,-1.700293,1.59287,164.4886
481.5689: -2.76124,-1.892251,1.626623,153.6783
481.7911: -2.755574,-2.030582,1.630767,146.4052
482.0133: -2.693407,-2.181277,1.612636,139.0788
482.2356: -2.623874,-2.335072,1.631144,126.2389
482.4578: -2.580595,-2.497359,1.622348,107.6409
482.68: -2.561197,-2.661159,1.604589,85.71836
482.9022: -2.531485,-2.79174,1.615172,78.32405
483.1245: -2.473683,-2.87212,1.617138,78.7402
483.3467: -2.432387,-2.890529,1.617295,78.20129
483.5689: -2.377132,-2.903536,1.61431,83.61047
483.7911: -2.274842,-2.904351,1.602459,86.81842
484.0133: -2.113211,-2.890481,1.611931,88.9083
484.2356: -1.955607,-2.912878,1.63029,84.58077
484.4578: -1.792178,-2.989474,1.607911,82.06445
484.68: -1.610812,-3.087193,1.630755,84.93897
484.9022: -1.405523,-3.119979,1.619312,88.40712
485.1245: -1.129187,-3.076914,1.590482,91.53694
485.3467: -0.8789616,-3.056264,1.622603,92.91714
485.5689: -0.6416321,-3.073201,1.584381,92.3745
485.7911: -0.3954459,-3.12152,1.605095,90.15444
486.0133: -0.212424,-3.126159,1.617218,90.84581
Trial Result: Fail at object:  | Time Spent: 30
Trial No.:24 Ends
Trial No.:20 Begins
User confirmed on object: Well, this maze officially starts.
503.68: 1.709069,-2.08456,1.625863,88.57929
503.9022: 1.688885,-2.066424,1.63222,86.48778
504.1245: 1.667258,-2.068201,1.631914,98.33356
504.3467: 1.652907,-2.071357,1.630192,105.6203
504.5689: 1.647199,-2.047646,1.62291,92.15814
504.7911: 1.639407,-1.998932,1.614502,63.72837
505.0133: 1.62611,-1.960422,1.602405,35.9388
505.2356: 1.608948,-1.928972,1.594781,19.95409
505.4578: 1.565052,-1.873059,1.592978,14.81945
505.68: 1.545058,-1.82264,1.586006,12.8651
505.9022: 1.567259,-1.760214,1.577179,13.17813
506.1245: 1.592156,-1.720846,1.568105,353.019
506.3467: 1.638614,-1.698051,1.580262,307.678
506.5689: 1.702831,-1.650027,1.584598,309.4049
506.7911: 1.755568,-1.575897,1.584208,321.7019
507.0133: 1.809498,-1.476515,1.575871,356.3328
507.2356: 1.831311,-1.429089,1.570803,12.77599
507.4578: 1.890927,-1.28752,1.583977,34.7655
507.68: 1.966305,-1.231191,1.581306,30.09586
507.9022: 2.059085,-1.195822,1.590811,20.92076
508.1245: 2.089274,-1.181302,1.591871,17.41936
508.3467: 2.092418,-1.177913,1.591883,5.49911
508.5689: 2.074107,-1.179509,1.59323,349.7165
508.7911: 2.087447,-1.189681,1.592156,351.1469
509.0133: 2.163513,-1.186961,1.589051,15.98246
509.2356: 2.176953,-1.168519,1.586442,14.34535
509.4578: 2.178326,-1.167022,1.586153,14.29139
509.68: 2.165615,-1.177165,1.598347,18.82657
509.9022: 2.160189,-1.194232,1.607077,19.1438
510.1245: 2.160189,-1.194232,1.607077,19.1438
510.3467: 2.244512,-0.9284367,1.566209,2.138365
510.5689: 2.244512,-0.9284367,1.566209,2.138365
510.7911: 2.244512,-0.9284367,1.566209,2.138365
511.0133: 2.244512,-0.9284367,1.566209,2.138365
511.2356: 2.244512,-0.9284367,1.566209,2.138365
511.4578: 2.244512,-0.9284367,1.566209,2.138365
511.68: 2.244512,-0.9284367,1.566209,2.138365
511.9022: 2.244512,-0.9284367,1.566209,2.138365
512.1245: 2.244512,-0.9284367,1.566209,2.138365
512.3467: 2.244512,-0.9284367,1.566209,2.138365
512.5689: 2.244512,-0.9284367,1.566209,2.138365
512.7911: 2.244512,-0.9284367,1.566209,2.138365
513.0134: 2.244512,-0.9284367,1.566209,2.138365
513.2356: 2.182947,-0.9494035,1.454408,34.31112
513.4578: 2.19205,-0.9734384,1.46122,34.03254
513.68: 2.194142,-0.975133,1.459478,34.30461
513.9022: 2.200202,-0.980057,1.461436,35.89487
514.1245: 2.199911,-0.9792075,1.459534,30.30923
514.3467: 2.15227,-0.9962009,1.458734,7.344085
514.5689: 2.137312,-0.9933174,1.457565,354.728
514.7911: 2.13746,-0.9907012,1.456267,351.7436
515.0134: 2.149749,-0.9832371,1.455276,354.4639
515.2356: 2.225385,-0.9619874,1.452497,10.87522
515.4578: 2.317151,-0.9178944,1.454025,20.1545
515.68: 2.3771,-0.8433123,1.449344,18.89101
515.9022: 2.410231,-0.7447531,1.449586,15.96013
516.1245: 2.488361,-0.5922972,1.666164,12.34618
516.3467: 2.553777,-0.4579378,1.660162,7.480515
516.5689: 2.660264,-0.3031381,1.645898,3.932449
516.7911: 2.752699,-0.1542054,1.669997,5.472873
517.0134: 2.780445,-0.02357943,1.6675,3.330073
517.2356: 2.748192,0.1421664,1.65977,357.2538
517.4578: 2.707355,0.2696428,1.677283,338.946
517.68: 2.700869,0.4058181,1.675855,326.5358
517.9022: 2.698529,0.5223054,1.663502,295.0552
518.1245: 2.711757,0.647903,1.68108,273.0214
518.3467: 2.699056,0.7571263,1.676028,268.9521
518.5689: 2.670405,0.8730614,1.67562,292.9414
518.7911: 2.669783,0.9944061,1.681304,326.2839
519.0134: 2.702139,1.151916,1.665984,346.6256
519.2356: 2.766163,1.346006,1.667547,348.4226
519.4578: 2.797257,1.504441,1.680629,349.1665
519.68: 2.774344,1.650269,1.670797,347.4597
519.9022: 2.720084,1.782582,1.672313,343.1285
520.1245: 2.675527,1.924699,1.689166,335.0227
520.3467: 2.664427,2.05257,1.679506,327.2665
520.5689: 2.676977,2.226433,1.674082,313.5021
520.7911: 2.684418,2.384122,1.690477,301.7057
521.0134: 2.661176,2.49808,1.682508,288.2386
521.2356: 2.5995,2.600349,1.6782,278.5944
521.4578: 2.538315,2.69923,1.684742,272.9506
521.68: 2.479631,2.809281,1.674917,260.8051
521.9022: 2.50054,2.957404,1.609344,244.2066
522.1245: 2.431449,2.995885,1.60367,234.5738
522.3467: 2.358678,2.966567,1.588828,229.6464
522.5689: 2.295599,2.913047,1.583858,222.2662
522.7911: 2.239963,2.890994,1.588432,212.0911
Trial Result: Success object: Piano | Time Spent: 19.52796
Trial No.:20 Ends
Trial No.:8 Begins
User confirmed on object: Plant, this maze officially starts.
539.3578: -2.588976,-2.041647,1.630673,273.3288
539.58: -2.576539,-2.036857,1.632108,279.2484
539.8022: -2.568961,-2.023425,1.632047,286.9156
540.0245: -2.569475,-2.014996,1.630966,288.2299
540.2467: -2.581275,-2.01182,1.62461,290.1873
540.4689: -2.592811,-2.000541,1.621514,296.8075
540.6911: -2.563488,-1.928862,1.612367,327.0098
540.9133: -2.491812,-1.895294,1.591647,7.556872
541.1356: -2.45284,-1.956046,1.578107,44.10452
541.3578: -2.471367,-2.012541,1.575225,63.71926
541.58: -2.466957,-2.020264,1.57304,64.33172
541.8022: -2.43325,-1.938141,1.568807,54.50614
542.0245: -2.420249,-1.81528,1.566495,34.01477
542.2467: -2.451213,-1.701996,1.574726,24.35767
542.4689: -2.489538,-1.581374,1.557006,30.52373
542.6911: -2.519397,-1.43663,1.583162,41.03513
542.9133: -2.467916,-1.337281,1.581625,63.485
543.1356: -2.338822,-1.236992,1.553264,73.72781
543.3578: -2.163298,-1.15023,1.562222,78.4838
543.58: -2.036201,-1.088989,1.583145,85.72817
543.8022: -1.877445,-0.9841624,1.573109,90.53854
544.0245: -1.703879,-0.9004077,1.603059,95.58878
544.2467: -1.516484,-0.8859556,1.584133,95.50102
544.4689: -1.324341,-0.9248514,1.564696,91.6559
544.6911: -1.123309,-0.9692156,1.601718,89.57794
544.9133: -0.9345295,-0.9745839,1.597416,90.15601
545.1356: -0.7305969,-0.9523603,1.593738,94.53889
545.3578: -0.5249151,-0.9452295,1.616265,94.59722
545.58: -0.312103,-0.9781038,1.591989,91.92666
545.8022: -0.05232581,-1.043988,1.615381,87.62363
546.0245: 0.1452612,-1.049582,1.613823,84.99041
546.2467: 0.3198067,-1.016496,1.587007,83.55486
546.4689: 0.4864506,-0.9741204,1.61845,79.59567
546.6911: 0.6601222,-0.9547451,1.610368,74.58447
546.9133: 0.8395497,-0.9549615,1.586746,64.64579
547.1356: 1.018344,-0.9492768,1.614421,55.0847
547.3578: 1.146126,-0.894865,1.601256,47.81884
547.58: 1.227582,-0.8084375,1.590407,42.94722
547.8022: 1.306993,-0.7375488,1.590991,34.43954
Trial Result: Success object: Harp | Time Spent: 8.676025
Trial No.:8 Ends
Trial No.:12 Begins
User confirmed on object: Trashcan, this maze officially starts.
556.4244: 2.52912,1.019655,1.661307,94.57752
556.6467: 2.524014,1.007331,1.660218,100.1924
556.8689: 2.515144,0.9971963,1.658775,107.5614
557.0911: 2.513139,1.009261,1.65701,103.4103
557.3134: 2.515274,1.031114,1.651225,93.10168
557.5356: 2.507282,1.073602,1.644962,63.35901
557.7578: 2.492809,1.088839,1.632166,36.72606
557.98: 2.465845,1.057009,1.626253,348.0801
558.2022: 2.453357,1.003425,1.609718,317.1136
558.4244: 2.410695,0.9415164,1.619155,295.27
558.6467: 2.350115,0.8644607,1.623224,273.9358
558.8689: 2.294382,0.8148797,1.615271,260.4393
559.0911: 2.27891,0.7926964,1.616674,244.0126
559.3134: 2.306909,0.8026358,1.61695,224.3041
559.5356: 2.355262,0.8426167,1.621391,204.8683
559.7578: 2.380656,0.8879532,1.620813,193.4701
559.98: 2.391567,0.9247419,1.617106,193.0318
560.2022: 2.310192,1.004368,1.621708,246.5659
560.4244: 2.238809,1.030266,1.617288,266.3689
560.6467: 2.130493,1.004641,1.612337,276.6248
560.8689: 2.021011,0.9787074,1.625657,279.7063
561.0911: 1.901533,0.9829853,1.620224,280.8059
561.3134: 1.763029,1.022762,1.598962,278.5952
561.5356: 1.589814,1.083591,1.615197,271.0512
561.7578: 1.437986,1.09682,1.61809,260.1599
561.98: 1.266171,1.085523,1.597155,262.2904
562.2022: 1.08146,1.069587,1.620365,276.6522
562.4244: 0.9308075,1.097471,1.612462,295.1579
562.6467: 0.7823135,1.129274,1.588593,291.4709
562.8689: 0.6635076,1.153962,1.605608,283.8448
563.0911: 0.5469735,1.187146,1.602986,302.5017
563.3134: 0.4510846,1.189638,1.592138,328.8017
563.5356: 0.3466654,1.177634,1.608075,339.225
563.7578: 0.2558112,1.202066,1.611308,343.9461
563.98: 0.1886526,1.274438,1.602041,343.6564
564.2022: 0.144283,1.444536,1.577906,337.7638
564.4244: 0.1513183,1.635092,1.600503,338.7836
564.6467: 0.1622589,1.762494,1.601458,350.8253
564.8689: 0.1557995,1.856695,1.593199,4.885062
565.0911: 0.1131816,1.964245,1.591451,13.6794
565.3134: 0.05091814,2.091775,1.600736,10.36343
565.5356: 0.01814758,2.217282,1.595463,357.471
565.7578: -0.01067428,2.35132,1.578277,320.6508
565.98: 0.001652654,2.492389,1.591733,290.9858
566.2022: 0.009342959,2.623359,1.593851,280.0727
566.4244: -0.007860262,2.711433,1.582749,287.9282
566.6467: 0.03575471,2.785046,1.566792,1.804834
566.8689: 0.06627537,2.761093,1.570168,56.92293
567.0911: 0.05494137,2.756455,1.571277,89.60234
567.3134: 0.03876925,2.795976,1.57011,97.97401
567.5356: 0.03232212,2.840314,1.561006,99.2543
567.7578: 0.02911329,2.874619,1.549194,96.68077
567.98: 0.01416128,2.870818,1.560044,93.29147
568.2022: -0.02652629,2.854754,1.571379,78.57606
568.4244: -0.08931165,2.86708,1.570836,35.74774
568.6467: -0.1770551,2.872334,1.576545,340.1804
568.8689: -0.2209491,2.871634,1.57666,302.8297
569.0911: -0.2391282,2.892148,1.585156,274.6997
569.3134: -0.2751647,2.921956,1.584082,265.4157
569.5356: -0.3577807,2.926964,1.580391,263.442
569.7578: -0.5046333,2.893116,1.569593,263.4117
569.98: -0.6628904,2.854283,1.58929,259.4778
570.2022: -0.8231236,2.856243,1.58252,248.6513
570.4244: -0.9740956,2.90207,1.560824,242.0636
570.6467: -1.118496,2.961204,1.590407,250.5886
570.8689: -1.20644,2.961388,1.589844,248.6958
571.0911: -1.288724,2.894429,1.581114,227.455
571.3134: -1.389792,2.791809,1.57695,220.868
571.5356: -1.492221,2.685831,1.586183,212.7012
571.7578: -1.564097,2.613292,1.583644,198.3024
571.98: -1.628949,2.57017,1.576561,183.8647
572.2022: -1.698115,2.519411,1.584163,165.6296
572.4244: -1.714336,2.451207,1.577311,151.1896
572.6467: -1.673341,2.392971,1.566509,138.5894
572.8689: -1.614656,2.328001,1.55829,129.0635
573.0911: -1.600652,2.275867,1.549255,121.2752
573.3134: -1.619831,2.21122,1.544004,107.6991
Trial Result: Success object: Table | Time Spent: 17.11917
Trial No.:12 Ends
Trial No.:11 Begins
User confirmed on object: Trashcan, this maze officially starts.
590.0356: 2.588154,1.061466,1.661855,100.5501
590.2578: 2.577064,1.027113,1.661002,100.8631
590.48: 2.577749,1.00769,1.659056,97.69769
590.7022: 2.590759,1.00392,1.654806,89.94476
590.9244: 2.605645,0.9892114,1.648041,99.87283
591.1467: 2.596182,0.9492182,1.637002,134.3351
591.3689: 2.583118,0.9431649,1.628383,154.7711
591.5911: 2.569161,0.9199952,1.6236,174.9041
591.8134: 2.524047,0.8729035,1.617055,188.9216
592.0356: 2.490243,0.810091,1.6162,191.4622
592.2578: 2.479758,0.721092,1.612452,190.6442
592.48: 2.507543,0.6268381,1.610648,195.4389
592.7022: 2.588096,0.5145414,1.60201,203.6089
592.9244: 2.675295,0.3803087,1.625749,205.7045
593.1467: 2.689497,0.2329111,1.617197,208.1154
593.3689: 2.643415,0.08818671,1.602381,207.2119
593.5911: 2.599266,-0.05546898,1.622862,211.8647
593.8134: 2.596665,-0.1843863,1.615596,220.9221
594.0356: 2.627111,-0.3357437,1.605715,233.8059
594.2578: 2.644581,-0.4911208,1.616197,247.7624
594.48: 2.635771,-0.5798565,1.604712,266.71
594.7022: 2.617708,-0.6485941,1.589842,272.5892
594.9244: 2.614658,-0.5903827,1.608898,279.5069
595.1467: 2.631246,-0.4323985,1.622008,298.4
595.3689: 2.653969,-0.2634946,1.624632,308.4335
595.5911: 2.671201,-0.0776705,1.615446,319.9971
595.8134: 2.679404,0.06183273,1.623133,332.8848
596.0356: 2.660035,0.1737589,1.618145,345.1436
596.2578: 2.615728,0.2731502,1.610382,356.6851
596.48: 2.565365,0.3821599,1.624241,6.525475
596.7022: 2.502389,0.5520459,1.609782,354.0281
596.9244: 2.422679,0.7191749,1.619066,312.9926
597.1467: 2.351335,0.8299261,1.635056,288.0732
597.3689: 2.26491,0.8868608,1.625799,278.4217
597.5911: 2.119659,0.9024105,1.602913,269.9084
597.8134: 1.95584,0.905229,1.620086,258.7142
598.0356: 1.79058,0.9718822,1.616006,266.0275
598.2578: 1.608393,1.05706,1.598473,264.2017
598.48: 1.415681,1.119979,1.619614,259.6066
598.7022: 1.210368,1.115091,1.598144,252.9609
598.9244: 1.014024,1.092018,1.615263,272.3686
599.1467: 0.8340669,1.102226,1.612839,286.4234
599.3689: 0.6700442,1.137203,1.58372,297.6565
599.5911: 0.5134595,1.168481,1.600549,303.1706
599.8134: 0.3531751,1.167273,1.599655,317.2505
600.0356: 0.1912629,1.127618,1.578173,339.5879
600.2578: 0.04322635,1.081987,1.599205,5.783177
600.48: -0.137785,1.082703,1.590512,354.1675
600.7022: -0.3672957,1.115244,1.577145,322.038
600.9244: -0.5607537,1.140593,1.599862,307.4447
601.1467: -0.7367378,1.130757,1.587227,300.5285
601.3689: -0.9126763,1.099995,1.587213,303.7612
601.5911: -1.045493,1.103557,1.598815,313.6032
601.8134: -1.17382,1.140303,1.584085,325.5972
602.0356: -1.286485,1.200057,1.572427,338.6661
602.2578: -1.384505,1.236452,1.581114,353.497
602.48: -1.493423,1.242044,1.577744,5.723863
602.7022: -1.624981,1.234247,1.576172,14.42439
602.9244: -1.757089,1.241237,1.585221,13.45875
603.1467: -1.812549,1.269101,1.590514,9.953827
603.3689: -1.891183,1.313211,1.587177,321.5884
603.5911: -1.910249,1.270278,1.587637,253.3979
603.8134: -1.869751,1.257921,1.580729,208.424
604.0356: -1.858538,1.266438,1.57808,193.8944
604.2578: -1.846193,1.253969,1.572691,180.4262
604.48: -1.783633,1.202929,1.581407,170.798
604.7022: -1.704432,1.134638,1.584493,156.7691
604.9244: -1.657705,1.123535,1.575484,127.8243
605.1467: -1.570842,1.123278,1.589388,114.6546
605.3689: -1.39216,1.123603,1.586917,112.7752
605.5911: -1.212991,1.108659,1.603265,112.8645
605.8134: -1.050565,1.04592,1.593145,114.0825
606.0356: -0.8960408,0.9494861,1.578343,115.5331
606.2578: -0.7256325,0.8626912,1.59608,115.9096
606.48: -0.5541214,0.8134087,1.571551,125.5728
606.7022: -0.3719234,0.7787395,1.573337,146.7984
606.9244: -0.209859,0.7001766,1.594831,161.0418
607.1467: -0.132051,0.55527,1.579018,161.9413
607.3689: -0.1163638,0.3204536,1.595157,152.8265
607.5911: -0.08943643,0.137514,1.611233,147.793
607.8134: -0.02411439,-0.06482108,1.582112,143.4095
608.0356: 0.05568412,-0.2745135,1.601571,139.5451
608.2578: 0.1154024,-0.4810176,1.611845,129.5297
608.48: 0.1828898,-0.6880267,1.600613,113.1623
608.7022: 0.2934508,-0.8551948,1.627836,100.7178
608.9244: 0.4558107,-0.9555966,1.609507,101.8372
609.1467: 0.6672186,-0.991946,1.615772,110.3918
609.3689: 0.8629013,-1.009935,1.623388,92.65986
609.5911: 1.013225,-1.028221,1.604992,69.21657
609.8134: 1.182039,-1.111864,1.621955,78.22141
610.0356: 1.351308,-1.191109,1.618373,103.8244
610.2578: 1.491738,-1.264865,1.610338,144.0487
610.48: 1.603485,-1.333446,1.625125,160.9974
610.7022: 1.698605,-1.451162,1.606775,159.2457
610.9244: 1.768872,-1.685589,1.597162,149.6987
611.1467: 1.802643,-1.885161,1.624717,146.5195
611.3689: 1.860029,-2.054144,1.608297,144.1578
611.5911: 1.947365,-2.224136,1.619308,136.5827
611.8134: 2.021594,-2.386023,1.627749,122.0829
612.0356: 2.082146,-2.571857,1.599313,96.47903
612.2578: 2.131991,-2.758433,1.613911,74.32549
612.48: 2.197536,-2.866033,1.621149,65.54907
612.7022: 2.258968,-2.873534,1.624005,52.72953
612.9244: 2.2772,-2.880693,1.625341,18.54229
613.1467: 2.250822,-2.971137,1.614944,341.677
613.3689: 2.235086,-3.072175,1.624892,320.2025
613.5911: 2.199972,-3.126352,1.629513,311.2482
613.8134: 2.146405,-3.158715,1.631992,304.1986
614.0356: 2.075017,-3.140989,1.630265,314.7798
614.2578: 2.01789,-3.082856,1.633601,351.2808
614.48: 1.958858,-3.030693,1.634807,5.402617
614.7022: 1.925367,-2.957203,1.628216,10.18506
614.9244: 1.927609,-2.846493,1.613627,11.37823
615.1467: 1.960086,-2.675881,1.623159,10.72249
615.3689: 1.954715,-2.545206,1.628074,15.06036
615.5911: 1.91474,-2.408185,1.610178,19.97635
615.8134: 1.863459,-2.271498,1.623899,28.86906
616.0356: 1.835928,-2.112738,1.632197,34.69261
616.2578: 1.870769,-1.96202,1.615658,37.09816
616.48: 1.958672,-1.810004,1.613165,37.67008
616.7022: 2.032321,-1.674122,1.625341,46.1109
616.9244: 2.082634,-1.538286,1.605755,66.99837
617.1467: 2.110142,-1.35462,1.603619,94.03258
617.3689: 2.149813,-1.19405,1.621898,85.64362
617.5911: 2.20102,-1.042929,1.617733,48.96359
617.8134: 2.271901,-0.9428488,1.600607,26.81419
618.0356: 2.401515,-0.8399839,1.616201,16.74113
618.2578: 2.503095,-0.7179651,1.629161,12.83393
618.48: 2.542019,-0.5696874,1.611001,7.290846
618.7022: 2.541297,-0.3758716,1.618032,4.972589
618.9244: 2.564407,-0.1941626,1.634586,5.85184
619.1467: 2.614704,0.0007196823,1.611293,0.9526486
619.3689: 2.661909,0.1722274,1.620825,347.2385
619.5911: 2.68144,0.3634937,1.630528,331.3088
619.8134: 2.684037,0.540221,1.60997,339.1765
Trial Result: Fail at object:  | Time Spent: 30
Trial No.:11 Ends
Trial No.:21 Begins
User confirmed on object: Mailbox, this maze officially starts.
636.8911: -1.80421,-3.14517,1.631651,1.803262
637.1133: -1.80757,-3.168339,1.630137,4.927826
637.3356: -1.801685,-3.173187,1.626407,4.941422
637.5578: -1.790627,-3.166641,1.621627,3.182024
637.78: -1.777094,-3.167817,1.615455,357.4987
638.0023: -1.723339,-3.15153,1.610495,6.657645
638.2245: -1.620934,-3.142687,1.594146,30.93607
638.4467: -1.528062,-3.116948,1.582666,50.27534
638.6689: -1.458277,-3.056907,1.573739,63.17183
638.8911: -1.383643,-2.965576,1.581972,72.12035
639.1133: -1.291098,-2.90349,1.580459,76.31993
639.3356: -1.159728,-2.842934,1.564011,73.85918
639.5578: -1.014646,-2.744576,1.577534,57.92843
639.78: -0.9578809,-2.613232,1.57716,40.7154
640.0023: -0.9403812,-2.454042,1.556483,32.3691
640.2245: -0.9202139,-2.297028,1.580414,26.84515
640.4467: -0.8747059,-2.117427,1.567429,23.1554
640.6689: -0.8074889,-1.945245,1.551059,22.6263
640.8911: -0.7552363,-1.791355,1.580599,28.05407
641.1133: -0.7380801,-1.654277,1.568115,44.75862
641.3356: -0.7517443,-1.511887,1.57265,67.93673
641.5578: -0.7286093,-1.377318,1.59382,96.29966
641.78: -0.6594303,-1.28998,1.585912,100.6935
642.0023: -0.551077,-1.212186,1.584038,82.36668
642.2245: -0.4802397,-1.151427,1.591164,75.08012
642.4467: -0.4276964,-1.024997,1.587428,38.41537
642.6689: -0.3757531,-0.9129843,1.583465,19.76389
642.8911: -0.3128918,-0.8279464,1.585492,11.34716
643.1133: -0.2309085,-0.7652656,1.57984,3.859341
643.3356: -0.1142871,-0.7157198,1.576904,1.549512
643.5578: -0.002851317,-0.6287018,1.598096,3.30415
643.78: 0.03616079,-0.5014755,1.586172,11.46027
644.0023: 0.0128985,-0.3250175,1.594599,21.11884
644.2245: 0.002457537,-0.1702321,1.60577,19.85302
644.4467: 0.03004856,-0.01590021,1.591086,19.97685
644.6689: 0.1014555,0.1365321,1.583186,28.24645
644.8911: 0.1511834,0.2861831,1.597463,42.36093
645.1133: 0.1778105,0.4448367,1.579497,67.6138
645.3356: 0.1892543,0.6213295,1.585356,87.17464
645.5578: 0.2409001,0.7671161,1.600212,99.06834
645.78: 0.3485199,0.8358533,1.589596,98.34729
646.0023: 0.5161425,0.8594542,1.598346,89.36656
646.2245: 0.6693684,0.8883622,1.613967,84.63501
646.4467: 0.8237132,0.9366721,1.598705,86.51543
646.6689: 1.009219,1.009878,1.605263,90.51144
646.8911: 1.199355,1.039835,1.617411,91.64434
647.1133: 1.404679,1.017734,1.590077,91.34357
647.3356: 1.627668,0.9757614,1.614079,92.29673
647.5578: 1.859569,0.9799607,1.614584,91.94167
647.78: 2.051128,1.019187,1.594317,91.51252
648.0023: 2.221315,1.044247,1.623673,92.94983
648.2245: 2.373854,1.037032,1.60712,92.16318
648.4467: 2.498661,1.01632,1.590298,89.07569
648.6689: 2.649207,1.003148,1.606195,84.83235
648.8911: 2.762974,1.025372,1.605617,84.25367
649.1133: 2.835973,1.069932,1.600019,91.7608
Trial Result: Success object: Trashcan | Time Spent: 12.52729
Trial No.:21 Ends
Trial No.:19 Begins
User confirmed on object: Well, this maze officially starts.
673.7689: 1.670637,-2.005568,1.743623,95.41579
673.9911: 1.673591,-2.026197,1.742818,98.05434
674.2134: 1.682425,-2.036725,1.741913,98.59462
674.4355: 1.693277,-2.035136,1.740228,98.81774
674.6578: 1.702965,-2.028738,1.738253,98.11308
674.88: 1.716274,-2.023634,1.734008,100.5205
675.1022: 1.717799,-2.044153,1.718301,122.7522
675.3245: 1.718006,-2.050473,1.709744,138.3029
675.5467: 1.729658,-2.042784,1.713944,127.0571
675.7689: 1.736647,-2.036216,1.716199,80.93027
675.9911: 1.695333,-2.02778,1.707574,19.53811
676.2134: 1.606576,-2.044353,1.701142,329.7986
676.4355: 1.531507,-2.067261,1.699057,305.1863
676.6578: 1.480814,-2.07029,1.699192,293.4988
676.88: 1.461418,-2.053898,1.689161,288.0448
677.1022: 1.52357,-1.996163,1.681657,287.3708
677.3245: 1.656912,-1.888014,1.670179,293.2975
677.5467: 1.732501,-1.77414,1.682447,301.9381
677.7689: 1.722519,-1.66331,1.669323,302.3519
677.9911: 1.620819,-1.534235,1.681031,304.906
678.2134: 1.541076,-1.407117,1.704314,302.9734
678.4355: 1.461758,-1.264337,1.690537,296.3903
678.6578: 1.394434,-1.129777,1.695589,286.787
678.88: 1.307257,-1.037178,1.710338,280.4128
679.1022: 1.187461,-0.9949178,1.699273,278.9084
679.3245: 1.025808,-0.9940122,1.691073,286.6438
679.5467: 0.8454385,-0.9691144,1.708248,300.5227
679.7689: 0.6861863,-0.9113626,1.687223,309.3813
679.9911: 0.5223999,-0.8217752,1.677787,315.199
680.2134: 0.3857,-0.7823551,1.686296,327.6285
680.4355: 0.2496887,-0.7989998,1.671488,334.997
680.6578: 0.06632655,-0.8874781,1.673452,300.9283
680.88: -0.1077341,-0.970474,1.679257,266.1134
681.1022: -0.2735863,-0.9535353,1.655558,267.1386
681.3245: -0.451834,-0.8908772,1.647688,272.4158
681.5467: -0.6364716,-0.8567593,1.664621,273.0611
681.7689: -0.8153517,-0.8704538,1.644703,272.1954
681.9911: -1.035648,-0.9293298,1.653569,270.113
682.2134: -1.211737,-0.9451895,1.650492,263.4619
682.4355: -1.405543,-0.9207556,1.61555,260.8987
682.6578: -1.585917,-0.8816953,1.635328,264.3704
682.88: -1.760515,-0.8375895,1.621017,291.7172
683.1022: -1.926202,-0.8327873,1.59282,315.1297
683.3245: -2.110744,-0.843043,1.614064,333.0872
683.5467: -2.249959,-0.8047248,1.59741,357.7984
683.7689: -2.365377,-0.730023,1.581502,6.114522
683.9911: -2.490392,-0.6525466,1.598565,15.21037
684.2134: -2.576896,-0.6116985,1.592495,34.49573
684.4355: -2.664068,-0.5099939,1.590519,63.96674
684.6578: -2.746289,-0.5233542,1.599889,101.816
684.88: -2.812222,-0.5807236,1.595273,129.2435
685.1022: -2.864435,-0.6448185,1.587863,141.9889
685.3245: -2.889663,-0.6840374,1.587966,145.0251
685.5467: -2.870058,-0.6382903,1.596714,117.2751
685.7689: -2.888224,-0.4932002,1.603399,82.8557
685.9911: -2.943677,-0.2775912,1.605331,49.34718
686.2134: -2.961986,-0.1032329,1.601757,29.52742
686.4355: -2.919487,0.04729758,1.583499,31.16097
686.6578: -2.831816,0.2043537,1.577266,36.93383
686.88: -2.768009,0.3351351,1.594419,38.68484
687.1022: -2.705277,0.4872935,1.589062,41.80899
687.3245: -2.649536,0.6587657,1.588884,44.55682
687.5467: -2.56373,0.8174353,1.619299,46.62698
687.7689: -2.426705,0.942198,1.60049,49.60579
687.9911: -2.249141,1.061956,1.602683,47.82779
688.2134: -2.098208,1.188081,1.626698,53.85357
688.4355: -2.017852,1.316502,1.606822,52.62957
688.6578: -1.941767,1.449288,1.624028,53.43231
688.88: -1.868739,1.531088,1.623342,53.25439
Trial Result: Success object: Table | Time Spent: 15.36943
Trial No.:19 Ends
Trial No.:1 Begins
User confirmed on object: Stove, this maze officially starts.
704.4022: -2.610488,3.023817,1.634908,266.2784
704.6245: -2.58717,3.023213,1.646833,266.3922
704.8467: -2.564819,3.023604,1.64908,270.3162
705.0689: -2.549873,3.028882,1.650713,277.2236
705.2911: -2.538861,3.033033,1.649709,284.2745
705.5134: -2.543929,3.028034,1.648223,279.1279
705.7356: -2.564279,2.996643,1.642784,249.2122
705.9578: -2.525845,2.939813,1.633579,186.5616
706.18: -2.387314,2.940794,1.615377,146.3489
706.4022: -2.203345,2.960464,1.598806,118.923
706.6245: -2.062514,2.959218,1.591147,108.0971
706.8467: -1.967588,2.94351,1.61245,97.53645
707.0689: -1.861051,2.888548,1.615496,90.89569
707.2911: -1.729207,2.821047,1.61603,89.38331
707.5134: -1.558594,2.795217,1.641619,89.32266
707.7356: -1.397466,2.847985,1.57635,88.13818
707.9578: -1.194346,2.92383,1.586375,93.67833
708.18: -1.001349,2.946723,1.595031,96.36488
708.4022: -0.7867798,2.908045,1.565097,98.18559
708.6245: -0.5910517,2.856693,1.598149,99.2578
708.8467: -0.4271859,2.845091,1.589873,101.388
709.0689: -0.2418986,2.861743,1.577489,101.3447
709.2911: -0.05078479,2.886412,1.607102,101.2987
709.5134: 0.1741493,2.887237,1.60433,98.49309
709.7356: 0.4152099,2.870908,1.56709,93.29446
709.9578: 0.6469658,2.859001,1.602014,92.67353
710.18: 0.8513665,2.891724,1.591942,96.16811
710.4022: 1.063278,2.958097,1.590885,101.0132
710.6245: 1.306956,2.98392,1.612401,104.1145
710.8467: 1.529944,2.950412,1.579946,106.3504
711.0689: 1.743514,2.894505,1.609378,113.8335
711.2911: 1.901574,2.884906,1.604743,124.6304
711.5134: 2.09279,2.896411,1.589523,139.2993
711.7356: 2.263902,2.873089,1.61429,150.8896
711.9578: 2.388111,2.772195,1.599838,159.4028
712.18: 2.458467,2.592285,1.596422,163.8487
712.4022: 2.517749,2.431749,1.608876,176.4882
712.6245: 2.614285,2.249509,1.591824,189.996
712.8467: 2.69346,2.094485,1.616668,196.6545
713.0689: 2.736391,1.900195,1.621083,192.3258
713.2911: 2.720226,1.704239,1.589561,184.0923
713.5134: 2.668588,1.488098,1.620656,179.4045
713.7356: 2.647565,1.294318,1.614646,178.9278
713.9578: 2.658169,1.091853,1.598549,175.8524
714.18: 2.655829,0.8818158,1.625844,176.0068
714.4022: 2.621602,0.6710718,1.609031,177.3998
714.6245: 2.545143,0.4211751,1.606323,179.5972
714.8467: 2.502143,0.2227436,1.621373,183.0923
715.0689: 2.498097,0.03232381,1.595641,186.6378
715.2911: 2.521432,-0.1434435,1.611694,191.4824
715.5134: 2.516618,-0.3342263,1.617946,190.1318
715.7356: 2.457747,-0.5305297,1.590665,188.3791
715.9578: 2.374689,-0.7110732,1.609951,187.3506
716.18: 2.319618,-0.8765541,1.610955,187.0686
716.4022: 2.269662,-1.046558,1.593451,183.0457
716.6245: 2.212391,-1.222297,1.60944,170.6761
716.8467: 2.145736,-1.354976,1.591408,154.7519
717.0689: 2.066558,-1.482825,1.569265,136.1672
717.2911: 2.03698,-1.579751,1.573011,123.7346
717.5134: 2.043429,-1.656864,1.568993,115.3891
Trial Result: Success object: Well | Time Spent: 13.39398
Trial No.:1 Ends
Trial No.:17 Begins
User confirmed on object: Harp, this maze officially starts.
728.0578: 1.653628,-1.026788,1.649988,6.35773
728.28: 1.690139,-1.038427,1.647034,15.09249
728.5023: 1.704328,-1.055188,1.643671,22.12804
728.7245: 1.704882,-1.066975,1.641389,29.16526
728.9467: 1.698129,-1.069252,1.641693,32.61546
729.1689: 1.684838,-1.050876,1.641594,19.63784
729.3911: 1.645395,-1.011708,1.640817,348.6185
729.6133: 1.568733,-1.014405,1.625486,312.0689
729.8356: 1.45271,-1.059983,1.605907,292.5305
730.0578: 1.303891,-1.109468,1.603954,293.981
730.28: 1.171648,-1.110515,1.614521,295.9707
730.5023: 1.028446,-1.062109,1.593606,296.3372
730.7245: 0.8621251,-0.980095,1.603796,294.1399
730.9467: 0.6786282,-0.9137539,1.614856,310.562
731.1689: 0.5040597,-0.897193,1.577785,324.1049
731.3911: 0.3400466,-0.8708373,1.610025,335.7956
731.6133: 0.2523717,-0.805685,1.604886,341.087
731.8356: 0.1878263,-0.655586,1.589744,340.5193
732.0578: 0.1622787,-0.4432088,1.599876,339.1973
732.28: 0.1323462,-0.267869,1.60814,343.3686
732.5023: 0.07297188,-0.1158549,1.590545,343.0835
732.7245: 0.008642001,0.04069288,1.609427,344.4648
732.9467: -0.03809214,0.227745,1.605392,331.7865
733.1689: -0.04591209,0.3897147,1.589443,312.4322
733.3911: -0.04773888,0.5570605,1.614841,300.5153
733.6133: -0.0863412,0.6662155,1.613032,298.7561
733.8356: -0.189098,0.7538515,1.601819,297.1566
734.0578: -0.3100831,0.8430887,1.619696,296.1768
734.28: -0.426758,0.938308,1.607848,291.6876
734.5023: -0.5688254,1.046079,1.593025,286.3168
734.7245: -0.7299438,1.120554,1.604586,283.8793
734.9467: -0.9203842,1.136978,1.585352,292.8777
735.1689: -1.10436,1.116186,1.594974,305.7116
735.3911: -1.268106,1.136776,1.599345,310.0552
735.6133: -1.384793,1.205869,1.581638,310.9202
735.8356: -1.505441,1.333979,1.586096,310.6875
736.0578: -1.620609,1.455923,1.596994,319.4712
736.28: -1.748752,1.569118,1.578374,327.253
736.5023: -1.867666,1.681645,1.599061,330.7662
736.7245: -1.93416,1.833429,1.592229,329.7319
736.9467: -1.94561,2.059428,1.56888,322.8517
737.1689: -1.951298,2.262199,1.603784,320.7554
737.3911: -2.016323,2.403475,1.589183,314.8428
737.6133: -2.129071,2.49534,1.58375,306.3839
737.8356: -2.231102,2.571943,1.598788,293.0348
738.0578: -2.333793,2.674793,1.586606,280.6616
738.28: -2.424394,2.777184,1.578863,268.0569
738.5023: -2.500285,2.848454,1.583143,263.503
738.7245: -2.555889,2.868046,1.579146,264.931
738.9467: -2.612891,2.834474,1.578167,268.3342
739.1689: -2.682522,2.781002,1.581885,271.3901
Trial Result: Success object: Stove | Time Spent: 11.3548
Trial No.:17 Ends
Trial No.:2 Begins
User confirmed on object: Stove, this maze officially starts.
756.6578: -2.551075,3.08955,1.624611,259.5697
756.88: -2.523223,3.093405,1.627552,262.0134
757.1022: -2.510926,3.095835,1.623794,263.4415
757.3245: -2.523552,3.084736,1.614672,249.9289
757.5467: -2.537141,3.062906,1.60487,224.5179
757.7689: -2.506466,3.028088,1.59983,190.3817
757.9911: -2.410409,3.004157,1.59672,162.3611
758.2134: -2.302336,2.980054,1.594896,149.7668
758.4355: -2.188681,2.945128,1.584081,139.9737
758.6578: -2.124413,2.903937,1.589205,134.6909
758.88: -2.100013,2.814807,1.588536,145.0571
759.1022: -2.086782,2.684317,1.571678,164.3385
759.3245: -2.054321,2.535139,1.590957,175.3152
759.5467: -2.001102,2.415958,1.596348,184.4699
759.7689: -1.93404,2.314911,1.584519,194.3546
759.9911: -1.889834,2.222823,1.60381,208.8041
760.2134: -1.899577,2.115615,1.59574,215.8403
760.4355: -1.97272,1.973756,1.575276,214.8112
760.6578: -2.040172,1.838758,1.595498,208.216
760.88: -2.05807,1.723121,1.597383,201.4115
761.1022: -2.039688,1.616637,1.589071,199.1516
761.3245: -1.991389,1.507374,1.603565,183.6143
761.5467: -1.936288,1.424808,1.605991,139.9771
761.7689: -1.935077,1.391511,1.586365,104.38
761.9911: -1.904644,1.347483,1.593866,92.41045
762.2134: -1.817055,1.299497,1.587387,90.59388
762.4355: -1.652888,1.244887,1.591224,101.5665
762.6578: -1.49974,1.174709,1.59559,113.0021
762.88: -1.350076,1.084353,1.572197,114.2385
763.1022: -1.196025,0.9769055,1.581383,113.5317
763.3245: -1.036433,0.9276515,1.592431,117.9887
763.5467: -0.8190084,0.92961,1.56121,131.333
763.7689: -0.6095288,0.9328371,1.592666,147.9085
763.9911: -0.4624171,0.8836025,1.587032,163.8075
764.2134: -0.3842464,0.8135401,1.577949,167.9873
764.4355: -0.3012174,0.7542882,1.589533,177.9466
764.6578: -0.1961679,0.7245598,1.588852,189.5049
764.88: -0.07052282,0.7038,1.594569,197.7801
765.1022: -0.006510232,0.6578206,1.591164,206.0991
765.3245: -0.01017333,0.5850748,1.576593,210.6043
Trial Result: Success object: Wheelbarrow | Time Spent: 8.906309
Trial No.:2 Ends
Trial No.:3 Begins
User confirmed on object: Piano, this maze officially starts.
781.7689: 1.762246,3.209606,1.652101,198.3359
781.9911: 1.768083,3.2168,1.652484,196.0505
782.2134: 1.776586,3.217037,1.649317,192.5355
782.4355: 1.793873,3.210744,1.64872,187.4387
782.6578: 1.836984,3.199438,1.640554,174.2038
782.88: 1.922155,3.176389,1.621797,160.13
783.1022: 2.0088,3.108341,1.606812,154.8138
783.3245: 2.07839,2.98518,1.59395,156.2946
783.5467: 2.156615,2.850316,1.606661,161.1736
783.7689: 2.286558,2.747405,1.602511,172.9679
783.9911: 2.446213,2.666851,1.596136,181.696
784.2134: 2.564974,2.551544,1.620298,184.3572
784.4355: 2.610604,2.397535,1.604141,186.9808
784.6578: 2.604864,2.216164,1.586251,188.8396
784.88: 2.610262,2.022613,1.612347,192.2161
785.1022: 2.662997,1.843265,1.605335,192.724
785.3245: 2.743884,1.639054,1.604588,195.4591
785.5467: 2.774597,1.425128,1.619171,197.1277
785.7689: 2.752004,1.202218,1.583072,196.0775
785.9911: 2.700609,0.9268943,1.611528,194.8396
786.2134: 2.689434,0.7053764,1.61599,198.9136
786.4355: 2.709436,0.4906767,1.585022,200.9952
786.6578: 2.704918,0.250449,1.624205,205.5646
786.88: 2.645611,0.03877607,1.596761,206.7677
787.1022: 2.552228,-0.1686128,1.606069,205.9519
787.3245: 2.486652,-0.371365,1.610552,208.4608
787.5467: 2.439192,-0.5885116,1.582923,210.9969
787.7689: 2.382989,-0.8097669,1.612672,215.3689
787.9911: 2.282095,-1.025603,1.590886,216.8757
788.2134: 2.153658,-1.209286,1.573805,208.8399
788.4355: 2.041389,-1.390593,1.597458,202.2683
788.6578: 1.975221,-1.56283,1.576741,204.778
788.88: 1.93257,-1.765955,1.585018,209.5715
789.1022: 1.872524,-1.976701,1.595614,205.1157
789.3245: 1.773672,-2.178657,1.56596,205.7892
789.5467: 1.650102,-2.367801,1.590906,210.3952
789.7689: 1.558989,-2.541359,1.586728,221.0849
789.9911: 1.470933,-2.729127,1.576581,249.0558
790.2134: 1.373668,-2.848743,1.60448,271.0815
790.4355: 1.231655,-2.938406,1.573831,279.3508
790.6578: 1.057997,-2.984539,1.57906,281.4648
790.88: 0.8824713,-3.04704,1.596709,286.5116
791.1022: 0.6951783,-3.137922,1.577867,287.9446
791.3245: 0.5056571,-3.225614,1.604842,289.197
791.5467: 0.3135311,-3.249117,1.602449,289.6713
791.7689: 0.1083951,-3.217808,1.579765,287.8008
791.9911: -0.1422991,-3.163789,1.616618,287.5852
792.2134: -0.3238806,-3.140274,1.596905,289.8595
792.4355: -0.5182994,-3.125589,1.602315,293.4991
792.6578: -0.6769758,-3.081114,1.61153,295.2891
792.88: -0.8365445,-2.999965,1.585941,295.2383
793.1022: -0.9697759,-2.900198,1.598704,293.8447
793.3245: -1.099858,-2.839694,1.604287,295.267
793.5467: -1.205312,-2.8429,1.60048,299.7148
Trial Result: Success object: Mailbox | Time Spent: 12.06034
Trial No.:3 Ends
Trial No.:18 Begins
User confirmed on object: Harp, this maze officially starts.
810.3911: 1.843826,-1.169351,1.648014,359.4671
810.6133: 1.853773,-1.176483,1.646746,0.3581395
810.8356: 1.859914,-1.172651,1.642945,0.744149
811.0578: 1.87853,-1.159436,1.632041,12.41916
811.28: 1.891878,-1.140849,1.624736,18.17599
811.5023: 1.885643,-1.10592,1.631698,8.929776
811.7245: 1.812801,-1.082003,1.62877,336.9517
811.9467: 1.668931,-1.131099,1.611769,298.2242
812.1689: 1.494477,-1.192713,1.590382,283.9097
812.3911: 1.317267,-1.196812,1.596802,287.2424
812.6133: 1.162911,-1.128245,1.571721,292.5892
812.8356: 0.9725977,-1.020539,1.566667,286.8354
813.0578: 0.8045468,-0.9721446,1.595006,280.6802
813.28: 0.611083,-0.9647961,1.580486,276.2407
813.5023: 0.372372,-0.9896078,1.586379,275.4539
813.7245: 0.1436404,-0.9741807,1.602199,273.8681
813.9467: -0.09034716,-0.9168473,1.564686,271.486
814.1689: -0.3238459,-0.8498008,1.598772,270.4431
814.3911: -0.5743279,-0.8343111,1.580194,269.3125
814.6133: -0.8083819,-0.8619238,1.586967,269.6172
814.8356: -1.032353,-0.8602837,1.60315,269.7256
815.0578: -1.220042,-0.8420686,1.576122,267.1066
815.28: -1.430321,-0.8077587,1.594843,264.7476
815.5023: -1.633559,-0.8003846,1.592294,275.4636
815.7245: -1.829617,-0.8102491,1.567626,298.9874
815.9467: -2.014827,-0.819345,1.597353,320.8597
816.1689: -2.164242,-0.7817003,1.578759,337.9407
816.3911: -2.316197,-0.6788235,1.566612,350.6005
816.6133: -2.436431,-0.6110977,1.572317,6.880279
816.8356: -2.554354,-0.5550153,1.568321,23.55387
817.0578: -2.674597,-0.5005706,1.587782,35.13658
Trial Result: Success object: Telescope | Time Spent: 7.075005
Trial No.:18 Ends
Trial No.:7 Begins
User confirmed on object: Plant, this maze officially starts.
828.5689: -2.51292,-1.868472,1.632881,268.1074
828.7911: -2.487371,-1.867741,1.632156,270.6588
829.0134: -2.479672,-1.873343,1.632454,269.914
829.2356: -2.481209,-1.872678,1.630493,269.522
829.4578: -2.49069,-1.860933,1.625643,276.3675
829.68: -2.489409,-1.820435,1.617644,309.9154
829.9022: -2.424897,-1.840518,1.5986,7.015288
830.1245: -2.377865,-1.950099,1.579996,50.43115
830.3467: -2.345304,-2.048383,1.585852,74.78416
830.5689: -2.306742,-2.130106,1.590042,90.44396
830.7911: -2.295255,-2.196165,1.592642,92.62164
831.0134: -2.404894,-2.255754,1.589881,100.2896
831.2356: -2.545313,-2.291272,1.57923,110.8077
831.4578: -2.60603,-2.342517,1.595138,117.0224
831.68: -2.613216,-2.422384,1.59729,114.1853
831.9022: -2.548305,-2.560215,1.579186,101.9417
832.1245: -2.487131,-2.698854,1.58947,91.82619
832.3467: -2.389441,-2.785575,1.582524,91.94266
832.5689: -2.225941,-2.847983,1.55741,93.53923
832.7911: -1.996163,-2.922857,1.602048,96.97944
833.0134: -1.80684,-3.021632,1.588317,95.56345
833.2356: -1.609741,-3.143076,1.583493,89.85513
833.4578: -1.428651,-3.213831,1.612383,85.20206
833.68: -1.230937,-3.240839,1.589269,82.06453
833.9022: -1.001344,-3.226597,1.594094,84.26157
834.1245: -0.7743251,-3.23052,1.599585,84.00108
834.3467: -0.5375985,-3.25212,1.565465,81.06811
834.5689: -0.2983978,-3.284212,1.59427,77.82314
834.7911: -0.04492392,-3.275791,1.59932,77.5021
835.0134: 0.1811205,-3.228555,1.589311,79.01334
835.2356: 0.403678,-3.207812,1.617023,78.26556
835.4578: 0.6151947,-3.202563,1.58672,74.96883
835.68: 0.8222209,-3.195216,1.59874,61.4152
835.9022: 0.992941,-3.140775,1.600045,43.47615
836.1245: 1.158128,-3.023237,1.571112,36.18192
836.3467: 1.321927,-2.876721,1.598886,32.26493
836.5689: 1.473438,-2.743755,1.59718,25.39692
836.7911: 1.649193,-2.579858,1.583137,15.39315
837.0134: 1.776734,-2.403871,1.62206,7.052997
837.2356: 1.848658,-2.194487,1.585781,10.827
837.4578: 1.886743,-1.970943,1.599905,16.55149
837.68: 1.95215,-1.784052,1.606081,18.49792
837.9022: 2.064829,-1.598655,1.58057,25.28886
838.1245: 2.180696,-1.424047,1.613014,29.05916
838.3467: 2.260437,-1.253298,1.606026,29.35398
838.5689: 2.31971,-1.064943,1.594027,29.0859
838.7911: 2.405609,-0.8415993,1.620859,27.47649
839.0134: 2.518353,-0.6558938,1.592276,24.47357
839.2356: 2.648627,-0.474125,1.605623,19.46679
839.4578: 2.732104,-0.3037732,1.612475,20.68035
839.68: 2.758581,-0.1641724,1.592248,21.51583
839.9022: 2.768853,0.01887835,1.607111,21.45007
840.1245: 2.805797,0.1803999,1.604284,22.01502
840.3467: 2.875892,0.3336793,1.574453,23.77677
840.5689: 2.948405,0.4673154,1.584584,24.77457
Trial Result: Success object: Trashcan | Time Spent: 12.2946
Trial No.:7 Ends
Trial No.:23 Begins
User confirmed on object: Chair, this maze officially starts.
864.3134: 0.8813343,-3.108155,1.653237,10.15732
864.5356: 0.8878329,-3.107516,1.652236,12.76016
864.7578: 0.9058358,-3.110678,1.650737,22.29459
864.98: 0.9062251,-3.106781,1.649127,20.92711
865.2023: 0.894429,-3.080055,1.647699,6.180338
865.4244: 0.8719954,-3.057431,1.645721,349.4336
865.6467: 0.8525963,-3.042879,1.638893,332.5508
865.8689: 0.8288873,-3.043674,1.629571,318.2176
866.0911: 0.7955077,-3.052611,1.62276,309.2226
866.3134: 0.7703236,-3.049655,1.618039,311.2077
866.5356: 0.7640219,-3.043776,1.608462,315.6067
866.7578: 0.8021,-3.053827,1.610995,323.6919
866.98: 0.950508,-3.079854,1.613059,341.4363
867.2023: 1.153656,-3.125962,1.6061,5.032444
867.4244: 1.291841,-3.157146,1.60626,26.42892
867.6467: 1.377709,-3.126749,1.598846,35.1873
867.8689: 1.424371,-3.022958,1.586504,33.21171
868.0911: 1.470914,-2.852394,1.602388,24.01501
868.3134: 1.540513,-2.708107,1.611266,18.57791
868.5356: 1.63497,-2.563793,1.586104,13.30793
868.7578: 1.741305,-2.4048,1.602446,3.538547
868.98: 1.802604,-2.240089,1.610213,355.7071
869.2023: 1.818605,-2.016239,1.581111,354.5911
869.4244: 1.844898,-1.835506,1.611932,6.469534
869.6467: 1.913988,-1.662184,1.602996,9.754457
869.8689: 2.021033,-1.506304,1.58455,7.590266
870.0911: 2.138804,-1.345658,1.611697,7.562742
870.3134: 2.216429,-1.194055,1.602249,8.645392
870.5356: 2.273612,-1.025067,1.597422,13.18144
870.7578: 2.332647,-0.8581586,1.616094,17.03507
870.98: 2.41409,-0.6993138,1.60009,10.77362
871.2023: 2.534863,-0.5290452,1.585996,355.5878
871.4244: 2.629886,-0.3609059,1.611504,345.4643
871.6467: 2.672557,-0.1827473,1.593404,345.8546
871.8689: 2.663053,0.01136175,1.598722,347.2084
872.0911: 2.661391,0.2004717,1.61101,336.1008
872.3134: 2.687704,0.3997423,1.585733,323.6299
872.5356: 2.712589,0.5925957,1.60139,303.3703
872.7578: 2.691586,0.7292825,1.599651,273.5587
872.98: 2.647317,0.877222,1.580883,270.4926
873.2023: 2.61629,1.087311,1.615916,302.0789
873.4244: 2.647954,1.287887,1.595778,322.3063
873.6467: 2.730124,1.516837,1.585088,331.1867
873.8689: 2.781893,1.719875,1.606302,335.4266
874.0911: 2.772771,1.871507,1.5913,334.2206
874.3134: 2.714912,2.067987,1.580835,328.3161
874.5356: 2.6664,2.261793,1.598325,319.9835
874.7578: 2.621081,2.456806,1.576214,300.7569
874.98: 2.577942,2.653883,1.581499,278.9116
875.2023: 2.489493,2.819138,1.591615,263.2435
875.4244: 2.378632,2.915679,1.569377,255.6411
875.6467: 2.267697,2.980623,1.585047,244.941
875.8689: 2.170918,3.033084,1.584058,224.4674
876.0911: 2.089182,3.075641,1.576155,205.8863
876.3134: 2.029491,3.06524,1.570723,193.9955
876.5356: 2.000496,3.008042,1.558098,189.1751
876.7578: 1.983252,2.946229,1.564245,189.518
Trial Result: Success object: Piano | Time Spent: 12.72705
Trial No.:23 Ends
Trial No.:14 Begins
User confirmed on object: Telescope, this maze officially starts.
911.5689: -2.896673,0.04656536,1.587384,103.7145
911.7911: -2.895889,0.06181649,1.586614,103.6951
912.0134: -2.887321,0.07273442,1.587076,103.5568
912.2356: -2.874219,0.0812422,1.58491,103.226
912.4578: -2.864239,0.08720161,1.58163,99.94182
912.68: -2.844834,0.1016659,1.574623,77.90527
912.9022: -2.846517,0.1225881,1.561091,39.69191
913.1245: -2.848683,0.1234456,1.550045,20.0405
913.3467: -2.828834,0.1319497,1.552313,26.34186
913.5689: -2.825389,0.1923628,1.549946,35.77481
913.7911: -2.833217,0.3371278,1.551882,46.28568
914.0134: -2.809871,0.4198431,1.560647,53.75623
914.2356: -2.76136,0.4659745,1.559453,55.48488
914.4578: -2.702923,0.4708061,1.554113,52.56246
914.68: -2.624769,0.483746,1.561456,52.4469
914.9022: -2.573459,0.5316471,1.559627,53.90162
915.1245: -2.544086,0.628939,1.55341,58.57027
915.3467: -2.520716,0.7650449,1.565871,61.42403
915.5689: -2.47969,0.8968569,1.567563,49.77028
915.7911: -2.391336,1.007713,1.556888,38.62595
916.0134: -2.275913,1.06022,1.540702,32.62774
916.2356: -2.154213,1.094424,1.559914,34.40247
916.4578: -2.050096,1.13444,1.565558,51.43505
916.68: -1.982262,1.159816,1.556987,79.89896
916.9022: -1.912919,1.176129,1.561919,107.2947
917.1245: -1.798593,1.167361,1.553174,113.5816
917.3467: -1.616654,1.107034,1.536348,109.9964
917.5689: -1.433313,1.054724,1.566513,102.9927
917.7911: -1.27086,1.063606,1.569356,97.82289
918.0134: -1.141002,1.106785,1.576686,98.7788
918.2356: -0.9813733,1.080613,1.577499,107.4062
918.4578: -0.8067928,0.9874783,1.549525,118.4936
918.68: -0.683351,0.9024687,1.579698,132.1182
918.9022: -0.5472224,0.8554153,1.576623,144.3154
919.1245: -0.4122142,0.8319921,1.5566,166.6777
919.3467: -0.2746492,0.8237402,1.577879,186.6757
919.5689: -0.1653126,0.7891771,1.582714,193.5852
919.7911: -0.1115338,0.7214786,1.575166,195.0098
920.0134: -0.1195968,0.6351893,1.57878,196.9611
920.2356: -0.1178585,0.5545495,1.574031,200.8938
Trial Result: Success object: Wheelbarrow | Time Spent: 8.935167
Trial No.:14 Ends
Trial No.:10 Begins
User confirmed on object: Bookshelf, this maze officially starts.
933.5245: 1.691617,1.210532,1.664421,184.1092
933.7467: 1.691667,1.206817,1.664446,185.2555
933.9689: 1.68704,1.200273,1.663779,188.3219
934.1912: 1.682259,1.184483,1.662506,190.1409
934.4133: 1.669927,1.161381,1.65677,197.7797
934.6356: 1.580838,1.16406,1.620183,243.6309
934.8578: 1.464685,1.181319,1.597255,252.802
935.08: 1.289755,1.197768,1.574739,256.8456
935.3022: 1.147539,1.206369,1.580011,263.5862
935.5245: 1.030895,1.182766,1.574949,265.5075
935.7467: 0.8942844,1.1241,1.586015,269.7852
935.9689: 0.7360539,1.07863,1.612415,267.8889
936.1912: 0.5120454,1.079288,1.587449,259.3433
936.4133: 0.2872984,1.129268,1.606319,259.9388
936.6356: 0.093077,1.131948,1.603794,261.2672
936.8578: -0.07597107,1.104166,1.575134,262.2307
937.08: -0.2806831,1.056504,1.591205,263.0346
937.3022: -0.4758606,1.042202,1.583199,260.6878
937.5245: -0.6650157,1.064205,1.56054,257.299
937.7467: -0.870295,1.096211,1.578393,257.5114
937.9689: -1.039788,1.085946,1.563136,258.6713
938.1912: -1.235612,1.031366,1.563288,256.1877
938.4133: -1.420243,0.987144,1.581485,244.0174
938.6356: -1.621626,0.9897843,1.553764,237.7514
938.8578: -1.834672,1.018481,1.563848,228.9959
939.08: -1.991686,1.005198,1.570368,222.4258
939.3022: -2.13771,0.9410667,1.550591,220.7018
939.5245: -2.279454,0.831489,1.563458,221.2566
939.7467: -2.42555,0.7415136,1.560555,214.8524
939.9689: -2.549785,0.6789649,1.533463,204.2661
940.1912: -2.624408,0.5645157,1.5538,195.015
940.4133: -2.627915,0.4186921,1.536571,192.9738
940.6356: -2.597811,0.1877247,1.540174,197.8354
940.8578: -2.595058,0.00158955,1.556469,201.1516
941.08: -2.631018,-0.1495733,1.54407,200.8669
941.3022: -2.697309,-0.3407178,1.517825,197.673
941.5245: -2.75028,-0.5307451,1.544231,194.6158
941.7467: -2.756455,-0.7095998,1.53652,195.951
941.9689: -2.728127,-0.9034094,1.53322,199.6404
942.1912: -2.737437,-1.084271,1.545415,201.8445
942.4133: -2.808616,-1.25305,1.517844,206.5742
942.6356: -2.905264,-1.391749,1.501038,206.1788
942.8578: -2.963041,-1.499684,1.509829,207.0538
943.08: -2.975254,-1.560755,1.503679,210.1151
Trial Result: Success object: Plant | Time Spent: 9.828203
Trial No.:10 Ends
