Participant ID: 410
Maze Mode: testing
Participant ID: 410
Maze Mode: testing
Trial No.:8 Begins
User confirmed on object: Plant, this maze officially starts.
43.03333: -2.641761,-2.095574,1.673954,270.4885
43.25556: -2.629084,-2.106969,1.716949,270.8476
43.47778: -2.582795,-2.125457,1.756647,270.895
43.7: -2.54704,-2.146446,1.763189,270.7127
43.92222: -2.526857,-2.168235,1.757324,267.9294
44.14444: -2.520213,-2.176777,1.756644,272.581
44.36667: -2.520556,-2.162433,1.752917,289.54
44.58889: -2.524467,-2.16765,1.75428,291.0124
44.81111: -2.520655,-2.178158,1.755531,284.7932
45.03333: -2.514611,-2.173903,1.757704,287.7601
45.25556: -2.516353,-2.149965,1.756863,307.5314
45.47778: -2.524944,-2.129806,1.756893,301.4206
45.7: -2.53025,-2.11051,1.75874,279.8288
45.92222: -2.5223,-2.088791,1.756682,269.2276
46.14444: -2.519994,-2.076686,1.757077,262.8616
46.36667: -2.519132,-2.061261,1.755317,258.1581
46.58889: -2.520517,-2.042111,1.75499,259.6053
46.81111: -2.520605,-2.027804,1.752314,261.458
47.03333: -2.522719,-2.019789,1.749104,267.1703
47.25556: -2.539912,-2.040822,1.747414,271.0598
47.47778: -2.580865,-2.092987,1.743809,278.9569
47.7: -2.616023,-2.131107,1.753982,293.6096
47.92222: -2.638932,-2.136519,1.753685,327.0229
48.14444: -2.599994,-2.124089,1.734644,1.709309
48.36667: -2.546568,-2.113395,1.722142,18.9302
48.58889: -2.525946,-2.104284,1.718099,26.83007
48.81111: -2.555041,-2.079215,1.717615,26.78589
49.03333: -2.63468,-2.040829,1.71619,20.14333
49.25556: -2.723365,-1.996283,1.720808,11.01834
49.47778: -2.766255,-1.978783,1.717984,10.01379
49.7: -2.757525,-1.980095,1.718915,11.42116
49.92222: -2.734273,-1.990134,1.728205,22.79238
50.14445: -2.714837,-2.010422,1.732954,42.63559
50.36667: -2.715848,-2.036998,1.734802,66.6172
50.58889: -2.744042,-2.048295,1.735874,96.95509
50.81111: -2.780118,-2.03599,1.733956,124.004
51.03333: -2.804577,-2.029514,1.728441,138.6152
51.25556: -2.824202,-2.052429,1.725268,143.3447
51.47778: -2.822005,-2.10985,1.72926,141.7202
51.7: -2.793078,-2.148293,1.738563,114.1495
51.92222: -2.787605,-2.123635,1.741914,50.09121
52.14445: -2.825348,-2.12008,1.738961,15.18453
52.36667: -2.851657,-2.100218,1.731541,9.380941
52.58889: -2.897031,-2.056364,1.72111,9.679081
52.81111: -2.934796,-2.00117,1.709116,7.999573
53.03333: -2.949036,-1.958604,1.710056,13.94885
53.25556: -2.934543,-1.950479,1.712601,30.71012
53.47778: -2.895279,-2.075059,1.727575,89.20704
53.7: -2.93329,-2.219112,1.716111,125.9849
53.92222: -2.935838,-2.30704,1.690686,126.7144
54.14445: -2.913344,-2.361347,1.644867,122.4526
54.36667: -2.882175,-2.396781,1.616067,120.2755
54.58889: -2.853869,-2.39731,1.591565,121.4247
54.81111: -2.824682,-2.402728,1.592412,121.4624
55.03333: -2.794865,-2.438205,1.634624,115.8151
55.25556: -2.764292,-2.526414,1.670424,105.0444
55.47778: -2.741082,-2.662756,1.678475,93.97463
55.7: -2.741082,-2.662756,1.678475,93.97463
55.92222: -2.741082,-2.662756,1.678475,93.97463
56.14445: -2.741082,-2.662756,1.678475,93.97463
56.36667: -2.741082,-2.662756,1.678475,93.97463
56.58889: -2.741082,-2.662756,1.678475,93.97463
56.81111: -2.741082,-2.662756,1.678475,93.97463
57.03333: -2.741082,-2.662756,1.678475,93.97463
57.25556: -2.741082,-2.662756,1.678475,93.97463
57.47778: -2.741082,-2.662756,1.678475,93.97463
57.7: -2.741082,-2.662756,1.678475,93.97463
57.92222: -2.741082,-2.662756,1.678475,93.97463
58.14445: -2.741082,-2.662756,1.678475,93.97463
58.36667: -2.741082,-2.662756,1.678475,93.97463
58.58889: 0,0,0,0
58.81111: 0,0,0,0
59.03333: 0,0,0,0
59.25556: 0,0,0,0
59.47778: 0,0,0,0
59.7: 0,0,0,0
59.92222: 0,0,0,0
60.14445: 0,0,0,0
60.36667: 0,0,0,0
60.58889: 0,0,0,0
60.81111: 0,0,0,0
61.03333: 0,0,0,0
61.25556: 0,0,0,0
61.47778: -2.741082,-2.662756,1.678475,93.97463
61.7: -2.741082,-2.662756,1.678475,93.97463
61.92222: -2.741082,-2.662756,1.678475,93.97463
62.14445: -2.741082,-2.662756,1.678475,93.97463
62.36667: -2.741082,-2.662756,1.678475,93.97463
62.58889: -2.741082,-2.662756,1.678475,93.97463
62.81111: -2.741082,-2.662756,1.678475,93.97463
63.03333: -2.741082,-2.662756,1.678475,93.97463
63.25556: -2.741082,-2.662756,1.678475,93.97463
63.47778: -2.741082,-2.662756,1.678475,93.97463
63.7: -2.741082,-2.662756,1.678475,93.97463
63.92222: -2.741082,-2.662756,1.678475,93.97463
64.14445: -2.741082,-2.662756,1.678475,93.97463
64.36667: -2.741082,-2.662756,1.678475,93.97463
64.58889: -2.741082,-2.662756,1.678475,93.97463
64.81111: -2.741082,-2.662756,1.678475,93.97463
65.03333: -2.733397,-2.757545,1.685615,44.24951
65.25555: -2.733654,-2.750299,1.684314,40.75621
65.47778: -2.73541,-2.752045,1.686631,42.13765
65.7: -2.732481,-2.740374,1.691788,58.08732
65.92223: -2.731313,-2.75304,1.69179,62.34796
66.14445: -2.728764,-2.768879,1.688836,62.05553
66.36667: -2.728764,-2.768879,1.688836,62.05553
66.58889: -2.728764,-2.768879,1.688836,62.05553
66.81111: -2.728764,-2.768879,1.688836,62.05553
67.03333: -2.728764,-2.768879,1.688836,62.05553
67.25555: -2.728764,-2.768879,1.688836,62.05553
67.47778: -2.728764,-2.768879,1.688836,62.05553
67.7: -2.728764,-2.768879,1.688836,62.05553
67.92223: -2.728764,-2.768879,1.688836,62.05553
68.14445: -2.789433,-2.775627,1.375058,41.93381
68.36667: -2.789433,-2.775627,1.375058,41.93381
68.58889: -2.789433,-2.775627,1.375058,41.93381
68.81111: -2.789433,-2.775627,1.375058,41.93381
69.03333: -2.789433,-2.775627,1.375058,41.93381
69.25555: -2.789433,-2.775627,1.375058,41.93381
69.47778: -2.789433,-2.775627,1.375058,41.93381
69.7: -2.789433,-2.775627,1.375058,41.93381
69.92223: -2.789433,-2.775627,1.375058,41.93381
70.14445: -2.789433,-2.775627,1.375058,41.93381
70.36667: -2.789433,-2.775627,1.375058,41.93381
70.58889: -2.789433,-2.775627,1.375058,41.93381
70.81111: -2.789433,-2.775627,1.375058,41.93381
71.03333: -2.789433,-2.775627,1.375058,41.93381
71.25555: -2.789433,-2.775627,1.375058,41.93381
71.47778: -2.789433,-2.775627,1.375058,41.93381
71.7: -2.789433,-2.775627,1.375058,41.93381
71.92223: -2.789433,-2.775627,1.375058,41.93381
72.14445: -2.789433,-2.775627,1.375058,41.93381
72.36667: -2.789433,-2.775627,1.375058,41.93381
72.58889: -2.789433,-2.775627,1.375058,41.93381
72.81111: -2.789433,-2.775627,1.375058,41.93381
Trial Result: Fail at object:  | Time Spent: 30
Trial No.:8 Ends
Trial No.:7 Begins
User confirmed on object: Plant, this maze officially starts.
110.7111: -2.630437,-2.070324,1.51936,267.6724
110.9333: -2.633628,-2.076357,1.540404,268.6425
111.1556: -2.610709,-2.102402,1.579308,269.58
111.3778: -2.591917,-2.125722,1.590781,270.7195
111.6: -2.579176,-2.13356,1.591791,273.074
111.8222: -2.575243,-2.130286,1.590558,278.7589
112.0444: -2.576664,-2.130883,1.590941,280.8287
112.2667: -2.577831,-2.131037,1.589588,281.8419
112.4889: -2.579303,-2.142648,1.586822,279.4777
112.7111: -2.582204,-2.157591,1.584254,280.0433
112.9333: -2.584857,-2.167956,1.584786,281.584
113.1556: -2.597923,-2.165705,1.582523,283.0847
113.3778: -2.61471,-2.135519,1.581986,285.0916
113.6: -2.637285,-2.108119,1.571135,286.1859
113.8222: -2.664929,-2.105235,1.540476,285.133
114.0444: -2.707116,-2.130938,1.536017,286.549
114.2667: -2.735332,-2.188533,1.580227,298.9357
114.4889: -2.75122,-2.228806,1.590146,307.7072
114.7111: -2.761866,-2.249811,1.593078,315.7641
114.9333: -2.747427,-2.227818,1.577245,329.1362
115.1556: -2.706518,-2.192776,1.573686,341.2678
115.3778: -2.699032,-2.208471,1.588387,305.9575
115.6: -2.673389,-2.24046,1.597654,277.2134
115.8222: -2.658162,-2.237977,1.59461,278.2132
116.0444: -2.659161,-2.214149,1.570438,298.0871
116.2667: -2.640241,-2.15624,1.520064,334.7023
116.4889: -2.607866,-2.123646,1.471545,355.274
116.7111: -2.605621,-2.092566,1.475616,5.395897
116.9333: -2.649505,-2.045221,1.49192,12.05158
117.1556: -2.714939,-1.999926,1.510393,15.29578
117.3778: -2.778073,-1.955223,1.535537,18.35649
117.6: -2.822311,-1.926336,1.539271,21.06217
117.8222: -2.844028,-1.916391,1.53844,22.6935
118.0444: -2.837566,-1.910289,1.54364,29.03337
118.2667: -2.81118,-1.920888,1.548902,29.99309
118.4889: -2.792454,-1.931557,1.54374,20.25071
118.7111: -2.782714,-1.94159,1.526646,11.75231
118.9333: -2.787178,-1.944965,1.513891,4.452944
119.1556: -2.795223,-1.932231,1.511992,4.564951
119.3778: -2.822704,-1.889902,1.511987,8.925519
119.6: -2.879738,-1.823244,1.516535,19.83387
119.8222: -2.926901,-1.764661,1.530993,30.9169
120.0444: -2.949836,-1.727431,1.530361,46.18802
120.2667: -2.960178,-1.70213,1.528567,57.27562
120.4889: -2.955132,-1.671697,1.528247,58.09182
120.7111: -2.9391,-1.612497,1.523141,49.40904
120.9333: -2.925472,-1.511877,1.51312,22.28491
121.1556: -2.887393,-1.424151,1.526795,9.814618
121.3778: -2.851544,-1.329426,1.531071,4.73084
121.6: -2.845262,-1.216725,1.526895,5.04884
121.8222: -2.867222,-1.08128,1.52766,10.53361
122.0444: -2.897458,-0.9296287,1.543863,17.3486
122.2667: -2.90851,-0.7964238,1.552922,21.15429
122.4889: -2.894202,-0.6287272,1.543794,22.93247
122.7111: -2.853644,-0.4759803,1.548557,22.57162
122.9333: -2.842593,-0.349945,1.558418,22.08378
123.1556: -2.845044,-0.2326551,1.551687,26.31856
123.3778: -2.879302,-0.0888516,1.545721,33.8925
123.6: -2.934541,0.06185068,1.562943,38.72338
123.8222: -2.966343,0.1833119,1.568565,37.79546
124.0444: -2.955904,0.2879648,1.56518,39.10905
124.2667: -2.905607,0.3915864,1.562475,45.07016
124.4889: -2.825528,0.500855,1.574212,61.18451
124.7111: -2.789613,0.593657,1.582478,64.13885
124.9333: -2.762811,0.6884875,1.576767,73.97594
125.1556: -2.748014,0.8225428,1.585953,85.1329
125.3778: -2.732391,0.9171166,1.591151,89.06104
125.6: -2.69758,0.9776901,1.591262,84.47835
125.8222: -2.647227,1.017994,1.591186,64.34502
126.0444: -2.58667,1.015038,1.598788,48.32566
126.2667: -2.507117,1.002296,1.610704,37.24815
126.4889: -2.417866,0.9883845,1.604886,40.70087
126.7111: -2.331358,0.9881858,1.617627,63.35308
126.9333: -2.263447,1.007458,1.619476,83.5439
127.1556: -2.209005,1.03886,1.611806,89.48006
127.3778: -2.118489,1.058929,1.595077,91.99938
127.6: -1.992251,1.043587,1.584946,93.96922
127.8222: -1.840839,1.000445,1.603389,94.21481
128.0444: -1.704414,0.991084,1.612344,92.38081
128.2667: -1.567341,1.008412,1.607871,91.73595
128.4889: -1.410157,1.054624,1.611944,93.22957
128.7111: -1.283941,1.08364,1.628826,87.41089
128.9333: -1.156053,1.087577,1.619233,75.23705
129.1556: -1.027687,1.051843,1.610708,68.09502
129.3778: -0.9076428,0.9966747,1.637812,81.44007
129.6: -0.7928563,0.9731557,1.64701,91.84743
129.8222: -0.6570163,0.9915445,1.633277,95.34657
130.0444: -0.4939852,1.052188,1.621945,97.7883
130.2667: -0.3497553,1.108385,1.640073,96.97567
130.4889: -0.2137057,1.125608,1.641909,96.94151
130.7111: -0.1169101,1.113894,1.644319,81.84486
130.9333: -0.08163012,1.133269,1.658508,31.89213
131.1556: -0.07811168,1.125745,1.661663,9.332221
131.3778: -0.08220947,1.14313,1.658723,352.0576
131.6: -0.1043537,1.175444,1.656774,342.0968
131.8222: -0.06800097,1.19715,1.670214,19.98242
132.0444: -0.0003073877,1.142207,1.67561,74.43351
132.2667: 0.08248298,1.067001,1.657197,87.33131
132.4889: 0.2015694,0.9892762,1.660452,86.95548
132.7111: 0.3199191,0.9497948,1.6684,88.88965
132.9333: 0.3934846,0.9729019,1.665512,89.21548
133.1556: 0.4435056,1.001082,1.665537,97.40762
133.3778: 0.5185074,1.012325,1.664036,100.2885
133.6: 0.652705,0.9994038,1.648115,94.70013
133.8222: 0.8349015,0.954541,1.661074,82.63033
134.0444: 0.9903311,0.9277426,1.685862,74.77344
134.2667: 1.147601,0.9354493,1.676277,75.31333
134.4889: 1.305774,0.9844466,1.666642,81.32319
134.7111: 1.506613,1.048356,1.664768,86.55741
134.9333: 1.678782,1.061427,1.626482,86.53285
135.1556: 1.880976,1.036494,1.62048,85.38869
135.3778: 2.03313,1.025385,1.633008,85.27132
135.6: 2.197402,1.056703,1.647158,84.24907
135.8222: 2.333016,1.112587,1.643893,85.85137
136.0444: 2.453194,1.139565,1.66228,87.78448
136.2667: 2.552897,1.131919,1.658907,85.04137
136.4889: 2.65467,1.087934,1.667184,82.76624
Trial Result: Success object: Trashcan | Time Spent: 26.17657
Trial No.:7 Ends
Trial No.:17 Begins
User confirmed on object: Harp, this maze officially starts.
159.4667: 1.848762,-1.075221,1.691435,329.2096
159.6889: 1.818463,-1.10545,1.686715,329.1346
159.9111: 1.791959,-1.134874,1.690316,322.2532
160.1333: 1.775497,-1.159839,1.692845,315.3509
160.3556: 1.788632,-1.156264,1.69425,334.3055
160.5778: 1.800688,-1.150304,1.693128,352.4652
160.8: 1.805332,-1.141826,1.691926,3.987465
161.0222: 1.804124,-1.130819,1.690674,7.158634
161.2444: 1.79363,-1.116187,1.686276,359.1444
161.4667: 1.769573,-1.109273,1.669323,339.566
161.6889: 1.750438,-1.116903,1.643208,323.2252
161.9111: 1.766719,-1.113639,1.643709,332.2957
162.1333: 1.81587,-1.103197,1.646868,6.025034
162.3556: 1.897322,-1.10977,1.647817,24.25108
162.5778: 2.005513,-1.10423,1.649909,24.97742
162.8: 2.099597,-1.093375,1.654244,23.56694
163.0222: 2.167819,-1.084125,1.656595,16.60352
163.2444: 2.254093,-1.075921,1.650536,12.00978
163.4667: 2.293591,-1.067794,1.639986,8.616969
163.6889: 2.276537,-1.062762,1.639726,9.05934
163.9111: 2.231843,-1.058676,1.647424,8.792419
164.1333: 2.13725,-1.059214,1.660181,338.7591
164.3556: 2.012728,-1.133509,1.658753,286.3653
164.5778: 1.941493,-1.178946,1.650397,274.7057
164.8: 1.87671,-1.193066,1.635191,277.3224
165.0222: 1.806368,-1.169474,1.628833,284.9853
165.2444: 1.733103,-1.114151,1.629566,287.5813
165.4667: 1.683018,-1.087795,1.631439,285.7518
165.6889: 1.633374,-1.105709,1.631871,286.1683
165.9111: 1.581542,-1.16278,1.626218,287.9577
166.1333: 1.513381,-1.250719,1.622762,281.588
166.3556: 1.465158,-1.310852,1.622363,273.6708
166.5778: 1.440275,-1.318036,1.627396,279.0393
166.8: 1.443375,-1.288651,1.635821,296.3074
167.0222: 1.526524,-1.232976,1.651154,336.3839
167.2444: 1.685644,-1.208673,1.651723,19.99818
167.4667: 1.815361,-1.199002,1.649007,24.00937
167.6889: 1.918254,-1.189328,1.655557,23.95053
167.9111: 2.001393,-1.167592,1.652495,23.46906
168.1333: 2.068501,-1.111133,1.642928,21.37446
168.3556: 2.1154,-1.037601,1.640588,22.04771
168.5778: 2.151063,-0.9732813,1.640171,22.95193
168.8: 2.219819,-0.9183682,1.648723,19.65499
169.0222: 2.336263,-0.8720526,1.639303,11.98483
169.2444: 2.493575,-0.808689,1.659935,0.9284973
169.4667: 2.584989,-0.7350194,1.654842,354.2168
169.6889: 2.63201,-0.6242872,1.655197,347.5085
169.9111: 2.639063,-0.5007908,1.649639,347.3661
170.1333: 2.653203,-0.3790846,1.669622,351.9123
170.3556: 2.682865,-0.2391573,1.68107,354.4729
170.5778: 2.732258,-0.08217318,1.665371,347.3423
170.8: 2.762767,0.06486396,1.689931,324.3867
171.0222: 2.765368,0.1814448,1.69837,306.0086
171.2444: 2.727432,0.330599,1.684243,300.7627
171.4667: 2.691362,0.4721007,1.695094,329.658
171.6889: 2.683613,0.5899235,1.715199,351.2515
171.9111: 2.68139,0.7073112,1.706163,356.5428
172.1333: 2.704275,0.8358041,1.689288,357.297
172.3556: 2.742729,1.013362,1.706684,354.6986
172.5778: 2.758362,1.165336,1.717991,351.9383
172.8: 2.746886,1.304148,1.716965,351.7698
173.0222: 2.701166,1.44542,1.709827,349.4007
173.2444: 2.657001,1.572525,1.722887,340.7723
173.4667: 2.636595,1.735267,1.729776,332.2841
173.6889: 2.653103,1.881266,1.724665,328.3383
173.9111: 2.680517,2.065206,1.745854,321.9271
174.1333: 2.670626,2.192513,1.751124,315.6176
174.3556: 2.630918,2.299638,1.732011,307.5559
174.5778: 2.58423,2.387818,1.728045,300.6557
174.8: 2.555357,2.486268,1.730996,292.876
175.0222: 2.527292,2.613675,1.734236,282.2815
175.2444: 2.498704,2.747834,1.758864,267.5096
175.4667: 2.472207,2.83813,1.752582,243.9469
175.6889: 2.430594,2.88974,1.742149,238.3628
175.9111: 2.363939,2.931129,1.743739,247.1134
176.1333: 2.284402,2.9641,1.753001,264.4742
176.3556: 2.171361,2.974075,1.755325,267.9722
176.5778: 2.048717,2.994137,1.761686,266.2014
176.8: 1.90279,3.032639,1.742512,262.8005
177.0222: 1.724325,3.10881,1.7273,263.7437
177.2444: 1.53739,3.173354,1.748221,262.3843
177.4667: 1.342363,3.187157,1.748391,258.4489
177.6889: 1.192915,3.162312,1.723632,253.6396
177.9111: 1.04872,3.122495,1.72277,245.997
178.1333: 0.95118,3.095137,1.729012,225.5889
178.3556: 0.8145337,3.103216,1.717916,210.3219
178.5778: 0.6373736,3.148495,1.722579,212.6105
178.8: 0.4874968,3.181115,1.72932,220.4692
179.0222: 0.3385754,3.18926,1.723429,241.6087
179.2444: 0.1785225,3.159673,1.702754,258.0825
179.4667: -0.01415273,3.104137,1.702929,264.7419
179.6889: -0.1593917,3.07871,1.707442,267.6648
179.9111: -0.3081167,3.071878,1.68806,263.3033
180.1333: -0.4577433,3.075673,1.691807,251.1105
180.3556: -0.6106164,3.069059,1.696168,244.9181
180.5778: -0.7581716,3.057921,1.687492,252.1438
180.8: -0.8925608,3.024617,1.675501,262.9503
181.0222: -1.02222,2.987888,1.679534,265.3269
181.2444: -1.142818,2.986188,1.669425,266.3181
181.4667: -1.297914,3.0222,1.637826,265.5878
181.6889: -1.467706,3.08969,1.63518,264.4425
181.9111: -1.604021,3.113607,1.615051,262.7995
182.1333: -1.72884,3.104466,1.587082,260.7595
182.3556: -1.844181,3.07569,1.585438,261.9767
182.5778: -1.970905,3.056388,1.622844,263.3881
182.8: -2.101936,3.064737,1.631616,263.5952
183.0222: -2.262146,3.106884,1.639316,263.3611
183.2444: -2.384769,3.129515,1.644044,260.7487
183.4667: -2.464959,3.130255,1.622805,257.9344
Trial Result: Success object: Stove | Time Spent: 24.3065
Trial No.:17 Ends
Trial No.:18 Begins
User confirmed on object: Harp, this maze officially starts.
199.9333: 1.756679,-1.094481,1.654029,340.7467
200.1556: 1.729437,-1.134806,1.665695,350.7606
200.3778: 1.686579,-1.182674,1.68405,355.2989
200.6: 1.655659,-1.205924,1.694771,358.2281
200.8222: 1.659155,-1.211135,1.687839,1.149252
201.0444: 1.685062,-1.198696,1.683777,2.329048
201.2667: 1.714728,-1.176066,1.686106,2.1943
201.4889: 1.740836,-1.162675,1.693323,358.7129
201.7111: 1.754768,-1.151447,1.691594,347.861
201.9333: 1.768379,-1.130945,1.691334,347.8025
202.1556: 1.740832,-1.139319,1.691394,358.6938
202.3778: 1.665514,-1.184612,1.690711,5.97377
202.6: 1.576859,-1.217144,1.681347,358.9784
202.8222: 1.442457,-1.252902,1.635072,319.5999
203.0444: 1.354952,-1.28643,1.612965,286.9538
203.2667: 1.312375,-1.260254,1.618307,286.2148
203.4889: 1.281497,-1.208015,1.619203,295.7582
203.7111: 1.252183,-1.176425,1.625406,303.1992
203.9333: 1.160062,-1.15363,1.62011,306.3084
204.1556: 1.024767,-1.157654,1.606778,309.774
204.3778: 0.8637483,-1.173276,1.62051,314.1784
204.6: 0.7615051,-1.163508,1.620081,316.9229
204.8222: 0.6439767,-1.12189,1.618121,323.1452
205.0444: 0.553923,-1.070268,1.614158,324.418
205.2667: 0.482241,-1.04441,1.619245,329.4532
205.4889: 0.3995381,-1.033745,1.621596,337.3534
205.7111: 0.3048214,-1.0373,1.618646,349.2686
205.9333: 0.2048741,-1.031123,1.620279,355.9855
206.1556: 0.1497426,-1.023822,1.614604,357.7358
206.3778: 0.114623,-1.022621,1.609148,358.741
206.6: 0.09398577,-1.008681,1.609061,0.5278083
206.8222: 0.08457826,-0.9748811,1.610331,2.475485
207.0444: 0.09289454,-0.9200897,1.614638,2.666318
207.2667: 0.1100119,-0.8856856,1.607704,3.166414
207.4889: 0.1014007,-0.8937029,1.619629,359.581
207.7111: 0.06082604,-0.9139588,1.619022,349.9298
207.9333: 0.01895558,-0.9265453,1.610162,352.6994
208.1556: -0.006447416,-0.9014589,1.592149,348.2996
208.3778: -0.01193472,-0.8100194,1.575049,342.1294
208.6: 0.01985556,-0.6466407,1.587569,341.8006
208.8222: 0.04652705,-0.4975075,1.612306,341.793
209.0444: 0.04225785,-0.3530029,1.63057,340.6857
209.2667: 0.01824174,-0.2073943,1.620447,346.2644
209.4889: -0.02074864,-0.05952618,1.630235,351.2394
209.7111: -0.02161411,0.08942969,1.639548,355.7598
209.9333: 0.03155649,0.2384818,1.620817,6.712051
210.1556: 0.1281758,0.3896848,1.63084,25.27125
210.3778: 0.1702318,0.4985852,1.641718,37.65689
210.6: 0.1810994,0.5925205,1.642712,56.14794
210.8222: 0.1567139,0.6674964,1.653083,62.92515
211.0444: 0.1316459,0.746654,1.650626,69.96088
211.2667: 0.1239173,0.7755446,1.653115,85.15904
211.4889: 0.1393842,0.8076967,1.653301,90.08208
211.7111: 0.1880056,0.8226333,1.651356,87.6338
211.9333: 0.2521262,0.8385807,1.660219,76.68521
212.1556: 0.3189577,0.8582685,1.670618,59.93743
212.3778: 0.3580453,0.8697042,1.672922,53.84414
212.6: 0.3808523,0.8851284,1.669743,51.97418
212.8222: 0.3940454,0.9008257,1.665082,62.28519
213.0444: 0.3739647,0.9261051,1.664166,75.84928
213.2667: 0.3495191,0.9522033,1.665002,81.06758
213.4889: 0.3355633,0.9767275,1.665661,80.56438
213.7111: 0.3081471,1.014573,1.670682,58.68761
213.9333: 0.2377447,1.047067,1.682122,14.91699
214.1556: 0.1788654,1.051152,1.668278,351.2886
214.3778: 0.1668526,1.080511,1.658715,346.7821
214.6: 0.169579,1.148742,1.659224,344.5841
214.8222: 0.1811334,1.237667,1.666721,345.8842
215.0444: 0.170381,1.311369,1.662963,349.35
215.2667: 0.1120816,1.409837,1.652859,349.6207
215.4889: 0.01444541,1.520157,1.64493,349.4147
215.7111: -0.04757715,1.61703,1.654426,346.9197
215.9333: -0.07534781,1.764632,1.649345,347.015
216.1556: -0.05178319,1.950073,1.646163,340.96
216.3778: -0.03809736,2.107378,1.68272,323.6962
216.6: -0.05665206,2.221824,1.693237,312.8128
216.8222: -0.08568419,2.290508,1.684898,313.6921
217.0444: -0.09983543,2.379419,1.690062,307.19
217.2667: -0.1050284,2.50948,1.683388,287.4281
217.4889: -0.1013117,2.672682,1.685375,259.9788
217.7111: -0.09483535,2.814913,1.709917,246.7526
217.9333: -0.10026,2.862771,1.719173,233.57
218.1556: -0.0356874,2.808832,1.709646,177.1289
218.3778: 0.02007426,2.88637,1.697009,137.5632
218.6: -0.0026017,2.971866,1.702788,120.9513
218.8222: -0.01501017,3.032958,1.701937,108.3503
219.0444: -0.004175872,3.068667,1.706239,103.0969
219.2667: 0.04506704,3.085361,1.698573,101.3079
219.4889: 0.130005,3.104433,1.706501,98.86758
219.7111: 0.2214603,3.136187,1.708277,97.03114
219.9333: 0.2826253,3.161697,1.713558,97.80878
220.1556: 0.3145066,3.178444,1.719202,102.8364
220.3778: 0.3034823,3.180757,1.709321,104.8268
220.6: 0.2775891,3.176467,1.708021,104.712
220.8222: 0.2637782,3.175426,1.710173,103.1764
221.0444: 0.2690537,3.178504,1.713097,100.3317
221.2667: 0.2973119,3.173419,1.717175,104.9186
221.4889: 0.2928929,3.128649,1.736815,152.2386
221.7111: 0.2350132,3.14799,1.738854,218.4696
221.9333: 0.2289105,3.188351,1.731287,250.3807
222.1556: 0.2149264,3.190936,1.729239,254.4401
222.3778: 0.1914143,3.168574,1.735256,242.2693
222.6: 0.2482183,3.108166,1.744933,187.7376
222.8222: 0.3646705,3.136126,1.738927,139.4405
223.0444: 0.4371359,3.172713,1.734436,129.4462
223.2667: 0.533208,3.219541,1.738981,118.8048
223.4889: 0.6361686,3.245318,1.73822,113.5696
223.7111: 0.7606405,3.246258,1.725843,109.8816
223.9333: 0.9048814,3.217639,1.720862,104.2424
224.1556: 1.046459,3.193738,1.740152,105.6057
224.3778: 1.205902,3.215796,1.730647,99.6493
224.6: 1.336633,3.285409,1.718617,73.2522
224.8222: 1.413241,3.329674,1.716395,53.65779
225.0444: 1.472902,3.327124,1.724736,66.61861
225.2667: 1.553793,3.280771,1.737502,97.7905
225.4889: 1.627775,3.199522,1.738581,130.2288
225.7111: 1.703367,3.140732,1.740814,139.0404
225.9333: 1.813298,3.110628,1.747079,143.7579
226.1556: 1.971567,3.095849,1.734379,148.2234
226.3778: 2.169536,3.089012,1.753353,153.1239
226.6: 2.285384,3.062295,1.760959,155.8199
226.8222: 2.337398,3.015434,1.757082,171.3141
227.0444: 2.361265,2.998795,1.752428,179.8011
227.2667: 2.413258,2.987709,1.75978,184.6038
227.4889: 2.444733,2.977303,1.765814,210.618
227.7111: 2.431265,2.984852,1.763944,251.2188
227.9333: 2.382607,2.997407,1.761385,270.1197
228.1556: 2.253444,3.023675,1.758706,264.9754
228.3778: 1.980207,3.108459,1.778158,250.4355
228.6: 1.727746,3.133576,1.76758,248.3862
228.8222: 1.485057,3.067008,1.698462,253.2214
229.0444: 1.273903,2.997237,1.702054,260.9542
229.2667: 1.037847,2.979056,1.73284,262.1531
229.4889: 0.7896961,3.014981,1.694023,261.5383
229.7111: 0.5473157,3.046223,1.720276,259.756
Trial Result: Fail at object:  | Time Spent: 30
Trial No.:18 Ends
Trial No.:10 Begins
User confirmed on object: Bookshelf, this maze officially starts.
249.9889: 1.698405,1.107372,1.741967,177.6648
250.2111: 1.705762,1.105453,1.743706,176.6074
250.4333: 1.727627,1.131929,1.756458,179.6342
250.6556: 1.746603,1.168757,1.755112,194.6214
250.8778: 1.77161,1.200673,1.752815,212.6003
251.1: 1.794637,1.195919,1.740804,211.8629
251.3222: 1.816411,1.180619,1.714849,180.2441
251.5444: 1.823776,1.206089,1.715404,142.0713
251.7667: 1.785979,1.250922,1.712214,105.3858
251.9889: 1.725847,1.259759,1.713202,95.09154
252.2111: 1.693553,1.251855,1.713252,105.2822
252.4333: 1.682978,1.289416,1.711565,113.4576
252.6556: 1.695877,1.318053,1.718074,134.8807
252.8778: 1.653985,1.312742,1.722698,192.299
253.1: 1.58218,1.347629,1.714368,227.5848
253.3222: 1.488404,1.382732,1.703441,242.3348
253.5444: 1.365175,1.395971,1.695626,240.1819
253.7667: 1.235658,1.397233,1.698744,234.455
253.9889: 1.133166,1.370769,1.696396,228.6512
254.2111: 1.047311,1.318549,1.690839,228.8173
254.4333: 0.9660177,1.257334,1.6912,243.709
254.6556: 0.8871118,1.201679,1.69533,256.1204
254.8778: 0.787677,1.163331,1.68936,258.2568
255.1: 0.679841,1.148255,1.673115,231.8967
255.3222: 0.5642753,1.171227,1.682881,200.7411
255.5444: 0.4545294,1.197098,1.684847,199.372
255.7667: 0.3597667,1.19811,1.685684,201.3096
255.9889: 0.2855591,1.175372,1.688967,203.8844
256.2111: 0.2290277,1.129311,1.681993,202.6728
256.4333: 0.2015205,1.066881,1.670589,184.9778
256.6555: 0.1691332,1.025857,1.675345,168.1079
256.8778: 0.09204587,1.00719,1.673559,172.3377
257.1: 0.02445924,0.9797838,1.670277,178.5556
257.3222: -0.01108114,0.9352949,1.671537,181.3631
257.5445: -0.01966129,0.8603643,1.663073,188.1614
257.7667: 0.01197274,0.7628907,1.652025,193.2126
257.9889: 0.05691175,0.6700265,1.662381,193.6664
258.2111: 0.07162149,0.5968384,1.655249,196.3305
258.4333: 0.06444653,0.5329586,1.652958,200.8464
258.6555: 0.04646656,0.4257578,1.641214,193.0045
258.8778: 0.01692284,0.2692869,1.642111,157.8831
259.1: -0.01924041,0.1576186,1.647371,139.2469
259.3222: -0.04680659,0.04007233,1.640426,140.9374
259.5445: -0.04001503,-0.08527289,1.622874,141.6622
259.7667: 0.002302592,-0.2084842,1.611045,131.7264
259.9889: 0.0249863,-0.3330176,1.625021,120.45
260.2111: 0.007563714,-0.4714563,1.622544,122.9506
260.4333: -0.08518993,-0.619516,1.621941,166.3135
260.6555: -0.1723883,-0.7267254,1.608889,202.8727
260.8778: -0.2091681,-0.8378514,1.606959,212.003
261.1: -0.2280203,-0.9164469,1.600294,222.9416
261.3222: -0.2750314,-0.9740093,1.596156,247.4444
261.5445: -0.3476964,-1.041434,1.588067,245.923
261.7667: -0.4485766,-1.117194,1.568098,214.2102
261.9889: -0.6132934,-1.179018,1.583796,189.597
262.2111: -0.7407075,-1.250597,1.591806,179.6832
262.4333: -0.8086797,-1.354479,1.579785,175.9453
262.6555: -0.8282887,-1.488264,1.568999,175.7427
262.8778: -0.8275526,-1.631224,1.56707,174.4706
263.1: -0.8480318,-1.821136,1.557621,166.1971
263.3222: -0.8908445,-2.01119,1.52518,160.7381
263.5445: -0.9436821,-2.212965,1.543271,183.1676
263.7667: -0.9590009,-2.332944,1.547952,220.7806
263.9889: -0.9072896,-2.449362,1.532808,239.601
264.2111: -0.8575567,-2.557549,1.542667,239.4752
264.4333: -0.7635194,-2.705516,1.535409,175.1384
264.6555: -0.6905428,-2.766422,1.52837,100.9075
264.8778: -0.705319,-2.882252,1.533848,67.91143
265.1: -0.6784808,-3.015077,1.546592,66.64717
265.3222: -0.628094,-3.053717,1.54731,70.46121
265.5445: -0.5910486,-3.024867,1.538256,73.71199
265.7667: -0.5756793,-3.000906,1.542561,71.85443
265.9889: -0.5488357,-3.016993,1.545909,75.37801
266.2111: -0.4865239,-3.06977,1.544258,80.00602
266.4333: -0.4100567,-3.144142,1.544811,76.98186
266.6555: -0.3692816,-3.177956,1.549966,52.50702
266.8778: -0.4348809,-3.189864,1.553379,352.6193
267.1: -0.5181267,-3.232736,1.551031,320.1958
267.3222: -0.6040449,-3.243815,1.538358,316.7488
267.5445: -0.7046102,-3.256926,1.529671,306.1936
267.7667: -0.7808995,-3.26891,1.524497,294.5042
267.9889: -0.8113946,-3.254602,1.520696,291.4962
268.2111: -0.8445336,-3.21225,1.48341,291.7584
268.4333: -0.9680752,-3.1934,1.458428,289.3132
268.6555: -1.147323,-3.214721,1.47729,295.9325
268.8778: -1.338161,-3.215108,1.514873,297.6963
269.1: -1.540563,-3.145985,1.492337,300.056
269.3222: -1.728695,-3.03022,1.479932,298.2067
269.5445: -1.927401,-2.946854,1.514013,299.6226
269.7667: -2.115088,-2.893828,1.490337,302.7388
269.9889: -2.326747,-2.847908,1.467529,309.779
270.2111: -2.492569,-2.779046,1.501707,312.3537
270.4333: -2.60917,-2.667012,1.47659,313.0438
270.6555: -2.701974,-2.50773,1.483517,309.6747
270.8778: -2.756617,-2.404516,1.489235,305.5944
Trial Result: Success object: Plant | Time Spent: 21.11233
Trial No.:10 Ends
Trial No.:14 Begins
User confirmed on object: Telescope, this maze officially starts.
297.2222: -2.799992,0.07193466,1.661333,93.83209
297.4445: -2.804632,0.06184053,1.687455,89.62194
297.6667: -2.83665,0.06597478,1.722277,85.50027
297.8889: -2.849825,0.07554525,1.723837,86.78793
298.1111: -2.859231,0.09160529,1.725149,91.18115
298.3333: -2.87037,0.1022818,1.723372,96.88776
298.5556: -2.877712,0.1229388,1.719775,98.19219
298.7778: -2.88512,0.1470384,1.717781,103.8392
299: -2.889735,0.1854081,1.716188,107.0037
299.2222: -2.893058,0.218365,1.71128,106.8848
299.4445: -2.8902,0.2270016,1.704325,117.3493
299.6667: -2.887622,0.1854827,1.678685,148.5075
299.8889: -2.908486,0.1197693,1.656529,166.0415
300.1111: -2.9378,0.02444782,1.661868,171.899
300.3333: -2.963554,-0.08049316,1.673747,175.5576
300.5556: -2.956864,-0.1469497,1.67602,175.5772
300.7778: -2.926654,-0.1832858,1.683044,174.3435
301: -2.876402,-0.1713795,1.693164,169.183
301.2222: -2.833588,-0.1465477,1.692621,159.138
301.4445: -2.824241,-0.1335733,1.6963,156.1323
301.6667: -2.847428,-0.1331375,1.703775,155.4182
301.8889: -2.851399,-0.1316253,1.705198,154.5145
302.1111: -2.851399,-0.1316253,1.705198,154.5145
302.3333: -2.851399,-0.1316253,1.705198,154.5145
302.5556: -2.851399,-0.1316253,1.705198,154.5145
302.7778: -2.851399,-0.1316253,1.705198,154.5145
303: -2.851399,-0.1316253,1.705198,154.5145
303.2222: -2.788443,-0.2014092,1.67529,94.09121
303.4445: -2.793503,-0.189957,1.679183,99.67963
303.6667: -2.790546,-0.2020829,1.686256,111.9031
303.8889: -2.784492,-0.2211218,1.684183,141.3809
304.1111: -2.767715,-0.2054308,1.698556,140.6724
304.3333: -2.766718,-0.1594538,1.71916,101.2201
304.5556: -2.813327,-0.1451193,1.729121,77.41898
304.7778: -2.866644,-0.1490768,1.722916,59.18127
305: -2.883456,-0.1684813,1.695806,58.62901
305.2222: -2.87274,-0.2323167,1.689388,88.22841
305.4445: -2.89902,-0.3388675,1.679217,141.9643
305.6667: -2.907997,-0.4017766,1.670599,162.7307
305.8889: -2.874139,-0.4922459,1.666039,170.829
306.1111: -2.816119,-0.6027429,1.665489,178.7678
306.3333: -2.764082,-0.7108196,1.671264,181.5932
306.5556: -2.74436,-0.7957697,1.673908,183.4339
306.7778: -2.759459,-0.8878881,1.671443,178.8072
307: -2.771378,-0.9725258,1.680616,162.0484
307.2222: -2.77298,-1.020862,1.68299,146.0639
307.4445: -2.776999,-1.065998,1.676782,133.7661
307.6667: -2.759186,-1.085886,1.676214,115.0514
307.8889: -2.735506,-1.104959,1.677192,104.9074
308.1111: -2.702983,-1.126963,1.677359,102.4239
308.3333: -2.656644,-1.144245,1.666875,97.19727
308.5556: -2.633774,-1.142031,1.653825,79.40077
308.7778: -2.647433,-1.167024,1.653246,64.53698
309: -2.702145,-1.176886,1.658577,29.98474
309.2222: -2.725513,-1.159496,1.663206,17.27007
309.4445: -2.722643,-1.021435,1.625046,21.43474
309.6667: -2.766323,-0.7211276,1.644983,26.10164
309.8889: -2.799116,-0.4123338,1.644529,21.84749
310.1111: -2.784361,-0.1836782,1.598612,15.32691
310.3333: -2.719013,0.02835899,1.632301,19.60925
310.5556: -2.685722,0.1996095,1.66737,29.33502
310.7778: -2.666987,0.3769245,1.64699,37.00987
311: -2.643024,0.5835758,1.658522,48.42797
311.2222: -2.57318,0.7333162,1.674406,62.46358
311.4445: -2.475148,0.8342673,1.660641,67.71532
311.6667: -2.355381,0.912843,1.653865,60.94841
311.8889: -2.271051,1.014196,1.666897,39.09129
312.1111: -2.220991,1.092019,1.662235,29.44996
312.3333: -2.186251,1.162775,1.665504,30.2293
312.5556: -2.132526,1.209261,1.662642,45.17921
312.7778: -2.069185,1.219937,1.665061,57.73249
313: -2.00827,1.227637,1.655373,45.36165
313.2222: -1.966493,1.245075,1.647096,23.66005
313.4445: -1.940305,1.270467,1.649833,25.73293
313.6667: -1.945165,1.307101,1.658251,37.35474
313.8889: -1.959488,1.344786,1.659341,43.28668
314.1111: -1.97171,1.385596,1.655508,42.75371
314.3333: -1.94867,1.398173,1.658409,52.65908
314.5556: -1.924384,1.382951,1.655556,63.46393
314.7778: -1.889319,1.350976,1.655766,74.7113
315: -1.822161,1.292099,1.64895,83.20926
315.2222: -1.711036,1.184451,1.635386,87.13508
315.4445: -1.573547,1.062926,1.655947,88.79085
315.6667: -1.442477,1.001715,1.657923,90.29487
315.8889: -1.30411,1.004087,1.645073,92.77493
316.1111: -1.142319,1.05867,1.64516,92.20537
316.3333: -1.038688,1.080095,1.653365,90.8272
316.5556: -0.915684,1.065534,1.648823,96.75703
316.7778: -0.7872978,1.020846,1.633909,99.04908
317: -0.6415971,0.9663219,1.645411,99.41626
317.2222: -0.5298806,0.9410102,1.648667,99.85406
317.4445: -0.4272544,0.9138186,1.64481,120.3074
317.6667: -0.3270854,0.9078041,1.64631,146.6442
317.8889: -0.2316666,0.9124382,1.651281,159.6391
318.1111: -0.1700372,0.8735318,1.646597,171.2426
318.3333: -0.1524468,0.7694468,1.625662,182.2348
318.5556: -0.156774,0.6034841,1.617299,185.2759
318.7778: -0.1546099,0.4823198,1.631057,197.8829
319: -0.110777,0.3556069,1.619385,216.052
Trial Result: Success object: Wheelbarrow | Time Spent: 22.1339
Trial No.:14 Ends
Trial No.:4 Begins
User confirmed on object: Piano, this maze officially starts.
335.6889: 1.720459,3.086425,1.615018,175.739
335.9111: 1.723819,3.102173,1.652506,174.8516
336.1333: 1.750476,3.146833,1.690771,176.8871
336.3556: 1.788998,3.19059,1.698961,179.0709
336.5778: 1.806944,3.216032,1.695393,191.5257
336.8: 1.823448,3.236044,1.693212,199.81
337.0222: 1.850302,3.247255,1.685051,184.3621
337.2444: 1.883872,3.257151,1.662251,162.3101
337.4667: 1.934929,3.284909,1.63401,129.6505
337.6889: 1.951062,3.317382,1.631599,105.3371
337.9111: 1.942421,3.302712,1.638108,99.00745
338.1333: 1.921024,3.233189,1.64879,125.1721
338.3556: 1.910669,3.181302,1.640995,146.5561
338.5778: 1.955452,3.171128,1.636832,147.1328
338.8: 2.055,3.174583,1.626697,148.5026
339.0222: 2.167592,3.19024,1.642999,155.6711
339.2444: 2.236722,3.196428,1.642548,161.278
339.4667: 2.245057,3.188843,1.648064,184.1293
339.6889: 2.221601,3.187871,1.648098,210.3479
339.9111: 2.191441,3.179062,1.646346,221.7235
340.1333: 2.137206,3.177771,1.649875,233.9623
340.3556: 2.088433,3.167614,1.64849,239.3722
340.5778: 2.039548,3.157409,1.646806,241.3266
340.8: 2.015637,3.149482,1.639374,242.6719
341.0222: 2.026711,3.111874,1.642934,231.3012
341.2444: 2.119194,3.053528,1.638993,193.0122
341.4667: 2.27005,3.03377,1.627393,167.4259
341.6889: 2.394289,3.007397,1.642005,169.0957
341.9111: 2.476032,2.975964,1.648206,173.9228
342.1333: 2.522779,2.946822,1.647527,180.3781
342.3556: 2.540475,2.920965,1.653753,187.5834
342.5778: 2.519228,2.904524,1.662791,202.691
342.8: 2.486533,2.871742,1.650784,196.4121
343.0222: 2.478198,2.837418,1.633631,187.2748
343.2444: 2.526996,2.767828,1.612144,183.6716
343.4667: 2.652718,2.647776,1.597793,181.2894
343.6889: 2.764576,2.50832,1.619439,184.2026
343.9111: 2.81727,2.356703,1.62201,193.7584
344.1333: 2.819316,2.182326,1.608912,199.0155
344.3556: 2.804447,1.97036,1.638416,199.4184
344.5778: 2.855907,1.729077,1.640375,184.2235
344.8: 2.913689,1.512717,1.601005,180.111
345.0222: 2.953275,1.303248,1.62367,179.2761
345.2444: 2.93715,1.130652,1.629986,187.0969
345.4667: 2.882625,0.9131343,1.608679,196.8272
345.6889: 2.820879,0.6732364,1.642837,200.0814
345.9111: 2.812785,0.4598108,1.649152,197.6001
346.1333: 2.818607,0.2300695,1.614261,200.7223
346.3556: 2.815645,0.001879656,1.644057,207.7265
346.5778: 2.765683,-0.2351738,1.643291,219.0526
346.8: 2.680948,-0.41907,1.626493,230.3031
347.0222: 2.621617,-0.5590258,1.648156,246.5391
347.2444: 2.585129,-0.6666785,1.640814,259.5942
347.4667: 2.559052,-0.7953745,1.645457,271.6183
347.6889: 2.522908,-0.9055531,1.648282,281.1303
347.9111: 2.47716,-0.9631954,1.63596,289.8724
348.1333: 2.391153,-0.9699512,1.625188,293.5953
Trial Result: Success object: Harp | Time Spent: 12.73726
Trial No.:4 Ends
Trial No.:12 Begins
User confirmed on object: Trashcan, this maze officially starts.
360.8: 2.529664,1.046816,1.65503,89.92998
361.0222: 2.50965,1.048428,1.697035,91.70412
361.2444: 2.467532,1.080136,1.701575,93.13822
361.4667: 2.421582,1.115277,1.696046,103.6281
361.6889: 2.389683,1.151704,1.689242,111.4793
361.9111: 2.388663,1.191069,1.679098,109.4981
362.1333: 2.41062,1.208468,1.669494,88.59331
362.3556: 2.410069,1.211705,1.671758,38.71218
362.5778: 2.406525,1.180121,1.664646,7.300677
362.8: 2.420972,1.165722,1.659688,6.200432
363.0222: 2.410414,1.201029,1.65936,21.84129
363.2444: 2.40119,1.250615,1.667894,50.22281
363.4667: 2.41085,1.288388,1.668481,57.10511
363.6889: 2.425903,1.298737,1.662672,37.14128
363.9111: 2.431616,1.276301,1.660185,9.49902
364.1333: 2.464232,1.272138,1.656193,3.179191
364.3556: 2.488998,1.324603,1.640953,4.670076
364.5778: 2.486333,1.416188,1.634616,359.9689
364.8: 2.492484,1.489403,1.646791,352.8391
365.0222: 2.502586,1.546688,1.650961,321.9717
365.2444: 2.54563,1.508618,1.661166,255.2554
365.4667: 2.65094,1.484067,1.661213,211.2137
365.6889: 2.683481,1.471877,1.658176,205.0663
365.9111: 2.663042,1.42091,1.651755,215.5975
366.1333: 2.624115,1.32769,1.651344,231.673
366.3556: 2.600088,1.235977,1.655705,239.9726
366.5778: 2.599887,1.176609,1.653374,235.4134
366.8: 2.636855,1.159065,1.65068,213.2292
367.0222: 2.693177,1.184351,1.644045,177.2398
367.2444: 2.693043,1.229662,1.646211,173.8565
367.4667: 2.665293,1.263119,1.656459,194.5571
367.6889: 2.646648,1.305151,1.65739,221.5989
367.9111: 2.645124,1.341569,1.662281,237.5605
368.1333: 2.636594,1.369319,1.662609,258.4569
368.3556: 2.627258,1.356219,1.660474,276.0249
368.5778: 2.608091,1.317548,1.663331,298.1646
368.8: 2.610751,1.274184,1.659177,334.8136
369.0222: 2.595948,1.234671,1.651504,351.0189
369.2444: 2.597938,1.254883,1.643311,353.2413
369.4667: 2.628041,1.344164,1.627271,348.8145
369.6889: 2.689802,1.491335,1.625813,343.4926
369.9111: 2.738825,1.647893,1.645708,338.9468
370.1333: 2.74398,1.785476,1.650312,333.8877
370.3556: 2.704247,1.912783,1.631735,329.6198
370.5778: 2.635064,2.062212,1.628455,325.4994
370.8: 2.591118,2.21394,1.646784,319.5983
371.0222: 2.550551,2.415582,1.619033,301.4653
371.2444: 2.514676,2.614538,1.630003,280.248
371.4667: 2.448475,2.748441,1.642336,266.9795
371.6889: 2.346045,2.820158,1.617584,252.6612
371.9111: 2.223721,2.859462,1.619723,244.5486
372.1333: 2.094824,2.913441,1.641124,242.1245
372.3556: 1.928387,3.0002,1.637035,249.9699
372.5778: 1.728776,3.106904,1.630982,252.4392
372.8: 1.531139,3.16543,1.651178,249.7369
373.0222: 1.284776,3.162645,1.620518,246.7914
373.2444: 1.049561,3.110416,1.626052,247.2003
373.4667: 0.8432128,3.074541,1.648382,246.732
373.6889: 0.6222868,3.051519,1.612526,246.6286
373.9111: 0.4341884,3.042144,1.632469,251.5252
374.1333: 0.218483,3.010281,1.642387,260.6562
374.3556: 0.03234017,2.958515,1.617226,264.1335
374.5778: -0.1618285,2.905608,1.625247,264.7494
374.8: -0.3528836,2.893716,1.620334,265.1543
375.0222: -0.6030036,2.915983,1.604547,254.9918
375.2444: -0.8273071,2.928078,1.643819,242.1351
375.4667: -1.013218,2.92477,1.640666,245.4977
375.6889: -1.188473,2.864002,1.608095,229.1332
375.9111: -1.314951,2.812416,1.611888,207.9539
376.1333: -1.469924,2.743766,1.619894,180.1416
376.3556: -1.649711,2.674463,1.616898,160.4355
376.5778: -1.775477,2.568435,1.644623,152.5801
376.8: -1.826796,2.443477,1.632308,146.9353
377.0222: -1.818314,2.348621,1.621272,132.8849
377.2444: -1.813939,2.264488,1.636809,118.2551
Trial Result: Success object: Table | Time Spent: 16.70875
Trial No.:12 Ends
Trial No.:15 Begins
User confirmed on object: Wheelbarrow, this maze officially starts.
389.5445: 0.1709926,0.02278835,1.707708,262.9391
389.7667: 0.1952017,0.003984457,1.713378,262.8892
389.9889: 0.2372644,-0.02617431,1.710016,263.8194
390.2111: 0.259852,-0.06114621,1.703578,264.7378
390.4333: 0.2501035,-0.09650257,1.670099,257.877
390.6556: 0.2410182,-0.1256309,1.639388,235.0927
390.8778: 0.2642073,-0.1118702,1.651272,193.3644
391.1: 0.2505024,-0.06895169,1.658462,180.1
391.3222: 0.1808986,-0.03533873,1.660634,197.9446
391.5445: 0.1318723,-0.02171133,1.663597,227.9851
391.7667: 0.1382151,-0.07149453,1.65817,234.1482
391.9889: 0.1754337,-0.1688361,1.648821,234.2937
392.2111: 0.2165908,-0.2690167,1.657738,229.7037
392.4333: 0.2474995,-0.383272,1.654011,218.8456
392.6556: 0.2298821,-0.4882721,1.644982,219.8323
392.8778: 0.154892,-0.599987,1.637318,221.9163
393.1: 0.02647061,-0.7315836,1.635501,221.9454
393.3222: -0.1019135,-0.8820581,1.652418,218.6767
393.5445: -0.1942301,-1.004495,1.645298,218.4683
393.7667: -0.2798983,-1.081501,1.652487,220.608
393.9889: -0.4101102,-1.139682,1.639325,217.5509
394.2111: -0.5532804,-1.176362,1.645934,203.6432
394.4333: -0.6701022,-1.229491,1.66212,183.7801
394.6556: -0.7352996,-1.324362,1.651189,164.9169
394.8778: -0.7671071,-1.475754,1.635561,175.6637
395.1: -0.7935464,-1.630886,1.65522,190.8978
395.3222: -0.8313349,-1.747509,1.671777,201.352
395.5445: -0.875505,-1.806035,1.664989,206.5386
395.7667: -0.8798034,-1.853644,1.67551,212.2196
395.9889: -0.8891107,-1.886978,1.679208,243.9063
396.2111: -0.8885283,-1.815019,1.666984,291.5384
396.4333: -0.8792428,-1.723786,1.6589,301.0331
396.6556: -0.8943057,-1.54728,1.638566,298.3888
396.8778: -0.9477992,-1.364619,1.639091,279.2185
397.1: -1.025267,-1.244741,1.665964,261.8716
397.3222: -1.143184,-1.173523,1.651428,256.2471
397.5445: -1.293206,-1.129762,1.650414,251.0069
397.7667: -1.457173,-1.077775,1.661099,246.7351
397.9889: -1.607385,-1.016152,1.659158,242.4683
398.2111: -1.719646,-1.006315,1.671627,236.2864
398.4333: -1.832881,-1.038848,1.674729,226.0599
398.6556: -1.906765,-1.089786,1.667162,226.263
398.8778: -1.964962,-1.145906,1.667405,227.668
399.1: -2.033418,-1.191095,1.664107,220.3178
399.3222: -2.120919,-1.218204,1.660386,208.8171
399.5445: -2.252572,-1.241188,1.671023,195.6712
399.7667: -2.3418,-1.235476,1.673888,201.4677
399.9889: -2.418068,-1.140351,1.677802,271.1003
400.2111: -2.371338,-1.054002,1.664525,329.4395
400.4333: -2.354923,-1.06101,1.662325,348.2896
400.6556: -2.370208,-1.072572,1.66097,0.638316
400.8778: -2.418883,-1.049868,1.659412,352.6893
401.1: -2.536194,-1.066218,1.653001,278.6854
401.3222: -2.541569,-1.151597,1.666625,207.4603
401.5445: -2.576974,-1.23569,1.643066,177.4204
401.7667: -2.602031,-1.377609,1.620108,165.394
401.9889: -2.640539,-1.567459,1.624707,161.1082
402.2111: -2.693379,-1.761593,1.640355,182.1109
402.4333: -2.738831,-1.969284,1.619526,187.7984
402.6556: -2.716371,-2.177896,1.666039,150.9656
402.8778: -2.644128,-2.311658,1.66047,108.0067
403.1: -2.570777,-2.450786,1.640725,100.1303
403.3222: -2.498555,-2.594356,1.64847,88.91232
403.5445: -2.41445,-2.761049,1.63344,68.72732
403.7667: -2.327014,-2.894013,1.656373,52.57339
403.9889: -2.242176,-2.940116,1.661771,44.83508
Trial Result: Success object: Mailbox | Time Spent: 14.67685
Trial No.:15 Ends
Trial No.:1 Begins
User confirmed on object: Stove, this maze officially starts.
417.5778: -2.610782,2.934659,1.66586,266.8306
417.8: -2.550569,2.932858,1.705273,266.9335
418.0222: -2.489179,2.916382,1.701214,269.1102
418.2444: -2.442206,2.887677,1.691386,278.2108
418.4667: -2.422729,2.874525,1.691632,291.3691
418.6889: -2.435437,2.880616,1.687372,289.7353
418.9111: -2.485768,2.909032,1.669579,275.9891
419.1333: -2.547818,2.929131,1.668109,258.2513
419.3556: -2.590422,2.939964,1.671838,249.6154
419.5778: -2.605178,2.919746,1.679196,228.5923
419.8: -2.573545,2.880047,1.673746,184.2536
420.0222: -2.48582,2.890592,1.672665,147.9679
420.2444: -2.401446,2.939092,1.667768,127.9417
420.4667: -2.351227,2.970544,1.652569,123.4593
420.6889: -2.342557,2.954305,1.652683,126.4502
420.9111: -2.364621,2.904578,1.656424,138.5287
421.1333: -2.397007,2.867735,1.653746,153.4463
421.3556: -2.403375,2.858807,1.657127,154.899
421.5778: -2.376485,2.866007,1.655864,157.081
421.8: -2.292893,2.911093,1.65714,145.368
422.0222: -2.171098,3.020736,1.650704,98.29096
422.2444: -2.127587,3.070794,1.644605,85.61745
422.4667: -2.102275,3.063486,1.646708,97.56001
422.6889: -2.102717,3.001868,1.650498,133.6041
422.9111: -2.115829,2.936153,1.653152,164.8457
423.1333: -2.119756,2.884577,1.655367,174.2137
423.3556: -2.095745,2.853781,1.653151,171.5166
423.5778: -2.00317,2.882599,1.654438,146.5822
423.8: -1.881228,2.984404,1.648671,113.5551
424.0222: -1.773403,3.08441,1.64447,98.30526
424.2444: -1.68426,3.116808,1.645809,98.15464
424.4667: -1.604643,3.111907,1.643373,101.4177
424.6889: -1.516377,3.078513,1.639146,104.7547
424.9111: -1.408463,3.034128,1.644419,111.4326
425.1333: -1.320393,3.022169,1.649807,116.5679
425.3556: -1.207056,3.032807,1.640749,120.2414
425.5778: -1.061742,3.078964,1.624854,123.3315
425.8: -0.8938574,3.12233,1.639987,130.5999
426.0222: -0.7115891,3.106546,1.622882,139.8589
426.2444: -0.5307184,3.009003,1.605855,146.2207
426.4667: -0.3758886,2.907928,1.626881,151.7298
426.6889: -0.2712113,2.82671,1.632989,157.8766
426.9111: -0.1469703,2.708696,1.619858,167.0688
427.1333: -0.03562199,2.574787,1.633666,173.5339
427.3556: 0.02302007,2.397738,1.633801,180.5191
427.5778: 0.02121126,2.175564,1.625217,184.0116
427.8: 0.007676005,1.968358,1.653661,184.151
428.0222: 0.008514285,1.749732,1.643863,180.5592
428.2444: 0.00587385,1.539518,1.618936,181.3215
428.4667: -0.009388473,1.329063,1.649991,181.4481
428.6889: -0.03954872,1.120005,1.626,180.9799
428.9111: -0.06895991,0.9344806,1.649009,174.9911
429.1333: -0.05754577,0.7509969,1.657027,162.6569
429.3556: -0.03127614,0.5475707,1.631892,162.009
429.5778: 0.009567609,0.3292269,1.639291,163.785
429.8: 0.0354244,0.1148992,1.659432,162.3637
430.0222: 0.03282306,-0.1255623,1.640276,150.7532
430.2444: 0.04322185,-0.3121739,1.674239,137.9866
430.4667: 0.07645595,-0.4459534,1.672333,129.545
430.6889: 0.1494685,-0.5613288,1.65431,118.5053
430.9111: 0.2166547,-0.6541058,1.656655,98.30811
431.1333: 0.2805084,-0.7800412,1.645953,79.94508
431.3556: 0.345717,-0.9168153,1.66407,75.50449
431.5778: 0.4354075,-1.011873,1.673363,92.37
431.8: 0.54939,-1.047422,1.659728,107.5475
432.0222: 0.718824,-1.023765,1.65385,112.9064
432.2444: 0.8765075,-1.006908,1.666652,117.3333
432.4667: 1.030309,-1.026702,1.648549,123.4768
432.6889: 1.222646,-1.113698,1.625272,124.7508
432.9111: 1.398226,-1.202557,1.638865,127.2644
433.1333: 1.587705,-1.266072,1.639168,127.1763
433.3556: 1.772088,-1.332717,1.606189,128.0032
Trial Result: Success object: Well | Time Spent: 16.14736
Trial No.:1 Ends
Trial No.:5 Begins
User confirmed on object: Table, this maze officially starts.
447.5889: -1.990813,2.035093,1.661032,83.68198
447.8111: -2.018639,2.042739,1.691248,82.99249
448.0334: -2.065428,2.0601,1.701334,88.55412
448.2556: -2.108788,2.085977,1.701198,96.31278
448.4778: -2.128582,2.125078,1.697625,99.26843
448.7: -2.111959,2.136569,1.69284,98.14886
448.9222: -2.09102,2.106252,1.677343,78.57954
449.1445: -2.081621,2.072571,1.673117,45.64999
449.3667: -2.084076,2.044164,1.66655,17.7544
449.5889: -2.080386,2.031451,1.664766,14.53208
449.8111: -2.082634,2.055736,1.658973,35.80877
450.0334: -2.102234,2.091023,1.655402,72.34457
450.2556: -2.124149,2.149543,1.654056,86.4992
450.4778: -2.121861,2.162868,1.648783,100.902
450.7: -2.102739,2.168509,1.653397,87.58643
450.9222: -2.0905,2.169851,1.652282,57.01108
451.1445: -2.098457,2.196157,1.647023,24.20314
451.3667: -2.145515,2.233359,1.638375,340.3434
451.5889: -2.175022,2.268049,1.634736,313.3531
451.8111: -2.179981,2.329554,1.634001,302.7433
452.0334: -2.120082,2.43784,1.654003,340.5064
452.2556: -1.985339,2.487453,1.653807,45.06362
452.4778: -1.922915,2.494069,1.653333,82.42432
452.7: -1.925429,2.488795,1.650778,115.9985
452.9222: -1.942545,2.472353,1.652933,141.0556
453.1445: -1.95863,2.418235,1.647136,144.6717
453.3667: -1.999446,2.291746,1.638186,143.3418
453.5889: -2.03437,2.112916,1.636778,139.6465
453.8111: -2.015098,1.963914,1.653136,134.177
454.0334: -1.941985,1.83394,1.641937,127.1853
454.2556: -1.824506,1.702052,1.635226,124.8413
454.4778: -1.714245,1.543151,1.655711,120.8667
454.7: -1.633488,1.370547,1.633557,111.9462
454.9222: -1.563145,1.212522,1.655277,98.99651
455.1445: -1.465444,1.124536,1.662154,92.31507
455.3667: -1.346368,1.082705,1.647972,92.50819
455.5889: -1.180635,1.068613,1.638381,97.23591
455.8111: -1.010364,1.072589,1.651267,96.89046
456.0334: -0.8399119,1.056992,1.638406,105.8742
456.2556: -0.6592215,1.006643,1.627926,123.8739
456.4778: -0.4422494,1.016094,1.652476,110.9411
456.7: -0.300496,1.051827,1.640116,100.7512
456.9222: -0.1416447,1.117102,1.626179,101.7972
457.1445: 0.005659355,1.182519,1.644135,104.6034
457.3667: 0.1181495,1.192418,1.649517,106.7732
457.5889: 0.2876379,1.16085,1.629136,108.0623
457.8111: 0.5061053,1.100849,1.625594,110.6433
458.0334: 0.7293738,1.073475,1.641091,115.2656
458.2556: 0.9420807,1.074041,1.615442,120.4087
458.4778: 1.139128,1.090587,1.613607,128.0037
Trial Result: Success object: Bookshelf | Time Spent: 11.23987
Trial No.:5 Ends
Trial No.:11 Begins
User confirmed on object: Trashcan, this maze officially starts.
469.2: 2.514596,1.126225,1.662113,92.28706
469.4222: 2.520663,1.093424,1.6996,86.04181
469.6445: 2.495195,1.087772,1.700023,88.244
469.8667: 2.464566,1.110503,1.695996,94.46287
470.0889: 2.449933,1.153003,1.689992,98.0853
470.3111: 2.467413,1.201097,1.675337,93.45829
470.5334: 2.493744,1.221159,1.655299,80.98509
470.7556: 2.507649,1.196029,1.661388,63.38255
470.9778: 2.493421,1.192465,1.658226,23.85313
471.2: 2.487229,1.176377,1.654487,4.277163
471.4222: 2.502775,1.182769,1.659056,18.72475
471.6445: 2.521206,1.180247,1.664603,56.32306
471.8667: 2.520175,1.184915,1.668326,83.00359
472.0889: 2.515849,1.229297,1.671978,73.30675
472.3111: 2.521147,1.315182,1.660091,21.32716
472.5334: 2.52003,1.312994,1.661057,342.1218
472.7556: 2.545587,1.300174,1.653891,336.3577
472.9778: 2.570668,1.334738,1.637309,344.3032
473.2: 2.556759,1.417437,1.622959,349.8152
473.4222: 2.530573,1.518425,1.640241,353.2842
473.6445: 2.530048,1.615129,1.644584,351.3759
473.8667: 2.556561,1.755713,1.625255,341.3289
474.0889: 2.618659,1.936137,1.644173,327.6869
474.3111: 2.644193,2.118087,1.658388,319.0025
474.5334: 2.604139,2.283069,1.634757,308.4736
474.7556: 2.540524,2.419652,1.62869,302.1429
474.9778: 2.472007,2.590417,1.637979,284.0936
475.2: 2.439194,2.739831,1.620747,268.9092
475.4222: 2.392744,2.880403,1.640505,248.2465
475.6445: 2.340986,2.953286,1.641266,233.5699
475.8667: 2.259649,2.997841,1.637887,235.837
476.0889: 2.167957,3.050469,1.650619,258.3807
476.3111: 2.062695,3.112595,1.659135,260.3622
476.5334: 1.963981,3.192126,1.663914,257.5795
476.7556: 1.868912,3.244017,1.658252,255.4099
476.9778: 1.716425,3.259459,1.627995,251.7076
477.2: 1.523001,3.218195,1.588632,250.6855
477.4222: 1.29569,3.154873,1.606598,252.6254
477.6445: 1.125996,3.132478,1.649299,255.1043
477.8667: 0.890166,3.114581,1.620194,256.7171
478.0889: 0.6333146,3.110944,1.645741,256.5389
478.3111: 0.3871607,3.077333,1.657691,257.9532
478.5334: 0.1320066,3.024858,1.609543,260.4207
478.7556: -0.1084131,2.975978,1.627266,262.2265
478.9778: -0.3770888,2.9471,1.603316,258.0974
479.2: -0.6412518,2.956955,1.604841,252.3883
479.4222: -0.8749083,2.94096,1.647733,250.3591
479.6445: -1.05143,2.909892,1.629748,250.0002
479.8667: -1.233234,2.825204,1.615349,222.9907
480.0889: -1.391951,2.765822,1.628595,187.1562
480.3111: -1.567455,2.724222,1.612205,165.1331
480.5334: -1.713909,2.643339,1.644131,156.0717
480.7556: -1.805666,2.51461,1.642352,169.357
480.9778: -1.844483,2.316055,1.616952,189.5602
481.2: -1.872428,2.109645,1.652245,198.5923
481.4222: -1.933744,1.906314,1.636109,198.4972
481.6445: -2.026683,1.709028,1.630841,191.6769
481.8667: -2.113137,1.511446,1.656968,186.346
482.0889: -2.203977,1.288121,1.631989,181.961
482.3111: -2.29507,1.061316,1.620162,177.9624
482.5334: -2.407393,0.8581573,1.634736,170.3491
482.7556: -2.518356,0.6670771,1.618105,155.5342
482.9778: -2.593285,0.4777775,1.658547,137.9802
Trial Result: Success object: Telescope | Time Spent: 14.00701
Trial No.:11 Ends
Trial No.:2 Begins
User confirmed on object: Stove, this maze officially starts.
491.9111: -2.584358,2.923059,1.665464,268.7237
492.1333: -2.569263,2.92878,1.698076,266.8776
492.3556: -2.548575,2.975904,1.700769,267.7681
492.5778: -2.539684,3.021187,1.691778,264.305
492.8: -2.54083,3.03237,1.689186,252.448
493.0222: -2.492934,2.977077,1.665537,211.5251
493.2444: -2.326251,2.947181,1.631687,151.457
493.4667: -2.220738,2.949969,1.630227,135.517
493.6889: -2.161691,2.892992,1.639469,141.4901
493.9111: -2.128341,2.801707,1.637218,153.0823
494.1333: -2.090169,2.656302,1.629226,155.4617
494.3556: -2.046981,2.480709,1.648751,153.3196
494.5778: -1.986892,2.332692,1.653104,147.3625
494.8: -1.905976,2.158928,1.623569,143.7427
495.0222: -1.80633,1.976106,1.63386,139.1585
495.2444: -1.723661,1.750963,1.650328,133.7868
495.4667: -1.67422,1.522605,1.606306,123.9181
495.6889: -1.610216,1.324735,1.65256,112.4953
495.9111: -1.523503,1.213319,1.658735,105.6396
496.1333: -1.364318,1.128414,1.639096,105.8579
496.3556: -1.172979,1.078936,1.642803,109.0916
496.5778: -1.002357,1.042452,1.665454,113.5842
496.8: -0.8149403,1.000841,1.637118,120.6642
497.0222: -0.6591581,0.9619523,1.646102,131.2379
497.2444: -0.4926753,0.9444641,1.649463,146.3001
497.4667: -0.3086149,0.9485935,1.623552,170.0893
497.6889: -0.1589686,0.9304934,1.63672,183.8586
497.9111: -0.07196427,0.8630716,1.635991,192.4371
498.1333: -0.03656831,0.7533371,1.626735,196.2294
Trial Result: Success object: Wheelbarrow | Time Spent: 6.623512
Trial No.:2 Ends
Trial No.:16 Begins
User confirmed on object: Wheelbarrow, this maze officially starts.
508.3556: 0.3648559,-0.0161662,1.661169,267.565
508.5778: 0.3667325,-0.03017265,1.70502,269.1818
508.8: 0.3741651,-0.04494749,1.71078,272.8187
509.0222: 0.3663108,-0.05788971,1.708236,278.1129
509.2444: 0.3509302,-0.06999636,1.702702,279.5401
509.4667: 0.300788,-0.09553818,1.666341,267.5646
509.6889: 0.2730658,-0.1384125,1.642977,233.7233
509.9111: 0.2901734,-0.1619874,1.624844,198.4372
510.1333: 0.2871133,-0.1886961,1.623727,190.7826
510.3556: 0.261695,-0.2773988,1.6041,199.8365
510.5778: 0.2094691,-0.4456795,1.607989,219.3942
510.8: 0.1373167,-0.6114523,1.644765,228.8488
511.0222: 0.01585301,-0.7439305,1.636234,232.2164
511.2444: -0.1667803,-0.8558144,1.62946,223.1513
511.4667: -0.3721336,-1.002303,1.66153,209.7858
511.6889: -0.4997002,-1.172335,1.636192,184.5681
511.9111: -0.5963043,-1.329384,1.626271,172.0993
512.1334: -0.7225755,-1.489049,1.625153,159.6579
512.3556: -0.8391258,-1.630235,1.623755,151.7222
512.5778: -0.9068737,-1.814909,1.650464,145.4146
512.8: -0.9084806,-2.028195,1.621022,138.9255
513.0222: -0.8618332,-2.254089,1.631396,130.2314
513.2444: -0.8120325,-2.463217,1.655983,110.6281
513.4667: -0.7545637,-2.678449,1.621989,82.60991
513.6889: -0.651583,-2.881306,1.663567,58.16134
513.9111: -0.5074117,-2.984338,1.648343,63.39562
514.1334: -0.3495755,-3.005145,1.640121,64.08976
514.3556: -0.2507576,-2.994997,1.6749,46.42036
514.5778: -0.265918,-2.995044,1.681777,333.2944
514.8: -0.3097397,-3.059637,1.690472,292.2041
515.0222: -0.4447313,-3.087018,1.665065,289.2812
515.2444: -0.6859843,-3.115477,1.652563,287.5671
515.4667: -0.8778697,-3.103013,1.678991,289.7512
515.6889: -1.038551,-3.041396,1.676394,291.4317
515.9111: -1.165193,-2.996513,1.680545,290.4889
516.1334: -1.335381,-2.995183,1.659307,289.5772
516.3556: -1.534468,-3.030125,1.616145,292.9662
516.5778: -1.789029,-3.073517,1.649646,302.7524
516.8: -2.011154,-3.025934,1.656603,308.7448
517.0222: -2.217693,-2.888314,1.645158,308.2516
517.2444: -2.408652,-2.770638,1.675779,310.3871
517.4667: -2.582454,-2.689903,1.648963,309.3636
Trial Result: Success object: Plant | Time Spent: 9.430304
Trial No.:16 Ends
Trial No.:20 Begins
User confirmed on object: Well, this maze officially starts.
531.6667: 1.731943,-1.969535,1.648506,87.51378
531.8889: 1.689728,-1.959187,1.702199,90.25197
532.1111: 1.644194,-1.947062,1.71963,97.90833
532.3334: 1.620572,-1.93938,1.712659,107.3767
532.5555: 1.627507,-1.936071,1.707425,103.6448
532.7778: 1.649752,-1.920272,1.676979,65.5733
533: 1.642301,-1.925417,1.675531,20.55828
533.2222: 1.646684,-1.944087,1.67165,6.466797
533.4445: 1.656526,-1.935431,1.66448,6.421741
533.6667: 1.655919,-1.885011,1.655594,11.71817
533.8889: 1.644531,-1.796302,1.654269,32.51472
534.1111: 1.615005,-1.729886,1.658683,33.89135
534.3334: 1.588482,-1.670709,1.661654,7.986492
534.5555: 1.585217,-1.665187,1.662827,326.5549
534.7778: 1.622403,-1.681023,1.653281,297.6635
535: 1.660495,-1.661066,1.646724,291.4205
535.2222: 1.654363,-1.606868,1.640603,297.3153
535.4445: 1.611122,-1.542657,1.639522,306.1749
535.6667: 1.574463,-1.441157,1.632272,305.1671
535.8889: 1.543724,-1.279878,1.622297,298.4254
536.1111: 1.460412,-1.124384,1.646428,292.1938
536.3334: 1.290453,-1.051204,1.624584,290.4482
536.5555: 1.07057,-1.030756,1.613387,298.0823
536.7778: 0.8938972,-0.9942871,1.659279,301.6245
537: 0.6949683,-0.9240419,1.64044,310.183
537.2222: 0.4963033,-0.8129388,1.633641,323.3626
537.4445: 0.3157117,-0.7071061,1.648046,334.9249
537.6667: 0.1587725,-0.5746901,1.624394,351.2459
537.8889: 0.03162385,-0.409832,1.635022,2.525984
538.1111: -0.03919935,-0.1522676,1.611897,4.962922
538.3334: -0.04402366,0.0930602,1.606191,358.6344
538.5555: -0.09472553,0.2994811,1.604877,346.6571
538.7778: -0.1318978,0.4790938,1.577802,345.494
539: -0.1409659,0.6819512,1.6135,4.505547
539.2222: -0.0870308,0.8331513,1.635804,45.3769
539.4445: -0.02370444,0.9800664,1.617856,82.31821
539.6667: 0.01815062,1.131916,1.630059,110.0996
539.8889: 0.03876159,1.326762,1.638628,104.1991
540.1111: -0.0002018223,1.626653,1.621531,43.2729
540.3334: -0.08250764,1.862946,1.621947,7.799826
540.5555: -0.0638109,2.056251,1.615354,11.31814
540.7778: 0.02227528,2.240044,1.586635,30.99713
541: 0.1314135,2.442684,1.605435,54.29932
541.2222: 0.210104,2.604077,1.613985,76.35215
541.4445: 0.2995966,2.771314,1.602143,102.2811
541.6667: 0.3999175,2.97824,1.618118,108.6742
541.8889: 0.5313111,3.113137,1.623502,109.058
542.1111: 0.7176274,3.163262,1.59985,113.9196
542.3334: 0.9402099,3.137681,1.614901,121.5847
542.5555: 1.102608,3.140613,1.624953,128.4558
Trial Result: Success object: Piano | Time Spent: 11.16873
Trial No.:20 Ends
Trial No.:24 Begins
User confirmed on object: Chair, this maze officially starts.
556.8: 0.8935817,-3.32266,1.689042,351.9728
557.0222: 0.90368,-3.359447,1.711039,355.1327
557.2444: 0.891047,-3.399003,1.709133,0.2560011
557.4667: 0.8605623,-3.422526,1.70476,359.0433
557.6889: 0.830398,-3.427367,1.699536,355.298
557.9111: 0.8371167,-3.40835,1.693259,355.2986
558.1334: 0.8793856,-3.374991,1.671594,355.7653
558.3556: 0.9130309,-3.328481,1.646034,341.786
558.5778: 0.8579362,-3.327402,1.639564,299.1706
558.8: 0.7537624,-3.345922,1.630241,282.2686
559.0222: 0.5699733,-3.373982,1.632163,288.526
559.2444: 0.4110074,-3.386922,1.656644,293.2391
559.4667: 0.2369427,-3.356843,1.652818,299.5334
559.6889: 0.05245638,-3.253191,1.630076,306.0448
559.9111: -0.1361887,-3.119181,1.647743,317.4703
560.1334: -0.3118875,-3.000436,1.64784,328.7227
560.3556: -0.5080888,-2.83919,1.611624,339.5069
560.5778: -0.6926229,-2.640936,1.648373,355.4207
560.8: -0.7756879,-2.437952,1.63315,8.928056
561.0222: -0.7937655,-2.194492,1.635093,12.84511
561.2444: -0.8099846,-2.001708,1.662547,18.31284
561.4667: -0.8231969,-1.7635,1.632784,25.45481
561.6889: -0.8064317,-1.530565,1.631754,47.25719
561.9111: -0.7306879,-1.368682,1.657104,75.59938
562.1334: -0.5957249,-1.227453,1.632938,72.47995
562.3556: -0.4224161,-1.074471,1.65402,47.08241
562.5778: -0.2961637,-0.8927789,1.655786,1.567899
562.8: -0.1657867,-0.7199648,1.621597,355.6032
563.0222: -0.07312896,-0.5356367,1.626553,345.5016
563.2444: -0.001590793,-0.3817499,1.649648,340.4024
563.4667: 0.09748873,-0.226138,1.649668,357.9303
563.6889: 0.1492218,-0.05834985,1.660295,14.20702
563.9111: 0.1418658,0.1341006,1.631325,26.27805
564.1334: 0.09680882,0.3516489,1.622069,48.65943
564.3556: 0.08817309,0.5229581,1.648324,62.75338
564.5778: 0.1508774,0.6674528,1.630632,84.58027
564.8: 0.24237,0.7604543,1.632923,90.44678
565.0222: 0.3094515,0.8707505,1.650504,85.93524
565.2444: 0.3345852,0.9811898,1.655728,59.13915
565.4667: 0.280149,1.108754,1.648918,6.590489
565.6889: 0.239037,1.214074,1.630702,357.1837
565.9111: 0.2187953,1.325765,1.621801,359.7109
566.1334: 0.206115,1.411955,1.611914,1.830074
566.3556: 0.1434572,1.49912,1.616186,10.10827
566.5778: 0.02551805,1.633199,1.628802,21.65547
566.8: -0.04004687,1.749571,1.637838,26.54708
567.0222: -0.04098671,1.901766,1.616249,30.74936
567.2444: 0.00304298,2.063363,1.601266,32.1664
567.4667: 0.04657327,2.24159,1.629572,40.16666
567.6889: 0.08133611,2.396065,1.62624,52.13179
567.9111: 0.1244787,2.577874,1.609071,69.10454
568.1334: 0.18323,2.753498,1.629293,82.83408
568.3556: 0.2849297,2.870219,1.627765,92.88522
568.5778: 0.3826563,2.917703,1.630065,99.20467
568.8: 0.4273111,2.983903,1.643728,102.4041
569.0222: 0.4618669,3.081785,1.640916,105.0477
569.2444: 0.5055321,3.142481,1.645648,108.6506
569.4667: 0.5754234,3.163544,1.639342,110.4459
569.6889: 0.7041124,3.123213,1.616554,107.2755
569.9111: 0.8615589,3.030986,1.617441,98.33282
570.1334: 1.006554,2.99024,1.645685,90.74343
570.3556: 1.153334,2.980122,1.627889,97.42783
570.5778: 1.36675,3.022219,1.617791,115.7498
570.8: 1.572354,3.072594,1.637821,123.6116
571.0222: 1.751943,3.056643,1.621261,129.1384
571.2444: 1.92961,2.974721,1.599983,134.4602
571.4667: 2.059613,2.910251,1.621544,141.6059
571.6889: 2.20578,2.854323,1.6356,148.1702
571.9111: 2.380799,2.793051,1.602769,156.4196
572.1334: 2.54049,2.685579,1.59301,171.918
572.3556: 2.623305,2.503191,1.576566,184.0732
572.5778: 2.687264,2.236123,1.604654,160.6545
572.8: 2.77313,1.98237,1.64771,149.6699
573.0222: 2.865751,1.818969,1.616458,152.426
Trial Result: Success object: Trashcan | Time Spent: 16.64899
Trial No.:24 Ends
Trial No.:3 Begins
User confirmed on object: Piano, this maze officially starts.
589.8667: 1.766918,3.262409,1.643244,178.3355
590.0889: 1.796951,3.26621,1.672996,184.2885
590.3111: 1.804981,3.277295,1.691591,195.3322
590.5333: 1.798027,3.284012,1.691869,189.4667
590.7556: 1.756896,3.293815,1.685052,182.0248
590.9778: 1.653511,3.28913,1.653599,202.8087
591.2: 1.570878,3.298402,1.641676,232.5147
591.4222: 1.545473,3.270755,1.635195,244.7809
591.6445: 1.500028,3.239255,1.638816,248.8538
591.8667: 1.393799,3.218338,1.62719,246.5027
592.0889: 1.203644,3.225014,1.6302,238.299
592.3111: 1.009649,3.216303,1.654293,227.1776
592.5333: 0.8396442,3.154012,1.640053,216.967
592.7556: 0.6677585,3.045563,1.617612,212.4241
592.9778: 0.4761234,2.937894,1.643816,208.4106
593.2: 0.2847182,2.851384,1.619899,196.9648
593.4222: 0.1270512,2.751744,1.644585,178.9447
593.6445: 0.03719699,2.617688,1.648601,178.2687
593.8667: 0.01727276,2.4835,1.632227,185.3218
594.0889: 0.03299637,2.295227,1.642272,191.5411
594.3111: 0.0356923,2.115757,1.65671,194.1707
594.5333: 0.003477769,1.915848,1.629964,201.1033
594.7556: -0.07086122,1.704052,1.63821,214.2317
594.9778: -0.1309461,1.49756,1.653736,230.6025
595.2: -0.1987017,1.292557,1.621286,246.4572
595.4222: -0.3076534,1.109408,1.653446,255.6902
595.6445: -0.4791354,1.010217,1.635483,259.2827
595.8667: -0.6987551,0.9822619,1.637561,262.2509
596.0889: -0.9245555,0.941361,1.665117,262.2678
596.3111: -1.166799,0.8911031,1.62516,255.7345
596.5333: -1.425717,0.8493857,1.635318,251.8239
596.7556: -1.680394,0.8441328,1.643847,246.1476
596.9778: -1.951896,0.8590519,1.604875,230.119
597.2: -2.209399,0.820577,1.665398,208.5591
597.4222: -2.366902,0.7263951,1.642326,191.5155
597.6445: -2.486126,0.6010317,1.638561,186.2005
597.8667: -2.560852,0.5095191,1.657326,175.5231
598.0889: -2.685592,0.3665005,1.638575,179.2278
598.3111: -2.781214,0.1985432,1.653722,171.0969
598.5333: -2.775356,0.08034112,1.659026,129.5579
598.7556: -2.761067,-0.03752293,1.64367,103.6253
598.9778: -2.727621,-0.1998425,1.653356,117.2763
599.2: -2.764293,-0.4404851,1.671796,177.9478
599.4222: -2.773062,-0.6584476,1.633601,183.9862
599.6445: -2.794074,-0.9140522,1.662638,183.8108
599.8667: -2.768288,-1.120287,1.669278,177.0352
600.0889: -2.728967,-1.367528,1.63408,175.767
600.3111: -2.676809,-1.628628,1.668085,175.8075
600.5333: -2.644369,-1.89697,1.652679,164.1029
600.7556: -2.630471,-2.170916,1.638225,137.6158
600.9778: -2.588816,-2.399024,1.675856,105.8076
601.2: -2.506926,-2.626201,1.632979,93.69833
601.4222: -2.412444,-2.781192,1.63299,75.61833
601.6445: -2.332026,-2.908613,1.658887,55.99716
Trial Result: Success object: Mailbox | Time Spent: 12.21574
Trial No.:3 Ends
Trial No.:9 Begins
User confirmed on object: Bookshelf, this maze officially starts.
613.3111: 1.889136,1.273537,1.657346,186.1337
613.5333: 1.87099,1.259884,1.71076,192.2131
613.7556: 1.826837,1.271393,1.708448,199.2497
613.9778: 1.796791,1.274467,1.702724,203.4456
614.2: 1.795235,1.257504,1.684448,192.201
614.4222: 1.827353,1.235682,1.656427,174.8615
614.6445: 1.866336,1.23941,1.660724,185.3869
614.8667: 1.87697,1.246423,1.658223,213.2379
615.0889: 1.851693,1.263625,1.66101,237.1039
615.3111: 1.784328,1.289558,1.658586,246.5397
615.5333: 1.629006,1.338931,1.65709,248.2936
615.7556: 1.467154,1.359826,1.652895,249.6442
615.9778: 1.316912,1.30988,1.637257,242.968
616.2: 1.189487,1.208385,1.621505,235.6055
616.4222: 1.041692,1.087742,1.637731,233.7351
616.6445: 0.9065169,1.018204,1.661674,232.2607
616.8667: 0.7871724,0.9882894,1.656155,219.4138
617.0889: 0.7752272,0.9552619,1.68072,172.4342
617.3111: 0.858253,1.00123,1.670124,117.5798
617.5333: 1.013339,1.058215,1.655128,103.5432
617.7556: 1.157516,1.119847,1.64399,94.13182
617.9778: 1.253546,1.135248,1.650989,87.4537
618.2: 1.318007,1.126771,1.649503,78.0564
618.4222: 1.387752,1.083824,1.650187,70.02959
618.6445: 1.468199,1.052914,1.654557,75.90752
618.8667: 1.518226,1.073712,1.658591,81.00229
619.0889: 1.543654,1.114439,1.650129,82.0758
619.3111: 1.56104,1.1439,1.654172,75.03413
619.5333: 1.51853,1.191004,1.658785,18.07188
619.7556: 1.450166,1.131314,1.659237,319.8739
619.9778: 1.398521,1.105656,1.649493,301.0675
620.2: 1.284291,1.084337,1.636738,294.5746
620.4222: 1.040882,1.066988,1.616701,295.4568
620.6445: 0.8143614,1.075471,1.637902,301.3127
620.8667: 0.6269219,1.131498,1.633115,308.6396
621.0889: 0.4808735,1.22115,1.6197,320.0042
621.3111: 0.3142466,1.310421,1.632984,334.6785
621.5333: 0.1150397,1.428144,1.601662,349.9827
621.7556: 0.005852334,1.613132,1.610617,353.7369
621.9778: -0.02760499,1.867211,1.584987,339.7007
622.2: -0.06121008,2.128022,1.633299,326.2081
622.4222: -0.1263631,2.307383,1.625053,318.3308
622.6445: -0.1913634,2.459069,1.62438,308.8754
622.8667: -0.2433719,2.630697,1.60799,287.666
623.0889: -0.2933841,2.821824,1.622313,266.7663
623.3111: -0.3982621,2.954625,1.637219,259.7784
623.5333: -0.5965025,3.00728,1.611102,260.238
623.7556: -0.8055023,3.016246,1.643185,265.415
623.9778: -1.007023,3.036169,1.638649,268.1045
624.2: -1.246492,3.067372,1.600642,268.3608
624.4222: -1.451965,3.072801,1.630817,265.5598
624.6445: -1.666412,3.046077,1.618906,265.2639
624.8667: -1.89894,2.989607,1.586856,268.5182
625.0889: -2.106324,2.956922,1.618599,269.011
625.3111: -2.284161,2.970676,1.613303,265.3634
Trial Result: Success object: Stove | Time Spent: 12.29416
Trial No.:9 Ends
Trial No.:13 Begins
User confirmed on object: Telescope, this maze officially starts.
635.8334: -2.935223,0.108466,1.72456,105.3699
636.0555: -2.951348,0.1063454,1.72092,114.2523
636.2778: -2.958427,0.1316859,1.714227,115.7479
636.5: -2.938893,0.15708,1.677828,112.6217
636.7222: -2.910099,0.2091973,1.650396,85.98046
636.9445: -2.912954,0.2064272,1.652622,70.98434
637.1667: -2.910169,0.1077135,1.658989,99.70235
637.3889: -2.908462,0.008278595,1.671882,113.8176
637.6111: -2.89901,-0.0796242,1.679258,115.4838
637.8334: -2.88727,-0.2089404,1.667088,124.1504
638.0555: -2.841752,-0.3167629,1.662737,121.9629
638.2778: -2.743865,-0.4158025,1.654893,124.2525
638.5: -2.618608,-0.5054076,1.660419,123.6059
638.7222: -2.500656,-0.6110318,1.660409,116.2272
638.9445: -2.366125,-0.7580846,1.640835,106.1023
639.1667: -2.225543,-0.8715952,1.669821,99.22947
639.3889: -2.059815,-0.9136383,1.652185,89.09212
639.6111: -1.862549,-0.8885365,1.641944,73.65709
639.8334: -1.664966,-0.90028,1.669185,78.67817
640.0555: -1.487748,-0.9622669,1.657707,101.2394
640.2778: -1.344444,-1.047642,1.658458,129.2947
640.5: -1.235232,-1.088925,1.658707,160.1019
640.7222: -1.141274,-1.082711,1.645171,172.7623
640.9445: -1.050051,-1.114432,1.655278,180.0936
641.1667: -0.9776587,-1.203386,1.650143,178.6037
641.3889: -0.9248201,-1.372263,1.646378,171.8244
641.6111: -0.8924881,-1.584203,1.66544,168.1747
641.8334: -0.8569934,-1.792706,1.658619,162.061
642.0555: -0.8111144,-2.059843,1.635311,151.4888
642.2778: -0.7916631,-2.28497,1.665337,142.7837
642.5: -0.7817953,-2.487302,1.635051,118.1364
642.7222: -0.7819693,-2.628515,1.665759,96.54919
642.9445: -0.7303472,-2.755835,1.668417,77.00758
643.1667: -0.6097806,-2.855064,1.649114,73.52993
643.3889: -0.4522013,-2.92996,1.648647,77.53625
643.6111: -0.2961935,-3.008152,1.665666,83.76099
643.8334: -0.121845,-3.084128,1.642461,79.91238
644.0555: 0.1136675,-3.133271,1.649518,69.17844
644.2778: 0.3503684,-3.102918,1.619349,66.72097
644.5: 0.573636,-3.024315,1.627344,66.22088
644.7222: 0.7314581,-2.984193,1.65673,63.86191
644.9445: 0.9311123,-2.957338,1.637576,60.05002
645.1667: 1.150091,-2.944213,1.65072,50.66842
645.3889: 1.338109,-2.895969,1.664937,44.82943
645.6111: 1.499566,-2.791978,1.625839,45.89363
645.8334: 1.650779,-2.627768,1.598459,50.04635
646.0555: 1.785436,-2.493704,1.63019,49.89278
Trial Result: Success object: Well | Time Spent: 10.46429
Trial No.:13 Ends
Trial No.:23 Begins
User confirmed on object: Chair, this maze officially starts.
656.0333: 0.9257582,-3.318374,1.703456,2.963756
656.2556: 0.9439108,-3.334013,1.714593,7.05302
656.4778: 0.9414583,-3.333926,1.708886,358.516
656.7: 0.893585,-3.332744,1.682608,320.4778
656.9222: 0.8504944,-3.357824,1.667013,288.5142
657.1445: 0.7788122,-3.371461,1.660744,279.8617
657.3667: 0.6643335,-3.391876,1.655527,286.6405
657.5889: 0.5443509,-3.407672,1.659842,291.3009
657.8112: 0.4071789,-3.390195,1.652689,292.3203
658.0333: 0.2389317,-3.319775,1.644918,291.3589
658.2556: 0.03321993,-3.207954,1.672507,301.038
658.4778: -0.123067,-3.151436,1.660829,314.1293
658.7: -0.3391321,-3.100615,1.61995,335.6605
658.9222: -0.5336478,-3.031656,1.66045,347.9038
659.1445: -0.6776934,-2.894366,1.650275,357.0111
659.3667: -0.7706717,-2.686782,1.636669,359.8139
659.5889: -0.8574053,-2.463763,1.670065,5.167245
659.8112: -0.9057246,-2.21872,1.640231,7.860375
660.0333: -0.9399153,-1.942541,1.60955,10.88221
660.2556: -0.9099111,-1.652451,1.597476,19.25627
660.4778: -0.8222651,-1.445298,1.596369,25.61073
660.7: -0.7355537,-1.251875,1.635409,31.07117
660.9222: -0.6548864,-1.112386,1.633435,34.49816
661.1445: -0.5431421,-0.9705794,1.656109,34.80824
661.3667: -0.3733624,-0.8175617,1.631257,27.93887
661.5889: -0.1942146,-0.6461625,1.658676,13.25397
661.8112: -0.09106652,-0.4461638,1.656519,5.245338
662.0333: -0.04583259,-0.2166955,1.628078,16.14505
662.2556: -0.00561196,0.03622041,1.658814,34.1527
662.4778: 0.05168132,0.2571529,1.622621,46.16641
662.7: 0.1295935,0.4697532,1.629239,54.24917
662.9222: 0.1675861,0.6359664,1.640924,70.5982
663.1445: 0.1742989,0.7681726,1.632577,90.1842
663.3667: 0.1594356,0.9272802,1.645883,97.9566
663.5889: 0.1860473,1.070954,1.647723,74.65615
663.8112: 0.1548645,1.173476,1.634134,13.5059
664.0333: 0.1175994,1.258319,1.626899,352.8304
664.2556: 0.061417,1.442946,1.597283,359.465
664.4778: -0.01205208,1.666998,1.622563,14.068
664.7: -0.0243637,1.896248,1.618987,23.88892
664.9222: 0.02649389,2.137478,1.589958,30.81897
665.1445: 0.05955334,2.325245,1.625162,44.30873
665.3667: 0.09628452,2.528453,1.613642,66.67381
665.5889: 0.1333361,2.741905,1.599145,91.97733
665.8112: 0.2152963,2.923491,1.629973,100.9115
666.0333: 0.346346,3.016648,1.612898,105.8962
666.2556: 0.5445878,3.044996,1.624303,109.9604
666.4778: 0.7488925,3.089812,1.63262,117.4191
Trial Result: Success object: Piano | Time Spent: 10.83339
Trial No.:23 Ends
Trial No.:19 Begins
User confirmed on object: Well, this maze officially starts.
684.8667: 1.727376,-1.722605,1.703394,113.8208
685.0889: 1.723457,-1.717899,1.711323,122.8619
685.3112: 1.717934,-1.705106,1.70711,134.626
685.5333: 1.732161,-1.693306,1.702971,129.8087
685.7556: 1.754267,-1.696336,1.697573,116.2198
685.9778: 1.786624,-1.707264,1.685781,99.56478
686.2: 1.816508,-1.709041,1.688991,65.17958
686.4222: 1.837504,-1.735141,1.696234,51.08975
686.6445: 1.813526,-1.722235,1.674122,5.823274
686.8667: 1.740429,-1.730991,1.656217,321.5632
687.0889: 1.715879,-1.746108,1.650311,310.9987
687.3112: 1.746969,-1.748172,1.652334,307.5181
687.5333: 1.780248,-1.725202,1.654306,308.776
687.7556: 1.800752,-1.695606,1.657812,308.4654
687.9778: 1.780318,-1.658001,1.658396,307.2076
688.2: 1.721821,-1.597212,1.657134,310.5012
688.4222: 1.64958,-1.484161,1.643866,310.3134
688.6445: 1.570459,-1.321378,1.625001,297.1118
688.8667: 1.429027,-1.168855,1.659541,273.3094
689.0889: 1.247868,-1.093,1.634676,280.1268
689.3112: 1.022056,-1.082555,1.626972,298.7662
689.5333: 0.843354,-1.0608,1.671805,305.2039
689.7556: 0.6475664,-0.9924213,1.654305,314.9466
689.9778: 0.4565765,-0.8786792,1.651804,320.8741
690.2: 0.297111,-0.7774839,1.666592,334.6921
690.4222: 0.1545928,-0.6657135,1.648406,349.9374
690.6445: 0.05234408,-0.5215907,1.656085,359.3045
690.8667: 0.01111948,-0.2916666,1.615294,359.0854
691.0889: 0.003646886,-0.02290852,1.64521,351.7266
691.3112: -0.03355898,0.189768,1.660195,344.4213
691.5333: -0.0563178,0.4011197,1.628747,355.4826
691.7556: -0.08079876,0.6223133,1.654524,6.97226
691.9778: -0.07974421,0.8497639,1.65629,11.80452
692.2: -0.04956723,1.091349,1.630931,6.91117
692.4222: -0.05287369,1.319731,1.660238,354.6793
692.6445: -0.08557298,1.533007,1.641321,348.151
692.8667: -0.1185386,1.789553,1.635388,8.323874
693.0889: -0.1134477,1.989655,1.646212,23.03211
693.3112: -0.06917696,2.193727,1.616341,41.67135
693.5333: -0.007494794,2.374933,1.641152,56.00155
693.7556: 0.0168373,2.521169,1.652135,71.02773
693.9778: 0.04619874,2.694089,1.625323,90.48728
694.2: 0.07342228,2.907151,1.627949,101.7472
694.4222: 0.1123694,3.021674,1.642896,113.5324
694.6445: 0.05046506,3.012588,1.634793,172.6583
694.8667: -0.02501452,3.126474,1.630385,236.8252
695.0889: -0.06366531,3.172432,1.642456,250.7301
695.3112: -0.1417978,3.192643,1.640914,252.1759
695.5333: -0.3004903,3.193174,1.630282,250.0872
695.7556: -0.5197899,3.203315,1.630597,252.6888
695.9778: -0.7176262,3.163246,1.657975,256.4604
696.2: -0.892224,3.07231,1.629722,264.2664
696.4222: -1.040322,2.964447,1.642368,261.0049
696.6445: -1.194259,2.853047,1.629485,215.0522
696.8667: -1.371346,2.798865,1.610578,175.2878
697.0889: -1.545826,2.72316,1.639191,164.5941
697.3112: -1.646642,2.593502,1.621782,161.7409
697.5333: -1.676912,2.4369,1.60619,158.901
Trial Result: Success object: Table | Time Spent: 13.04999
Trial No.:19 Ends
Trial No.:22 Begins
User confirmed on object: Mailbox, this maze officially starts.
707.2: -1.731842,-3.224476,1.730705,0.7457172
707.4222: -1.717058,-3.232154,1.731278,354.678
707.6445: -1.714321,-3.231836,1.727156,344.2002
707.8667: -1.729635,-3.220791,1.718417,336.7579
708.0889: -1.816473,-3.230699,1.684767,316.2945
708.3112: -1.944122,-3.267171,1.665535,302.6161
708.5333: -2.044068,-3.268797,1.679262,314.1209
708.7556: -2.031192,-3.23261,1.683391,353.5732
708.9778: -1.931856,-3.227253,1.672078,35.32126
709.2: -1.810783,-3.193024,1.663324,47.58762
709.4222: -1.704212,-3.135739,1.66451,47.0876
709.6445: -1.55663,-3.071644,1.651549,55.58607
709.8667: -1.433576,-3.007883,1.660055,60.592
710.0889: -1.29165,-2.901991,1.670165,35.86097
710.3112: -1.144308,-2.801712,1.643085,5.856892
710.5333: -0.9883686,-2.693756,1.66941,353.1149
710.7556: -0.895378,-2.549488,1.659928,357.1222
710.9778: -0.8686942,-2.353791,1.638655,15.62017
711.2: -0.8775068,-2.096364,1.678037,25.21802
711.4222: -0.8548115,-1.892205,1.658136,17.84779
711.6445: -0.7652278,-1.679875,1.644958,24.08167
711.8667: -0.6932793,-1.495062,1.67092,39.36658
712.0889: -0.6041433,-1.328343,1.664253,70.86586
712.3112: -0.529317,-1.168627,1.657516,80.11829
712.5333: -0.4133644,-1.006607,1.647944,58.99181
712.7556: -0.2787941,-0.8513191,1.654513,11.72797
712.9778: -0.1534896,-0.7353789,1.676045,349.9273
713.2: -0.07954421,-0.5655069,1.656301,342.9607
713.4222: -0.07473832,-0.3774007,1.636991,342.5609
713.6445: -0.0288466,-0.2006546,1.670804,0.5885092
713.8667: 0.02768037,-0.01125422,1.646691,14.88426
714.0889: 0.08447583,0.1514652,1.657853,20.46248
714.3112: 0.1225754,0.3182472,1.661689,33.53537
714.5333: 0.1423097,0.4829541,1.637107,55.18083
714.7556: 0.1442511,0.662227,1.63734,78.17099
714.9778: 0.1971331,0.8148882,1.650048,93.85989
715.2: 0.3588432,0.9135003,1.625627,99.91058
715.4222: 0.5823673,0.9365423,1.63327,101.5088
715.6445: 0.7566323,0.9869317,1.651528,106.1442
Trial Result: Success object: Bookshelf | Time Spent: 8.789108
Trial No.:22 Ends
Trial No.:21 Begins
User confirmed on object: Mailbox, this maze officially starts.
726.0667: -1.914653,-3.415436,1.722655,11.34427
726.2889: -1.881763,-3.418177,1.7206,8.096932
726.5111: -1.844258,-3.416892,1.714291,2.812379
726.7333: -1.854164,-3.401911,1.70364,331.6197
726.9556: -1.887587,-3.414449,1.691235,287.6706
727.1778: -1.939074,-3.410213,1.68571,286.3616
727.4: -1.984146,-3.391409,1.690557,315.1228
727.6223: -2.020917,-3.371768,1.694085,336.9753
727.8445: -2.022174,-3.33141,1.687746,344.9597
728.0667: -2.009427,-3.284467,1.679656,346.752
728.2889: -2.041705,-3.234661,1.67931,344.8948
728.5111: -2.144378,-3.146943,1.66171,345.3667
728.7333: -2.312089,-3.030179,1.668135,352.7298
728.9556: -2.455977,-2.889965,1.67584,359.4673
729.1778: -2.544905,-2.701017,1.649675,6.081408
729.4: -2.585186,-2.456167,1.651268,8.375075
729.6223: -2.638113,-2.209609,1.673831,10.67662
729.8445: -2.689242,-1.959045,1.625391,12.1479
730.0667: -2.691257,-1.720736,1.655086,41.41835
730.2889: -2.635929,-1.553666,1.667928,53.81146
730.5111: -2.514249,-1.404029,1.653795,56.73896
730.7333: -2.39109,-1.26047,1.668717,62.68485
730.9556: -2.282057,-1.114448,1.65723,63.31658
731.1778: -2.182887,-0.9758056,1.658298,69.44519
731.4: -2.008411,-0.9042519,1.633083,75.96273
731.6223: -1.645424,-0.9344206,1.601911,77.90711
731.8445: -1.352275,-0.9397905,1.665144,78.23408
732.0667: -1.114518,-0.8804393,1.650556,67.08642
732.2889: -0.9205895,-0.8210218,1.627963,66.43158
732.5111: -0.6872876,-0.7852553,1.651199,61.1903
732.7333: -0.4388056,-0.7570839,1.603727,45.22218
732.9556: -0.2388436,-0.6798605,1.653195,20.20975
733.1778: -0.12276,-0.5365803,1.638081,8.639019
733.4: -0.07585263,-0.3253188,1.628712,9.371677
733.6223: -0.04026605,-0.0940318,1.66002,10.47126
733.8445: -0.003690001,0.1245873,1.622956,11.46094
734.0667: 0.01324092,0.2926888,1.644944,7.888947
734.2889: 0.02423244,0.3924338,1.659071,18.39712
734.5111: 0.02673033,0.4707955,1.661129,48.0213
734.7333: -0.02238094,0.5639063,1.660177,71.13931
734.9556: -0.08331062,0.6787211,1.6596,82.55864
735.1778: -0.09412275,0.7724482,1.649028,88.02219
735.4: -0.06136441,0.8605568,1.640109,72.72443
735.6223: -0.06670173,0.9913664,1.657959,358.3216
735.8445: -0.08481355,1.049114,1.648562,324.3946
736.0667: -0.09653984,1.19999,1.624645,328.967
736.2889: -0.1244161,1.357971,1.631652,345.449
736.5111: -0.1469274,1.480579,1.652965,348.7153
736.7333: -0.185878,1.54383,1.660967,321.5212
736.9556: -0.2024448,1.488663,1.665142,259.7155
737.1778: -0.203793,1.418988,1.66125,241.2635
737.4: -0.2539577,1.297718,1.63667,250.9337
737.6223: -0.3748997,1.150079,1.653406,277.2119
737.8445: -0.51982,1.08328,1.631784,289.9013
738.0667: -0.7296512,1.086545,1.606276,292.3614
738.2889: -0.95105,1.10364,1.625666,302.8658
738.5111: -1.104074,1.100615,1.620658,319.0071
738.7333: -1.313891,1.082998,1.592093,343.3588
738.9556: -1.503681,1.095832,1.632358,356.8089
739.1778: -1.624068,1.156634,1.628466,7.910966
739.4: -1.696769,1.238734,1.638544,357.3604
739.6223: -1.814202,1.280672,1.65552,304.9691
739.8445: -1.890287,1.213254,1.650936,238.4648
740.0667: -1.958383,1.18808,1.632819,237.9718
740.2889: -2.043734,1.266494,1.65502,304.4292
740.5111: -1.983151,1.350437,1.652263,344.2215
740.7333: -1.889467,1.460735,1.631947,354.2074
740.9556: -1.835897,1.613776,1.645667,342.8756
741.1778: -1.825672,1.81607,1.623,346.2628
741.4: -1.837524,2.030837,1.603854,17.85459
741.6223: -1.825234,2.232782,1.647579,43.33006
741.8445: -1.740563,2.436995,1.630107,59.99278
742.0667: -1.601475,2.597178,1.632599,68.09152
742.2889: -1.47276,2.733607,1.641046,78.7524
742.5111: -1.321056,2.856802,1.61379,89.06401
742.7333: -1.13331,2.987977,1.637757,96.09624
742.9556: -0.905348,3.059088,1.630389,100.9971
743.1778: -0.6445647,3.071778,1.613757,96.57507
743.4: -0.4066949,3.081447,1.647071,94.77848
743.6223: -0.1761381,3.104136,1.622012,93.51423
743.8445: 0.09033628,3.144017,1.626546,90.87147
744.0667: 0.313777,3.145016,1.652612,87.81622
744.2889: 0.5627637,3.112327,1.607913,84.72023
744.5111: 0.786813,3.071041,1.65114,83.80656
744.7333: 0.9922603,3.059548,1.655007,83.30412
744.9556: 1.220215,3.060108,1.613485,87.52827
745.1778: 1.444319,3.042897,1.640631,107.5443
745.4: 1.65329,3.009831,1.6382,126.8498
745.6223: 1.864176,2.948286,1.619978,136.4345
745.8445: 2.083804,2.87727,1.647527,142.4683
746.0667: 2.278476,2.780535,1.616607,148.6611
746.2889: 2.478139,2.679665,1.610897,153.615
746.5111: 2.614952,2.537604,1.623097,156.4455
746.7333: 2.7269,2.296526,1.583285,157.2349
746.9556: 2.815463,2.032878,1.624332,156.6642
Trial Result: Success object: Trashcan | Time Spent: 21.23868
Trial No.:21 Ends
Trial No.:6 Begins
User confirmed on object: Table, this maze officially starts.
761.2: -2.2297,1.967721,1.702958,85.69032
761.4222: -2.236745,1.992134,1.702685,90.05138
761.6445: -2.247019,2.014937,1.697535,96.21784
761.8667: -2.249022,2.044008,1.693505,93.52407
762.0889: -2.237473,2.100397,1.656246,69.13643
762.3112: -2.254785,2.145516,1.653004,36.232
762.5333: -2.242497,2.127805,1.660374,37.77072
762.7556: -2.193874,2.040661,1.66976,84.98229
762.9778: -2.206235,1.970124,1.678876,121.9182
763.2: -2.236067,1.934495,1.671257,162.9514
763.4222: -2.252522,1.90715,1.665986,179.6263
763.6445: -2.303961,1.832783,1.663645,176.9872
763.8667: -2.369456,1.714945,1.662696,173.8788
764.0889: -2.370716,1.598989,1.658255,148.0367
764.3112: -2.30471,1.522246,1.632787,109.1025
764.5333: -2.170796,1.409077,1.598353,101.0883
764.7556: -1.968329,1.287463,1.607887,99.68193
764.9778: -1.806865,1.173992,1.649423,103.598
765.2: -1.607141,1.041234,1.618998,99.67293
765.4222: -1.396243,0.96281,1.659711,80.66936
765.6445: -1.178493,0.9463218,1.638698,74.98229
765.8667: -0.905599,0.9696907,1.627957,86.84003
766.0889: -0.6622229,0.9860194,1.671906,96.34884
766.3112: -0.3350473,0.9900545,1.620336,99.16952
766.5333: -0.04787695,1.001434,1.655453,92.58444
766.7556: 0.2286638,1.048036,1.647864,94.59839
766.9778: 0.4751471,1.107006,1.612761,100.9601
767.2: 0.7387626,1.14928,1.659613,104.8586
767.4222: 0.9961402,1.159647,1.60249,102.3597
767.6445: 1.252255,1.146636,1.611755,94.87079
767.8667: 1.473546,1.146258,1.642629,95.31668
768.0889: 1.69651,1.143609,1.605227,100.9742
768.3112: 1.95045,1.109219,1.653109,119.5484
768.5333: 2.080475,1.047714,1.664127,137.8176
768.7556: 2.118886,0.9814538,1.644695,161.0654
768.9778: 2.176984,0.9406999,1.64725,171.0817
769.2: 2.234533,0.8874793,1.6541,184.4606
769.4222: 2.231933,0.8661624,1.662951,225.8719
769.6445: 2.261943,0.8439273,1.663886,228.9379
769.8667: 2.328394,0.8056059,1.668561,204.1598
770.0889: 2.423381,0.7690014,1.646141,176.8696
770.3112: 2.493271,0.6565102,1.640921,173.9122
770.5333: 2.514549,0.4766469,1.628078,180.9036
770.7556: 2.537976,0.2935463,1.657887,184.2708
770.9778: 2.585871,0.1142212,1.653158,189.7238
771.2: 2.644331,-0.1104425,1.635293,204.7451
771.4222: 2.652328,-0.3102807,1.663646,210.9979
771.6445: 2.581957,-0.5063953,1.639608,214.2812
771.8667: 2.474754,-0.6725577,1.646545,210.1322
772.0889: 2.39835,-0.8529065,1.66429,193.271
772.3112: 2.337199,-1.046504,1.644723,180.4469
772.5333: 2.280644,-1.187338,1.64553,179.6006
772.7556: 2.195261,-1.324341,1.643948,171.6441
772.9778: 2.098751,-1.423565,1.634468,159.7003
773.2: 2.006425,-1.534664,1.64939,143.3206
773.4222: 1.956124,-1.652888,1.653899,144.2861
773.6445: 1.940602,-1.81012,1.642044,164.9413
773.8667: 1.942433,-1.989873,1.639747,201.253
774.0889: 1.933316,-2.16775,1.657334,223.3935
774.3112: 1.85973,-2.380179,1.623138,241.8666
774.5333: 1.741373,-2.582577,1.629477,260.2362
774.7556: 1.659545,-2.74866,1.658757,272.0765
774.9778: 1.545903,-2.911418,1.625281,289.0225
775.2: 1.433478,-3.031577,1.644704,300.4174
Trial Result: Success object: Chair | Time Spent: 14.38281
Trial No.:6 Ends
