Participant ID: 411
Maze Mode: testing
Trial No.:21 Begins
User confirmed on object: Mailbox, this maze officially starts.
197.4267: -1.801317,-3.180352,1.775752,357.8323
197.6489: -1.797122,-3.192292,1.788851,356.1205
197.8711: -1.784058,-3.228114,1.803295,353.2783
198.0933: -1.770737,-3.268407,1.80901,349.2504
198.3156: -1.751791,-3.291984,1.808249,352.8467
198.5378: -1.737367,-3.29511,1.805457,357.7533
198.76: -1.744396,-3.294391,1.80374,349.8417
198.9822: -1.751138,-3.295001,1.804981,342.1531
199.2045: -1.734537,-3.291917,1.806227,349.8586
199.4267: -1.723899,-3.290269,1.804948,354.1597
199.6489: -1.72414,-3.287576,1.802854,350.8833
199.8711: -1.750346,-3.294371,1.79213,330.351
200.0933: -1.765161,-3.296381,1.786803,320.4638
200.3156: -1.748539,-3.275039,1.788205,335.1034
200.5378: -1.713132,-3.265099,1.797655,359.3592
200.76: -1.708274,-3.27748,1.804653,5.652143
200.9822: -1.700876,-3.286317,1.803702,13.54874
201.2045: -1.663374,-3.303447,1.79552,41.47525
201.4267: -1.643327,-3.317487,1.789759,56.95465
201.6489: -1.632511,-3.330083,1.78885,65.69962
201.8711: -1.623168,-3.340333,1.786892,69.9574
202.0933: -1.613718,-3.345919,1.786685,70.15868
202.3156: -1.607303,-3.345494,1.78677,66.79426
202.5378: -1.603477,-3.346152,1.786687,64.44088
202.76: -1.604777,-3.345584,1.786506,63.48175
202.9822: -1.629432,-3.321079,1.789025,44.07918
203.2045: -1.693875,-3.297295,1.809398,3.623696
203.4267: -1.728828,-3.295468,1.815316,350.9768
203.6489: -1.803352,-3.299757,1.799415,338.8726
203.8711: -1.941339,-3.284667,1.758322,330.188
204.0933: -2.102989,-3.262609,1.752238,323.6927
204.3156: -2.210021,-3.197816,1.756655,325.3282
204.5378: -2.261667,-3.074952,1.737422,336.3491
204.76: -2.286149,-2.926676,1.754047,344.8823
204.9822: -2.332173,-2.804614,1.762093,349.5463
205.2045: -2.405677,-2.696405,1.745518,355.1733
205.4267: -2.530783,-2.596655,1.742723,2.552271
205.6489: -2.631466,-2.491137,1.76325,9.024713
205.8711: -2.669702,-2.378216,1.757689,10.31431
206.0933: -2.65266,-2.233502,1.737601,9.259439
206.3156: -2.611798,-2.056587,1.755627,8.528027
206.5378: -2.60757,-1.895659,1.759136,8.316183
206.76: -2.629571,-1.757485,1.736,12.39441
206.9822: -2.666512,-1.603022,1.743042,31.2287
207.2045: -2.665921,-1.45284,1.753667,54.81779
207.4267: -2.629646,-1.31459,1.737373,69.37773
207.6489: -2.575632,-1.159729,1.746659,62.98441
207.8711: -2.583271,-0.9767039,1.762848,32.42762
208.0933: -2.636524,-0.7959069,1.734643,15.22281
208.3156: -2.711798,-0.5885479,1.740303,12.65886
208.5378: -2.735931,-0.4052386,1.747418,9.727299
208.76: -2.700813,-0.2347763,1.721426,10.69601
208.9822: -2.608651,-0.04668726,1.733337,13.38862
209.2045: -2.553022,0.1209011,1.749701,20.52699
209.4267: -2.542655,0.2847148,1.721997,27.66372
209.6489: -2.563399,0.4807026,1.72425,37.37667
209.8711: -2.53106,0.6426511,1.74076,49.63132
210.0933: -2.44886,0.7474706,1.731566,55.85627
210.3156: -2.335127,0.8186379,1.728966,42.72382
210.5378: -2.233301,0.8973458,1.738929,30.10863
210.76: -2.149901,0.9906837,1.728097,27.68642
210.9822: -2.061875,1.106009,1.716392,41.17489
211.2045: -1.936945,1.161678,1.730922,73.88826
211.4267: -1.806332,1.165086,1.722815,88.13658
211.6489: -1.637305,1.114821,1.7015,94.24447
211.8711: -1.439829,1.049412,1.72569,92.36109
212.0933: -1.280574,1.038133,1.73333,85.73275
212.3156: -1.127156,1.078551,1.701685,79.44717
212.5378: -0.9359888,1.148565,1.713169,74.52303
212.76: -0.7645827,1.162969,1.732409,66.76431
212.9822: -0.6043963,1.153257,1.720733,51.62694
213.2045: -0.4418052,1.136186,1.730642,34.86364
213.4267: -0.2787581,1.140523,1.738818,59.76759
213.6489: -0.1768284,1.164451,1.725224,111.4053
213.8711: -0.1138702,1.29448,1.724838,121.1875
214.0933: -0.03967287,1.414022,1.739962,114.2301
214.3156: 0.02374151,1.462482,1.733099,114.3871
214.5378: 0.07658447,1.532801,1.743029,83.98668
214.76: 0.05426921,1.666174,1.736252,29.87206
214.9822: 0.01671826,1.799854,1.710626,6.912022
215.2045: -0.03540447,1.982709,1.702114,352.5862
215.4267: -0.06560333,2.140103,1.713472,333.2718
215.6489: -0.04368665,2.269674,1.70471,323.5958
215.8711: 0.01241982,2.401447,1.688674,303.9342
216.0933: 0.05089682,2.535043,1.710722,287.7376
216.3156: 0.04947493,2.648097,1.702949,278.6166
216.5378: 0.05318301,2.803906,1.696924,316.8215
216.76: 0.1725245,2.913879,1.712002,49.81525
216.9822: 0.24547,2.910991,1.709556,100.9118
217.2045: 0.3385019,2.932394,1.700546,107.8814
217.4267: 0.4734269,2.943634,1.703576,106.1995
217.6489: 0.5964677,2.969339,1.718947,105.3974
217.8711: 0.7263839,3.045168,1.70457,96.4809
218.0933: 0.8616767,3.144799,1.709572,92.96181
218.3156: 0.9981828,3.184481,1.725575,94.5263
218.5378: 1.144865,3.165235,1.712268,99.73352
218.76: 1.327683,3.082237,1.689455,104.8633
218.9822: 1.513689,2.997746,1.720553,110.8
219.2045: 1.666378,2.960352,1.715762,117.3219
219.4267: 1.847176,2.953403,1.686586,126.9104
219.6489: 2.070005,2.928906,1.694034,141.9504
219.8711: 2.23474,2.843771,1.712121,151.9801
220.0933: 2.335913,2.721849,1.704219,155.2892
220.3156: 2.412435,2.575179,1.716678,155.2625
220.5378: 2.492937,2.459717,1.723053,156.546
220.76: 2.595499,2.330897,1.704519,157.1357
220.9822: 2.73937,2.158544,1.712878,158.9964
221.2045: 2.798832,1.978082,1.735921,157.711
221.4267: 2.793279,1.789206,1.720441,150.5332
221.6489: 2.768275,1.592215,1.732642,139.9251
Trial Result: Success object: Trashcan | Time Spent: 24.50064
Trial No.:21 Ends
Trial No.:23 Begins
User confirmed on object: Chair, this maze officially starts.
257.6267: 0.846096,-3.211962,1.775806,354.383
257.8489: 0.8436524,-3.221788,1.786297,352.3166
258.0711: 0.8414326,-3.24509,1.803381,349.226
258.2933: 0.8399089,-3.269765,1.806795,345.3685
258.5156: 0.8502495,-3.278547,1.804739,350.1057
258.7378: 0.8716806,-3.276801,1.805589,4.369619
258.96: 0.8853804,-3.271552,1.803725,13.32559
259.1822: 0.8882891,-3.261919,1.800987,15.0619
259.4044: 0.8917848,-3.247494,1.793714,14.51794
259.6267: 0.9024498,-3.232194,1.788807,15.30293
259.8489: 0.8664787,-3.206436,1.792027,352.3877
260.0711: 0.781471,-3.191695,1.783755,329.5945
260.2933: 0.6347188,-3.179215,1.760281,319.6636
260.5156: 0.4427369,-3.184369,1.758879,311.1248
260.7378: 0.2882388,-3.170811,1.759284,305.3358
260.96: 0.1493932,-3.114488,1.736455,303.6913
261.1822: 0.001038667,-3.002653,1.723594,304.1008
261.4044: -0.1600076,-2.91137,1.747009,308.4172
261.6267: -0.3199087,-2.843114,1.726019,316.9025
261.8489: -0.5111816,-2.779643,1.720792,332.1553
262.0711: -0.6704768,-2.677213,1.746703,344.2159
262.2933: -0.7464399,-2.536019,1.733984,352.5469
262.5156: -0.7553046,-2.338574,1.731601,359.3618
262.7378: -0.7664372,-2.160156,1.748679,6.192624
262.96: -0.7920852,-1.996762,1.735505,13.0882
263.1822: -0.8426554,-1.803602,1.745054,22.5288
263.4044: -0.8264984,-1.617184,1.75401,30.6876
263.6267: -0.7370417,-1.469155,1.728716,43.71252
263.8489: -0.5994914,-1.329509,1.737842,59.88582
264.0711: -0.5020091,-1.204377,1.755115,67.80132
264.2933: -0.4382691,-1.091361,1.749163,71.65265
264.5156: -0.3946862,-0.9352615,1.757117,52.95377
264.7378: -0.3198454,-0.8093756,1.75895,31.63269
264.96: -0.2003627,-0.6984955,1.734668,17.05754
265.1822: -0.08687969,-0.5755115,1.748544,1.137765
265.4044: -0.04355422,-0.4390381,1.735924,345.1505
265.6267: -0.06535122,-0.280704,1.714633,327.5232
265.8489: -0.0781095,-0.1315267,1.738201,312.9502
266.0711: -0.04807687,0.03854945,1.741023,319.8837
266.2933: 0.002687516,0.2207614,1.714709,318.5614
266.5156: 0.04189701,0.3961142,1.742299,307.5642
266.7378: 0.03997665,0.5497036,1.740224,307.7672
266.96: 0.008539549,0.7209716,1.716189,334.0503
267.1822: -0.05306112,0.8955175,1.732179,351.5433
267.4044: -0.07123744,1.060415,1.73211,2.988339
267.6267: -0.0545655,1.226117,1.707144,2.974332
267.8489: -0.002747847,1.427776,1.719871,351.9427
268.0711: 0.01642885,1.615773,1.739082,344.4971
268.2933: -0.005774394,1.800609,1.703959,339.8214
268.5156: -0.08197559,2.029655,1.704672,336.2932
268.7378: -0.1140686,2.237442,1.719513,327.0882
268.96: -0.1273054,2.432537,1.700813,310.6525
269.1822: -0.1480058,2.625934,1.708562,289.1292
269.4044: -0.2260879,2.754084,1.721973,271.3426
269.6267: -0.3628022,2.829352,1.69976,259.3248
269.8489: -0.5399701,2.894905,1.720677,253.0116
270.0711: -0.6953207,2.979934,1.725498,247.953
270.2933: -0.8460492,3.084341,1.707436,242.9914
270.5156: -1.005713,3.152434,1.734365,252.44
270.7378: -1.13626,3.137794,1.71762,251.3476
270.96: -1.227362,3.020041,1.714561,221.2878
271.1822: -1.30547,2.945031,1.725734,197.207
271.4044: -1.322392,2.920666,1.730618,160.6441
271.6267: -1.281785,2.966523,1.729777,113.1774
271.8489: -1.203621,2.992827,1.727393,104.3381
272.0711: -1.025081,3.02868,1.704984,101.1073
272.2933: -0.7827158,3.053695,1.713241,101.1778
272.5156: -0.5888375,3.038628,1.718913,103.9106
272.7378: -0.4317902,2.987489,1.702162,103.0142
272.96: -0.2682966,2.933989,1.724723,100.0706
273.1822: -0.1409003,2.934984,1.722954,98.27773
273.4044: 0.02573399,2.975343,1.688909,100.2581
273.6267: 0.2484687,3.052344,1.709205,105.6852
273.8489: 0.4778488,3.059987,1.715958,108.3971
274.0711: 0.7163093,2.992659,1.682133,110.882
274.2933: 0.9439738,2.937526,1.712163,114.669
Trial Result: Success object: Piano | Time Spent: 16.9252
Trial No.:23 Ends
Trial No.:3 Begins
User confirmed on object: Piano, this maze officially starts.
305.36: 1.754758,3.274832,1.776968,174.6644
305.5822: 1.748983,3.292281,1.779221,178.6664
305.8044: 1.736233,3.311284,1.777205,183.2435
306.0267: 1.724813,3.319651,1.776245,187.3153
306.2489: 1.713936,3.317321,1.772235,192.8745
306.4711: 1.738512,3.284438,1.763531,182.5387
306.6933: 1.825483,3.232637,1.735771,156.16
306.9156: 1.970218,3.152118,1.703678,151.5298
307.1378: 2.130418,3.048901,1.704216,155.5244
307.36: 2.233848,2.924779,1.705055,159.0213
307.5822: 2.290842,2.774376,1.707124,159.848
307.8044: 2.354015,2.613102,1.729398,164.4785
308.0267: 2.44512,2.461772,1.714362,173.3583
308.2489: 2.576072,2.299129,1.721807,184.2134
308.4711: 2.623283,2.107315,1.735467,192.9733
308.6933: 2.583023,1.913074,1.712467,196.6493
308.9156: 2.530073,1.702318,1.735515,194.5724
309.1378: 2.533588,1.509418,1.735336,189.1243
309.36: 2.592235,1.292911,1.705003,187.0477
309.5822: 2.663379,1.058733,1.733025,188.2043
309.8044: 2.676082,0.8530182,1.732515,187.1102
310.0267: 2.628788,0.6344828,1.720411,186.2807
310.2489: 2.59501,0.4108248,1.753484,187.5316
310.4711: 2.59346,0.1871163,1.726804,191.8783
310.6933: 2.627578,-0.05319271,1.728477,199.2053
310.9156: 2.605788,-0.2501897,1.747045,205.3503
311.1378: 2.538172,-0.4213915,1.720353,208.2033
311.36: 2.41303,-0.6163923,1.735636,207.2465
311.5822: 2.324508,-0.8125615,1.752821,206.3029
311.8044: 2.257253,-1.02551,1.726011,206.4487
312.0267: 2.181264,-1.267081,1.740407,201.4704
312.2489: 2.098923,-1.467793,1.739599,179.6813
312.4711: 1.979799,-1.642123,1.731444,169.762
312.6933: 1.884811,-1.824185,1.753494,189.2968
312.9156: 1.864901,-2.039788,1.710547,204.5719
313.1378: 1.874651,-2.281363,1.733162,221.7207
313.36: 1.817619,-2.467208,1.74732,237.2503
313.5822: 1.686794,-2.606954,1.716358,250.9467
313.8044: 1.49765,-2.731139,1.72761,267.0936
314.0267: 1.334606,-2.84888,1.744907,274.3535
314.2489: 1.153363,-2.98638,1.723196,277.2984
314.4711: 0.9603148,-3.110107,1.75027,281.209
314.6933: 0.7399316,-3.133896,1.744313,283.7256
314.9156: 0.4738026,-3.083636,1.733319,281.7062
315.1378: 0.2263916,-3.061252,1.769963,280.9004
315.36: 0.004757981,-3.085785,1.73807,282.4659
315.5822: -0.2392241,-3.152773,1.735765,289.0612
315.8044: -0.4509607,-3.152084,1.757882,294.444
316.0267: -0.6578996,-3.093138,1.72274,297.5127
316.2489: -0.8944248,-3.002923,1.738981,298.3592
316.4711: -1.088106,-2.97539,1.749644,301.4636
Trial Result: Success object: Mailbox | Time Spent: 11.32771
Trial No.:3 Ends
Trial No.:11 Begins
User confirmed on object: Trashcan, this maze officially starts.
339.5267: 2.557987,1.062317,1.804343,87.94517
339.7489: 2.544544,1.051683,1.797932,89.78548
339.9711: 2.537133,1.040682,1.793832,94.86625
340.1933: 2.540382,1.036575,1.79349,100.4571
340.4156: 2.545456,1.004579,1.780925,131.763
340.6378: 2.554562,0.9693032,1.751617,168.1058
340.86: 2.571185,0.8767676,1.732792,174.8889
341.0822: 2.553172,0.705016,1.719356,173.7317
341.3044: 2.538393,0.5295449,1.740918,174.3035
341.5267: 2.541313,0.3763681,1.728909,179.8395
341.7489: 2.576961,0.2065556,1.706784,186.2192
341.9711: 2.616476,0.007718813,1.73624,193.1701
342.1933: 2.585485,-0.1720576,1.734939,197.4557
342.4156: 2.496869,-0.3633275,1.713349,198.9171
342.6378: 2.420356,-0.5617286,1.741238,198.6546
342.86: 2.353321,-0.7377009,1.724687,198.6457
343.0822: 2.296244,-0.9342027,1.724347,191.3915
343.3044: 2.191695,-1.099926,1.741975,177.6145
343.5267: 2.034515,-1.24329,1.72101,166.5263
343.7489: 1.899999,-1.387388,1.744123,156.7241
343.9711: 1.846532,-1.563787,1.733464,153.6938
344.1933: 1.881842,-1.762124,1.707946,153.6305
344.4156: 1.934119,-1.995825,1.74044,150.3037
344.6378: 1.955494,-2.188472,1.734869,139.6344
344.86: 1.953089,-2.392754,1.721015,125.0753
345.0822: 1.972585,-2.560019,1.744561,115.8741
345.3044: 1.977354,-2.719108,1.739486,148.8602
345.5267: 1.953917,-2.827019,1.742597,207.0612
345.7489: 1.915976,-2.879292,1.752175,239.0591
345.9711: 1.831676,-2.913541,1.744641,253.0305
346.1933: 1.691069,-2.908526,1.736071,263.4857
346.4156: 1.560379,-2.904725,1.750514,276.6341
346.6378: 1.454004,-2.935222,1.743084,289.1735
346.86: 1.338371,-3.020221,1.726622,291.3988
347.0822: 1.206356,-3.125352,1.749656,290.0513
347.3044: 1.073024,-3.165757,1.753222,290.9962
347.5267: 0.9173221,-3.144433,1.733595,288.4297
347.7489: 0.7205535,-3.070611,1.746669,285.913
347.9711: 0.5295486,-3.029628,1.76527,284.6963
348.1933: 0.3180366,-3.027619,1.728355,282.864
348.4156: 0.05260495,-3.069309,1.738766,283.7516
348.6378: -0.1775935,-3.058099,1.766177,282.7166
348.86: -0.4105964,-3.002871,1.727895,280.7556
349.0822: -0.6597335,-2.94252,1.755605,278.4391
349.3044: -0.8803511,-2.945573,1.751972,278.9204
349.5267: -1.113831,-3.003732,1.729216,281.6772
349.7489: -1.344009,-3.042092,1.759323,289.6956
349.9711: -1.542288,-3.027555,1.744221,295.2715
350.1933: -1.770905,-2.95514,1.726315,299.7143
350.4156: -1.990717,-2.889969,1.744218,310.207
350.6378: -2.185028,-2.813312,1.726221,326.723
350.86: -2.372143,-2.717869,1.728087,346.4104
351.0822: -2.484788,-2.56813,1.735557,357.2468
351.3044: -2.546199,-2.335193,1.703972,2.091376
351.5267: -2.586248,-2.069534,1.74366,4.139927
351.7489: -2.642908,-1.852179,1.745542,7.856517
351.9711: -2.725417,-1.636156,1.722785,14.93867
352.1933: -2.752662,-1.403446,1.738679,21.95463
352.4156: -2.691316,-1.163157,1.706468,23.83887
352.6378: -2.581183,-0.8910341,1.708876,24.09578
Trial Result: Success object: Telescope | Time Spent: 13.44858
Trial No.:11 Ends
Trial No.:10 Begins
User confirmed on object: Bookshelf, this maze officially starts.
370.96: 1.78814,1.170301,1.795251,179.586
371.1822: 1.775278,1.181828,1.794903,184.6315
371.4044: 1.75335,1.186454,1.790062,197.4431
371.6267: 1.745829,1.182201,1.787798,201.0952
371.8489: 1.739148,1.164062,1.783873,202.8842
372.0711: 1.714542,1.142309,1.775703,224.9494
372.2933: 1.648141,1.130895,1.756079,260.933
372.5156: 1.520802,1.116343,1.737853,267.6342
372.7378: 1.353286,1.104648,1.73627,260.6759
372.96: 1.198803,1.057068,1.742734,250.6154
373.1822: 1.073091,0.9831723,1.725911,250.6064
373.4044: 0.9267994,0.9381332,1.744655,276.5413
373.6267: 0.769641,0.955775,1.733936,294.1145
373.8489: 0.611046,1.060502,1.710684,314.0659
374.0711: 0.4607491,1.149772,1.731272,326.8795
374.2933: 0.3261163,1.19655,1.731028,333.4577
374.5156: 0.1842592,1.222466,1.724208,345.7265
374.7378: 0.08033463,1.315106,1.737033,355.9819
374.96: 0.0471063,1.469651,1.712597,359.0011
375.1822: 0.06436479,1.685355,1.717165,354.0962
375.4044: 0.05830593,1.886518,1.729449,346.0071
375.6267: 0.0122738,2.076566,1.705664,336.0979
375.8489: -0.0894113,2.28243,1.704312,326.7632
376.0711: -0.1660387,2.458098,1.715133,313.1613
376.2933: -0.23657,2.615911,1.702386,297.2576
376.5156: -0.3066444,2.785648,1.715195,283.8022
376.7378: -0.4148692,2.899114,1.727051,275.194
376.96: -0.5672075,2.946052,1.694294,267.8869
377.1822: -0.7686473,2.956763,1.712121,262.1413
377.4044: -0.9422626,3.002052,1.725125,264.1979
377.6267: -1.117681,3.068215,1.704574,264.5145
377.8489: -1.288722,3.114636,1.712445,252.9511
378.0711: -1.385831,3.058452,1.722315,215.074
378.2933: -1.455478,2.958718,1.70541,201.6963
378.5156: -1.543997,2.792008,1.712098,202.2865
378.7378: -1.607631,2.644045,1.712283,182.9272
378.96: -1.69202,2.515292,1.699712,168.4843
379.1822: -1.857667,2.35797,1.698401,181.041
379.4044: -1.983529,2.18917,1.718482,193.0183
379.6267: -2.032427,2.006371,1.69188,197.7684
379.8489: -2.042115,1.777202,1.707052,204.1999
380.0711: -2.112823,1.573372,1.726154,203.6787
380.2933: -2.25575,1.417778,1.69842,198.4975
380.5156: -2.452745,1.272608,1.707218,182.4792
380.7378: -2.580295,1.117535,1.723872,169.129
380.96: -2.649182,0.9416579,1.698665,166.2959
381.1822: -2.694969,0.7181426,1.715389,170.1646
381.4044: -2.755201,0.5285702,1.732978,172.5054
381.6267: -2.843579,0.3234931,1.705801,175.2534
381.8489: -2.922319,0.1042432,1.735569,177.9322
382.0711: -2.919047,-0.08823603,1.733846,180.5149
382.2933: -2.846323,-0.2932378,1.707704,187.0237
382.5156: -2.7812,-0.4910503,1.731964,197.0655
382.7378: -2.787211,-0.6597674,1.72845,199.8424
382.96: -2.867792,-0.8742194,1.701089,197.7733
383.1822: -2.954104,-1.12192,1.734752,196.474
Trial Result: Success object: Plant | Time Spent: 12.55031
Trial No.:10 Ends
Trial No.:24 Begins
User confirmed on object: Chair, this maze officially starts.
402.2822: 0.7209541,-3.334952,1.799374,2.978123
402.5045: 0.7201371,-3.340441,1.803388,4.747461
402.7267: 0.727093,-3.351349,1.80141,6.880696
402.9489: 0.7416377,-3.357405,1.797421,7.731983
403.1711: 0.7446902,-3.361546,1.796085,358.4101
403.3933: 0.713779,-3.374076,1.790882,327.4755
403.6156: 0.6805657,-3.38608,1.776453,298.6822
403.8378: 0.6043122,-3.399063,1.76345,289.13
404.06: 0.4596934,-3.416406,1.74799,291.5771
404.2822: 0.2832504,-3.421185,1.756707,294.4365
404.5045: 0.125462,-3.380614,1.748473,294.1418
404.7267: -0.02681319,-3.263539,1.716817,295.8575
404.9489: -0.1754635,-3.088607,1.743379,305.7307
405.1711: -0.306424,-2.953264,1.750126,321.4535
405.3933: -0.4837091,-2.84576,1.71971,333.1613
405.6156: -0.6675037,-2.717224,1.746101,346.3587
405.8378: -0.7448144,-2.558504,1.742127,353.6902
406.06: -0.7293395,-2.351491,1.722169,359.6341
406.2822: -0.6975086,-2.131402,1.749875,3.464642
406.5045: -0.6979904,-1.954477,1.750233,9.053813
406.7267: -0.7246956,-1.745731,1.710883,17.86374
406.9489: -0.7374089,-1.504519,1.738016,31.86721
407.1711: -0.6760828,-1.342048,1.742948,43.92077
407.3933: -0.5316985,-1.233671,1.716261,57.11418
407.6156: -0.3367334,-1.149049,1.737323,72.83707
407.8378: -0.2146863,-1.030546,1.753212,68.02811
408.06: -0.1712434,-0.8499102,1.729958,24.50551
408.2822: -0.1322267,-0.6578593,1.733222,1.136104
408.5045: -0.06291594,-0.4917704,1.739254,344.2271
408.7267: 0.03153536,-0.3293332,1.728214,337.5176
408.9489: 0.1443567,-0.1439317,1.742567,339.6532
409.1711: 0.1675055,0.04933975,1.736376,342.3054
409.3933: 0.1002817,0.2532245,1.706521,347.0876
409.6156: 0.01215991,0.4669283,1.731336,353.9461
409.8378: -0.01350199,0.6399806,1.735902,359.5911
410.06: 0.009734385,0.832655,1.704813,4.177089
410.2822: 0.03930643,1.052735,1.729049,4.492575
410.5045: 0.01550338,1.25701,1.725492,4.766861
410.7267: -0.05646893,1.468412,1.702455,6.972205
410.9489: -0.1110318,1.666775,1.724147,12.3473
411.1711: -0.09724415,1.844314,1.708527,14.26838
411.3933: -0.02485472,2.032182,1.699135,6.443278
411.6156: 0.01239757,2.220351,1.726613,344.2733
411.8378: -0.01252605,2.379182,1.712802,317.7735
412.06: -0.1076298,2.524824,1.691601,291.3247
412.2822: -0.1827596,2.661447,1.701254,271.9056
412.5045: -0.2250197,2.789536,1.706563,259.775
412.7267: -0.2668586,2.960677,1.698553,253.7215
412.9489: -0.3439986,3.101016,1.718949,247.8627
413.1711: -0.4774889,3.157543,1.6981,241.199
413.3933: -0.6987275,3.137592,1.686453,236.6829
413.6156: -0.9072599,3.136442,1.708095,248.0876
413.8378: -1.076531,3.150959,1.708169,247.4436
414.06: -1.136436,3.122986,1.714974,198.6514
414.2822: -1.036443,3.153425,1.735698,130.9301
414.5045: -0.9156675,3.190034,1.727107,109.614
414.7267: -0.6958026,3.198567,1.714991,104.9445
414.9489: -0.449069,3.179397,1.716635,105.1597
415.1711: -0.2360019,3.142704,1.701758,103.7018
415.3933: -0.02606916,3.064766,1.698518,100.3655
415.6156: 0.193204,3.03826,1.725613,97.3128
415.8378: 0.4193151,3.066159,1.690839,98.33766
416.06: 0.6785702,3.127753,1.702507,102.2639
416.2822: 0.9163497,3.115702,1.716338,104.2497
416.5045: 1.150425,3.040347,1.690251,103.9446
416.7267: 1.394052,2.95243,1.719429,103.6045
416.9489: 1.60617,2.909221,1.712289,108.1402
417.1711: 1.847937,2.893315,1.670196,120.8702
417.3933: 2.105884,2.844022,1.684436,140.2759
417.6156: 2.275214,2.7268,1.702048,151.1495
417.8378: 2.37464,2.569325,1.690187,154.6342
418.06: 2.47518,2.408604,1.706992,152.7538
418.2822: 2.567473,2.243,1.68724,153.2372
418.5045: 2.706711,2.018566,1.66607,153.0715
418.7267: 2.808691,1.783883,1.683674,151.0928
Trial Result: Success object: Trashcan | Time Spent: 16.68178
Trial No.:24 Ends
Trial No.:19 Begins
User confirmed on object: Well, this maze officially starts.
440.4378: 1.580127,-2.001708,1.800056,86.45569
440.66: 1.560365,-1.999318,1.804223,84.66358
440.8822: 1.546114,-2.016461,1.798477,93.79735
441.1045: 1.539002,-2.032061,1.796574,100.3913
441.3267: 1.548424,-2.008893,1.795538,80.43126
441.5489: 1.545891,-1.97422,1.78855,49.92443
441.7711: 1.534748,-1.956234,1.776615,24.70218
441.9933: 1.526566,-1.963147,1.770135,6.810619
442.2156: 1.516972,-1.964334,1.765545,352.3703
442.4378: 1.500513,-1.937699,1.761417,340.9541
442.66: 1.498465,-1.853842,1.745365,345.8876
442.8822: 1.476761,-1.760304,1.739473,345.8516
443.1045: 1.449184,-1.766117,1.748685,309.8829
443.3267: 1.500021,-1.879821,1.73792,251.3284
443.5489: 1.628192,-1.95143,1.733108,211.3799
443.7711: 1.7131,-2.007802,1.74819,194.1727
443.9933: 1.752525,-2.10911,1.741739,189.7651
444.2156: 1.737011,-2.278003,1.714165,199.4966
444.4378: 1.669502,-2.498759,1.714654,235.2569
444.66: 1.570774,-2.662296,1.733538,256.1595
444.8822: 1.432626,-2.760207,1.705523,269.1325
445.1045: 1.218122,-2.83596,1.727643,276.6216
445.3267: 1.031782,-2.942618,1.743072,280.7679
445.5489: 0.8426828,-3.07494,1.722047,285.3772
445.7711: 0.6177,-3.164496,1.755031,288.1088
445.9933: 0.3919508,-3.158109,1.726063,287.6366
446.2156: 0.154963,-3.087836,1.738733,284.3537
446.4378: -0.04338278,-3.054029,1.76089,284.476
446.66: -0.2531856,-3.05434,1.728321,285.1011
446.8822: -0.5102453,-3.085879,1.731592,289.0641
447.1045: -0.7297536,-3.082899,1.755604,289.2197
447.3267: -0.9587152,-3.05434,1.715628,287.941
447.5489: -1.228767,-2.990009,1.748304,285.1931
447.7711: -1.481762,-2.972471,1.749365,290.969
447.9933: -1.764341,-3.0029,1.70164,303.5471
448.2156: -2.045123,-2.988705,1.733083,319.9148
448.4378: -2.225563,-2.86951,1.724606,330.092
448.66: -2.352786,-2.650597,1.72063,340.585
448.8822: -2.45806,-2.452917,1.74606,354.3418
449.1045: -2.569285,-2.275983,1.724549,5.539423
449.3267: -2.72595,-2.066286,1.733457,12.78404
449.5489: -2.781294,-1.841742,1.748615,17.71706
449.7711: -2.751112,-1.599183,1.711852,18.48036
449.9933: -2.69101,-1.31672,1.74662,11.99974
450.2156: -2.68673,-1.074317,1.75062,10.33918
450.4378: -2.721466,-0.8077507,1.710775,12.38021
450.66: -2.74825,-0.5287089,1.737271,17.08816
450.8822: -2.712944,-0.2868732,1.724252,17.87552
451.1045: -2.616373,-0.02559616,1.709641,20.14246
451.3267: -2.544516,0.2178131,1.7438,27.87558
451.5489: -2.509322,0.4486682,1.711729,35.42419
451.7711: -2.488839,0.6900684,1.714009,47.41904
451.9933: -2.424247,0.8838097,1.73466,49.59981
452.2156: -2.305377,1.045661,1.687337,48.39021
452.4378: -2.071521,1.251669,1.675671,47.90036
Trial Result: Success object: Table | Time Spent: 12.38391
Trial No.:19 Ends
Trial No.:9 Begins
User confirmed on object: Bookshelf, this maze officially starts.
472.1711: 1.819364,1.248042,1.790135,184.8857
472.3933: 1.794173,1.253132,1.790852,190.4627
472.6156: 1.761986,1.259206,1.787515,201.5248
472.8378: 1.749045,1.256694,1.784563,205.2377
473.06: 1.740874,1.243711,1.78012,208.8699
473.2822: 1.699939,1.22359,1.758333,243.1293
473.5045: 1.605327,1.185482,1.734837,259.4925
473.7267: 1.418711,1.169756,1.715918,267.3251
473.9489: 1.220532,1.18048,1.729292,272.0883
474.1711: 1.04838,1.168593,1.726415,276.758
474.3933: 0.8476976,1.11626,1.694909,281.4459
474.6156: 0.6165994,1.088791,1.722469,294.6836
474.8378: 0.4541492,1.17077,1.727097,326.6457
475.06: 0.3111864,1.289528,1.709906,333.7264
475.2822: 0.157231,1.406533,1.705977,337.3309
475.5045: 0.009753188,1.514421,1.674839,342.3096
475.7267: -0.09244005,1.695518,1.6977,345.5999
475.9489: -0.08766843,1.933961,1.688865,340.9113
476.1711: -0.04942024,2.227921,1.69678,321.7325
476.3933: -0.09681606,2.447844,1.724028,304.0998
476.6156: -0.2260154,2.602274,1.690934,293.2111
476.8378: -0.3820722,2.75176,1.710194,284.6298
477.06: -0.524539,2.885479,1.710829,277.9863
477.2822: -0.692175,3.042208,1.692415,271.0029
477.5045: -0.886605,3.124092,1.718914,266.9045
477.7267: -1.116755,3.120736,1.681241,265.8599
477.9489: -1.398012,3.057911,1.697397,268.6722
478.1711: -1.626311,3.0509,1.717295,268.7411
478.3933: -1.883791,3.090694,1.666653,267.6257
478.6156: -2.211674,3.136884,1.649552,263.8693
Trial Result: Success object: Stove | Time Spent: 6.840168
Trial No.:9 Ends
Trial No.:16 Begins
User confirmed on object: Wheelbarrow, this maze officially starts.
506.0934: 0.2018751,0.05381626,1.787667,268.1319
506.3156: 0.2318062,0.04139374,1.77995,278.8734
506.5378: 0.2500644,0.05327386,1.771478,292.0764
506.76: 0.2451286,0.05691595,1.769125,295.6892
506.9822: 0.2180918,0.06494406,1.754467,302.3491
507.2045: 0.1510205,0.1349754,1.734527,308.0746
507.4267: 0.084397,0.3277928,1.703241,307.6547
507.6489: -0.004100876,0.5641204,1.71169,300.2831
507.8711: -0.09983011,0.7179497,1.716849,292.2039
508.0934: -0.2489099,0.8014003,1.687762,283.9055
508.3156: -0.4611506,0.8792537,1.706794,285.7808
508.5378: -0.6493715,0.9618473,1.719761,288.1016
508.76: -0.849232,1.054901,1.698772,286.6193
508.9822: -1.048265,1.145673,1.722688,289.5989
509.2045: -1.238569,1.215515,1.705756,309.0559
509.4267: -1.434333,1.247742,1.694235,331.8401
509.6489: -1.561336,1.315279,1.713706,352.2043
509.8711: -1.619486,1.420443,1.697516,11.11931
510.0934: -1.638356,1.555331,1.698038,20.15512
510.3156: -1.676807,1.6775,1.707949,22.85018
510.5378: -1.765711,1.802143,1.701228,10.90985
510.76: -1.894805,1.928721,1.696885,349.6675
510.9822: -1.95971,2.09836,1.709768,332.1829
511.2045: -1.973439,2.275366,1.684753,309.8336
511.4267: -1.989753,2.421115,1.714566,290.8103
511.6489: -2.02069,2.43672,1.714251,264.4693
511.8711: -1.994581,2.358723,1.721731,219.9487
512.0933: -1.928335,2.325926,1.714354,191.526
512.3156: -1.916985,2.283438,1.71597,191.7256
512.5378: -1.941869,2.164279,1.687022,199.0819
512.76: -1.992525,1.911007,1.686801,203.7243
512.9822: -2.077267,1.659136,1.701679,206.2457
513.2045: -2.204998,1.46469,1.690822,204.7903
513.4267: -2.375422,1.272138,1.709944,198.8619
513.6489: -2.470868,1.060111,1.7409,194.321
513.8711: -2.502868,0.8122334,1.696318,182.5782
514.0933: -2.529243,0.5525517,1.723211,170.9535
514.3156: -2.610758,0.3262472,1.719278,171.0876
514.5378: -2.73833,0.07390865,1.704149,175.1231
514.76: -2.820645,-0.1813072,1.748108,181.7679
514.9822: -2.811256,-0.4265859,1.714227,186.4493
515.2045: -2.752147,-0.6872535,1.719505,196.0818
515.4267: -2.762904,-0.9121698,1.74354,201.5685
515.6489: -2.822545,-1.123516,1.717498,206.9615
Trial Result: Success object: Plant | Time Spent: 9.940351
Trial No.:16 Ends
Trial No.:1 Begins
User confirmed on object: Stove, this maze officially starts.
533.5489: -2.388436,3.024159,1.735999,266.773
533.7711: -2.376532,3.018621,1.759721,266.1616
533.9933: -2.366708,3.025088,1.763776,267.0253
534.2156: -2.364905,3.045561,1.763788,276.1306
534.4378: -2.373199,3.050092,1.764061,271.5435
534.66: -2.360858,3.020252,1.753858,237.0318
534.8823: -2.321217,3.024864,1.741896,193.7376
535.1044: -2.280287,3.075213,1.728889,153.4923
535.3267: -2.206869,3.115755,1.723721,129.7519
535.5489: -2.07773,3.120726,1.709785,116.3528
535.7711: -1.888341,3.095025,1.710015,113.8593
535.9933: -1.722748,3.049497,1.715451,108.9689
536.2156: -1.580299,2.969399,1.702148,104.9592
536.4378: -1.43072,2.891002,1.716843,101.9541
536.66: -1.24772,2.885938,1.690223,103.5585
536.8823: -1.012509,2.941241,1.686639,111.6651
537.1044: -0.8011487,2.947063,1.714194,120.6945
537.3267: -0.6399542,2.879167,1.694139,129.4522
537.5489: -0.4886655,2.758718,1.700995,134.8265
537.7711: -0.3398443,2.655988,1.711729,144.8963
537.9933: -0.1844185,2.546018,1.693012,156.8238
538.2156: -0.02844071,2.416748,1.706933,167.2624
538.4378: 0.02714576,2.244053,1.712096,171.6894
538.66: -0.0134961,2.029059,1.693082,177.8144
538.8823: -0.05204857,1.801037,1.732333,179.7008
539.1044: -0.004342006,1.617512,1.728676,170.6697
539.3267: 0.1225588,1.472125,1.698093,151.416
539.5489: 0.2403705,1.32825,1.721998,138.1815
539.7711: 0.3258728,1.222072,1.733025,122.3179
539.9933: 0.3734752,1.109294,1.733958,111.8998
540.2156: 0.445427,1.03209,1.73832,102.3565
540.4378: 0.5702393,1.003374,1.712867,95.40955
540.66: 0.7899159,1.03045,1.697149,98.64243
540.8823: 1.011921,1.046403,1.720905,101.5641
541.1044: 1.205295,1.022974,1.70893,100.7148
541.3267: 1.423468,0.9355609,1.701503,101.5157
541.5489: 1.64415,0.8679823,1.726964,108.1433
541.7711: 1.86304,0.8370157,1.694806,120.2915
541.9933: 2.117048,0.8196571,1.694367,138.7067
542.2156: 2.310382,0.7116854,1.71881,154.0591
542.4378: 2.402448,0.5361382,1.691823,170.9986
542.66: 2.465612,0.3261166,1.712149,182.7217
542.8823: 2.537362,0.1430344,1.723176,189.8089
543.1044: 2.616729,-0.06561515,1.703255,198.6752
543.3267: 2.6449,-0.2975563,1.72897,209.6369
543.5489: 2.571449,-0.4908814,1.714727,220.0658
543.7711: 2.395899,-0.6362171,1.718714,244.1909
543.9933: 2.275814,-0.7937301,1.736761,249.276
544.2156: 2.227848,-0.9884894,1.72219,213.2063
544.4378: 2.198789,-1.156505,1.729277,178.3193
544.66: 2.104388,-1.269838,1.737726,169.9231
544.8823: 1.916,-1.306612,1.731902,231.6673
545.1044: 1.835855,-1.26434,1.744279,294.4853
545.3267: 1.819266,-1.337512,1.741268,286.78
545.5489: 1.878163,-1.502383,1.744113,216.2822
545.7711: 1.982089,-1.574236,1.741907,156.7953
Trial Result: Success object: Well | Time Spent: 12.47161
Trial No.:1 Ends
Trial No.:7 Begins
User confirmed on object: Plant, this maze officially starts.
564.5489: -2.455686,-2.097367,1.800327,279.5773
564.7711: -2.455428,-2.10159,1.801336,280.9251
564.9933: -2.454758,-2.093462,1.801229,291.1638
565.2156: -2.443099,-2.052444,1.788765,328.716
565.4378: -2.429923,-2.027916,1.777859,356.5022
565.66: -2.423594,-2.010289,1.770285,14.65858
565.8823: -2.439309,-1.980858,1.760268,14.14725
566.1044: -2.44346,-1.925674,1.747991,8.577598
566.3267: -2.442446,-1.825315,1.729243,7.404416
566.5489: -2.431972,-1.683435,1.725929,6.009241
566.7711: -2.445462,-1.532638,1.734395,10.42402
566.9933: -2.504149,-1.37986,1.708861,11.28218
567.2156: -2.619873,-1.198756,1.722054,13.41372
567.4378: -2.69033,-1.023174,1.742184,14.33829
567.66: -2.668974,-0.8707987,1.730353,27.1523
567.8823: -2.555275,-0.7912635,1.723806,66.76965
568.1044: -2.46638,-0.7401707,1.736573,85.06001
568.3267: -2.38057,-0.6868764,1.723975,95.13513
568.5489: -2.245716,-0.7084569,1.729741,104.8892
568.7711: -2.061459,-0.7998532,1.706164,104.6333
568.9933: -1.837994,-0.9245643,1.73022,96.78055
569.2156: -1.607974,-0.9712154,1.739241,90.02938
569.4378: -1.36644,-0.9306635,1.709141,85.42323
569.66: -1.112222,-0.8967719,1.737741,79.80421
569.8823: -0.8835068,-0.9175669,1.728904,72.37811
570.1044: -0.6565979,-0.9519739,1.719596,56.74402
570.3267: -0.4467027,-0.9523226,1.745602,62.34305
570.5489: -0.2857224,-0.9135182,1.725172,76.12373
570.7711: -0.1548667,-0.8275192,1.746723,73.96889
570.9933: -0.07070172,-0.7056115,1.753319,28.40225
571.2156: 0.01212224,-0.6364285,1.737532,358.7858
571.4378: 0.05658887,-0.535481,1.740469,340.4445
571.66: 0.03585873,-0.3851238,1.70968,329.9318
571.8823: 0.00544425,-0.1716011,1.730704,340.8992
572.1044: 0.01391938,0.02572879,1.731329,350.1176
572.3267: 0.06036163,0.2232354,1.699729,357.491
572.5489: 0.1147859,0.452455,1.720243,2.380233
572.7711: 0.1173473,0.6548994,1.719622,18.42236
572.9933: 0.08596043,0.8376565,1.695968,52.8068
573.2156: 0.04690717,1.017341,1.722823,80.35145
573.4378: 0.06269333,1.198422,1.715881,86.13812
573.66: 0.1207633,1.339816,1.704326,102.2647
573.8823: 0.1414691,1.46578,1.727057,108.6304
574.1044: 0.1073586,1.672551,1.719795,63.15913
574.3267: -0.01131641,1.881111,1.700767,11.36421
574.5489: -0.08442309,2.037411,1.705175,340.5875
574.7711: -0.07655126,2.21003,1.688478,321.4145
574.9933: -0.02801992,2.409087,1.664194,299.036
575.2156: -0.02703175,2.598684,1.68913,274.9095
575.4378: -0.1001605,2.70963,1.679499,261.8743
575.66: -0.1715947,2.735194,1.692751,235.2665
575.8823: -0.08054672,2.760493,1.71063,174.2894
576.1044: 0.01561861,2.887077,1.698129,133.6307
576.3267: 0.07334121,2.978872,1.707736,119.4094
576.5489: 0.1479909,3.029113,1.714666,110.9631
576.7711: 0.2769121,3.036554,1.710412,108.872
576.9933: 0.4703037,3.038831,1.715701,100.6149
577.2156: 0.5888517,3.029878,1.72092,88.46479
577.4378: 0.5928912,2.967449,1.706817,94.28262
577.66: 0.51794,2.859818,1.717535,123.2289
577.8823: 0.3701648,2.816314,1.726751,193.7446
578.1044: 0.2321052,2.909147,1.70423,247.1505
578.3267: 0.06193501,3.004846,1.704742,257.9901
578.5489: -0.1639466,3.081205,1.689283,257.037
578.7711: -0.3597189,3.118271,1.713816,259.6575
578.9933: -0.5249668,3.116838,1.695883,260.0562
579.2156: -0.7130251,3.066349,1.699198,262.3362
579.4378: -0.9025868,3.069108,1.70928,262.1403
579.66: -1.084652,3.11515,1.70083,261.0052
579.8823: -1.208905,3.10205,1.705323,233.4246
580.1044: -1.141718,3.061343,1.727644,185.3416
580.3267: -0.9094054,3.080285,1.719721,137.1587
580.5489: -0.6313134,3.116815,1.708808,118.7512
580.7711: -0.3949898,3.140259,1.712565,111.6909
580.9933: -0.1707882,3.145267,1.670852,106.689
581.2156: 0.100969,3.100919,1.676122,102.9728
581.4378: 0.3307477,3.096476,1.720453,101.3105
581.66: 0.5659459,3.115017,1.686942,101.8511
581.8823: 0.8446525,3.143006,1.704415,105.4253
582.1044: 1.092739,3.096113,1.709263,104.7546
582.3267: 1.332747,2.984014,1.696361,105.849
582.5489: 1.561213,2.907679,1.728744,111.135
582.7711: 1.790434,2.87884,1.687046,118.7629
582.9933: 2.064086,2.844506,1.671127,136.6442
583.2156: 2.292691,2.71697,1.694513,153.2787
583.4378: 2.428997,2.518815,1.684436,155.9474
583.66: 2.559419,2.285186,1.685092,152.3071
583.8823: 2.676759,2.081812,1.698406,151.214
584.1044: 2.801021,1.891999,1.666689,151.7278
Trial Result: Success object: Trashcan | Time Spent: 19.82401
Trial No.:7 Ends
Trial No.:15 Begins
User confirmed on object: Wheelbarrow, this maze officially starts.
595.8712: 0.4744748,0.0224409,1.786756,265.7891
596.0933: 0.4753062,0.02410045,1.785068,267.2622
596.3156: 0.46658,0.01985434,1.780746,265.9821
596.5378: 0.4497497,-0.02928169,1.767298,241.2964
596.76: 0.4617893,-0.08012731,1.746437,206.5804
596.9822: 0.4628572,-0.08596963,1.737136,190.61
597.2045: 0.4122176,-0.1200657,1.730954,203.2667
597.4267: 0.3316713,-0.2010335,1.713159,217.2617
597.6489: 0.2599658,-0.351774,1.714143,208.7466
597.8712: 0.1755074,-0.4628063,1.724081,210.7003
598.0933: 0.04536198,-0.5540164,1.710165,211.4313
598.3156: -0.132172,-0.6280131,1.719538,209.1427
598.5378: -0.2726464,-0.7225754,1.735532,208.1433
598.76: -0.3815967,-0.8577157,1.712433,217.0078
598.9822: -0.4907096,-1.009328,1.723616,250.6246
599.2045: -0.6177083,-1.111614,1.738325,272.0347
599.4267: -0.7590517,-1.152242,1.723071,290.289
599.6489: -0.894842,-1.248775,1.750865,272.5329
599.8712: -0.9346586,-1.415042,1.751569,236.5002
600.0933: -0.8843547,-1.620939,1.724161,199.6179
600.3156: -0.8591111,-1.832178,1.737725,190.3579
600.5378: -0.8736295,-2.013133,1.736837,176.5329
600.76: -0.920055,-2.17434,1.714039,153.4292
600.9822: -0.9545889,-2.33547,1.740609,132.4716
601.2045: -0.9289638,-2.474683,1.727885,117.4657
601.4267: -0.8381934,-2.613486,1.719498,102.7557
601.6489: -0.7790582,-2.743165,1.735161,85.4639
601.8712: -0.7672818,-2.894028,1.739151,74.74946
602.0933: -0.7674215,-3.039114,1.7486,59.85092
602.3156: -0.8451856,-3.090301,1.759541,30.82406
602.5378: -1.04889,-3.124393,1.76207,331.228
602.76: -1.261066,-3.19352,1.755847,298.0967
602.9822: -1.452538,-3.194279,1.742657,311.9232
Trial Result: Success object: Mailbox | Time Spent: 7.44178
Trial No.:15 Ends
Trial No.:22 Begins
User confirmed on object: Mailbox, this maze officially starts.
619.2711: -1.814063,-3.370519,1.804482,0.516139
619.4933: -1.813298,-3.371242,1.801597,2.753914
619.7156: -1.808431,-3.360577,1.798646,5.325757
619.9378: -1.803323,-3.341028,1.793223,5.716276
620.16: -1.785649,-3.308042,1.78469,17.56413
620.3823: -1.717699,-3.26067,1.766873,34.03833
620.6044: -1.55049,-3.223953,1.738577,34.11635
620.8267: -1.352095,-3.175801,1.72973,25.58698
621.0489: -1.209869,-3.092988,1.747187,22.17505
621.2711: -1.113045,-2.948585,1.716698,17.04357
621.4933: -1.017683,-2.747598,1.736281,14.76664
621.7156: -0.9295656,-2.575387,1.751643,14.19429
621.9378: -0.8327131,-2.394621,1.723831,13.96664
622.16: -0.7540247,-2.196253,1.751801,13.05106
622.3823: -0.7455005,-1.991687,1.729498,16.6341
622.6044: -0.7839133,-1.75201,1.708365,29.1593
622.8267: -0.7890364,-1.536099,1.737506,42.87676
623.0489: -0.7261716,-1.405452,1.739784,56.19912
623.2711: -0.5856103,-1.325493,1.728411,67.77065
623.4933: -0.4265733,-1.249917,1.747513,73.02222
623.7156: -0.3248948,-1.174013,1.754713,70.38609
623.9378: -0.2748958,-1.032868,1.727448,34.03508
624.16: -0.2038667,-0.8596106,1.731935,15.40406
624.3823: -0.1182236,-0.7118384,1.735061,358.0228
624.6044: -0.03200882,-0.5924766,1.722855,337.7603
624.8267: 0.08499345,-0.4672928,1.736017,332.8964
625.0489: 0.133605,-0.3113391,1.730674,334.5335
625.2711: 0.1040347,-0.1224842,1.693491,337.2839
625.4933: 0.02915242,0.09831796,1.717638,338.3267
625.7156: -0.0007079635,0.2809899,1.724134,329.0325
625.9378: 0.00415602,0.4554402,1.701468,310.9537
626.16: 0.009383653,0.6264281,1.715775,286.0589
626.3823: -0.02450437,0.7599312,1.723285,282.0776
626.6044: -0.03037203,0.9282706,1.707444,350.383
626.8267: -0.01830377,0.9844383,1.714944,58.55243
627.0489: -0.01948653,1.01101,1.721477,77.23415
627.2711: 0.04366298,1.011532,1.7229,91.36716
627.4933: 0.1811217,0.9860724,1.708797,99.79787
627.7156: 0.379434,0.9585447,1.722781,100.8907
627.9378: 0.5522215,0.9656456,1.727303,104.6027
628.16: 0.7228011,1.014003,1.69225,110.5792
628.3823: 0.941251,1.093546,1.705771,114.8342
628.6044: 1.120383,1.115985,1.728999,112.1993
Trial Result: Success object: Bookshelf | Time Spent: 9.60611
Trial No.:22 Ends
Trial No.:6 Begins
User confirmed on object: Table, this maze officially starts.
652.5489: -1.947957,1.935914,1.762631,80.27956
652.7711: -1.964938,1.951043,1.764183,82.91323
652.9933: -1.985476,1.970677,1.76656,88.84669
653.2156: -2.010105,1.97848,1.763245,104.1845
653.4378: -2.020616,1.996018,1.757237,108.9911
653.66: -2.004945,2.005921,1.755273,103.1119
653.8823: -1.985039,2.007982,1.753081,102.1458
654.1044: -1.97084,1.99844,1.756307,114.7743
654.3267: -1.963027,1.946143,1.749017,141.9055
654.5489: -1.977542,1.826753,1.735927,147.445
654.7711: -1.986836,1.660575,1.728999,139.7137
654.9933: -1.946252,1.536318,1.72507,123.7769
655.2156: -1.846886,1.451975,1.690308,116.2636
655.4378: -1.653124,1.363771,1.681554,115.6632
655.66: -1.436149,1.261453,1.706248,116.4311
655.8823: -1.254682,1.164613,1.696986,115.0481
656.1044: -1.050253,1.035538,1.681126,113.6163
656.3267: -0.8464742,0.9358777,1.702458,117.9773
656.5489: -0.6526979,0.8646048,1.679244,130.0164
656.7711: -0.4261085,0.8073173,1.681917,144.5393
656.9933: -0.2648376,0.7006022,1.691849,153.9211
657.2156: -0.1840376,0.5399283,1.652687,158.9226
657.4378: -0.1529008,0.3228133,1.650131,173.7661
657.66: -0.1241785,0.1366356,1.684512,200.2367
657.8823: -0.05605222,-0.05304284,1.673382,189.2337
658.1044: 0.07505345,-0.2507342,1.694808,158.6544
658.3267: 0.1372204,-0.4281873,1.724394,140.0757
658.5489: 0.1695098,-0.5914648,1.710572,120.8704
658.7711: 0.1860261,-0.7495254,1.729759,103.1635
658.9933: 0.2152143,-0.8457512,1.742577,87.27515
659.2156: 0.2472014,-0.9130521,1.736714,92.26339
659.4378: 0.1679419,-1.035998,1.733943,144.3316
659.66: -0.07209219,-1.080382,1.72602,202.9673
659.8823: -0.2821995,-1.096989,1.722954,216.8871
660.1044: -0.4192396,-1.16346,1.725107,209.4102
660.3267: -0.5178344,-1.281576,1.698752,202.4354
660.5489: -0.5975579,-1.433708,1.719469,193.2061
660.7711: -0.6844754,-1.575535,1.732279,184.5229
660.9933: -0.8023896,-1.73117,1.705518,177.3471
661.2156: -0.9113327,-1.897496,1.729746,174.1683
661.4378: -0.9595928,-2.053832,1.724291,181.2639
661.66: -0.9579756,-2.24387,1.69508,203.015
661.8823: -0.9325008,-2.459074,1.704378,235.3725
662.1044: -0.9522622,-2.610664,1.722055,257.643
662.3267: -1.005549,-2.705181,1.711034,272.0626
662.5489: -1.048227,-2.775628,1.723255,282.9039
662.7711: -0.9870921,-2.803661,1.735864,319.1029
662.9933: -0.8015574,-2.881171,1.714488,16.55066
663.2156: -0.6196617,-2.980611,1.743489,50.51284
663.4378: -0.4362721,-3.060477,1.74542,66.20921
663.66: -0.215156,-3.10181,1.730418,65.39733
663.8823: -0.0311289,-3.107308,1.749532,57.36591
664.1044: 0.1008353,-3.073698,1.740155,48.67978
Trial Result: Success object: Chair | Time Spent: 11.98359
Trial No.:6 Ends
Trial No.:20 Begins
User confirmed on object: Well, this maze officially starts.
679.56: 1.618911,-1.89367,1.803731,94.74779
679.7822: 1.605125,-1.898293,1.805236,98.86468
680.0045: 1.604312,-1.91324,1.800392,109.0549
680.2267: 1.615727,-1.919673,1.796681,110.335
680.4489: 1.630254,-1.901144,1.789196,92.82106
680.6711: 1.620299,-1.864868,1.782346,60.56502
680.8934: 1.597119,-1.853661,1.771514,36.16994
681.1156: 1.584992,-1.854997,1.761436,20.23643
681.3378: 1.594732,-1.813435,1.745729,9.489302
681.56: 1.584896,-1.693089,1.720835,356.844
681.7822: 1.556991,-1.546677,1.729434,339.5374
682.0045: 1.53572,-1.453577,1.728009,314.0018
682.2267: 1.572816,-1.377801,1.725484,302.3346
682.4489: 1.678026,-1.316722,1.724515,298.1984
682.6711: 1.727013,-1.267339,1.73816,290.9211
682.8934: 1.649369,-1.221591,1.715633,287.6436
683.1156: 1.42231,-1.174495,1.711785,291.0685
683.3378: 1.169819,-1.119266,1.72078,297.3874
683.56: 0.9602981,-1.062819,1.702401,303.2151
683.7822: 0.735531,-0.9443222,1.679587,307.5008
684.0045: 0.5217067,-0.8185476,1.698843,319.0048
684.2267: 0.3303943,-0.7163463,1.695572,335.8574
684.4489: 0.1501349,-0.5886153,1.707622,356.582
684.6711: 0.0548191,-0.4082308,1.70105,9.309478
684.8934: 0.0173555,-0.1479361,1.69209,12.17905
685.1156: -0.01476698,0.08250445,1.721031,16.23695
685.3378: -0.02930633,0.2782227,1.70627,32.02558
685.56: -0.04238144,0.4628444,1.708543,56.93899
685.7822: 0.001389288,0.6188047,1.72603,70.16188
686.0045: 0.1175502,0.7231083,1.70714,77.71249
686.2267: 0.2585557,0.8021696,1.719606,93.16161
686.4489: 0.3274166,0.903551,1.717277,96.9679
686.6711: 0.3169293,1.082014,1.708801,66.19648
686.8934: 0.1963143,1.31022,1.704464,15.40901
687.1156: 0.1324588,1.497035,1.714087,356.7491
687.3378: 0.1129377,1.673415,1.696654,346.3373
687.56: 0.1359451,1.870181,1.689589,343.1033
687.7822: 0.130949,2.057071,1.70368,342.6244
688.0045: 0.1178121,2.248487,1.671782,11.315
688.2267: 0.07947615,2.439301,1.671799,51.28851
688.4489: 0.06603803,2.587895,1.691859,72.24409
688.6711: 0.08557312,2.69385,1.685359,89.59198
688.8934: 0.1220757,2.796863,1.688853,99.0282
689.1156: 0.1518674,2.939662,1.710391,104.6065
689.3378: 0.1753368,3.090966,1.690715,110.0696
689.56: 0.2787849,3.174348,1.699619,112.068
689.7822: 0.4741449,3.175346,1.654823,114.8636
690.0045: 0.7918575,3.092298,1.667413,117.6578
690.2267: 1.061842,3.040175,1.694525,122.2295
Trial Result: Success object: Piano | Time Spent: 10.8943
Trial No.:20 Ends
Trial No.:13 Begins
User confirmed on object: Telescope, this maze officially starts.
711.2045: -2.944925,0.04888963,1.786602,88.57987
711.4267: -2.966591,0.0407024,1.781124,96.73046
711.6489: -2.976374,0.02545682,1.774866,108.245
711.8712: -2.967039,0.01989839,1.773927,109.4154
712.0933: -2.945783,0.01746428,1.770578,109.9795
712.3156: -2.922059,0.0311575,1.766638,105.1069
712.5378: -2.891294,0.02791741,1.762118,109.535
712.76: -2.857181,-0.04538508,1.741289,121.8956
712.9822: -2.819528,-0.2216947,1.713507,120.4884
713.2045: -2.748085,-0.3991246,1.731344,114.8204
713.4267: -2.654877,-0.5304517,1.719388,112.0918
713.6489: -2.499781,-0.6187595,1.704103,107.4115
713.8712: -2.326052,-0.7184788,1.728373,105.0953
714.0933: -2.162442,-0.8305237,1.72665,101.9286
714.3156: -1.993967,-0.9741924,1.723661,95.04323
714.5378: -1.812665,-1.0577,1.750027,87.59363
714.76: -1.609898,-1.068305,1.711568,80.35325
714.9822: -1.366893,-1.021541,1.724528,76.30949
715.2045: -1.146157,-1.022743,1.7413,71.76616
715.4267: -0.9171155,-1.06041,1.714391,62.78638
715.6489: -0.6746128,-1.09126,1.724245,40.72194
715.8712: -0.4841888,-1.057036,1.730129,23.43437
716.0933: -0.3258584,-0.9754281,1.698182,9.376151
716.3156: -0.1671801,-0.9148009,1.72284,358.3267
716.5378: -0.007067952,-0.9146613,1.723391,350.2224
716.76: 0.1399806,-0.9534494,1.724541,340.6331
716.9822: 0.194055,-0.9487727,1.754067,328.3546
717.2045: 0.2169519,-0.8989112,1.750723,348.4261
717.4267: 0.3027328,-0.8750118,1.755026,55.71163
717.6489: 0.3868503,-0.8935264,1.739848,77.84197
717.8712: 0.539959,-0.9533866,1.719213,79.05944
718.0933: 0.6931195,-1.027745,1.731464,88.38802
718.3156: 0.8285924,-1.059466,1.721406,110.0369
718.5378: 1.000913,-1.017113,1.699655,127.4762
718.76: 1.184926,-1.005871,1.725065,137.5675
718.9822: 1.336375,-1.08762,1.711244,134.3547
719.2045: 1.47628,-1.284512,1.675913,128.145
719.4267: 1.670919,-1.518028,1.695499,121.1566
Trial Result: Success object: Well | Time Spent: 8.551069
Trial No.:13 Ends
Trial No.:17 Begins
User confirmed on object: Harp, this maze officially starts.
733.6934: 1.769825,-1.234164,1.794677,354.135
733.9156: 1.77348,-1.236201,1.795903,0.7869474
734.1378: 1.787378,-1.24027,1.794945,13.83154
734.36: 1.786773,-1.240924,1.790547,16.51823
734.5822: 1.785346,-1.229676,1.783545,14.91955
734.8044: 1.766813,-1.215236,1.775747,359.9678
735.0267: 1.748538,-1.214689,1.767539,341.139
735.2489: 1.733223,-1.229212,1.762902,317.5411
735.4711: 1.717277,-1.254909,1.757619,290.2602
735.6934: 1.69878,-1.2538,1.755382,279.3913
735.9156: 1.625684,-1.228265,1.750663,284.7371
736.1378: 1.468358,-1.201163,1.736485,292.3502
736.36: 1.249446,-1.185141,1.750229,297.8056
736.5822: 1.066878,-1.142554,1.748856,298.9193
736.8044: 0.9024264,-1.053742,1.717234,299.7073
737.0267: 0.7370464,-0.9237387,1.74252,305.7665
737.2489: 0.5464479,-0.8300995,1.741347,317.8477
737.4711: 0.3216134,-0.7351253,1.719398,330.6898
737.6934: 0.1586997,-0.5877435,1.745251,341.8361
737.9156: 0.09083533,-0.396991,1.719425,348.3345
738.1378: 0.09223414,-0.147791,1.733586,343.9185
738.36: 0.05901296,0.05785633,1.751972,332.9952
738.5822: -0.01040217,0.2454024,1.712422,319.2578
738.8044: -0.1155125,0.4563084,1.722739,310.4728
739.0267: -0.1540045,0.6538059,1.736307,317.1492
739.2489: -0.1039248,0.8697155,1.700208,343.3782
739.4711: -0.03713044,1.108874,1.709108,348.8972
739.6934: -0.02168308,1.32178,1.727864,353.5808
739.9156: -0.04839009,1.548169,1.692405,354.4379
740.1378: -0.1134493,1.806401,1.71835,352.6159
740.36: -0.1400555,2.036956,1.716718,343.4054
740.5822: -0.1449983,2.287986,1.668742,327.0881
740.8044: -0.1733882,2.530878,1.707931,306.0327
741.0267: -0.2700824,2.694214,1.707632,291.1434
741.2489: -0.4547706,2.798846,1.68283,285.2598
741.4711: -0.6835713,2.898195,1.706985,280.2387
741.6934: -0.869099,2.977053,1.71151,275.8649
741.9156: -1.061366,3.084804,1.691933,269.8932
742.1378: -1.27681,3.168767,1.726856,265.5599
742.36: -1.497496,3.156401,1.707547,262.9262
742.5822: -1.73696,3.076431,1.69717,266.7935
742.8044: -1.919339,3.021644,1.718502,269.3316
743.0267: -2.076934,3.012125,1.700148,267.534
743.2489: -2.285729,3.041551,1.696848,265.1306
743.4711: -2.470271,3.03285,1.704838,261.6255
Trial Result: Success object: Stove | Time Spent: 10.17245
Trial No.:17 Ends
Trial No.:18 Begins
User confirmed on object: Harp, this maze officially starts.
758.1045: 1.764031,-1.327882,1.792228,353.757
758.3267: 1.763827,-1.341223,1.791043,355.4488
758.5489: 1.775103,-1.346136,1.787255,3.338182
758.7711: 1.807427,-1.335387,1.772544,23.83903
758.9933: 1.845063,-1.328049,1.759765,41.54924
759.2156: 1.876535,-1.332607,1.753685,55.0636
759.4378: 1.861083,-1.293512,1.760756,28.51594
759.66: 1.810919,-1.272571,1.764404,354.1973
759.8823: 1.716076,-1.288687,1.762446,317.2645
760.1045: 1.599368,-1.325969,1.755292,291.6635
760.3267: 1.459343,-1.341476,1.748192,285.2847
760.5489: 1.33056,-1.306478,1.744704,291.29
760.7711: 1.206896,-1.231709,1.731372,295.2155
760.9933: 1.08138,-1.112335,1.721112,292.4873
761.2156: 0.9487106,-1.025221,1.747892,287.8193
761.4378: 0.7870594,-1.018442,1.729517,281.1085
761.66: 0.5794381,-1.079623,1.730495,281.3688
761.8823: 0.383038,-1.119346,1.750907,279.9724
762.1045: 0.211657,-1.121338,1.743029,270.4635
762.3267: 0.03182933,-1.073739,1.722834,256.7937
762.5489: -0.1582278,-1.027964,1.74859,247.2786
762.7711: -0.3395379,-1.027454,1.746126,249.0131
762.9933: -0.5528296,-1.071529,1.713512,258.6474
763.2156: -0.7858855,-1.115741,1.744628,269.9449
763.4378: -1.001526,-1.105023,1.736836,274.9428
763.66: -1.23631,-1.054965,1.711088,272.8539
763.8823: -1.463714,-1.041028,1.739275,256.8844
764.1045: -1.655723,-1.060519,1.73185,252.6707
764.3267: -1.873982,-1.094056,1.718549,278.1943
764.5489: -2.055239,-1.078377,1.740032,312.6028
764.7711: -2.190751,-1.00921,1.720141,336.1552
764.9933: -2.310614,-0.8776802,1.707577,351.3972
765.2156: -2.42394,-0.7729706,1.725391,1.890637
765.4378: -2.532615,-0.7079967,1.718133,16.0056
765.66: -2.66616,-0.6626832,1.717504,30.82279
765.8823: -2.771397,-0.6125456,1.736324,39.06608
Trial Result: Success object: Telescope | Time Spent: 8.040396
Trial No.:18 Ends
Trial No.:4 Begins
User confirmed on object: Piano, this maze officially starts.
784.7156: 1.861811,3.359095,1.770788,186.7789
784.9378: 1.847341,3.374278,1.766857,191.5305
785.16: 1.828218,3.382958,1.76485,197.8681
785.3823: 1.814415,3.383627,1.76422,198.4679
785.6045: 1.817776,3.370971,1.758462,190.4856
785.8267: 1.836824,3.348942,1.746319,177.4212
786.0489: 1.861088,3.321659,1.733123,168.9613
786.2711: 1.936154,3.265489,1.713857,159.621
786.4933: 2.090329,3.174666,1.688228,158.0255
786.7156: 2.257387,3.05406,1.702541,162.4856
786.9378: 2.351932,2.918793,1.704248,166.0037
787.16: 2.410678,2.744778,1.679073,169.2363
787.3823: 2.460831,2.51516,1.706588,174.5735
787.6045: 2.527822,2.336251,1.722054,182.9984
787.8267: 2.614318,2.136925,1.702839,195.0561
788.0489: 2.669,1.904265,1.728395,207.7986
788.2711: 2.613414,1.692688,1.70773,214.8843
788.4933: 2.482068,1.510803,1.721369,218.3432
788.7156: 2.387296,1.369097,1.742354,233.5065
788.9378: 2.370394,1.207801,1.727003,218.8454
789.16: 2.414934,1.013133,1.720676,189.9591
789.3823: 2.415225,0.8510798,1.738036,184.2742
789.6045: 2.372826,0.7688169,1.757503,187.0831
789.8267: 2.200675,0.7758453,1.765096,217.9219
790.0489: 1.944556,0.8640378,1.73632,255.8653
790.2711: 1.699711,0.8889859,1.731752,257.3089
790.4933: 1.48843,0.8792122,1.711897,259.9639
790.7156: 1.266742,0.8187743,1.702712,259.303
790.9378: 1.044425,0.8074459,1.726882,252.6478
791.16: 0.8148628,0.8277414,1.694979,242.9884
791.3823: 0.5697253,0.8375655,1.711301,226.502
791.6045: 0.3771031,0.7620388,1.707509,205.5874
791.8267: 0.2546936,0.6309778,1.692527,188.548
792.0489: 0.1831695,0.5398351,1.711394,162.274
792.2711: 0.148102,0.5512005,1.727755,117.2013
792.4933: 0.05282769,0.6407513,1.728491,61.08706
792.7156: -0.03957535,0.7093523,1.738882,36.00199
792.9378: -0.08371705,0.8026407,1.730845,19.57843
793.16: -0.1008155,0.9480866,1.721378,7.176925
793.3823: -0.07598194,1.070627,1.722782,1.754955
793.6045: 0.0759049,1.104461,1.720341,58.69833
793.8267: 0.2328082,1.066128,1.698995,94.40581
794.0489: 0.4431095,1.005004,1.684341,99.59653
794.2711: 0.6475848,0.9578252,1.718195,98.59927
794.4933: 0.8240817,0.9537849,1.709454,98.23196
794.7156: 1.03847,1.003592,1.694606,100.0565
794.9378: 1.277153,1.045701,1.724014,103.149
795.16: 1.493072,1.015594,1.706795,110.2574
795.3823: 1.749144,0.9146022,1.682133,117.1298
795.6045: 1.986268,0.8172088,1.707985,128.5359
795.8267: 2.168385,0.7338665,1.700721,143.6888
796.0489: 2.354556,0.6600564,1.702974,162.2865
796.2711: 2.48765,0.5548417,1.720531,178.0025
796.4933: 2.538794,0.3917904,1.697034,185.8009
796.7156: 2.510417,0.1327494,1.698115,187.6646
796.9378: 2.452228,-0.1007367,1.737069,187.7485
797.16: 2.421674,-0.3031209,1.717865,189.4441
797.3823: 2.421686,-0.5337009,1.704319,199.1901
797.6045: 2.340098,-0.7442193,1.718619,197.763
797.8267: 2.196566,-0.8935992,1.701025,182.524
798.0489: 2.037944,-1.013945,1.719944,172.2185
798.2711: 1.922801,-1.105266,1.734031,188.9669
798.4933: 1.852186,-1.159607,1.727473,225.6791
798.7156: 1.834604,-1.218886,1.741347,245.2487
798.9378: 1.800485,-1.231988,1.741475,270.2226
799.16: 1.779909,-1.199618,1.737832,301.6786
799.3823: 1.732342,-1.192598,1.735772,305.6203
799.6045: 1.62912,-1.178799,1.722498,300.7974
799.8267: 1.46311,-1.115738,1.695815,299.4545
800.0489: 1.346418,-1.013841,1.718632,333.5315
800.2711: 1.310264,-0.9832375,1.721025,17.81312
800.4933: 1.237097,-1.023092,1.722879,31.38066
800.7156: 1.159894,-1.064397,1.730435,33.64105
Trial Result: Success object: Harp | Time Spent: 16.28033
Trial No.:4 Ends
Trial No.:5 Begins
User confirmed on object: Table, this maze officially starts.
819.86: -1.784322,1.651756,1.74665,37.91466
820.0822: -1.79912,1.697387,1.763001,43.92531
820.3044: -1.858191,1.762683,1.769504,58.8728
820.5267: -1.923743,1.852971,1.780675,71.67057
820.7489: -1.953771,1.913489,1.778199,82.12796
820.9711: -1.961621,1.928857,1.770279,86.45159
821.1934: -1.963143,1.93222,1.765194,82.80167
821.4156: -1.97281,1.973963,1.750535,70.94799
821.6378: -1.985497,2.074616,1.731216,51.08409
821.86: -1.95268,2.193763,1.706595,47.17975
822.0822: -1.844701,2.326961,1.671672,49.47667
822.3044: -1.67982,2.462698,1.686947,53.10235
822.5267: -1.561978,2.572559,1.712301,60.55853
822.7489: -1.458014,2.704375,1.692332,70.22349
822.9711: -1.342948,2.855299,1.702424,93.00464
823.1934: -1.169465,2.936413,1.699577,105.3298
823.4156: -0.9438214,2.931027,1.668761,105.3204
823.6378: -0.7200377,2.889301,1.703258,105.6708
823.86: -0.5446374,2.868788,1.714366,105.6757
824.0822: -0.3507894,2.874654,1.694537,104.4443
824.3044: -0.1764025,2.837103,1.721623,105.7944
824.5267: -0.0853072,2.665283,1.720223,133.6409
824.7489: -0.06725483,2.45219,1.692301,150.919
824.9711: -0.04182492,2.19442,1.719706,150.855
825.1934: -0.006597866,1.996357,1.712817,149.4986
825.4156: 0.07413259,1.811625,1.686343,146.7199
825.6378: 0.1595259,1.613376,1.712069,138.4509
825.86: 0.2111112,1.433158,1.709296,126.6356
826.0822: 0.2600391,1.250027,1.720113,115.1835
826.3044: 0.380323,1.133808,1.723687,110.0294
826.5267: 0.5684811,1.088983,1.702968,110.6578
826.7489: 0.7737106,1.050034,1.724395,115.2199
826.9711: 0.9208205,0.9909418,1.725832,113.5003
827.1934: 1.068792,0.9032784,1.708424,107.4182
Trial Result: Success object: Bookshelf | Time Spent: 7.573156
Trial No.:5 Ends
Trial No.:12 Begins
User confirmed on object: Trashcan, this maze officially starts.
842.1156: 2.582871,1.245238,1.796173,114.5235
842.3378: 2.587003,1.252281,1.795404,118.4941
842.56: 2.591921,1.242085,1.792885,133.0224
842.7822: 2.58552,1.21055,1.782968,155.4002
843.0045: 2.531257,1.176189,1.765918,190.9129
843.2267: 2.46975,1.177002,1.758526,216.0354
843.4489: 2.45333,1.202834,1.74899,231.1385
843.6711: 2.452921,1.211196,1.735636,246.6628
843.8934: 2.361316,1.209488,1.721997,257.1413
844.1156: 2.18873,1.195201,1.707412,260.9388
844.3378: 2.039612,1.188524,1.725877,262.5522
844.56: 1.908369,1.171394,1.729023,264.463
844.7822: 1.760936,1.12104,1.711431,264.923
845.0045: 1.578845,1.045385,1.736416,264.578
845.2267: 1.395683,1.031331,1.746674,257.7624
845.4489: 1.208174,1.078718,1.719494,257.163
845.6711: 1.014045,1.166965,1.736203,266.727
845.8934: 0.8401103,1.201657,1.739454,280.1526
846.1156: 0.6623772,1.167815,1.711284,285.2641
846.3378: 0.4785145,1.089811,1.724422,288.6955
846.56: 0.304113,1.068547,1.733306,290.806
846.7822: 0.1821104,1.140417,1.718711,318.1124
847.0045: 0.0846826,1.223613,1.726135,340.1687
847.2267: -0.01596873,1.243248,1.731914,351.3913
847.4489: -0.1933464,1.204485,1.715621,340.0445
847.6711: -0.4259197,1.100731,1.72166,313.2097
847.8934: -0.6261264,1.029237,1.73,293.4808
848.1156: -0.8072278,1.039528,1.705576,289.6051
848.3378: -0.987255,1.107843,1.701902,285.1735
848.56: -1.153686,1.156141,1.720754,287.1605
848.7822: -1.314029,1.188632,1.700855,306.0432
849.0045: -1.473223,1.195183,1.697599,345.3031
849.2267: -1.599039,1.215842,1.716435,7.17255
849.4489: -1.680688,1.270252,1.707392,18.18734
849.6711: -1.723694,1.350921,1.707222,26.61421
849.8934: -1.792071,1.404315,1.713888,35.57899
Trial Result: Success object: Table | Time Spent: 8.096075
Trial No.:12 Ends
Trial No.:8 Begins
User confirmed on object: Plant, this maze officially starts.
861.86: -2.511337,-2.16452,1.797093,276.7589
862.0822: -2.506815,-2.155645,1.799124,279.9568
862.3044: -2.499242,-2.133753,1.800966,292.3167
862.5267: -2.493109,-2.125114,1.797652,297.2716
862.7489: -2.493663,-2.130198,1.794063,294.1195
862.9711: -2.50606,-2.136713,1.776895,286.5786
863.1934: -2.524926,-2.132266,1.753724,289.0229
863.4156: -2.538669,-2.112331,1.751148,310.5548
863.6378: -2.542232,-2.095232,1.749405,333.8708
863.86: -2.547049,-2.085563,1.746081,343.3614
864.0822: -2.534564,-2.069774,1.745938,354.761
864.3044: -2.495724,-2.036557,1.743809,13.49223
864.5267: -2.448573,-1.963771,1.736697,19.34302
864.7489: -2.415252,-1.855418,1.739724,16.30715
864.9711: -2.398107,-1.724585,1.735434,24.54355
865.1934: -2.381925,-1.571221,1.706666,39.06137
865.4156: -2.392953,-1.392663,1.719598,60.14552
865.6378: -2.339086,-1.259048,1.729983,72.02218
865.86: -2.183802,-1.210375,1.71891,79.45345
866.0822: -1.959183,-1.214978,1.720417,87.95178
866.3044: -1.777161,-1.205269,1.743641,93.77904
866.5267: -1.618655,-1.170265,1.730636,91.91952
866.7489: -1.437402,-1.084811,1.732313,90.03898
866.9711: -1.230993,-1.03625,1.749706,90.4436
867.1934: -1.016269,-1.068474,1.729333,90.34418
867.4156: -0.7966778,-1.15989,1.737159,85.92648
867.6378: -0.6096516,-1.197019,1.762684,78.94639
867.86: -0.4191592,-1.184786,1.726201,76.47455
868.0822: -0.1919989,-1.11274,1.739779,77.62421
868.3044: 0.01982811,-1.082352,1.752224,75.57396
868.5267: 0.2393975,-1.090174,1.729437,71.98633
868.7489: 0.4622953,-1.127878,1.747934,67.17661
868.9711: 0.6492202,-1.094558,1.755167,64.81113
869.1934: 0.8163967,-0.9967342,1.711324,61.4954
869.4156: 0.9875261,-0.8841682,1.73143,57.99525
Trial Result: Success object: Harp | Time Spent: 7.91835
Trial No.:8 Ends
Trial No.:14 Begins
User confirmed on object: Telescope, this maze officially starts.
885.6934: -2.821748,-0.003349361,1.785362,86.76854
885.9156: -2.842308,-0.043536,1.798243,85.84955
886.1378: -2.851863,-0.07429146,1.795321,88.0658
886.36: -2.847342,-0.07826083,1.793072,77.30921
886.5822: -2.839599,-0.06928542,1.784181,61.84871
886.8044: -2.811325,-0.07626258,1.777925,71.10846
887.0267: -2.771998,-0.1110215,1.768321,109.0436
887.2489: -2.742722,-0.1904561,1.750067,130.2136
887.4711: -2.712944,-0.3447829,1.726854,128.1961
887.6934: -2.679434,-0.5154633,1.730653,118.9592
887.9156: -2.599331,-0.6294961,1.740543,111.939
888.1378: -2.449339,-0.6964189,1.708703,107.0966
888.36: -2.257899,-0.7518122,1.724697,108.1145
888.5822: -2.103977,-0.8346454,1.736851,106.5469
888.8044: -1.960481,-0.9487176,1.717537,99.381
889.0267: -1.819029,-1.042041,1.746272,90.76719
889.2489: -1.66699,-1.060096,1.736206,83.02383
889.4711: -1.470563,-1.000821,1.721745,78.99987
889.6934: -1.273396,-0.9536711,1.743891,75.89616
889.9156: -1.093392,-0.9615982,1.735609,73.74299
890.1378: -0.9132807,-1.024519,1.718045,66.64701
890.36: -0.7364651,-1.061771,1.741333,53.66191
890.5822: -0.5784482,-1.042275,1.7341,45.9329
890.8044: -0.440942,-0.9438862,1.710141,30.96409
891.0267: -0.3171296,-0.8612946,1.726006,13.64388
891.2489: -0.1974499,-0.8403518,1.730507,357.833
891.4711: -0.05925603,-0.8668476,1.718982,347.5688
891.6934: 0.05008942,-0.8660107,1.731286,337.9018
891.9156: 0.06398781,-0.8346438,1.730674,325.467
892.1378: -0.00676568,-0.7647617,1.717125,317.6292
892.36: -0.1063144,-0.6484356,1.721595,318.3818
Trial Result: Success object: Wheelbarrow | Time Spent: 7.063709
Trial No.:14 Ends
Trial No.:2 Begins
User confirmed on object: Stove, this maze officially starts.
912.8489: -2.503312,3.042099,1.739517,258.42
913.0711: -2.492012,3.046983,1.759694,260.9911
913.2933: -2.495982,3.056032,1.765545,264.9225
913.5156: -2.502366,3.047436,1.765359,259.061
913.7378: -2.494516,3.028942,1.754407,238.0186
913.96: -2.462599,3.029227,1.742835,203.0435
914.1823: -2.404944,3.061346,1.721985,165.0956
914.4045: -2.31469,3.090589,1.712874,139.8139
914.6267: -2.206788,3.06315,1.701649,133.8047
914.8489: -2.069837,2.972137,1.705714,142.6177
915.0711: -1.978312,2.83506,1.697302,153.7451
915.2933: -1.95949,2.671028,1.672216,158.5799
915.5156: -1.981189,2.467157,1.690772,159.7173
915.7378: -1.961167,2.298386,1.70661,158.952
915.96: -1.889505,2.160856,1.688731,156.4886
916.1823: -1.766926,1.99916,1.707359,156.8285
916.4045: -1.702815,1.821055,1.713083,148.885
916.6267: -1.68827,1.614418,1.68858,132.9007
916.8489: -1.663273,1.438303,1.716892,117.4672
917.0711: -1.579986,1.329777,1.713822,107.0741
917.2933: -1.40369,1.26193,1.693436,96.84626
917.5156: -1.22657,1.187471,1.717084,90.69783
917.7378: -1.069689,1.091844,1.718779,91.5006
917.96: -0.9163141,0.9669445,1.703547,98.98689
918.1823: -0.7500705,0.862797,1.73148,109.5363
918.4045: -0.5584278,0.8249828,1.712173,108.4517
918.6267: -0.335073,0.8307841,1.72359,107.3374
918.8489: -0.1700049,0.76535,1.735007,117.9151
919.0711: -0.1012771,0.6111304,1.720138,145.9742
919.2933: -0.08335809,0.4174194,1.719747,159.908
919.5156: -0.0655777,0.2534292,1.726962,168.4639
919.7378: -0.04804274,0.1026552,1.70737,184.9143
919.96: 0.03234082,-0.06520232,1.712169,182.733
920.1823: 0.08246673,-0.2319572,1.728289,164.5432
920.4045: 0.07581586,-0.3890859,1.715197,141.0628
920.6267: 0.02026782,-0.5395685,1.714846,113.7081
920.8489: -0.006208856,-0.6503676,1.729055,92.57194
921.0711: 0.01158641,-0.730158,1.719672,83.53641
921.2933: 0.0710023,-0.8069822,1.720204,80.71889
921.5156: 0.1247731,-0.9004148,1.73753,77.40343
921.7378: 0.1539264,-0.9869101,1.738061,69.62733
921.96: 0.1888886,-1.099478,1.737294,83.9429
922.1823: 0.2526351,-1.1457,1.735567,97.22781
922.4045: 0.3229548,-1.104841,1.724868,97.88122
922.6267: 0.3662186,-1.038662,1.731184,79.53333
922.8489: 0.2881221,-0.9912935,1.731022,13.27227
923.0711: 0.1636944,-1.05955,1.734902,320.4873
923.2933: 0.04963943,-1.104359,1.742051,301.6721
923.5156: -0.06467842,-1.063223,1.726608,323.7549
923.7378: -0.1515416,-1.0044,1.730969,342.8932
Trial Result: Success object: Wheelbarrow | Time Spent: 11.20552
Trial No.:2 Ends
