Participant ID: 412
Maze Mode: testing
Trial No.:13 Begins
User confirmed on object: Telescope, this maze officially starts.
37.20667: -2.772412,0.0218731,1.660019,90.1041
37.42889: -2.810856,0.0001162579,1.668071,83.63734
37.65111: -2.837961,-0.02414706,1.669242,78.74618
37.87333: -2.852978,-0.05713321,1.67067,81.44301
38.09556: -2.867484,-0.1036792,1.66994,95.97431
38.31778: -2.899223,-0.1379616,1.669613,107.6255
38.54: -2.918851,-0.14808,1.667775,108.322
38.76222: -2.915553,-0.1626523,1.662562,107.0209
38.98444: -2.896955,-0.1652928,1.653416,99.76228
39.20667: -2.88975,-0.1428303,1.649099,87.53539
39.42889: -2.894579,-0.1214149,1.650606,82.26732
39.65111: -2.901195,-0.0830505,1.646816,80.02248
39.87333: -2.896196,-0.04092252,1.645626,90.98981
40.09556: -2.888046,-0.01191087,1.643525,103.4767
40.31778: -2.887165,-0.02677928,1.63879,118.2157
40.54: -2.899363,-0.1058026,1.626864,127.5647
40.76222: -2.902185,-0.259247,1.605438,127.772
40.98444: -2.907581,-0.4713313,1.598143,120.7161
41.20667: -2.855474,-0.6377418,1.615683,113.6047
41.42889: -2.718741,-0.7717458,1.5897,108.7427
41.65111: -2.532986,-0.878588,1.607904,99.31989
41.87333: -2.350002,-0.9715343,1.618848,89.67829
42.09556: -2.130266,-1.053274,1.592285,90.2692
42.31778: -1.88348,-1.118243,1.63045,88.41348
42.54: -1.62889,-1.122908,1.616336,90.77842
42.76222: -1.335927,-1.063906,1.59731,91.35406
42.98444: -1.058101,-1.021456,1.652629,85.52268
43.20667: -0.7811691,-1.017796,1.611807,84.85339
43.42889: -0.4941874,-1.052716,1.645673,85.92092
43.65111: -0.2168957,-1.054858,1.646026,85.49282
43.87333: 0.06545004,-1.037359,1.62028,89.89969
44.09556: 0.337894,-1.055875,1.668549,103.1697
44.31778: 0.6052455,-1.076893,1.630679,108.0793
44.54: 0.8549451,-1.105355,1.654688,109.016
44.76222: 1.082353,-1.122191,1.649035,114.2891
44.98444: 1.320642,-1.151674,1.613795,123.9328
45.20667: 1.530473,-1.217043,1.655009,132.1924
45.42889: 1.680598,-1.339031,1.643126,134.5963
45.65111: 1.802352,-1.519894,1.632752,130.2319
45.87333: 1.903338,-1.649179,1.65125,127.4622
46.09556: 1.996532,-1.761796,1.633725,124.1494
Trial Result: Success object: Well | Time Spent: 9.250677
Trial No.:13 Ends
Trial No.:11 Begins
User confirmed on object: Trashcan, this maze officially starts.
66.59556: 2.603722,1.01573,1.708614,89.98676
66.81778: 2.587689,1.02064,1.703543,92.36353
67.04: 2.559338,1.030047,1.701029,93.28328
67.26222: 2.535157,1.04532,1.698709,93.95318
67.48444: 2.531798,1.071174,1.686332,86.19504
67.70667: 2.557393,1.111999,1.684292,59.63526
67.92889: 2.543388,1.149547,1.662357,357.6193
68.15112: 2.480425,1.085582,1.649915,294.9707
68.37334: 2.444822,1.032924,1.652801,274.5298
68.59556: 2.381089,1.012099,1.645822,268.8544
68.81778: 2.260242,0.9867418,1.626611,263.553
69.04: 2.097031,0.9551287,1.633948,257.9052
69.26222: 1.925653,0.9254668,1.647323,232.5175
69.48444: 1.74702,0.9360488,1.628674,206.4505
69.70667: 1.494671,1.0015,1.642751,206.7977
69.92889: 1.217337,1.050226,1.654841,234.0166
70.15112: 0.9486596,1.053331,1.611369,247.458
70.37334: 0.6823326,1.015399,1.646122,248.6409
70.59556: 0.4231367,1.007571,1.635257,256.0125
70.81778: 0.1432013,1.035637,1.625772,266.3558
71.04: -0.1406559,1.036021,1.64888,272.3457
71.26222: -0.4411356,1.008591,1.596415,274.7122
71.48444: -0.7424593,0.9983177,1.647612,274.618
71.70667: -1.040027,1.026394,1.605482,271.9351
71.92889: -1.342504,1.076684,1.627603,269.1261
72.15112: -1.596475,1.133729,1.637767,299.3716
72.37334: -1.756749,1.170981,1.586407,352.2828
72.59556: -1.841814,1.175882,1.640352,22.14686
72.81778: -1.886698,1.213797,1.627354,30.60095
73.04: -1.879757,1.207849,1.62834,57.40227
73.26222: -1.937982,1.100605,1.628644,122.0343
73.48444: -2.071788,1.055626,1.619302,164.8714
73.70667: -2.19424,1.022054,1.62063,179.6576
73.92889: -2.335287,0.9670051,1.608422,181.4984
74.15112: -2.494292,0.851432,1.610869,173.2216
74.37334: -2.560716,0.7073022,1.601068,160.5754
74.59556: -2.554928,0.5408555,1.571131,148.7286
74.81778: -2.533147,0.3700944,1.608798,135.9672
Trial Result: Success object: Telescope | Time Spent: 8.462833
Trial No.:11 Ends
Trial No.:2 Begins
User confirmed on object: Stove, this maze officially starts.
88.50667: -2.622716,3.020682,1.665888,270.4196
88.72889: -2.581783,3.06338,1.655814,270.2498
88.95111: -2.540668,3.109087,1.653436,261.6815
89.17333: -2.498099,3.097316,1.645353,229.8623
89.39556: -2.395199,3.053633,1.613389,168.6936
89.61778: -2.30477,3.039093,1.604831,139.7985
89.84: -2.184374,3.027686,1.594218,122.5167
90.06223: -2.082111,2.978001,1.600813,105.9456
90.28445: -2.002107,2.932561,1.588922,99.97234
90.50667: -1.913157,2.876774,1.581072,120.1952
90.72889: -1.902881,2.764813,1.60394,153.8605
90.95111: -1.92502,2.624631,1.591893,170.4508
91.17333: -1.93392,2.46203,1.605145,166.1333
91.39556: -1.897615,2.28474,1.593687,158.8318
91.61778: -1.826548,2.059061,1.57325,156.048
91.84: -1.777205,1.814787,1.613716,151.2072
92.06223: -1.744722,1.57735,1.576086,135.7733
92.28445: -1.685159,1.374283,1.59969,118.7404
92.50667: -1.558481,1.229342,1.584673,104.2084
92.72889: -1.346176,1.107731,1.583814,104.368
92.95111: -1.125034,1.010317,1.618867,110.6443
93.17333: -0.9150749,0.918493,1.605633,130.0079
93.39556: -0.7078221,0.8439411,1.626592,147.0623
93.61778: -0.492669,0.8369161,1.629614,156.2006
93.84: -0.2763087,0.855314,1.613741,178.2729
94.06223: -0.09764451,0.8909001,1.665634,195.5365
94.28445: 0.009153559,0.8870756,1.666653,196.6976
94.50667: 0.02502799,0.839771,1.666013,197.507
94.72889: -0.04047969,0.735152,1.627206,200.6951
94.95111: -0.1323332,0.5915015,1.618081,201.1311
95.17333: -0.1692109,0.4823015,1.622906,206.0481
Trial Result: Success object: Wheelbarrow | Time Spent: 6.886271
Trial No.:2 Ends
Trial No.:19 Begins
User confirmed on object: Well, this maze officially starts.
105.2733: 1.880533,-1.993532,1.696422,87.52035
105.4956: 1.848753,-2.016551,1.6983,89.58771
105.7178: 1.792765,-2.065912,1.694829,88.16461
105.94: 1.720074,-2.139402,1.688924,94.43343
106.1622: 1.647642,-2.18321,1.692199,100.48
106.3844: 1.61757,-2.17463,1.679211,92.17661
106.6067: 1.621419,-2.147863,1.67416,81.62287
106.8289: 1.630603,-2.121294,1.668784,71.07011
107.0511: 1.637235,-2.111346,1.66923,69.09796
107.2733: 1.648496,-2.125309,1.665107,77.09103
107.4956: 1.656998,-2.137143,1.656027,80.68314
107.7178: 1.673112,-2.142352,1.64948,85.90136
107.94: 1.704922,-2.166142,1.644739,114.8164
108.1622: 1.717893,-2.167733,1.642991,158.3848
108.3844: 1.717172,-2.128109,1.646561,197.0152
108.6067: 1.700467,-2.076594,1.647325,232.2371
108.8289: 1.686618,-2.084774,1.643503,239.1192
109.0511: 1.673939,-2.189132,1.599778,218.586
109.2733: 1.649281,-2.354539,1.58077,217.7797
109.4956: 1.584158,-2.565664,1.598712,241.8312
109.7178: 1.453516,-2.739477,1.61843,255.0983
109.94: 1.216279,-2.883709,1.609746,262.7868
110.1622: 0.9609172,-2.997393,1.659438,276.7109
110.3844: 0.6687118,-3.110226,1.602796,282.4525
110.6067: 0.337994,-3.208259,1.656373,281.674
110.8289: 0.02010895,-3.221806,1.630085,283.9035
111.0511: -0.3056322,-3.182069,1.630489,281.5746
111.2733: -0.6101531,-3.161124,1.650073,285.2448
111.4956: -0.955058,-3.165538,1.593197,293.2773
111.7178: -1.298372,-3.133718,1.65718,298.2602
111.94: -1.62972,-3.060233,1.600301,300.583
112.1622: -1.934193,-2.950596,1.640154,305.9102
112.3844: -2.200399,-2.819149,1.611302,329.2399
112.6067: -2.414829,-2.665204,1.579791,357.5195
112.8289: -2.552231,-2.464983,1.623555,15.5753
113.0511: -2.652895,-2.207012,1.579692,8.331608
113.2733: -2.707805,-1.917075,1.633892,2.783971
113.4956: -2.749703,-1.625426,1.595396,5.57067
113.7178: -2.806956,-1.294851,1.623739,1.625054
113.94: -2.812979,-0.9559208,1.613072,4.265621
114.1622: -2.758814,-0.6352002,1.605497,17.35459
114.3844: -2.730228,-0.3691689,1.635304,30.72456
114.6067: -2.730434,-0.1011301,1.598882,32.98153
114.8289: -2.710945,0.1771611,1.642663,35.78708
115.0511: -2.63581,0.4466326,1.608672,34.97266
115.2733: -2.487599,0.7047308,1.612496,34.57726
115.4956: -2.331696,0.9241116,1.625234,44.51673
115.7178: -2.167612,1.156794,1.583873,47.62499
115.94: -1.999732,1.382291,1.626667,46.339
116.1622: -1.844466,1.552434,1.619707,46.02292
Trial Result: Success object: Table | Time Spent: 11.173
Trial No.:19 Ends
Trial No.:20 Begins
User confirmed on object: Well, this maze officially starts.
129.8511: 1.775009,-2.038645,1.700609,97.11674
130.0733: 1.747449,-2.049775,1.698881,103.4339
130.2956: 1.700319,-2.081493,1.691885,108.8066
130.5178: 1.671018,-2.094222,1.685826,101.5029
130.74: 1.668262,-2.07252,1.677009,90.67747
130.9622: 1.684804,-2.036847,1.665807,78.05198
131.1844: 1.698169,-2.082926,1.664212,102.5653
131.4067: 1.672354,-2.141362,1.658787,151.8087
131.6289: 1.687093,-2.127805,1.659277,175.4412
131.8511: 1.679337,-2.102631,1.661606,210.164
132.0733: 1.653311,-2.086623,1.656567,234.5789
132.2956: 1.648307,-2.064456,1.658218,259.4274
132.5178: 1.717675,-2.025339,1.652515,308.9095
132.74: 1.836552,-2.033943,1.64434,349.0698
132.9622: 1.91696,-2.053585,1.652699,8.751307
133.1844: 1.953769,-2.033636,1.660336,9.836654
133.4067: 2.004977,-2.026536,1.651827,33.62147
133.6289: 1.98488,-2.044519,1.664993,56.2612
133.8511: 1.911131,-2.003801,1.666809,65.56722
134.0733: 1.87639,-1.978644,1.671147,87.55975
134.2956: 1.882901,-1.887034,1.650583,75.84849
134.5178: 1.910292,-1.706864,1.627331,42.16574
134.74: 1.98328,-1.534456,1.617574,21.3012
134.9622: 2.076223,-1.35456,1.640687,17.51196
135.1844: 2.17941,-1.168738,1.62292,21.06309
135.4067: 2.286574,-0.9886566,1.650656,18.57921
135.6289: 2.418098,-0.8415209,1.641446,14.85201
135.8511: 2.566545,-0.7068945,1.642508,356.8344
136.0733: 2.660964,-0.5362639,1.657097,339.7355
136.2956: 2.708606,-0.3105,1.614368,340.1093
136.5178: 2.699051,-0.04622208,1.639001,341.0426
136.74: 2.658535,0.1869633,1.636635,318.6297
136.9622: 2.617699,0.4457749,1.614828,293.2786
137.1844: 2.568569,0.681136,1.652426,273.0921
137.4067: 2.508665,0.8480828,1.644418,265.432
137.6289: 2.458825,0.9587744,1.633914,267.2074
137.8511: 2.485228,1.115779,1.65551,332.2097
138.0733: 2.547108,1.212646,1.650696,9.246311
138.2956: 2.59474,1.352209,1.627563,10.56409
138.5178: 2.649133,1.560641,1.635026,350.8724
138.74: 2.709245,1.76235,1.653911,335.6359
138.9622: 2.736901,1.96313,1.625764,329.576
139.1844: 2.722692,2.202926,1.61469,323.297
139.4067: 2.714095,2.423498,1.63246,304.1666
139.6289: 2.700333,2.615358,1.618031,284.0703
139.8511: 2.689556,2.820253,1.639207,267.2676
140.0733: 2.676611,2.899207,1.644434,257.5522
140.2956: 2.659621,2.90615,1.638858,251.3858
140.5178: 2.573433,2.895665,1.624023,248.076
140.74: 2.410066,2.834367,1.593241,247.7972
140.9622: 2.24789,2.782512,1.626786,243.6032
Trial Result: Success object: Piano | Time Spent: 11.3841
Trial No.:20 Ends
Trial No.:12 Begins
User confirmed on object: Trashcan, this maze officially starts.
155.9289: 2.67033,1.029269,1.695592,91.24772
156.1511: 2.635503,1.015822,1.707168,95.31657
156.3733: 2.588118,0.9845077,1.707249,101.4143
156.5956: 2.54994,0.9399426,1.703064,106.9768
156.8178: 2.538506,0.9404408,1.692829,97.5802
157.04: 2.538532,0.9411286,1.682535,95.6607
157.2622: 2.557116,0.9323493,1.673619,112.9295
157.4845: 2.577412,0.9416146,1.665282,145.9664
157.7067: 2.582706,0.9604537,1.662352,174.7905
157.9289: 2.574274,0.9537177,1.661155,193.8098
158.1511: 2.585794,0.8637264,1.642521,195.9069
158.3733: 2.60573,0.6921958,1.599829,189.3788
158.5956: 2.595995,0.4368445,1.610276,186.9476
158.8178: 2.584993,0.209508,1.642575,196.4614
159.04: 2.558467,0.0892352,1.601058,240.163
159.2622: 2.615059,0.1473558,1.651114,304.8286
159.4845: 2.701772,0.2326569,1.630874,320.2046
159.7067: 2.702828,0.4037977,1.618413,304.4235
159.9289: 2.617966,0.5957525,1.618809,290.085
160.1511: 2.415092,0.7419786,1.572729,279.7249
160.3733: 2.173512,0.8631406,1.642493,272.6509
160.5956: 1.90231,0.9818404,1.605274,269.8161
160.8178: 1.595767,1.088197,1.634703,266.391
161.04: 1.272333,1.116466,1.606891,261.7724
161.2622: 0.9021192,1.084281,1.611797,255.1592
161.4845: 0.5342607,1.078887,1.635054,261.2006
161.7067: 0.1467745,1.109367,1.59788,268.0691
161.9289: -0.2088849,1.099726,1.639291,267.9655
162.1511: -0.5711268,1.048418,1.576514,272.7698
162.3733: -0.9167792,1.044192,1.652166,284.7896
162.5956: -1.197585,1.098633,1.604323,309.2724
162.8178: -1.412848,1.148212,1.616394,340.1301
163.04: -1.590281,1.147956,1.60417,2.734349
163.2622: -1.758264,1.141711,1.600049,15.82705
163.4845: -1.863418,1.208755,1.6006,24.24539
163.7067: -1.852283,1.334878,1.583704,32.07513
Trial Result: Success object: Table | Time Spent: 8.096445
Trial No.:12 Ends
Trial No.:10 Begins
User confirmed on object: Bookshelf, this maze officially starts.
177.4733: 1.705537,0.9629471,1.671013,142.9334
177.6956: 1.651693,0.9957763,1.691955,176.386
177.9178: 1.668827,1.055326,1.700088,184.4565
178.14: 1.675038,1.105195,1.699536,194.5555
178.3622: 1.673064,1.144973,1.691874,203.0574
178.5844: 1.706554,1.136626,1.687508,190.4058
178.8067: 1.683227,1.097174,1.677915,209.4106
179.0289: 1.609472,1.128606,1.658693,246.9499
179.2511: 1.521995,1.168795,1.645361,256.0665
179.4733: 1.409903,1.223259,1.640724,263.3049
179.6956: 1.253186,1.213938,1.632059,263.2631
179.9178: 1.053027,1.147406,1.599319,258.56
180.14: 0.8210072,1.052845,1.611253,260.7249
180.3622: 0.6107807,1.016477,1.640528,268.4851
180.5844: 0.3741094,1.005359,1.617803,270.0908
180.8067: 0.1159303,1.013053,1.647859,266.8101
181.0289: -0.1672219,1.004467,1.615336,265.1378
181.2511: -0.4850429,0.995904,1.617263,271.8358
181.4733: -0.791868,1.014771,1.645545,270.9791
181.6956: -1.093102,1.044867,1.614022,261.8224
181.9178: -1.379506,1.07241,1.654513,251.5733
182.14: -1.65801,1.062476,1.603999,237.1614
182.3622: -1.940039,1.034221,1.59922,224.3207
182.5844: -2.188988,0.9948875,1.615534,211.6821
182.8067: -2.421542,0.92061,1.589038,191.4483
183.0289: -2.556926,0.8186255,1.629565,161.1202
183.2511: -2.680604,0.6655456,1.600479,168.5051
183.4733: -2.753565,0.4462401,1.606541,184.6156
183.6956: -2.778533,0.2353343,1.616458,183.1237
183.9178: -2.802202,-0.02614828,1.586857,179.6168
184.14: -2.824444,-0.2908353,1.623673,180.5748
184.3622: -2.805185,-0.5473397,1.600451,183.643
184.5844: -2.764202,-0.8075386,1.614384,188.8697
184.8067: -2.787681,-1.042667,1.63314,195.6578
185.0289: -2.853107,-1.273507,1.596627,198.2266
Trial Result: Success object: Plant | Time Spent: 7.985123
Trial No.:10 Ends
Trial No.:7 Begins
User confirmed on object: Plant, this maze officially starts.
197.6178: -2.723084,-2.16428,1.686611,296.7449
197.84: -2.714533,-2.173505,1.68302,296.9675
198.0622: -2.67535,-2.146653,1.676109,297.6671
198.2845: -2.593346,-2.058641,1.655991,328.9803
198.5067: -2.517282,-2.012881,1.641244,356.7333
198.7289: -2.494866,-1.991329,1.640557,20.02437
198.9511: -2.517159,-1.964434,1.636454,37.48847
199.1733: -2.578147,-1.88344,1.601825,33.57771
199.3956: -2.619761,-1.741238,1.599102,31.13721
199.6178: -2.580853,-1.575317,1.574092,47.11356
199.84: -2.496068,-1.420795,1.608354,67.58031
200.0622: -2.391294,-1.276016,1.610558,81.21723
200.2845: -2.24143,-1.121266,1.598657,86.43294
200.5067: -2.027824,-0.9994056,1.622992,89.08455
200.7289: -1.761871,-0.9520486,1.582729,87.92953
200.9511: -1.474636,-0.9515848,1.634937,83.33341
201.1733: -1.187881,-0.9391691,1.617691,82.97926
201.3956: -0.8656436,-0.9166728,1.619191,89.66213
201.6178: -0.5328928,-0.9146137,1.653597,93.02251
201.84: -0.1436613,-0.9294884,1.614214,85.79014
202.0622: 0.1434836,-0.9303335,1.671426,83.87081
202.2845: 0.4310386,-0.9375432,1.610001,90.70876
202.5067: 0.7019213,-0.9586217,1.654328,104.8275
202.7289: 1.010204,-0.9884746,1.631524,103.6002
202.9511: 1.327229,-1.012668,1.62711,78.61787
203.1733: 1.598403,-1.008841,1.651991,65.26556
203.3956: 1.887049,-0.9651951,1.608176,53.03517
203.6178: 2.161318,-0.8842125,1.637441,34.08691
203.84: 2.384777,-0.7629957,1.619149,20.24264
204.0622: 2.546315,-0.616385,1.632028,354.501
204.2845: 2.629671,-0.437143,1.631082,343.3886
204.5067: 2.675626,-0.1849875,1.623627,357.5676
204.7289: 2.724428,0.03788321,1.649156,6.688709
204.9511: 2.773745,0.2711321,1.6197,6.146289
205.1733: 2.804406,0.4951155,1.643053,3.389339
205.3956: 2.714301,0.6812429,1.635645,313.7443
Trial Result: Success object: Trashcan | Time Spent: 8.08395
Trial No.:7 Ends
Trial No.:21 Begins
User confirmed on object: Mailbox, this maze officially starts.
218.2178: -1.987322,-3.099898,1.678226,13.67006
218.44: -1.966921,-3.133108,1.680402,14.89
218.6622: -1.915159,-3.184513,1.679335,18.08097
218.8844: -1.867895,-3.241296,1.667273,16.12443
219.1067: -1.854784,-3.286045,1.664577,12.22023
219.3289: -1.854105,-3.308182,1.662931,10.75663
219.5511: -1.818591,-3.298777,1.65658,23.96139
219.7733: -1.738491,-3.307422,1.636786,49.78807
219.9956: -1.650298,-3.323942,1.630235,63.73294
220.2178: -1.557588,-3.28898,1.621128,69.34666
220.44: -1.441993,-3.209527,1.609895,77.39095
220.6622: -1.297071,-3.113138,1.633356,84.52887
220.8844: -1.11071,-3.064296,1.628452,86.23251
221.1067: -0.8792773,-3.061565,1.613829,84.66987
221.3289: -0.6390812,-3.064392,1.651308,80.54753
221.5511: -0.3885757,-3.050471,1.621612,83.53904
221.7733: -0.1120214,-3.014838,1.630403,88.63646
221.9956: 0.1733047,-3.01493,1.645523,83.72887
222.2178: 0.4697511,-3.043802,1.610736,77.4962
222.44: 0.7270968,-3.040627,1.656543,72.80373
222.6622: 0.9763967,-2.996629,1.612788,72.85006
222.8844: 1.22018,-2.922225,1.633002,71.3059
223.1067: 1.452714,-2.855706,1.633853,52.27407
223.3289: 1.632242,-2.781447,1.629238,32.10789
223.5511: 1.739088,-2.659798,1.640313,15.18774
223.7733: 1.802735,-2.473108,1.61703,7.048779
223.9956: 1.854202,-2.254245,1.64592,7.185297
224.2178: 1.922387,-2.041068,1.63466,9.353063
224.44: 2.011955,-1.815364,1.645797,11.19011
224.6622: 2.090061,-1.598235,1.658612,14.97704
224.8844: 2.1661,-1.365004,1.629709,16.90072
225.1067: 2.256943,-1.099843,1.655491,16.77625
225.3289: 2.387419,-0.8673154,1.651589,21.22053
225.5511: 2.538752,-0.6413035,1.643244,18.55983
225.7733: 2.634328,-0.4350755,1.668813,16.10152
225.9956: 2.700862,-0.2109718,1.63274,18.91656
226.2178: 2.74296,0.02714161,1.654504,21.95847
226.44: 2.803408,0.2263038,1.655263,24.86316
Trial Result: Success object: Trashcan | Time Spent: 8.639576
Trial No.:21 Ends
Trial No.:22 Begins
User confirmed on object: Mailbox, this maze officially starts.
239.2289: -1.888893,-3.076244,1.675881,9.327476
239.4511: -1.860038,-3.131848,1.667636,14.2697
239.6733: -1.806157,-3.201408,1.646606,22.56339
239.8956: -1.74254,-3.258304,1.639344,35.29132
240.1178: -1.678224,-3.272443,1.629853,49.86658
240.34: -1.606662,-3.234121,1.617025,60.51504
240.5622: -1.526264,-3.165119,1.620078,66.10143
240.7845: -1.408907,-3.071109,1.611845,54.59332
241.0067: -1.245319,-2.950572,1.585041,35.0113
241.2289: -1.083573,-2.821676,1.610079,19.0774
241.4511: -0.9739155,-2.63756,1.591883,11.57523
241.6733: -0.9231535,-2.390463,1.594179,10.99446
241.8956: -0.8733529,-2.167679,1.627331,10.10684
242.1178: -0.8334099,-1.946102,1.607018,5.968107
242.34: -0.7664404,-1.728372,1.627183,14.08561
242.5622: -0.7030751,-1.530082,1.622979,36.73689
242.7845: -0.6443328,-1.358141,1.607841,63.83179
243.0067: -0.5412234,-1.232246,1.64087,78.80669
243.2289: -0.3715634,-1.144173,1.61291,80.935
243.4511: -0.1787913,-1.094591,1.643806,76.52478
243.6733: 0.02115079,-1.041794,1.627736,79.48956
243.8956: 0.2544258,-0.967502,1.624861,84.92869
244.1178: 0.506812,-0.9367576,1.659001,92.88094
244.34: 0.7760463,-0.9578111,1.621949,95.43783
244.5622: 1.03395,-0.9784658,1.647184,84.0478
244.7845: 1.281432,-0.9667569,1.64087,80.08752
245.0067: 1.561484,-0.9106705,1.626629,73.23067
245.2289: 1.818405,-0.8667121,1.657031,60.89933
245.4511: 2.087647,-0.8393008,1.622867,51.40107
245.6733: 2.331772,-0.7876367,1.643405,37.35259
245.8956: 2.491483,-0.6714224,1.654501,21.63679
246.1178: 2.583946,-0.5016119,1.616428,358.1081
246.34: 2.643759,-0.327162,1.647768,337.94
246.5622: 2.697528,-0.1270497,1.629602,339.5898
246.7845: 2.747429,0.1103686,1.631173,339.3007
247.0067: 2.706459,0.3134226,1.649569,317.4236
247.2289: 2.619816,0.4769604,1.618789,287.2933
247.4511: 2.536981,0.6445996,1.628884,274.0916
247.6733: 2.462404,0.7607453,1.647277,265.1338
Trial Result: Success object: Bookshelf | Time Spent: 8.817621
Trial No.:22 Ends
Trial No.:23 Begins
User confirmed on object: Chair, this maze officially starts.
257.7622: 0.8328483,-3.061085,1.685558,357.3399
257.9844: 0.8602666,-3.145075,1.681423,0.10115
258.2067: 0.8914682,-3.226438,1.678571,8.934362
258.4289: 0.8901558,-3.28792,1.678508,11.04753
258.6511: 0.8579988,-3.311656,1.66945,4.570428
258.8734: 0.8692173,-3.308763,1.65966,20.19237
259.0956: 0.94091,-3.308096,1.643547,40.06949
259.3178: 1.05371,-3.297467,1.624502,45.58685
259.54: 1.193694,-3.259788,1.62987,40.98399
259.7622: 1.327353,-3.159646,1.625964,29.46785
259.9844: 1.456239,-2.988281,1.596826,18.71959
260.2067: 1.578124,-2.766992,1.64089,13.34533
260.4289: 1.701673,-2.541307,1.62681,11.87891
260.6511: 1.849327,-2.287789,1.620924,13.31838
260.8734: 1.95621,-2.0354,1.657458,12.0002
261.0956: 2.033584,-1.753226,1.603881,14.26108
261.3178: 2.102128,-1.461688,1.644617,16.91516
261.54: 2.218978,-1.211457,1.644739,18.96376
261.7622: 2.36695,-0.9590337,1.631878,6.80244
261.9844: 2.481446,-0.716022,1.674366,352.8019
262.2067: 2.566253,-0.4664251,1.630122,353.508
262.4289: 2.618968,-0.1853705,1.646321,357.2654
262.6511: 2.684027,0.09192508,1.651426,358.1393
262.8734: 2.765207,0.3747479,1.624581,2.077408
263.0956: 2.795085,0.6309148,1.663997,354.7932
263.3178: 2.790388,0.8970059,1.622061,351.4165
263.54: 2.763695,1.182914,1.649236,350.4379
263.7622: 2.762883,1.464251,1.6634,345.9999
263.9844: 2.784209,1.750418,1.629172,338.4426
264.2067: 2.768088,1.988957,1.66554,325.3567
264.4289: 2.706577,2.221879,1.621737,318.2119
264.6511: 2.592215,2.443984,1.632831,304.6022
264.8734: 2.499688,2.632088,1.637729,280.7142
265.0956: 2.422671,2.811285,1.619133,256.5194
265.3178: 2.347395,2.928757,1.664583,236.305
265.54: 2.258581,2.976469,1.642122,225.0715
265.7622: 2.170602,2.962873,1.640354,214.7291
265.9844: 2.108517,2.953784,1.653345,185.4986
Trial Result: Success object: Piano | Time Spent: 8.451744
Trial No.:23 Ends
Trial No.:4 Begins
User confirmed on object: Piano, this maze officially starts.
282.5844: 1.859501,3.311061,1.69349,198.5206
282.8067: 1.838095,3.323765,1.689035,198.51
283.0289: 1.800733,3.332894,1.686647,199.0213
283.2511: 1.769833,3.330708,1.676619,193.0771
283.4733: 1.813485,3.300729,1.656829,168.1256
283.6956: 1.922557,3.273853,1.63323,153.284
283.9178: 2.090435,3.238422,1.63018,154.3168
284.14: 2.240163,3.14922,1.655885,157.2957
284.3622: 2.338246,2.994894,1.625076,163.04
284.5844: 2.411231,2.790014,1.633483,162.3895
284.8067: 2.494501,2.605236,1.643716,167.7035
285.0289: 2.584987,2.398705,1.614923,180.3915
285.2511: 2.669155,2.168395,1.655952,193.6567
285.4733: 2.690431,1.941065,1.654091,199.4593
285.6956: 2.655114,1.700961,1.639549,196.8065
285.9178: 2.647581,1.477451,1.665589,185.5993
286.14: 2.671218,1.231345,1.619742,182.0438
286.3622: 2.693305,0.9545536,1.660614,190.245
286.5844: 2.675374,0.6691823,1.648329,193.7018
286.8067: 2.632339,0.3768421,1.638329,187.7203
287.0289: 2.602181,0.128619,1.667203,192.3156
287.2511: 2.571864,-0.135258,1.622275,205.1571
287.4733: 2.539642,-0.4033748,1.656741,208.4664
287.6956: 2.458433,-0.6149598,1.666431,200.3738
287.9178: 2.323246,-0.8025467,1.635211,191.0322
288.14: 2.173794,-0.9580694,1.674344,200.4716
288.3622: 2.024806,-1.007809,1.660625,260.8175
288.5844: 1.979787,-1.046366,1.615974,314.5901
288.8067: 1.940511,-1.11675,1.641023,332.0197
289.0289: 1.916002,-1.134414,1.647215,338.8943
Trial Result: Success object: Harp | Time Spent: 6.696301
Trial No.:4 Ends
Trial No.:9 Begins
User confirmed on object: Bookshelf, this maze officially starts.
301.9845: 1.879783,1.311864,1.674631,151.6663
302.2067: 1.821723,1.326278,1.690334,188.7432
302.4289: 1.814682,1.34576,1.69818,197.1928
302.6511: 1.813008,1.354903,1.696287,198.4849
302.8734: 1.805801,1.360227,1.692465,195.7063
303.0956: 1.767563,1.359535,1.686456,201.3539
303.3178: 1.722615,1.346341,1.673011,214.7287
303.54: 1.678999,1.335141,1.660715,228.873
303.7622: 1.604932,1.324507,1.651237,238.1741
303.9845: 1.488151,1.329551,1.651875,247.8513
304.2067: 1.365578,1.320078,1.650909,262.5105
304.4289: 1.267828,1.260838,1.630047,273.2947
304.6511: 1.137518,1.192656,1.638056,280.0843
304.8734: 0.9585421,1.160387,1.607245,282.4262
305.0956: 0.7380545,1.172719,1.591199,286.0265
305.3178: 0.5578469,1.213838,1.602146,296.9028
305.54: 0.3984818,1.265214,1.588378,314.0601
305.7622: 0.2435946,1.310917,1.583742,333.7814
305.9845: 0.1270748,1.406526,1.585216,351.1661
306.2067: 0.03548975,1.554133,1.566935,348.2548
306.4289: -0.02907188,1.77493,1.602923,334.5792
306.6511: -0.06969437,1.995757,1.622191,329.7668
306.8734: -0.1137914,2.203151,1.594218,332.4513
307.0956: -0.1621209,2.400656,1.62583,326.68
307.3178: -0.209572,2.608807,1.600389,312.0568
307.54: -0.2888845,2.780931,1.623048,287.3683
307.7622: -0.4371763,2.880528,1.598814,267.1699
307.9845: -0.6597914,2.942863,1.5813,262.3724
308.2067: -0.8739487,2.989817,1.602873,259.7572
308.4289: -1.104827,3.039242,1.583354,260.6436
308.6511: -1.341667,3.084079,1.612715,260.4033
308.8734: -1.567774,3.075457,1.61317,259.2504
309.0956: -1.830145,3.033003,1.575541,262.6011
309.3178: -2.077391,3.001635,1.612081,264.5578
309.54: -2.304138,2.996497,1.589155,265.2316
309.7622: -2.520875,3.00176,1.587835,261.6451
309.9845: -2.674286,2.974255,1.609892,255.4461
Trial Result: Success object: Stove | Time Spent: 8.262712
Trial No.:9 Ends
Trial No.:1 Begins
User confirmed on object: Stove, this maze officially starts.
322.7511: -2.488656,3.013146,1.639751,263.8937
322.9733: -2.489365,3.020278,1.640694,264.5943
323.1956: -2.495671,3.048844,1.645467,272.0884
323.4178: -2.487423,3.088762,1.648374,281.7954
323.64: -2.493257,3.088505,1.638701,273.8067
323.8622: -2.511144,3.057785,1.629093,244.5406
324.0844: -2.492496,2.987733,1.614257,210.13
324.3067: -2.420838,2.930928,1.60555,173.7403
324.5289: -2.397254,2.91028,1.604834,153.8907
324.7511: -2.394935,2.902734,1.601069,137.675
324.9733: -2.394642,2.913712,1.598672,119.0978
325.1956: -2.361872,2.92753,1.589668,103.3059
325.4178: -2.296723,2.894311,1.565302,110.3887
325.64: -2.207714,2.816099,1.556347,136.0478
325.8622: -2.127635,2.715207,1.585247,154.2293
326.0844: -2.076957,2.58884,1.572747,163.9355
326.3067: -2.038684,2.403715,1.553364,160.2445
326.5289: -2.010877,2.205668,1.600893,148.3549
326.7511: -1.953149,2.001362,1.583647,144.6215
326.9733: -1.840715,1.765303,1.569298,144.5135
327.1956: -1.703531,1.522093,1.608089,142.1911
327.4178: -1.563426,1.280162,1.577773,139.0594
327.64: -1.42403,1.030117,1.604936,134.7811
327.8622: -1.253632,0.8540978,1.616767,130.2701
328.0844: -1.045087,0.7190077,1.583122,126.2686
328.3067: -0.842485,0.6145152,1.625085,122.5614
328.5289: -0.6613664,0.54913,1.621125,122.8263
328.7511: -0.4918025,0.4791943,1.61018,128.908
328.9733: -0.3338627,0.4021585,1.622758,141.1032
329.1956: -0.1846355,0.3066979,1.602616,149.2412
329.4178: -0.08220725,0.1730977,1.62378,148.3618
329.64: 0.01182751,0.08957323,1.59476,111.6631
329.8622: 0.03180814,0.1947075,1.630703,68.07768
330.0844: 0.02691247,0.3605716,1.597933,53.12321
330.3067: 0.08462235,0.4968794,1.618239,68.28119
330.5289: 0.2098165,0.5779504,1.6078,83.32582
330.7511: 0.4034125,0.6464322,1.595741,82.4851
330.9733: 0.5958688,0.7106993,1.626802,81.59921
331.1956: 0.7530149,0.768432,1.62183,81.11629
331.4178: 0.9148847,0.861881,1.604912,70.74374
331.64: 1.067544,0.890986,1.637831,89.70084
331.8622: 1.050943,0.7952037,1.675304,154.3368
332.0844: 0.8771144,0.7667273,1.654228,203.053
332.3067: 0.6797227,0.747414,1.625622,211.3875
332.5289: 0.4877105,0.6763498,1.622802,214.4281
332.7511: 0.3442621,0.5353049,1.587154,207.1432
332.9733: 0.2331136,0.3398886,1.600252,199.8396
333.1956: 0.1231441,0.1508177,1.610237,183.6074
333.4178: 0.009870138,-0.03548982,1.598357,161.9291
333.64: -0.1451813,-0.2481274,1.637134,175.9479
333.8622: -0.2707894,-0.4869029,1.600391,194.3391
334.0844: -0.3800542,-0.7235313,1.632547,210.0367
334.3067: -0.5023953,-0.9363505,1.627378,201.6138
334.5289: -0.6310297,-1.131981,1.605568,181.5641
334.7511: -0.712629,-1.294485,1.643474,165.2828
334.9733: -0.7568755,-1.434996,1.618479,160.5545
335.1956: -0.7747424,-1.597462,1.624202,167.7333
335.4178: -0.8127207,-1.773042,1.623294,167.918
335.64: -0.8381994,-1.993062,1.579597,156.0831
335.8622: -0.8572558,-2.266055,1.590968,139.1001
336.0844: -0.786343,-2.501582,1.613419,122.7258
336.3067: -0.6196378,-2.682253,1.57733,103.9088
336.5289: -0.4194903,-2.815082,1.60991,81.91389
336.7511: -0.2060039,-2.934705,1.606695,77.91757
336.9733: 0.04251785,-3.050951,1.609788,72.96029
337.1956: 0.3153342,-3.092471,1.631824,71.14761
337.4178: 0.5871184,-3.057151,1.598349,70.39948
337.64: 0.8486385,-2.994591,1.655855,65.68829
337.8622: 1.096976,-2.905388,1.621819,62.58393
338.0844: 1.370152,-2.806425,1.634617,56.40758
338.3067: 1.596022,-2.664587,1.654192,52.63305
338.5289: 1.797653,-2.496311,1.595533,53.59175
Trial Result: Success object: Well | Time Spent: 16.04795
Trial No.:1 Ends
Trial No.:3 Begins
User confirmed on object: Piano, this maze officially starts.
349.44: 1.782875,3.208372,1.687912,192.0505
349.6622: 1.744224,3.275301,1.672644,193.646
349.8845: 1.731689,3.311002,1.665791,189.6684
350.1067: 1.751659,3.332977,1.657545,186.496
350.3289: 1.756353,3.336269,1.659701,197.0166
350.5511: 1.729405,3.349788,1.656878,219.1035
350.7733: 1.699131,3.347604,1.651911,240.7811
350.9956: 1.680966,3.319424,1.641279,252.17
351.2178: 1.628961,3.276822,1.62834,260.5862
351.44: 1.510469,3.252311,1.604405,266.9633
351.6622: 1.342311,3.264414,1.610122,263.6932
351.8845: 1.169816,3.237605,1.630735,257.3028
352.1067: 0.969318,3.151694,1.600181,251.5542
352.3289: 0.7370385,3.049334,1.625606,254.007
352.5511: 0.4768544,3.004358,1.620644,256.5403
352.7733: 0.2015619,2.993558,1.60269,254.4207
352.9956: -0.05031803,2.953525,1.648174,246.2712
353.2178: -0.307242,2.878236,1.596511,245.4304
353.44: -0.5866871,2.775223,1.619193,246.3127
353.6622: -0.8639551,2.694126,1.620797,246.5641
353.8845: -1.144833,2.614983,1.587324,239.9468
354.1067: -1.366158,2.511248,1.636741,228.9774
354.3289: -1.543443,2.371564,1.59859,221.6363
354.5511: -1.708098,2.160962,1.608364,215.2732
354.7733: -1.873901,1.945165,1.609325,206.9958
354.9956: -2.073443,1.712228,1.576586,203.7478
355.2178: -2.215582,1.483974,1.628127,197.5772
355.44: -2.310802,1.239792,1.587734,191.4952
355.6622: -2.387474,0.9645224,1.600343,186.4766
355.8845: -2.492415,0.7017337,1.616577,187.1831
356.1067: -2.602786,0.4232419,1.587339,186.9011
356.3289: -2.654456,0.1558764,1.62977,183.9969
356.5511: -2.673791,-0.1118423,1.584834,184.2153
356.7733: -2.67875,-0.40437,1.608616,185.1069
356.9956: -2.703783,-0.6629319,1.629814,176.6584
357.2178: -2.752522,-0.9363796,1.598872,167.0004
357.44: -2.791041,-1.204249,1.635213,167.4547
357.6622: -2.797388,-1.482347,1.589724,175.1112
357.8845: -2.74308,-1.778127,1.613368,162.7677
358.1067: -2.69768,-2.064853,1.609693,145.9612
358.3289: -2.654567,-2.364073,1.584648,126.4863
358.5511: -2.566159,-2.578414,1.624619,110.6688
358.7733: -2.441177,-2.709554,1.588445,92.10526
358.9956: -2.314897,-2.789915,1.612401,73.16269
359.2178: -2.229979,-2.847476,1.636285,48.92966
Trial Result: Success object: Mailbox | Time Spent: 10.12871
Trial No.:3 Ends
Trial No.:24 Begins
User confirmed on object: Chair, this maze officially starts.
372.7511: 0.874137,-3.152954,1.68887,337.7525
372.9733: 0.8850812,-3.165598,1.686532,345.0509
373.1956: 0.883808,-3.197137,1.687007,359.4259
373.4178: 0.8617291,-3.248334,1.68345,6.092598
373.64: 0.8438615,-3.289097,1.683073,2.657181
373.8622: 0.8473402,-3.297815,1.673959,358.0387
374.0844: 0.8890505,-3.271224,1.665909,2.821926
374.3067: 0.9597316,-3.243268,1.663606,12.22064
374.5289: 1.045999,-3.23599,1.657013,29.52068
374.7511: 1.109558,-3.245344,1.652637,44.85227
374.9733: 1.140783,-3.240237,1.648247,48.85779
375.1956: 1.183775,-3.239786,1.649993,51.74164
375.4178: 1.22823,-3.205238,1.638442,43.16511
375.64: 1.267816,-3.125692,1.629658,28.26105
375.8622: 1.344472,-3.002586,1.612131,22.68834
376.0844: 1.446488,-2.855655,1.633965,23.70963
376.3067: 1.554342,-2.713361,1.640403,26.57034
376.5289: 1.664569,-2.511738,1.61028,24.71269
376.7511: 1.78245,-2.292003,1.63187,20.59388
376.9733: 1.858364,-2.076477,1.631435,15.9101
377.1956: 1.941878,-1.826517,1.602277,19.59733
377.4178: 2.042658,-1.57406,1.648827,22.11615
377.64: 2.174241,-1.329927,1.626073,18.68083
377.8622: 2.315152,-1.103614,1.640523,8.624923
378.0844: 2.413553,-0.8922708,1.659959,9.448796
378.3067: 2.482956,-0.6652712,1.617532,13.66326
378.5289: 2.551699,-0.4259971,1.65618,9.876226
378.7511: 2.650797,-0.1857362,1.626103,10.51987
378.9733: 2.747196,0.03744644,1.640159,9.261712
379.1956: 2.766713,0.2477077,1.638579,358.6261
379.4178: 2.735795,0.4613034,1.6115,345.0156
379.64: 2.652443,0.6150551,1.646294,292.2762
379.8622: 2.640818,0.7194564,1.658538,266.9474
Trial Result: Success object: Trashcan | Time Spent: 7.519386
Trial No.:24 Ends
Trial No.:16 Begins
User confirmed on object: Wheelbarrow, this maze officially starts.
392.7067: 0.3339547,-0.09258049,1.676317,276.6505
392.9289: 0.337566,-0.09520405,1.674102,275.6448
393.1511: 0.3451473,-0.06013992,1.682631,284.8246
393.3734: 0.3633281,-0.0121194,1.681924,294.5777
393.5956: 0.3760875,0.02746395,1.665619,298.3668
393.8178: 0.3894654,0.03833693,1.65282,286.0263
394.04: 0.3882593,0.03057962,1.649536,270.9959
394.2622: 0.3840997,0.01849665,1.643173,260.3891
394.4845: 0.3786542,0.04063383,1.642822,270.3821
394.7067: 0.3744281,0.07305752,1.639628,286.2496
394.9289: 0.3457966,0.09315112,1.636542,298.2244
395.1511: 0.3092924,0.1112299,1.641403,310.0902
395.3734: 0.3003861,0.1347064,1.642956,329.8082
395.5956: 0.3036519,0.1440553,1.644539,345.8242
395.8178: 0.2961248,0.1459198,1.644312,352.9213
396.04: 0.2449676,0.1618304,1.633009,342.8848
396.2622: 0.1872552,0.2072731,1.623928,318.6075
396.4845: 0.1687234,0.2694142,1.610102,296.5513
396.7067: 0.1719834,0.354873,1.628332,287.9675
396.9289: 0.1407925,0.4363103,1.622123,266.5009
397.1511: 0.09260283,0.4829065,1.608275,231.6777
397.3734: 0.04442011,0.5369496,1.614199,207.2553
397.5956: -0.02089059,0.5986006,1.620012,180.6863
397.8178: -0.1168425,0.6951685,1.603925,149.3274
398.04: -0.1935094,0.7895362,1.625779,129.8237
398.2622: -0.2834831,0.8018904,1.627898,141.556
398.4845: -0.4591951,0.7949629,1.614297,201.879
398.7067: -0.5959904,0.8346159,1.625783,244.4958
398.9289: -0.7348607,0.8764739,1.608976,269.5398
399.1511: -0.9198295,0.9261825,1.580701,280.0468
399.3734: -1.153549,0.9915299,1.618144,281.7367
399.5956: -1.335159,1.047108,1.628949,300.5959
399.8178: -1.467892,1.092325,1.611368,345.7949
400.04: -1.619411,1.091288,1.603883,16.34715
400.2622: -1.746927,1.134535,1.615086,22.71649
400.4845: -1.806669,1.193842,1.612043,24.48553
400.7067: -1.806113,1.200188,1.622278,45.39119
400.9289: -1.829077,1.179098,1.627901,80.03438
401.1511: -1.936522,1.133861,1.611004,131.0246
401.3734: -2.087417,1.12874,1.606662,174.4482
401.5956: -2.194269,1.119245,1.616433,190.2479
401.8178: -2.291953,1.050405,1.60477,195.9804
402.04: -2.423072,0.8936287,1.591484,183.8353
402.2622: -2.550338,0.7036677,1.614597,172.3004
402.4845: -2.635592,0.4931625,1.578819,176.5571
402.7067: -2.66956,0.2330934,1.595601,184.5557
402.9289: -2.713514,-0.02751262,1.619673,185.4058
403.1511: -2.773947,-0.3040071,1.584805,184.9934
403.3734: -2.82276,-0.5650047,1.626145,182.3616
403.5956: -2.836686,-0.8166839,1.603477,185.5472
403.8178: -2.830522,-1.079595,1.602824,193.0384
404.04: -2.852603,-1.333224,1.631792,193.2842
Trial Result: Success object: Plant | Time Spent: 11.60557
Trial No.:16 Ends
Trial No.:5 Begins
User confirmed on object: Table, this maze officially starts.
416.2289: -2.035869,2.002564,1.65743,85.60142
416.4511: -2.060461,2.024582,1.66054,86.78012
416.6733: -2.073126,2.049726,1.656071,88.88985
416.8956: -2.069547,2.103287,1.640826,69.87489
417.1178: -2.074533,2.148828,1.622936,44.63075
417.34: -2.09206,2.162407,1.612672,19.38495
417.5622: -2.117826,2.14159,1.601636,354.3587
417.7845: -2.145799,2.126802,1.593703,334.7132
418.0067: -2.177245,2.160125,1.580971,321.7607
418.2289: -2.170341,2.272017,1.56965,337.2955
418.4511: -2.088347,2.419295,1.58095,26.57469
418.6733: -1.975422,2.529323,1.575873,59.23057
418.8956: -1.823624,2.640627,1.552243,69.08949
419.1178: -1.637789,2.735261,1.595157,76.4361
419.34: -1.438903,2.82471,1.584328,87.3138
419.5622: -1.204748,2.941457,1.573926,91.58805
419.7845: -0.9589159,3.017113,1.623618,92.03799
420.0067: -0.6954276,3.034361,1.579756,92.51976
420.2289: -0.4195366,3.028337,1.612029,89.72222
420.4511: -0.1425678,3.071463,1.610464,89.40691
420.6733: 0.1347289,3.11574,1.594575,95.16854
420.8956: 0.3983158,3.108124,1.637893,99.33763
421.1178: 0.6747415,3.080421,1.594836,98.31531
421.34: 0.9355803,3.06385,1.641708,95.45805
421.5622: 1.188599,3.075159,1.617731,96.66146
421.7845: 1.443181,3.071458,1.62146,115.1323
422.0067: 1.671221,3.026481,1.65438,129.4213
422.2289: 1.893873,2.953545,1.621201,127.5953
422.4511: 2.101111,2.864372,1.648575,133.5436
422.6733: 2.300669,2.764169,1.632891,142.0461
422.8956: 2.471088,2.622621,1.621466,164.1137
423.1178: 2.55982,2.462293,1.655754,192.7073
423.34: 2.627617,2.290977,1.623054,199.3854
423.5622: 2.667521,2.091318,1.634287,194.4995
423.7845: 2.707373,1.896603,1.643478,193.6255
424.0067: 2.714524,1.691119,1.614988,204.3461
424.2289: 2.655695,1.511203,1.66389,219.6459
424.4511: 2.538997,1.362537,1.637266,232.8178
424.6733: 2.394686,1.206235,1.618957,224.7473
424.8956: 2.296317,1.067005,1.650194,215.8522
Trial Result: Success object: Bookshelf | Time Spent: 9.018082
Trial No.:5 Ends
Trial No.:14 Begins
User confirmed on object: Telescope, this maze officially starts.
437.64: -2.91986,0.02757027,1.640943,58.36332
437.8622: -2.891838,-0.03240829,1.643708,78.95783
438.0844: -2.873488,-0.05443578,1.650496,79.77052
438.3067: -2.879107,-0.06542149,1.649847,84.20736
438.5289: -2.892562,-0.04845174,1.640749,84.82689
438.7511: -2.891864,0.0137927,1.634161,79.77616
438.9734: -2.862444,0.02970283,1.620883,98.83905
439.1956: -2.843583,-0.0366106,1.597649,123.7828
439.4178: -2.854665,-0.160213,1.586957,138.6821
439.64: -2.849616,-0.3009416,1.592721,137.5739
439.8622: -2.772505,-0.4196617,1.57593,129.1239
440.0844: -2.627131,-0.5291528,1.550096,122.324
440.3067: -2.450049,-0.6295811,1.586704,115.5782
440.5289: -2.264392,-0.7222924,1.588492,108.747
440.7511: -2.038562,-0.815712,1.577769,99.24344
440.9734: -1.808276,-0.8811004,1.627723,90.17207
441.1956: -1.57811,-0.8920217,1.606514,82.96355
441.4178: -1.332161,-0.873762,1.60904,81.15349
441.64: -1.089468,-0.8867749,1.637445,81.31828
441.8622: -0.8212325,-0.9064464,1.590628,74.26567
442.0844: -0.5664936,-0.9402238,1.627935,75.13768
442.3067: -0.3282398,-0.9619159,1.625281,82.04099
442.5289: -0.07303929,-0.9483486,1.605027,80.53691
442.7511: 0.1420815,-0.9290106,1.653763,68.66903
442.9734: 0.2592385,-0.8630721,1.607616,19.84291
443.1956: 0.2587489,-0.8218855,1.625239,342.6291
443.4178: 0.2247652,-0.7664992,1.614697,330.7704
443.64: 0.1538905,-0.6536887,1.594274,325.9881
443.8622: 0.04474634,-0.5264735,1.611274,321.9598
444.0844: -0.01613912,-0.4468215,1.628317,311.5462
Trial Result: Success object: Wheelbarrow | Time Spent: 6.675371
Trial No.:14 Ends
Trial No.:15 Begins
User confirmed on object: Wheelbarrow, this maze officially starts.
457.0622: 0.2994337,-0.05100027,1.658049,271.0999
457.2845: 0.3004735,-0.04879119,1.665249,276.6992
457.5067: 0.2967704,-0.03419366,1.67583,277.635
457.7289: 0.3020257,-0.01250603,1.675922,276.1601
457.9511: 0.3174957,0.01465294,1.66568,283.7411
458.1733: 0.3492904,0.07672636,1.642471,313.7717
458.3956: 0.3234542,0.07668422,1.626098,308.3738
458.6178: 0.2740919,0.04342439,1.623594,294.3678
458.84: 0.2533995,0.09249111,1.622119,320.2457
459.0622: 0.2803603,0.1692581,1.624347,345.1282
459.2845: 0.3051021,0.2494275,1.623772,346.9808
459.5067: 0.3086444,0.3416403,1.633175,335.2053
459.7289: 0.2740656,0.4572861,1.631945,329.3115
459.9511: 0.1947224,0.6120667,1.59885,335.0036
460.1733: 0.03175164,0.7736108,1.590807,312.2052
460.3956: -0.1099575,0.8642563,1.62058,289.314
460.6178: -0.2831265,0.9383335,1.603492,279.7771
460.84: -0.4905208,1.030377,1.603755,274.7544
461.0622: -0.7136176,1.087423,1.627866,275.0361
461.2845: -0.9686612,1.13209,1.575749,287.7089
461.5067: -1.234971,1.16752,1.614349,304.7396
461.7289: -1.452521,1.215692,1.625778,320.7029
461.9511: -1.596192,1.282854,1.613451,343.08
462.1733: -1.669074,1.365357,1.66091,12.6043
462.3956: -1.766166,1.482125,1.614244,22.75855
462.6178: -1.880968,1.635373,1.619204,10.5872
462.84: -1.928269,1.803119,1.618737,358.1786
463.0622: -1.919311,1.987151,1.595165,342.5175
463.2845: -1.956278,2.144588,1.606282,304.1013
463.5067: -1.981659,2.164433,1.62072,271.0185
463.7289: -1.960813,2.178588,1.641342,250.2007
463.9511: -1.911924,2.071182,1.64107,203.3761
464.1733: -1.862226,1.89002,1.593878,187.0313
464.3956: -1.850484,1.634699,1.586745,197.9287
464.6178: -1.90274,1.428127,1.588803,204.3896
464.84: -2.041973,1.196133,1.548293,200.2024
465.0622: -2.276568,0.9529126,1.591189,203.9264
465.2845: -2.464937,0.6854402,1.586868,196.3901
465.5067: -2.582527,0.3817463,1.571238,179.2698
465.7289: -2.660276,0.06993946,1.591089,161.7865
465.9511: -2.757677,-0.2669044,1.586081,164.2839
466.1733: -2.806208,-0.5768846,1.642868,169.3765
466.3956: -2.825932,-0.9171858,1.575005,173.1109
466.6178: -2.831672,-1.257701,1.642406,173.6837
466.84: -2.80267,-1.603842,1.586225,158.8835
467.0622: -2.754757,-1.933636,1.63346,145.4815
467.2845: -2.648065,-2.25104,1.596825,136.4273
467.5067: -2.488874,-2.538953,1.591421,120.5838
467.7289: -2.31553,-2.76377,1.607084,88.89579
467.9511: -2.147027,-2.954692,1.587081,66.54322
468.1733: -1.984547,-3.020221,1.641297,47.62137
Trial Result: Success object: Mailbox | Time Spent: 11.528
Trial No.:15 Ends
Trial No.:18 Begins
User confirmed on object: Harp, this maze officially starts.
481.5844: 1.72778,-1.056402,1.681207,357.3177
481.8067: 1.759331,-1.106446,1.679677,358.9906
482.0289: 1.804213,-1.160832,1.664361,359.0762
482.2511: 1.830138,-1.215685,1.662777,356.4507
482.4734: 1.83353,-1.272504,1.662027,354.899
482.6956: 1.830355,-1.309426,1.667349,357.3753
482.9178: 1.831062,-1.322147,1.667953,0.9207941
483.14: 1.823974,-1.319811,1.665735,0.8449336
483.3622: 1.818859,-1.30644,1.661293,0.5867669
483.5844: 1.831511,-1.301289,1.657361,4.954262
483.8067: 1.854156,-1.308764,1.656548,10.10994
484.0289: 1.866235,-1.311447,1.654901,10.47224
484.2511: 1.857416,-1.305739,1.653301,7.193374
484.4734: 1.846088,-1.299514,1.653394,4.581971
484.6956: 1.846643,-1.294813,1.651691,3.989933
484.9178: 1.82775,-1.296874,1.648022,347.1703
485.14: 1.787287,-1.299464,1.642968,323.042
485.3622: 1.714555,-1.305766,1.635484,302.5594
485.5844: 1.609387,-1.334885,1.623611,281.3188
485.8067: 1.504303,-1.352531,1.619315,276.0626
486.0289: 1.411532,-1.302103,1.62761,290.3663
486.2511: 1.314834,-1.217954,1.619789,298.5053
486.4734: 1.180454,-1.105408,1.61519,294.2701
486.6956: 1.023912,-1.021502,1.63354,281.4836
486.9178: 0.8376724,-0.9869331,1.616866,279.021
487.14: 0.6004343,-1.000836,1.613002,283.5078
487.3622: 0.3406217,-1.016901,1.641815,273.6359
487.5844: 0.07280809,-1.001038,1.599615,261.7664
487.8067: -0.1911633,-0.937661,1.635292,265.7334
488.0289: -0.4476529,-0.9144451,1.631283,269.986
488.2511: -0.7503817,-0.9255447,1.603079,272.0961
488.4734: -1.041406,-0.9332995,1.637672,264.5957
488.6956: -1.338174,-0.9345819,1.598146,253.0607
488.9178: -1.608543,-0.9336728,1.6206,244.9076
489.14: -1.828998,-0.9749051,1.621501,237.4575
489.3622: -2.057066,-1.061576,1.594172,225.7618
489.5844: -2.264632,-1.151616,1.623211,200.4001
489.8067: -2.40868,-1.222333,1.620642,162.8886
490.0289: -2.509495,-1.182425,1.595321,110.2704
490.2511: -2.616724,-1.057471,1.602163,63.79876
490.4734: -2.726723,-0.9221899,1.605249,41.01813
490.6956: -2.813951,-0.7970998,1.606763,31.45742
490.9178: -2.848039,-0.6779163,1.608932,36.20527
491.14: -2.834223,-0.5804847,1.605419,44.65261
Trial Result: Success object: Telescope | Time Spent: 9.972775
Trial No.:18 Ends
Trial No.:17 Begins
User confirmed on object: Harp, this maze officially starts.
503.9289: 1.752192,-1.018431,1.672983,3.293044
504.1511: 1.740086,-1.058476,1.696975,359.8353
504.3734: 1.736623,-1.088291,1.700174,1.405808
504.5956: 1.742779,-1.097615,1.697635,7.040204
504.8178: 1.760396,-1.112936,1.694516,16.20006
505.04: 1.790946,-1.126398,1.683999,22.58254
505.2622: 1.797769,-1.101745,1.670491,14.67222
505.4845: 1.8225,-1.062494,1.660194,13.34782
505.7067: 1.933767,-1.045113,1.64825,33.62894
505.9289: 2.028347,-0.9987631,1.644366,33.82364
506.1511: 1.974163,-0.9918606,1.632446,354.9816
506.3734: 1.899107,-1.078426,1.650359,308.3512
506.5956: 1.805558,-1.164415,1.661247,288.3578
506.8178: 1.655588,-1.207878,1.622247,286.7524
507.04: 1.477193,-1.181351,1.637246,297.383
507.2622: 1.281185,-1.093094,1.601595,301.1492
507.4845: 1.062999,-0.9654568,1.618476,292.848
507.7067: 0.8533734,-0.8590972,1.642728,290.4891
507.9289: 0.6163606,-0.7691323,1.604217,297.7801
508.1511: 0.3935815,-0.6568379,1.630298,311.7523
508.3734: 0.2432275,-0.4905026,1.630698,321.0585
508.5956: 0.1258738,-0.2617869,1.612255,323.4769
508.8178: 0.05463736,-0.02960277,1.636474,330.3709
509.04: 4.918966E-05,0.211385,1.604307,346.4208
509.2622: -0.121921,0.4451607,1.604818,340.0088
509.4845: -0.2588671,0.6736583,1.622452,316.4117
509.7067: -0.3961802,0.8538886,1.611208,298.923
509.9289: -0.5479405,0.9555327,1.633689,290.0251
510.1511: -0.7510071,1.028404,1.587037,291.9626
510.3734: -0.9721703,1.116065,1.621767,301.8168
510.5956: -1.158877,1.22889,1.611576,304.4298
510.8178: -1.33788,1.366954,1.597397,299.9001
511.04: -1.513626,1.501111,1.615842,303.4246
511.2622: -1.683859,1.645433,1.584662,314.0493
511.4845: -1.827121,1.806362,1.608672,321.9246
511.7067: -1.929783,1.992558,1.592549,321.0013
511.9289: -1.998176,2.206426,1.585922,313.2005
512.1511: -2.075191,2.364985,1.608258,311.1293
512.3734: -2.216695,2.497795,1.577615,305.3265
512.5956: -2.418802,2.591997,1.583189,294.2389
512.8178: -2.572719,2.663159,1.599539,283.0707
513.04: -2.719347,2.736311,1.585078,275.8307
Trial Result: Success object: Stove | Time Spent: 9.373699
Trial No.:17 Ends
Trial No.:6 Begins
User confirmed on object: Table, this maze officially starts.
525.3511: -2.096621,2.147213,1.641725,96.46705
525.5734: -2.112759,2.152675,1.645244,97.33054
525.7956: -2.105957,2.133257,1.653639,106.266
526.0178: -2.099551,2.106158,1.650631,112.1999
526.24: -2.098287,2.092011,1.638758,111.6864
526.4622: -2.097899,2.083192,1.624991,104.5306
526.6844: -2.099806,2.082806,1.623265,94.30164
526.9067: -2.099658,2.068056,1.625089,89.59868
527.1289: -2.107237,2.028503,1.626073,99.99987
527.3511: -2.117838,1.975995,1.619009,114.0606
527.5734: -2.120928,1.921795,1.612965,127.801
527.7956: -2.105222,1.853138,1.600208,147.7703
528.0178: -2.096436,1.798234,1.586953,168.5061
528.24: -2.108424,1.719839,1.579518,183.5817
528.4622: -2.129713,1.591406,1.560276,190.7807
528.6844: -2.194166,1.399231,1.578052,189.763
528.9067: -2.290823,1.203643,1.607634,191.3086
529.1289: -2.369732,0.9685095,1.570755,193.885
529.3511: -2.418801,0.6999061,1.581105,189.17
529.5734: -2.502233,0.4637735,1.613085,188.4728
529.7956: -2.585998,0.2047724,1.576455,184.6383
530.0178: -2.61694,-0.04582306,1.62447,179.7638
530.24: -2.60576,-0.2995831,1.57681,174.6261
530.4622: -2.590372,-0.5724445,1.60376,173.4395
530.6844: -2.61529,-0.8573751,1.592886,175.7037
530.9067: -2.656873,-1.160271,1.581152,171.2978
531.1289: -2.653042,-1.432017,1.62246,168.8527
531.3511: -2.615061,-1.722678,1.565765,168.1602
531.5734: -2.553929,-2.018491,1.60646,162.9912
531.7956: -2.497417,-2.314716,1.574191,151.4832
532.0178: -2.400772,-2.583075,1.587756,131.9461
532.24: -2.228223,-2.748446,1.599515,109.3466
532.4622: -1.990088,-2.86806,1.576633,97.14517
532.6844: -1.749413,-2.968662,1.607785,85.13055
532.9067: -1.490888,-3.075887,1.590089,80.01371
533.1289: -1.21853,-3.156345,1.639976,76.4305
533.3511: -0.9492936,-3.161244,1.609765,73.35437
533.5734: -0.6586677,-3.118558,1.605181,73.15291
533.7956: -0.3801234,-3.074756,1.628995,66.95081
534.0178: -0.09886849,-3.041954,1.593441,57.18571
534.24: 0.1224478,-2.984305,1.645683,50.66856
534.4622: 0.298105,-2.910216,1.624825,45.62665
Trial Result: Success object: Chair | Time Spent: 9.340235
Trial No.:6 Ends
Trial No.:8 Begins
User confirmed on object: Plant, this maze officially starts.
550.6289: -2.651258,-2.070095,1.644764,275.678
550.8511: -2.644603,-2.063376,1.651984,280.2096
551.0734: -2.632362,-2.045253,1.661276,280.6562
551.2956: -2.60381,-1.990831,1.662545,287.629
551.5178: -2.555957,-1.926847,1.659002,297.3653
551.74: -2.520341,-1.878237,1.642365,296.1692
551.9622: -2.520178,-1.869393,1.634645,281.6295
552.1844: -2.517137,-1.860368,1.647541,279.0491
552.4067: -2.507548,-1.85737,1.654184,277.3448
552.6289: -2.498103,-1.839526,1.648646,287.0517
552.8511: -2.485484,-1.797232,1.639231,316.676
553.0734: -2.475254,-1.785234,1.626937,356.2136
553.2956: -2.480312,-1.816763,1.615465,29.32987
553.5178: -2.476495,-1.845509,1.607959,49.00581
553.74: -2.447055,-1.822728,1.60358,47.39278
553.9622: -2.415916,-1.74871,1.586593,33.54819
554.1844: -2.37433,-1.63588,1.56902,28.56779
554.4067: -2.306182,-1.486422,1.564502,42.44755
554.6289: -2.197237,-1.355198,1.598244,61.19775
554.8511: -2.035265,-1.276064,1.581818,73.69604
555.0734: -1.81373,-1.231448,1.586827,77.0347
555.2956: -1.611805,-1.202439,1.611875,80.92071
555.5178: -1.389408,-1.168989,1.584279,81.94106
555.74: -1.143724,-1.12627,1.610105,85.94241
555.9622: -0.9049024,-1.121887,1.627676,88.11316
556.1844: -0.6436031,-1.147111,1.600021,88.67991
556.4067: -0.3940096,-1.165542,1.639311,84.91125
556.6289: -0.16431,-1.153502,1.622473,83.16149
556.8511: 0.08255071,-1.096201,1.62279,85.44589
557.0734: 0.3321339,-1.043535,1.64454,82.69223
557.2956: 0.599619,-0.9919015,1.609539,74.64716
557.5178: 0.826322,-0.9410768,1.633194,64.76558
557.74: 1.000301,-0.8758204,1.644279,58.6472
557.9622: 1.184735,-0.8043128,1.614402,58.33714
Trial Result: Success object: Harp | Time Spent: 7.574631
Trial No.:8 Ends
