Participant ID: 413
Maze Mode: testing
Trial No.:17 Begins
User confirmed on object: Harp, this maze officially starts.
37.52889: 1.746844,-1.265938,1.668296,357.5933
37.75111: 1.745069,-1.273631,1.686743,355.4105
37.97334: 1.742487,-1.272986,1.691224,354.1557
38.19556: 1.74525,-1.268434,1.693706,355.1122
38.41778: 1.753584,-1.269182,1.695141,0.3292673
38.64: 1.761758,-1.272717,1.697095,5.647138
38.86222: 1.743518,-1.270533,1.69824,351.2191
39.08445: 1.738133,-1.265298,1.696504,346.9688
39.30667: 1.756957,-1.255703,1.690797,357.2993
39.52889: 1.811385,-1.253307,1.665032,26.00722
39.75111: 1.836678,-1.258911,1.658872,35.75089
39.97334: 1.851218,-1.259786,1.658498,36.83404
40.19556: 1.861869,-1.25707,1.657449,36.23413
40.41778: 1.861814,-1.247444,1.65434,35.16343
40.64: 1.864393,-1.220861,1.624349,39.86949
40.86222: 1.899728,-1.180446,1.59024,45.50173
41.08445: 1.923886,-1.127138,1.59391,10.87769
41.30667: 1.831413,-1.139182,1.608737,301.8793
41.52889: 1.758457,-1.158677,1.604441,279.3763
41.75111: 1.630644,-1.159292,1.624055,277.5569
41.97334: 1.488072,-1.13429,1.644821,285.3921
42.19556: 1.343653,-1.081945,1.636955,290.8364
42.41778: 1.198059,-0.9990018,1.633806,292.2523
42.64: 1.043905,-0.9483516,1.652448,291.4789
42.86222: 0.8763788,-0.9391729,1.63619,293.8218
43.08445: 0.6805125,-0.9817915,1.623262,292.8817
43.30667: 0.481728,-1.025537,1.642547,287.5269
43.52889: 0.3347514,-0.9877734,1.635307,307.4749
43.75111: 0.2320574,-0.9161958,1.624643,323.373
43.97334: 0.1272262,-0.8484655,1.634919,338.2788
44.19556: -0.01366414,-0.8307385,1.633402,329.2136
44.41778: -0.2145507,-0.8921933,1.617666,282.9498
44.64: -0.4117937,-0.9540935,1.623819,269.015
44.86222: -0.6022052,-0.9715108,1.632865,267.5703
45.08445: -0.797219,-0.9517085,1.613283,268.6538
45.30667: -1.001945,-0.906577,1.623082,268.1083
45.52889: -1.192316,-0.9013993,1.642203,262.0735
45.75111: -1.378643,-0.9297805,1.617931,253.3078
45.97334: -1.58316,-0.9667451,1.618004,263.4706
46.19556: -1.769936,-0.932049,1.618004,306.2354
46.41778: -1.959119,-0.9028903,1.588508,317.9431
46.64: -2.147928,-0.8360263,1.590171,327.4274
46.86222: -2.3105,-0.7697219,1.604881,339.3324
47.08445: -2.45717,-0.6903617,1.595428,351.7562
47.30667: -2.596942,-0.5945417,1.607657,0.2492642
47.52889: -2.683794,-0.4477533,1.608187,8.089067
47.75111: -2.69609,-0.258509,1.584712,11.73901
47.97334: -2.665538,-0.04976227,1.605864,14.54791
48.19556: -2.642301,0.1518366,1.602044,20.1715
48.41778: -2.616742,0.3863307,1.586053,25.59377
48.64: -2.564613,0.6224716,1.61287,25.91825
48.86222: -2.471739,0.8260869,1.599262,20.28248
49.08445: -2.326221,1.018549,1.591818,14.06948
49.30667: -2.203516,1.207316,1.621169,8.775349
49.52889: -2.114037,1.405564,1.60266,2.788049
49.75111: -2.067424,1.633177,1.607298,354.602
49.97334: -2.01444,1.832065,1.617225,342.6277
50.19556: -1.974677,2.02697,1.596695,327.7376
50.41778: -1.955228,2.22175,1.621847,314.2905
50.64: -1.997546,2.381075,1.624567,303.2436
50.86222: -2.113651,2.506545,1.60251,297.223
51.08445: -2.26203,2.610182,1.608721,292.7304
51.30667: -2.378674,2.709482,1.611936,288.2442
51.52889: -2.494525,2.817904,1.59226,282.8827
51.75111: -2.608157,2.902029,1.6068,278.0211
Trial Result: Success object: Stove | Time Spent: 14.60475
Trial No.:17 Ends
Trial No.:10 Begins
User confirmed on object: Bookshelf, this maze officially starts.
82.47334: 1.665181,1.234825,1.692111,178.2573
82.69556: 1.669917,1.244897,1.703386,174.1783
82.91778: 1.661969,1.246315,1.705171,179.8642
83.14: 1.643521,1.244287,1.704669,190.3217
83.36222: 1.637527,1.241033,1.702204,192.1855
83.58445: 1.635872,1.232735,1.692532,190.9417
83.80667: 1.63823,1.223616,1.682422,187.0676
84.02889: 1.641528,1.213662,1.670962,182.5976
84.25111: 1.641602,1.20177,1.664261,180.6991
84.47334: 1.623654,1.193568,1.659708,189.7648
84.69556: 1.605006,1.205568,1.651568,224.3952
84.91778: 1.627232,1.210928,1.653427,243.1428
85.14: 1.639816,1.193875,1.653418,233.2088
85.36222: 1.677595,1.164463,1.650461,189.8674
85.58445: 1.701725,1.169903,1.648159,163.3117
85.80667: 1.642648,1.154319,1.64643,183.3293
86.02889: 1.477787,1.176108,1.625669,224.3587
86.25111: 1.293612,1.209868,1.630438,238.7544
86.47334: 1.137666,1.194236,1.64606,237.2426
86.69556: 0.9729847,1.135133,1.62466,232.4682
86.91778: 0.7916901,1.043807,1.635211,229.4562
87.14: 0.6169639,0.9878791,1.642932,224.2498
87.36222: 0.4402549,0.9387908,1.618093,212.3506
87.58445: 0.2681618,0.8863852,1.634641,198.6277
87.80667: 0.1545588,0.7904174,1.638379,185.8615
88.02889: 0.0922069,0.633326,1.616678,183.2025
88.25111: 0.07432515,0.4284984,1.632917,187.1505
88.47334: 0.04619972,0.2410071,1.637649,192.2457
88.69556: 4.750211E-05,0.03032411,1.609809,197.1407
88.91778: -0.05319963,-0.1574493,1.628348,204.3767
89.14: -0.08124591,-0.3397141,1.636247,210.5345
89.36222: -0.1158404,-0.5323631,1.619884,217.2878
89.58445: -0.176865,-0.7239722,1.63937,221.4158
89.80667: -0.2788727,-0.8614095,1.624974,217.9754
90.02889: -0.4272618,-0.9674858,1.603453,206.5863
90.25111: -0.6042058,-1.08682,1.626154,195.3163
90.47334: -0.7058629,-1.222298,1.6255,187.3521
90.69556: -0.7528418,-1.404779,1.611285,184.288
90.91778: -0.7832174,-1.608232,1.629977,182.2276
91.14: -0.8187866,-1.799352,1.621059,180.3175
91.36222: -0.8654791,-2.0045,1.602909,183.0591
91.58445: -0.9151059,-2.204052,1.618981,205.1838
91.80667: -0.9368876,-2.382836,1.608031,228.9007
92.02889: -0.9346729,-2.576527,1.60262,248.2466
92.25111: -0.9575319,-2.746314,1.622357,271.2942
92.47334: -1.020996,-2.876929,1.612283,285.1982
92.69556: -1.13346,-2.959904,1.609218,289.2439
92.91778: -1.243333,-3.045017,1.620059,292.0003
93.14: -1.368395,-3.128428,1.608476,296.897
93.36222: -1.52692,-3.202978,1.620337,301.1493
93.58445: -1.70006,-3.216687,1.621514,307.3383
93.80667: -1.870296,-3.157604,1.597212,311.7565
94.02889: -2.028742,-3.055235,1.611049,312.2414
94.25111: -2.17551,-2.975177,1.614523,314.675
94.47334: -2.326437,-2.894691,1.592228,316.0494
94.69556: -2.476071,-2.806547,1.602739,317.4024
94.91778: -2.574499,-2.693605,1.606817,316.6928
95.14: -2.63276,-2.557236,1.589991,309.3881
95.36222: -2.663154,-2.385716,1.597151,297.8383
95.58445: -2.681391,-2.265224,1.609404,290.3483
Trial Result: Success object: Plant | Time Spent: 13.3484
Trial No.:10 Ends
Trial No.:2 Begins
User confirmed on object: Stove, this maze officially starts.
113.4511: -2.404358,3.04182,1.652284,265.9174
113.6733: -2.402473,3.041012,1.656475,265.1265
113.8956: -2.408677,3.042916,1.65942,267.8032
114.1178: -2.428515,3.037417,1.658979,266.8455
114.34: -2.453808,3.02043,1.655701,263.7461
114.5622: -2.467562,3.001534,1.654488,262.4353
114.7844: -2.486245,2.978632,1.652276,257.4308
115.0067: -2.510579,2.958906,1.642743,241.9056
115.2289: -2.536189,2.95818,1.630679,213.0132
115.4511: -2.544057,2.981847,1.628381,176.8565
115.6733: -2.557931,3.013731,1.624811,154.511
115.8956: -2.559169,3.028874,1.621831,139.1156
116.1178: -2.530797,3.032189,1.621309,127.2484
116.34: -2.468499,3.025357,1.615041,120.1575
116.5622: -2.398593,2.997911,1.621489,126.1597
116.7844: -2.342798,2.94275,1.623394,150.7687
117.0067: -2.290934,2.866975,1.618255,164.1973
117.2289: -2.234041,2.744681,1.599243,171.1525
117.4511: -2.175869,2.600422,1.616472,174.7914
117.6733: -2.108231,2.481847,1.627334,180.2739
117.8956: -2.036592,2.352172,1.613448,192.453
118.1178: -1.958348,2.207449,1.628685,203.5903
118.34: -1.921534,2.060147,1.634938,213.573
118.5622: -1.946681,1.915429,1.612999,218.2201
118.7844: -2.037707,1.775605,1.619569,211.6951
119.0067: -2.06047,1.649494,1.593985,155.9389
119.2289: -2.02586,1.600041,1.593917,115.353
119.4511: -1.957953,1.535476,1.592757,105.73
119.6733: -1.828821,1.424544,1.590678,107.1004
119.8956: -1.65507,1.297224,1.619445,106.9504
120.1178: -1.509201,1.186467,1.636719,104.1405
120.34: -1.353909,1.078814,1.620739,101.9564
120.5622: -1.186062,0.9882156,1.637846,100.6211
120.7844: -1.001146,0.9497147,1.62973,102.0773
121.0067: -0.7937326,0.9603258,1.615883,108.9749
121.2289: -0.5913634,0.9602951,1.636324,119.9297
121.4511: -0.4187686,0.9205043,1.632702,116.1995
121.6733: -0.2833172,0.8276558,1.629339,112.0443
121.8956: -0.1943713,0.6868579,1.63782,145.5501
122.1178: -0.1340351,0.5612943,1.632285,175.7978
122.34: -0.08477245,0.443422,1.631626,212.0962
122.5622: -0.02773618,0.3182527,1.640457,223.0105
122.7844: -0.01871977,0.2191439,1.631185,233.5177
123.0067: -0.04443829,0.162356,1.619955,242.6092
123.2289: -0.05028037,0.1130645,1.621267,252.3766
123.4511: -0.02747323,0.04872917,1.622586,262.1711
123.6733: -0.005721426,-0.00722677,1.628191,269.3651
123.8956: 0.01537378,-0.01690519,1.626575,271.5273
124.1178: 0.0335902,-0.0004152525,1.634724,268.927
124.34: 0.0691326,0.005947208,1.660735,266.6536
124.5622: 0.1076632,0.009276521,1.674715,266.3639
124.7844: 0.1255217,0.02432674,1.671603,265.9468
125.0067: 0.1545436,0.0206495,1.654082,264.4188
125.2289: 0.1921991,-0.01431492,1.640478,266.9392
125.4511: 0.2302791,-0.04437112,1.635905,269.4104
125.6733: 0.2614774,-0.04180192,1.628732,269.7344
125.8956: 0.270118,-0.01756274,1.629456,267.1617
126.1178: 0.2733687,0.0009782901,1.629391,266.1703
126.34: 0.2884579,0.008661957,1.676562,266.082
126.5622: 0.3077147,0.007287284,1.687674,266.9993
126.7844: 0.3012189,0.004366172,1.675586,268.5471
127.0067: 0.2934837,0.001551033,1.663107,268.1935
127.2289: 0.2862138,0.0003530681,1.66054,267.452
127.4511: 0.2809978,0.003475423,1.659407,267.9567
127.6733: 0.2786946,0.008707388,1.657935,269.3427
127.8956: 0.2767135,0.01186781,1.653785,269.7505
Trial Result: Success object: Wheelbarrow | Time Spent: 14.66004
Trial No.:2 Ends
Trial No.:16 Begins
User confirmed on object: Wheelbarrow, this maze officially starts.
145.6733: 0.3734876,0.05770537,1.684409,268.0036
145.8956: 0.3735744,0.05195682,1.689554,264.9663
146.1178: 0.3719589,0.06207725,1.691905,271.5889
146.34: 0.3711085,0.07929365,1.691031,281.1199
146.5622: 0.3636649,0.08094916,1.68567,280.1832
146.7845: 0.3454556,0.06498601,1.671445,266.2491
147.0067: 0.3199159,0.02534978,1.649725,242.5932
147.2289: 0.2853453,-0.06381014,1.635291,230.4492
147.4511: 0.2443802,-0.1962622,1.633782,227.9129
147.6733: 0.183412,-0.3377177,1.640677,230.8024
147.8956: 0.09186904,-0.4774655,1.62418,233.0735
148.1178: -0.04881778,-0.6158891,1.609706,232.8907
148.34: -0.1786311,-0.7575821,1.630811,232.3626
148.5622: -0.2978529,-0.9066846,1.623761,219.5327
148.7845: -0.4195114,-1.064212,1.624255,212.5542
149.0067: -0.5425793,-1.213405,1.627132,207.6236
149.2289: -0.678347,-1.376641,1.605237,199.3433
149.4511: -0.7993533,-1.551327,1.620536,191.9699
149.6733: -0.8663865,-1.752081,1.611068,191.849
149.8956: -0.8893286,-1.988548,1.5963,200.863
150.1178: -0.9228019,-2.221541,1.616519,216.3458
150.34: -0.9974146,-2.422431,1.595069,232.9626
150.5622: -1.117502,-2.59523,1.595899,249.3352
150.7845: -1.219537,-2.734183,1.61448,262.624
151.0067: -1.342452,-2.850411,1.604931,279.1479
151.2289: -1.495477,-2.958622,1.619443,289.5337
151.4511: -1.674618,-3.001029,1.619824,296.6688
151.6733: -1.85982,-2.95941,1.595925,299.1061
151.8956: -2.034138,-2.881162,1.610484,301.4404
152.1178: -2.1861,-2.81594,1.611849,303.6815
152.34: -2.340316,-2.735007,1.595511,306.0506
152.5622: -2.482684,-2.634783,1.610157,307.9088
152.7845: -2.565709,-2.513671,1.606338,305.9119
153.0067: -2.606108,-2.357382,1.596203,295.7962
153.2289: -2.634852,-2.207504,1.615766,286.4921
Trial Result: Success object: Plant | Time Spent: 7.89715
Trial No.:16 Ends
Trial No.:6 Begins
User confirmed on object: Table, this maze officially starts.
170.9956: -2.163745,2.003385,1.657812,87.01192
171.2178: -2.167038,2.001815,1.6638,86.63158
171.44: -2.167941,1.986674,1.666375,97.34944
171.6622: -2.164414,1.977717,1.66686,102.2948
171.8844: -2.156172,1.968727,1.663829,104.7224
172.1067: -2.152014,1.946437,1.651985,118.7669
172.3289: -2.160784,1.921731,1.625845,156.624
172.5511: -2.197036,1.867019,1.606393,188.2119
172.7733: -2.236815,1.732832,1.595741,200.1585
172.9956: -2.277946,1.564372,1.608962,199.9999
173.2178: -2.312838,1.408655,1.620728,196.422
173.44: -2.358758,1.221483,1.600101,191.4347
173.6622: -2.408051,0.9992392,1.617462,183.1392
173.8844: -2.490733,0.7913786,1.605634,175.9599
174.1067: -2.606381,0.5742841,1.585236,175.1968
174.3289: -2.690761,0.3497082,1.614786,175.0691
174.5511: -2.734853,0.1053263,1.589336,177.6421
174.7733: -2.739001,-0.1789844,1.599906,178.8116
174.9956: -2.753119,-0.4415802,1.620615,175.3534
175.2178: -2.77341,-0.7072959,1.582923,170.2331
175.44: -2.792845,-0.9722662,1.606543,163.0172
175.6622: -2.780472,-1.229291,1.597298,161.3008
175.8844: -2.735515,-1.498906,1.59466,160.2327
176.1067: -2.715747,-1.751748,1.619804,158.283
176.3289: -2.707545,-2.000422,1.586963,155.0227
176.5511: -2.702271,-2.251208,1.602633,143.0362
176.7733: -2.633907,-2.461857,1.6147,126.1736
176.9956: -2.504074,-2.626393,1.584393,106.0947
177.2178: -2.3615,-2.765827,1.600996,85.96676
177.44: -2.224159,-2.901196,1.598722,71.39063
177.6622: -2.047683,-3.057939,1.592946,71.28297
177.8844: -1.845034,-3.164409,1.620939,73.06514
178.1067: -1.615072,-3.208375,1.592207,73.64047
178.3289: -1.347796,-3.202901,1.617265,73.78108
178.5511: -1.100474,-3.214758,1.628794,73.20992
178.7733: -0.8443564,-3.236033,1.594929,71.28704
178.9956: -0.5924752,-3.250118,1.619728,67.54875
179.2178: -0.3765269,-3.224097,1.617114,64.3924
179.44: -0.1645027,-3.166163,1.604031,61.08201
179.6622: 0.03539171,-3.126233,1.620885,57.09956
179.8844: 0.2153154,-3.121084,1.614177,47.76909
180.1067: 0.4117779,-3.135292,1.609725,35.10474
180.3289: 0.5725145,-3.141005,1.629732,23.05437
Trial Result: Success object: Chair | Time Spent: 9.673347
Trial No.:6 Ends
Trial No.:15 Begins
User confirmed on object: Wheelbarrow, this maze officially starts.
195.8511: 0.1455792,0.01760183,1.680546,270.3061
196.0733: 0.1564153,0.01959848,1.68901,268.8936
196.2956: 0.165856,0.02417571,1.694742,267.6921
196.5178: 0.1618927,0.0294129,1.693082,268.7141
196.74: 0.1327423,-0.005432652,1.671557,244.1898
196.9622: 0.1186771,-0.05667428,1.639438,217.5775
197.1844: 0.09184431,-0.1438863,1.630145,213.7731
197.4067: 0.04904324,-0.2948834,1.630935,217.4471
197.6289: -0.003557849,-0.445613,1.634968,220.0826
197.8511: -0.09699911,-0.5940771,1.613605,220.3922
198.0733: -0.2593077,-0.7454864,1.601116,218.8786
198.2956: -0.431828,-0.9077183,1.62778,214.4675
198.5178: -0.5736456,-1.084436,1.618743,208.559
198.74: -0.6953613,-1.325501,1.611047,205.9994
198.9622: -0.7914392,-1.547914,1.629342,202.8729
199.1844: -0.8712159,-1.782028,1.595078,202.3059
199.4067: -0.9524778,-2.022916,1.608999,201.9371
199.6289: -0.9740778,-2.243716,1.608626,210.7422
199.8511: -0.9835522,-2.453691,1.590907,235.609
200.0733: -1.015159,-2.628752,1.613308,266.2929
200.2956: -1.079111,-2.764563,1.604492,279.7293
200.5178: -1.199041,-2.841948,1.597023,288.0086
200.74: -1.298143,-2.911683,1.600371,304.8109
200.9622: -1.388705,-2.992023,1.591583,322.0603
Trial Result: Success object: Mailbox | Time Spent: 5.5305
Trial No.:15 Ends
Trial No.:21 Begins
User confirmed on object: Mailbox, this maze officially starts.
216.6289: -1.787891,-3.24035,1.642443,359.5522
216.8511: -1.794388,-3.252919,1.661392,357.9907
217.0733: -1.78608,-3.262751,1.668932,2.688235
217.2956: -1.775804,-3.261249,1.665774,6.574981
217.5178: -1.764243,-3.248434,1.657978,9.349279
217.74: -1.745268,-3.235968,1.644926,17.54412
217.9622: -1.791391,-3.216347,1.635933,347.5492
218.1844: -1.853367,-3.226465,1.620462,312.1816
218.4067: -1.881478,-3.225427,1.615167,301.8311
218.6289: -1.937214,-3.202734,1.609056,306.0359
218.8511: -2.043782,-3.175737,1.612411,314.3016
219.0733: -2.132935,-3.156488,1.621352,325.0663
219.2956: -2.140457,-3.132586,1.629516,350.9081
219.5178: -2.03409,-3.13603,1.626284,37.11183
219.74: -1.864624,-3.155037,1.61163,52.6328
219.9622: -1.664022,-3.171316,1.607956,63.54603
220.1844: -1.503019,-3.154136,1.615355,74.92423
220.4067: -1.347108,-3.085267,1.600164,79.54138
220.6289: -1.162592,-3.004497,1.629345,82.04048
220.8511: -0.9534177,-2.982764,1.616461,84.64647
221.0733: -0.7091465,-3.022551,1.599519,83.43989
221.2956: -0.4626323,-3.056147,1.630468,81.76828
221.5178: -0.2172332,-3.067731,1.61404,80.62183
221.74: 0.05882661,-3.061501,1.615518,79.40451
221.9622: 0.3042742,-3.07601,1.639044,75.29441
222.1844: 0.5429863,-3.093956,1.610454,68.19084
222.4067: 0.7852358,-3.115364,1.625453,58.07196
222.6289: 0.9989763,-3.081221,1.645586,50.52549
222.8511: 1.192102,-2.985149,1.621981,45.19838
223.0733: 1.358963,-2.860941,1.642033,35.02891
223.2956: 1.500086,-2.742555,1.640799,17.52887
223.5178: 1.650822,-2.608405,1.632224,7.103842
223.74: 1.770422,-2.438316,1.652427,5.131804
223.9622: 1.840716,-2.240438,1.629188,6.903969
224.1844: 1.877131,-2.012091,1.643338,14.71759
224.4067: 1.948888,-1.790221,1.655144,22.44792
224.6289: 2.058193,-1.574228,1.621938,25.13433
224.8511: 2.189603,-1.366038,1.651989,25.12109
225.0733: 2.289101,-1.167866,1.658558,24.22372
225.2956: 2.381298,-0.9397086,1.641764,22.46458
225.5178: 2.477226,-0.7235901,1.665575,21.77794
225.74: 2.574213,-0.5259846,1.651021,20.18718
225.9622: 2.682075,-0.3269758,1.649101,18.1066
226.1844: 2.743808,-0.127592,1.666086,17.07314
226.4067: 2.748026,0.06892826,1.642437,19.62616
226.6289: 2.714635,0.265881,1.647564,28.64902
226.8511: 2.71274,0.4422706,1.657474,38.87577
227.0733: 2.74119,0.5780398,1.643302,46.03993
Trial Result: Success object: Trashcan | Time Spent: 10.78328
Trial No.:21 Ends
Trial No.:20 Begins
User confirmed on object: Well, this maze officially starts.
242.9178: 1.59362,-2.055316,1.692693,85.97263
243.14: 1.585627,-2.062519,1.694455,89.89224
243.3622: 1.580209,-2.069392,1.695914,93.00035
243.5845: 1.587011,-2.079456,1.693768,96.49129
243.8067: 1.597939,-2.089943,1.689286,103.1063
244.0289: 1.604056,-2.089651,1.689068,107.7968
244.2511: 1.617143,-2.142681,1.667988,137.0056
244.4733: 1.557351,-2.251562,1.621091,199.2254
244.6956: 1.52063,-2.373939,1.623113,223.1693
244.9178: 1.500784,-2.510427,1.631973,234.4521
245.14: 1.466126,-2.654042,1.6208,255.9679
245.3622: 1.42004,-2.814816,1.637413,270.8721
245.5845: 1.315665,-2.945632,1.64378,280.3041
245.8067: 1.143561,-3.028708,1.614327,281.3149
246.0289: 0.9333948,-3.065952,1.63307,280.9659
246.2511: 0.7459177,-3.105379,1.641675,284.1283
246.4733: 0.5693898,-3.107785,1.621879,305.3593
246.6956: 0.5352802,-3.028309,1.639642,356.7736
246.9178: 0.6065153,-3.003633,1.630349,28.69278
247.14: 0.643572,-3.004834,1.632904,36.38009
247.3622: 0.6383562,-2.994452,1.632155,29.28827
247.5845: 0.5308126,-2.988387,1.634671,336.5152
247.8067: 0.4070397,-3.055623,1.629594,296.6762
248.0289: 0.2705007,-3.119751,1.634772,289.5846
248.2511: 0.1338899,-3.167647,1.643136,287.2626
248.4733: -0.01837144,-3.184779,1.625868,286.6349
248.6956: -0.2105527,-3.162402,1.60392,285.4447
248.9178: -0.407626,-3.142262,1.629251,285.7998
249.14: -0.6055164,-3.159775,1.625332,285.1275
249.3622: -0.8241305,-3.201023,1.603779,286.4959
249.5845: -1.029846,-3.229951,1.627718,290.2711
249.8067: -1.186368,-3.217656,1.633631,297.856
250.0289: -1.283509,-3.187943,1.622515,299.1281
250.2511: -1.357027,-3.178217,1.632415,300.0778
250.4733: -1.404081,-3.183534,1.631369,303.3463
250.6956: -1.423983,-3.168547,1.631203,313.4955
250.9178: -1.332296,-3.096458,1.618598,9.598091
251.14: -1.200912,-3.018945,1.603556,27.29356
251.3622: -1.066696,-2.888855,1.610458,23.40193
251.5845: -0.9811058,-2.704835,1.614336,18.2356
251.8067: -0.9605166,-2.45528,1.577584,18.05786
252.0289: -0.9506878,-2.180744,1.607608,22.82249
252.2511: -0.9009023,-1.941181,1.610043,26.72987
252.4733: -0.8152566,-1.693308,1.591232,29.5001
252.6956: -0.7255397,-1.47029,1.618016,34.76245
252.9178: -0.6005208,-1.256298,1.60682,46.03358
253.14: -0.4502745,-1.074299,1.623002,67.46313
253.3622: -0.3061717,-0.9100353,1.641461,70.75959
253.5845: -0.1908968,-0.7056463,1.615168,39.93523
253.8067: -0.1023341,-0.4915781,1.634138,16.89187
254.0289: -0.03929213,-0.2547361,1.612853,15.22207
254.2511: -0.02141929,0.002567078,1.617304,23.11024
254.4733: 0.02653885,0.2354567,1.630234,36.38314
254.6956: 0.112066,0.4465273,1.597834,47.5728
254.9178: 0.2389711,0.6372471,1.615164,58.84713
255.14: 0.3728681,0.7837567,1.626635,71.64614
255.3622: 0.554047,0.9082671,1.621754,79.35287
255.5845: 0.7676435,0.9809949,1.647335,91.64483
255.8067: 1.008462,1.001019,1.616184,90.14138
256.0289: 1.271401,0.9920089,1.637836,76.64189
256.2511: 1.517814,1.005325,1.660529,73.79214
256.4733: 1.767209,1.059583,1.626103,67.23759
256.6956: 2.017959,1.144084,1.652325,55.02452
256.9178: 2.207614,1.237325,1.650749,36.49964
257.14: 2.397274,1.362062,1.639948,24.03751
257.3622: 2.543315,1.546036,1.670313,15.86858
257.5844: 2.614608,1.75144,1.655696,12.51653
257.8067: 2.642358,1.954462,1.66609,14.662
258.0289: 2.669923,2.128342,1.673152,14.85485
258.2511: 2.707724,2.291152,1.652852,14.23503
258.4733: 2.723465,2.457734,1.665867,3.403543
258.6956: 2.649541,2.58674,1.669629,315.898
258.9178: 2.571282,2.670733,1.661196,287.9829
259.14: 2.508223,2.745153,1.668867,269.1366
259.3622: 2.460938,2.835209,1.666368,255.4143
259.5844: 2.409528,2.933563,1.657306,245.093
259.8067: 2.337126,2.994727,1.646267,233.7476
260.0289: 2.255074,3.005471,1.64196,226.0956
260.2511: 2.167581,3.015056,1.643783,221.6883
Trial Result: Success object: Piano | Time Spent: 17.66917
Trial No.:20 Ends
Trial No.:3 Begins
User confirmed on object: Piano, this maze officially starts.
278.8178: 1.749307,3.289425,1.703249,175.1234
279.04: 1.740768,3.292745,1.709137,181.688
279.2622: 1.733818,3.289834,1.710075,187.615
279.4844: 1.726487,3.275829,1.706384,189.5706
279.7067: 1.711786,3.257066,1.699855,197.1787
279.9289: 1.663871,3.244678,1.679368,234.3824
280.1511: 1.607023,3.239879,1.664783,257.9523
280.3734: 1.491305,3.233998,1.652391,263.314
280.5956: 1.34029,3.243283,1.663984,263.4448
280.8178: 1.190734,3.229285,1.666294,264.279
281.04: 1.009381,3.197118,1.635914,263.2837
281.2622: 0.7814246,3.143633,1.655703,262.4278
281.4844: 0.5452721,3.13584,1.662471,260.9294
281.7067: 0.2836978,3.172134,1.623336,257.6343
281.9289: 0.02002141,3.21123,1.648813,252.8733
282.1511: -0.2202468,3.202176,1.649431,248.4704
282.3734: -0.4884944,3.15193,1.633879,243.9119
282.5956: -0.7436932,3.114541,1.643744,236.6402
282.8178: -0.9851974,3.061992,1.609606,226.1974
283.04: -1.232278,2.988939,1.611618,212.0855
283.2622: -1.414273,2.85731,1.627017,196.6904
283.4844: -1.553715,2.675064,1.606441,191.7855
283.7067: -1.672899,2.466226,1.631068,191.5762
283.9289: -1.791009,2.256298,1.611425,191.8773
284.1511: -1.922434,2.019405,1.604714,191.358
284.3734: -2.013943,1.771606,1.631568,190.9813
284.5956: -2.101274,1.511107,1.595345,191.701
284.8178: -2.181982,1.245801,1.616008,192.406
285.04: -2.293991,0.998269,1.610442,191.3873
285.2622: -2.42956,0.7290506,1.587708,186.8121
285.4844: -2.535488,0.4652982,1.627133,181.4006
285.7067: -2.608362,0.1959585,1.591517,178.4633
285.9289: -2.655621,-0.0989475,1.607933,184.5865
286.1511: -2.718697,-0.3742519,1.621167,184.6531
286.3734: -2.786467,-0.654185,1.585318,178.5104
286.5956: -2.834621,-0.9309106,1.623814,171.3062
286.8178: -2.841557,-1.200592,1.596437,164.8722
287.04: -2.816687,-1.48027,1.59889,161.5011
287.2622: -2.813223,-1.731292,1.616009,156.6348
287.4844: -2.811893,-1.985562,1.58127,150.2083
287.7067: -2.792086,-2.235485,1.603981,135.3567
287.9289: -2.711602,-2.436814,1.601425,119.7264
288.1511: -2.580083,-2.602571,1.586923,98.68812
288.3734: -2.459068,-2.754304,1.602232,82.26615
288.5956: -2.348093,-2.893737,1.591005,67.66165
288.8178: -2.234641,-3.022007,1.589004,50.15831
289.04: -2.123595,-3.078506,1.594635,34.40122
289.2622: -2.049524,-3.07528,1.592245,26.92793
Trial Result: Success object: Mailbox | Time Spent: 10.85061
Trial No.:3 Ends
Trial No.:8 Begins
User confirmed on object: Plant, this maze officially starts.
303.7067: -2.497776,-2.030808,1.649826,271.2212
303.9289: -2.484745,-2.028648,1.662791,273.1094
304.1511: -2.476661,-2.007526,1.663554,281.6828
304.3734: -2.469523,-1.982958,1.66121,289.3616
304.5956: -2.473608,-1.945763,1.651061,303.1784
304.8178: -2.454772,-1.90542,1.623278,351.7014
305.04: -2.472571,-1.938767,1.616481,21.28095
305.2622: -2.486855,-1.990442,1.61748,61.79236
305.4845: -2.470134,-2.093893,1.619733,94.35004
305.7067: -2.425045,-2.242285,1.614969,111.5686
305.9289: -2.425636,-2.347254,1.612033,128.5031
306.1511: -2.431553,-2.39374,1.594854,135.3835
306.3734: -2.421178,-2.510478,1.593058,131.5403
306.5956: -2.351943,-2.696925,1.566573,122.4715
306.8178: -2.230538,-2.870668,1.56034,106.2207
307.04: -2.067914,-2.950441,1.571803,87.5119
307.2622: -1.841998,-2.997267,1.572005,83.92572
307.4845: -1.592378,-3.050424,1.613647,84.56587
307.7067: -1.344783,-3.112002,1.596823,83.00003
307.9289: -1.072334,-3.191311,1.601448,78.73829
308.1511: -0.8149261,-3.216268,1.6317,76.17194
308.3734: -0.5449612,-3.207496,1.597114,75.35198
308.5956: -0.2610413,-3.191783,1.625995,77.05317
308.8178: 0.001422973,-3.20441,1.627978,79.36421
309.04: 0.2804989,-3.235323,1.611459,76.15007
309.2622: 0.5411007,-3.22378,1.645347,65.90593
309.4845: 0.7758809,-3.175767,1.619363,58.95664
309.7067: 1.001528,-3.08296,1.635679,51.93801
309.9289: 1.212666,-3.007665,1.646628,37.75447
310.1511: 1.417292,-2.925597,1.621171,20.16552
310.3734: 1.604323,-2.814947,1.646683,8.050606
310.5956: 1.720975,-2.64046,1.633492,358.9933
310.8178: 1.764672,-2.403765,1.633048,355.2519
311.04: 1.801477,-2.174784,1.650934,355.9165
311.2622: 1.839995,-1.951245,1.619069,355.4667
311.4845: 1.875268,-1.725194,1.626085,352.8171
311.7067: 1.867719,-1.539569,1.644344,352.8419
311.9289: 1.823005,-1.379546,1.619946,354.5301
312.1511: 1.75663,-1.230368,1.641298,357.0884
Trial Result: Success object: Harp | Time Spent: 8.861805
Trial No.:8 Ends
Trial No.:24 Begins
User confirmed on object: Chair, this maze officially starts.
324.1289: 0.8561789,-3.212093,1.67789,351.2707
324.3511: 0.8484294,-3.207007,1.685272,358.0835
324.5733: 0.8475986,-3.196158,1.682488,1.369412
324.7956: 0.8299361,-3.176427,1.679155,354.6429
325.0178: 0.7858278,-3.169773,1.663072,321.0903
325.24: 0.7662234,-3.179776,1.650008,299.7272
325.4622: 0.764318,-3.177543,1.649413,294.8834
325.6844: 0.7771301,-3.145053,1.651574,311.1534
325.9067: 0.9104005,-3.088471,1.641635,16.22746
326.1289: 1.089485,-3.061944,1.622446,32.56317
326.3511: 1.291625,-3.011607,1.638621,29.12701
326.5733: 1.422519,-2.906925,1.645819,16.61104
326.7956: 1.525103,-2.73981,1.61665,8.943795
327.0178: 1.632015,-2.520711,1.638273,9.390308
327.24: 1.75083,-2.317276,1.640645,11.69632
327.4622: 1.867251,-2.091905,1.62139,13.95159
327.6844: 1.962651,-1.865222,1.655247,15.24498
327.9067: 2.034755,-1.623167,1.630485,17.67965
328.1289: 2.094708,-1.347767,1.644884,20.71581
328.3511: 2.187055,-1.10519,1.669166,22.21502
328.5733: 2.316559,-0.8753004,1.632196,23.01846
328.7956: 2.448779,-0.6402112,1.656229,22.99635
329.0178: 2.528435,-0.413738,1.652625,22.91231
329.24: 2.559649,-0.1727068,1.639488,26.04452
329.4622: 2.598853,0.0456834,1.65808,30.7731
329.6844: 2.650867,0.2340355,1.635069,32.44513
329.9067: 2.714746,0.4101686,1.639697,34.89257
Trial Result: Success object: Trashcan | Time Spent: 6.142464
Trial No.:24 Ends
Trial No.:14 Begins
User confirmed on object: Telescope, this maze officially starts.
348.8622: -2.892493,0.06189064,1.663708,95.24339
349.0844: -2.89372,0.05018868,1.66644,95.20416
349.3067: -2.890526,0.04127878,1.666265,94.69797
349.5289: -2.879943,0.03632639,1.665476,93.00141
349.7511: -2.874457,0.03382601,1.664541,91.83063
349.9733: -2.87154,0.03078442,1.663495,90.55087
350.1956: -2.86714,0.02672226,1.663123,91.0536
350.4178: -2.85853,0.02629049,1.662409,91.03182
350.64: -2.826666,-0.004525984,1.650982,107.3873
350.8622: -2.801412,-0.1236826,1.621671,126.9527
351.0844: -2.781754,-0.3114111,1.605246,128.4826
351.3067: -2.733099,-0.4762763,1.615676,115.8289
351.5289: -2.631905,-0.6043126,1.602208,106.6926
351.7511: -2.460482,-0.7190921,1.58207,105.2743
351.9733: -2.279533,-0.831149,1.610611,105.3165
352.1956: -2.113146,-0.923903,1.609087,103.66
352.4178: -1.919671,-1.016417,1.598736,103.7388
352.64: -1.711024,-1.070646,1.622061,106.0328
352.8622: -1.493145,-1.085622,1.599969,118.3786
353.0844: -1.274092,-1.077904,1.606797,154.2383
353.3067: -1.077103,-1.071138,1.628014,171.4885
353.5289: -0.8566779,-1.075317,1.604401,164.6609
353.7511: -0.5774823,-1.029077,1.622014,97.72843
353.9733: -0.3747927,-0.9796469,1.638679,78.86034
354.1956: -0.1551565,-0.9375536,1.620913,80.33489
354.4178: 0.07154351,-0.8976933,1.648081,85.2889
354.64: 0.2844217,-0.8746713,1.65794,78.89568
354.8622: 0.4009511,-0.813272,1.625528,18.09534
355.0844: 0.4112192,-0.7875381,1.638169,332.6628
355.3067: 0.3695453,-0.7336939,1.636501,319.1709
355.5289: 0.2319095,-0.6357991,1.6362,316.8124
355.7511: 0.1265399,-0.5372969,1.63135,314.7969
355.9733: 0.09019692,-0.4209784,1.626236,307.7504
Trial Result: Success object: Wheelbarrow | Time Spent: 7.418905
Trial No.:14 Ends
Trial No.:11 Begins
User confirmed on object: Trashcan, this maze officially starts.
372.4733: 2.467098,1.02037,1.713001,91.42036
372.6956: 2.464238,1.022367,1.715021,92.09701
372.9178: 2.467601,1.016754,1.712826,94.22981
373.14: 2.475471,1.003377,1.70958,94.8698
373.3622: 2.476954,0.9907727,1.707465,94.02789
373.5844: 2.479068,0.9748108,1.706345,91.9684
373.8067: 2.489246,0.9453932,1.701595,96.59552
374.0289: 2.493833,0.8900164,1.68892,135.9559
374.2511: 2.460461,0.8958306,1.671631,201.1873
374.4733: 2.489374,0.9461466,1.672686,230.5349
374.6956: 2.492151,0.9842129,1.671157,253.1575
374.9178: 2.422328,1.007913,1.661867,267.3583
375.14: 2.259011,1.028139,1.656448,271.2659
375.3622: 2.075475,1.040438,1.670866,268.8288
375.5844: 1.891402,1.028867,1.660176,268.6656
375.8067: 1.65948,0.9981894,1.647833,267.5805
376.0289: 1.42228,0.9856224,1.670274,267.1867
376.2511: 1.179536,1.000219,1.641491,258.0269
376.4733: 0.9195423,1.035644,1.637548,244.0733
376.6956: 0.6838737,1.041839,1.661721,239.6602
376.9178: 0.4361275,1.047598,1.626011,252.6478
377.14: 0.1819898,1.039088,1.641187,262.1016
377.3622: -0.0628663,1.055552,1.646036,265.1561
377.5844: -0.3218881,1.0944,1.618433,265.7131
377.8067: -0.5748396,1.123669,1.650199,264.6569
378.0289: -0.8197389,1.125831,1.629143,268.9812
378.2511: -1.07543,1.091497,1.620786,267.7725
378.4733: -1.317621,1.075816,1.644212,257.1865
378.6956: -1.559378,1.071291,1.610062,242.1059
378.9178: -1.808847,1.083164,1.618615,226.0193
379.14: -2.020488,1.039575,1.6376,215.2673
379.3622: -2.205827,0.9401734,1.606266,205.1326
379.5844: -2.353096,0.8165572,1.613453,180.1393
379.8067: -2.501706,0.7167498,1.610532,164.7702
380.0289: -2.647048,0.6028994,1.590907,153.7245
380.2511: -2.730947,0.4803272,1.598833,140.6173
380.4733: -2.74347,0.3798853,1.591345,124.5553
380.6956: -2.725455,0.2915629,1.590526,118.5898
380.9178: -2.721754,0.1922436,1.598863,109.84
381.14: -2.728159,0.09202898,1.599439,98.69378
Trial Result: Success object: Telescope | Time Spent: 8.973793
Trial No.:11 Ends
Trial No.:12 Begins
User confirmed on object: Trashcan, this maze officially starts.
396.7511: 2.587217,1.019019,1.709085,92.30456
396.9733: 2.57954,1.020992,1.716469,91.30959
397.1956: 2.56654,0.9975489,1.718964,105.4916
397.4178: 2.555244,0.9787633,1.71874,114.4106
397.64: 2.554647,0.9591435,1.714686,121.427
397.8622: 2.535182,0.9173901,1.692203,157.1568
398.0844: 2.480092,0.9482613,1.674472,218.4824
398.3067: 2.49192,1.031324,1.661745,261.792
398.5289: 2.459399,1.065885,1.659892,278.0735
398.7511: 2.341518,1.073885,1.648678,280.2616
398.9733: 2.151283,1.088289,1.661326,278.9289
399.1956: 1.952317,1.074095,1.666929,278.55
399.4178: 1.720093,1.032866,1.632244,279.7098
399.64: 1.472285,0.9889504,1.65999,282.5788
399.8622: 1.238226,0.9891648,1.655681,284.4779
400.0844: 0.9941568,1.02816,1.631699,286.7181
400.3067: 0.7654471,1.054958,1.655973,289.6566
400.5289: 0.5245962,1.056882,1.6286,288.8679
400.7511: 0.2565434,1.034728,1.63151,286.7041
400.9733: 0.001231011,1.035597,1.64689,284.8198
401.1956: -0.2544548,1.049565,1.610326,284.5961
401.4178: -0.5068695,1.069448,1.629508,285.8217
401.64: -0.7365859,1.063325,1.623784,295.0372
401.8622: -0.9695521,1.039829,1.605828,305.2834
402.0844: -1.190755,1.060991,1.623914,324.0692
402.3067: -1.374474,1.147049,1.598726,344.1174
402.5289: -1.50774,1.277469,1.600659,1.149256
402.7511: -1.629391,1.373967,1.615088,15.29159
402.9733: -1.746637,1.470439,1.598929,30.80473
403.1956: -1.855723,1.573546,1.609561,44.33504
Trial Result: Success object: Table | Time Spent: 6.873821
Trial No.:12 Ends
Trial No.:13 Begins
User confirmed on object: Telescope, this maze officially starts.
419.9067: -2.985791,-0.0648196,1.653985,87.79823
420.1289: -2.982033,-0.07068758,1.658102,91.31468
420.3511: -2.975878,-0.08336879,1.658547,96.98196
420.5733: -2.968272,-0.09011608,1.657743,99.46503
420.7956: -2.956742,-0.09652787,1.655133,102.1954
421.0178: -2.924939,-0.124285,1.626138,112.9738
421.24: -2.869471,-0.2079308,1.60801,119.1659
421.4622: -2.795268,-0.3783932,1.588336,120.0321
421.6844: -2.700088,-0.5762777,1.609087,113.4324
421.9067: -2.564333,-0.7004339,1.616185,102.9914
422.1289: -2.383025,-0.7822067,1.589711,99.20628
422.3511: -2.150718,-0.8446802,1.619621,97.14599
422.5733: -1.9308,-0.9169567,1.619683,90.79707
422.7956: -1.683005,-1.003063,1.605482,86.1114
423.0178: -1.44408,-1.043992,1.639688,82.33217
423.24: -1.20187,-1.043781,1.616707,82.83794
423.4622: -0.9466007,-1.004931,1.631703,86.36732
423.6844: -0.7049578,-0.999967,1.652387,89.31611
423.9067: -0.4571026,-1.020511,1.621511,88.33483
424.1289: -0.2073569,-1.048048,1.641038,83.8263
424.3511: 0.02032037,-1.043281,1.647787,84.04473
424.5733: 0.2603703,-1.027326,1.628832,97.07771
424.7956: 0.4990113,-1.015566,1.653452,107.6985
425.0178: 0.7266482,-1.034259,1.635852,112.3827
425.24: 0.9524385,-1.095445,1.633564,113.5845
425.4622: 1.155993,-1.146773,1.650934,118.3148
425.6844: 1.345638,-1.206186,1.631336,124.3704
425.9067: 1.53265,-1.275054,1.634754,128.2131
426.1289: 1.66961,-1.381495,1.648522,129.3077
426.3511: 1.743222,-1.526462,1.629199,125.0243
426.5733: 1.777226,-1.701543,1.627047,113.3291
426.7956: 1.798613,-1.81848,1.640168,104.8724
Trial Result: Success object: Well | Time Spent: 7.218182
Trial No.:13 Ends
Trial No.:5 Begins
User confirmed on object: Table, this maze officially starts.
442.3845: -2.152156,2.028441,1.666029,91.155
442.6067: -2.15538,2.023079,1.669006,94.41615
442.8289: -2.154826,2.019615,1.669443,96.53784
443.0511: -2.146843,2.01834,1.66788,97.42928
443.2733: -2.123373,2.006878,1.655076,105.3083
443.4956: -2.08464,1.936394,1.636596,119.4204
443.7178: -2.031931,1.774715,1.601287,122.7482
443.94: -1.969546,1.541648,1.616865,115.2514
444.1622: -1.863961,1.384556,1.626489,108.9688
444.3845: -1.692513,1.281677,1.594833,104.9973
444.6067: -1.463657,1.1955,1.62572,101.0305
444.8289: -1.259173,1.1057,1.638041,99.61963
445.0511: -1.037884,1.021503,1.61563,99.06136
445.2733: -0.815104,0.9731823,1.646883,97.41917
445.4956: -0.5958552,0.9721354,1.633119,96.41019
445.7178: -0.3596341,1.012648,1.635464,96.77657
445.94: -0.1252884,1.03945,1.654055,98.73756
446.1622: 0.1062134,1.039808,1.625598,99.90824
446.3845: 0.3474175,1.01671,1.638149,100.7589
446.6067: 0.567571,1.018997,1.647832,104.7819
446.8289: 0.7802402,1.046355,1.620457,112.107
447.0511: 0.9849894,1.065763,1.638572,121.528
447.2733: 1.150672,1.044907,1.633973,128.7014
447.4956: 1.284625,0.9971974,1.633753,133.808
Trial Result: Success object: Bookshelf | Time Spent: 5.363636
Trial No.:5 Ends
Trial No.:4 Begins
User confirmed on object: Piano, this maze officially starts.
466.5956: 1.654744,3.304732,1.709239,179.5225
466.8178: 1.651055,3.302474,1.71002,183.0386
467.04: 1.64344,3.294892,1.709135,188.1154
467.2622: 1.647463,3.276501,1.701729,185.8935
467.4845: 1.677444,3.245347,1.68228,166.9384
467.7067: 1.722611,3.220691,1.665695,157.3698
467.9289: 1.835875,3.202442,1.652464,151.5242
468.1511: 1.969571,3.182251,1.659807,151.6593
468.3734: 2.089083,3.137783,1.659294,153.4619
468.5956: 2.213665,3.039243,1.636482,157.2294
468.8178: 2.340144,2.873836,1.645166,161.6957
469.04: 2.460548,2.724693,1.666512,169.5467
469.2622: 2.573058,2.556199,1.649704,179.4033
469.4845: 2.69644,2.357051,1.67076,184.9725
469.7067: 2.769251,2.137823,1.683198,190.5163
469.9289: 2.778543,1.893977,1.643943,192.677
470.1511: 2.759095,1.635397,1.66914,193.0379
470.3734: 2.76718,1.384227,1.672373,192.267
470.5956: 2.791689,1.112847,1.650017,192.304
470.8178: 2.790798,0.8513565,1.680473,193.8078
471.04: 2.755402,0.6054226,1.655872,194.4496
471.2622: 2.690768,0.3527468,1.65797,193.9909
471.4845: 2.643816,0.1099375,1.675033,195.2184
471.7067: 2.61638,-0.13909,1.640742,198.1286
471.9289: 2.598049,-0.3905249,1.660078,197.7409
472.1511: 2.526795,-0.5978553,1.661588,196.2168
472.3734: 2.394901,-0.7768906,1.635025,192.3798
472.5956: 2.205891,-0.893605,1.645419,246.2323
472.8178: 2.09835,-0.9692689,1.640663,291.2978
473.04: 2.000302,-1.079101,1.63894,309.6754
473.2622: 1.906942,-1.125357,1.638661,333.0735
473.4845: 1.859692,-1.113884,1.627413,349.0032
473.7067: 1.836187,-1.085922,1.629583,355.3009
Trial Result: Success object: Harp | Time Spent: 7.417841
Trial No.:4 Ends
Trial No.:18 Begins
User confirmed on object: Harp, this maze officially starts.
492.0289: 1.784008,-1.257384,1.696273,357.0116
492.2511: 1.787479,-1.254379,1.696773,358.4027
492.4734: 1.786919,-1.242617,1.696233,358.0556
492.6956: 1.7737,-1.225994,1.694064,353.0195
492.9178: 1.706166,-1.235504,1.669776,309.544
493.14: 1.705288,-1.284691,1.650347,259.626
493.3622: 1.730311,-1.293996,1.648697,248.1146
493.5844: 1.715239,-1.306011,1.65602,263.4895
493.8067: 1.667308,-1.303742,1.650434,279.9778
494.0289: 1.565717,-1.260627,1.632513,289.8196
494.2511: 1.396697,-1.17531,1.630401,292.356
494.4734: 1.190566,-1.0959,1.652421,288.1627
494.6956: 0.9539618,-1.066185,1.633507,277.0837
494.9178: 0.687983,-1.070465,1.632452,269.3067
495.14: 0.4442425,-1.063213,1.654774,260.4795
495.3622: 0.2093647,-1.025101,1.620766,257.6823
495.5844: -0.04031721,-0.9597616,1.635116,258.244
495.8067: -0.2890948,-0.9279825,1.648029,260.46
496.0289: -0.559244,-0.9292616,1.616158,260.1262
496.2511: -0.8312297,-0.9317353,1.641981,260.7285
496.4734: -1.07958,-0.9197792,1.627469,260.3137
496.6956: -1.332043,-0.9054131,1.616864,251.8205
496.9178: -1.56359,-0.9197625,1.637653,244.4892
497.14: -1.781982,-0.9635352,1.606794,238.2173
497.3622: -1.997852,-1.044013,1.611621,231.1842
497.5844: -2.1907,-1.122387,1.612623,204.9387
497.8067: -2.378136,-1.187208,1.58572,180.8841
498.0289: -2.561331,-1.256057,1.5968,164.4712
498.2511: -2.689992,-1.343349,1.608408,159.3095
498.4734: -2.749534,-1.431854,1.603896,158.3903
498.6956: -2.76552,-1.48718,1.610688,140.6814
498.9178: -2.755564,-1.423652,1.603636,72.51313
499.14: -2.81002,-1.349156,1.600692,34.20328
499.3622: -2.823891,-1.278748,1.605296,25.47639
499.5844: -2.807554,-1.148484,1.605581,25.18992
499.8067: -2.788789,-1.007586,1.602377,30.04207
500.0289: -2.760583,-0.8804435,1.603897,32.50064
500.2511: -2.711088,-0.7476587,1.597059,32.67944
500.4734: -2.664743,-0.6051075,1.60875,34.00179
Trial Result: Success object: Telescope | Time Spent: 8.673767
Trial No.:18 Ends
Trial No.:7 Begins
User confirmed on object: Plant, this maze officially starts.
517.04: -2.537894,-2.04705,1.654714,273.2529
517.2622: -2.540168,-2.047339,1.662858,275.8188
517.4844: -2.547293,-2.039968,1.661196,280.4942
517.7067: -2.559448,-2.037313,1.659614,284.0439
517.9289: -2.574239,-2.039523,1.659424,286.4222
518.1511: -2.585183,-2.045116,1.658264,288.0105
518.3734: -2.599221,-2.057475,1.657709,288.2399
518.5956: -2.611497,-2.074566,1.656852,288.1951
518.8178: -2.620936,-2.095597,1.656814,288.9321
519.04: -2.630889,-2.109777,1.654761,289.6689
519.2622: -2.643345,-2.092506,1.651963,293.5086
519.4844: -2.6585,-2.002117,1.636215,313.7314
519.7067: -2.638658,-1.883518,1.621617,345.9648
519.9289: -2.627334,-1.809849,1.619847,359.2877
520.1511: -2.633479,-1.779953,1.617193,8.776298
520.3734: -2.685852,-1.765342,1.619352,14.77452
520.5956: -2.752147,-1.751805,1.623266,17.922
520.8178: -2.800422,-1.734943,1.624102,20.03948
521.04: -2.822147,-1.725055,1.623264,23.14579
521.2622: -2.819927,-1.724469,1.623566,24.33228
521.4844: -2.813178,-1.718042,1.622962,24.58587
521.7067: -2.796733,-1.711608,1.621611,30.95359
521.9289: -2.764742,-1.715046,1.618914,47.82465
522.1511: -2.74148,-1.736446,1.620044,66.06866
522.3734: -2.747422,-1.785165,1.619635,87.57848
522.5956: -2.78046,-1.847112,1.612353,118.1023
522.8178: -2.814214,-1.922056,1.613021,133.0376
523.04: -2.827796,-2.047482,1.605806,134.1131
523.2622: -2.813234,-2.186123,1.596594,125.3962
523.4844: -2.790531,-2.254713,1.576544,117.4767
523.7067: -2.772505,-2.269228,1.559057,114.7286
523.9289: -2.755829,-2.163707,1.561845,78.36147
524.1511: -2.81068,-1.974325,1.57893,22.86876
524.3734: -2.826693,-1.817384,1.591419,10.86961
524.5956: -2.794521,-1.654369,1.587242,13.20505
524.8178: -2.727004,-1.490321,1.59469,12.27141
525.04: -2.685651,-1.320963,1.61681,11.69861
525.2622: -2.680883,-1.147583,1.602366,13.67063
525.4844: -2.690733,-0.9841134,1.604105,28.61641
525.7067: -2.637874,-0.9081768,1.606815,76.41199
525.9289: -2.544074,-0.8821889,1.601726,90.17781
526.1511: -2.349832,-0.9220501,1.598652,93.45751
526.3734: -2.143509,-0.9648719,1.624933,95.71574
526.5956: -1.933599,-0.9639054,1.612617,96.2861
526.8178: -1.693748,-0.9291753,1.607666,93.34641
527.04: -1.455912,-0.9195629,1.633356,94.11588
527.2622: -1.228438,-0.9428132,1.609111,91.71216
527.4844: -0.9864129,-0.9802725,1.611907,79.88388
527.7067: -0.7610887,-0.9417306,1.626305,52.82436
527.9289: -0.5561835,-0.8609235,1.594478,38.79763
528.1511: -0.3688431,-0.730974,1.620053,33.49998
528.3734: -0.2208346,-0.5906494,1.62653,25.67082
528.5956: -0.08406016,-0.4204543,1.612982,21.29198
528.8178: 0.00734354,-0.2226812,1.634036,18.78434
529.04: 0.03527414,-0.0004736213,1.608613,21.35138
529.2622: 0.0188804,0.2337227,1.61407,34.87585
529.4844: 0.0458172,0.4283626,1.630564,58.91921
529.7067: 0.116108,0.5899416,1.604684,78.46983
529.9289: 0.2109689,0.7295207,1.622156,91.08986
530.1511: 0.303605,0.8563567,1.635378,98.32456
530.3734: 0.4183854,0.9710845,1.629536,103.2742
530.5956: 0.5449329,1.078447,1.647883,95.51405
530.8178: 0.6877838,1.136896,1.650622,91.02858
531.04: 0.8768774,1.148871,1.62501,89.30902
531.2622: 1.096542,1.119798,1.649202,86.52579
531.4844: 1.296664,1.112485,1.662838,88.63713
531.7067: 1.510912,1.121594,1.633021,91.04829
531.9289: 1.735492,1.143242,1.654392,92.99289
532.1511: 1.923555,1.132753,1.662929,93.67853
532.3734: 2.106479,1.092573,1.625874,93.15603
532.5956: 2.307387,1.022813,1.63738,91.37231
532.8178: 2.469814,0.9879072,1.661392,87.5149
533.04: 2.559695,0.976182,1.667029,86.53928
Trial Result: Success object: Trashcan | Time Spent: 16.30373
Trial No.:7 Ends
Trial No.:1 Begins
User confirmed on object: Stove, this maze officially starts.
555.5178: -2.500937,3.044509,1.662405,266.6393
555.74: -2.498097,3.051339,1.662258,272.4549
555.9622: -2.501669,3.057389,1.662136,276.8875
556.1844: -2.505591,3.057934,1.661346,279.3055
556.4067: -2.507735,3.027464,1.655257,266.618
556.6289: -2.481644,2.950878,1.628842,202.7814
556.8511: -2.442423,2.964697,1.608483,158.0083
557.0734: -2.407496,2.965245,1.603709,143.6386
557.2956: -2.333174,2.906908,1.592577,147.6089
557.5178: -2.206704,2.797351,1.608756,154.1469
557.74: -2.111866,2.647285,1.613021,160.199
557.9622: -2.075786,2.44354,1.584589,164.6332
558.1844: -2.055716,2.220911,1.612352,161.2967
558.4067: -1.987842,2.026249,1.616735,147.4848
558.6289: -1.883922,1.817474,1.587537,139.1648
558.8511: -1.767125,1.610736,1.608522,132.1912
559.0734: -1.654447,1.429249,1.602869,122.0511
559.2956: -1.529114,1.261823,1.604965,114.2455
559.5178: -1.365346,1.140987,1.633277,108.6825
559.74: -1.157501,1.079986,1.609097,107.1822
559.9622: -0.914643,1.058262,1.626915,113.3355
560.1844: -0.7113538,1.003722,1.634566,129.4164
560.4067: -0.5307928,0.911891,1.604055,144.7936
560.6289: -0.3652261,0.7914212,1.622297,156.4677
560.8511: -0.2314714,0.6780137,1.627302,166.6483
561.0734: -0.107785,0.5364989,1.620625,172.632
561.2956: -0.02816139,0.3752886,1.634105,187.0807
561.5178: -0.0196985,0.2041868,1.613508,202.4014
561.74: -0.05902918,0.02382231,1.603579,211.3492
561.9622: -0.03395779,-0.180392,1.630689,172.1873
562.1844: 0.0009262897,-0.3458869,1.617449,142.5802
562.4067: 0.05874489,-0.5047311,1.619363,122.4516
562.6289: 0.09791972,-0.6462761,1.630325,104.8273
562.8511: 0.1066042,-0.7808841,1.622944,90.21226
563.0734: 0.148463,-0.9018857,1.632508,83.95876
563.2956: 0.2767001,-0.9694877,1.619998,81.54502
563.5178: 0.4735295,-1.008548,1.636507,100.0385
563.74: 0.6607088,-1.041725,1.652652,107.905
563.9622: 0.8582168,-1.094581,1.626787,111.9963
564.1844: 1.067992,-1.168415,1.633089,116.4039
564.4067: 1.258001,-1.226454,1.652588,120.7566
564.6289: 1.424763,-1.294097,1.632047,126.7944
564.8511: 1.581301,-1.364818,1.640078,129.2134
565.0734: 1.686773,-1.473838,1.643189,126.7741
565.2956: 1.748608,-1.630415,1.620079,117.9652
565.5178: 1.786864,-1.79341,1.63911,106.9575
Trial Result: Success object: Well | Time Spent: 10.42834
Trial No.:1 Ends
Trial No.:23 Begins
User confirmed on object: Chair, this maze officially starts.
580.1956: 0.7710768,-3.318858,1.669745,3.388447
580.4178: 0.780226,-3.327762,1.671765,9.723752
580.64: 0.7970606,-3.326832,1.67347,14.58657
580.8622: 0.8148651,-3.322491,1.672119,18.92941
581.0845: 0.8281465,-3.315406,1.671517,21.75829
581.3067: 0.8364937,-3.306364,1.671815,24.01593
581.5289: 0.8392081,-3.303044,1.672475,24.84515
581.7511: 0.8366501,-3.301043,1.672453,25.11472
581.9733: 0.828289,-3.290341,1.673051,22.39276
582.1956: 0.8444705,-3.258245,1.656785,28.57541
582.4178: 0.9341336,-3.204866,1.63304,38.41385
582.64: 1.10637,-3.149121,1.620119,38.99519
582.8622: 1.290724,-3.081001,1.635002,34.26182
583.0845: 1.423462,-2.973778,1.629436,28.19636
583.3067: 1.527169,-2.795167,1.610118,21.80822
583.5289: 1.628196,-2.590293,1.63763,19.1208
583.7511: 1.734569,-2.387778,1.627328,15.87709
583.9733: 1.857955,-2.172163,1.620521,15.04487
584.1956: 1.943221,-1.952535,1.647908,14.10372
584.4178: 2.001094,-1.720374,1.622129,15.16774
584.64: 2.05333,-1.473164,1.642843,17.99571
584.8622: 2.146353,-1.249182,1.658224,19.95048
585.0845: 2.286893,-1.042643,1.628395,19.96084
585.3067: 2.43533,-0.8303744,1.659839,17.86996
585.5289: 2.52603,-0.5971835,1.652164,11.18618
585.7511: 2.567821,-0.3347199,1.65372,6.288781
585.9733: 2.611767,-0.08969164,1.678336,6.085773
586.1956: 2.665017,0.1536476,1.645899,5.147797
586.4178: 2.728978,0.4038272,1.666518,3.642051
586.64: 2.747339,0.6381714,1.677008,4.490876
586.8622: 2.731374,0.8888764,1.652112,4.024641
587.0845: 2.716703,1.141932,1.677601,4.78793
587.3067: 2.732639,1.385969,1.660611,359.6253
587.5289: 2.771593,1.639294,1.65034,345.5728
587.7511: 2.7786,1.874581,1.668912,331.7212
587.9733: 2.757632,2.094687,1.639096,324.3842
588.1956: 2.691848,2.31354,1.655809,316.0988
588.4178: 2.633027,2.504442,1.658623,302.6411
588.64: 2.564705,2.684993,1.636077,282.3415
588.8622: 2.475914,2.838833,1.652696,262.1729
589.0845: 2.36926,2.917373,1.64294,242.993
589.3067: 2.252055,2.938086,1.638228,231.9501
589.5289: 2.141282,2.963457,1.641844,220.0423
Trial Result: Success object: Piano | Time Spent: 9.661638
Trial No.:23 Ends
Trial No.:19 Begins
User confirmed on object: Well, this maze officially starts.
606.8289: 1.679202,-2.064188,1.692532,85.64744
607.0511: 1.682927,-2.075483,1.694404,92.56664
607.2734: 1.689996,-2.08798,1.694806,99.55604
607.4955: 1.695644,-2.093322,1.691607,102.7769
607.7178: 1.70594,-2.102341,1.687018,108.9398
607.94: 1.746196,-2.071313,1.668948,91.11757
608.1622: 1.707274,-1.915557,1.627282,15.36988
608.3845: 1.646154,-1.77868,1.609773,340.9363
608.6067: 1.594342,-1.642276,1.60912,318.46
608.8289: 1.565741,-1.520848,1.616705,304.1626
609.0511: 1.536095,-1.362092,1.612856,298.7882
609.2734: 1.457522,-1.221014,1.637644,293.2149
609.4955: 1.306339,-1.140369,1.629212,291.1396
609.7178: 1.093767,-1.115932,1.635117,294.9602
609.94: 0.8947558,-1.082171,1.648337,299.0901
610.1622: 0.7000303,-1.009259,1.615116,306.1437
610.3845: 0.5149391,-0.8869971,1.624012,317.1156
610.6067: 0.3715642,-0.7722875,1.630808,329.9981
610.8289: 0.2428421,-0.6206732,1.615366,338.7833
611.0511: 0.1353737,-0.4410493,1.626938,343.7087
611.2734: 0.09346186,-0.2282227,1.61022,341.5886
611.4955: 0.1048957,0.02004926,1.609565,335.4771
611.7178: 0.0680876,0.2475151,1.637012,317.9523
611.94: -0.02437494,0.4402639,1.609841,305.6564
612.1622: -0.1744989,0.6251622,1.622946,301.2807
612.3845: -0.3099421,0.7750633,1.631615,293.21
612.6067: -0.461536,0.9153898,1.610552,290.4626
612.8289: -0.6380514,1.032774,1.627711,289.95
613.0511: -0.8404309,1.077908,1.613477,293.0934
613.2734: -1.070652,1.077171,1.603662,305.9646
613.4955: -1.270537,1.105876,1.61689,330.9267
613.7178: -1.425433,1.188173,1.593439,353.1212
613.94: -1.55701,1.30608,1.602762,7.213701
614.1622: -1.680093,1.402127,1.610206,19.92245
Trial Result: Success object: Table | Time Spent: 7.762791
Trial No.:19 Ends
Trial No.:9 Begins
User confirmed on object: Bookshelf, this maze officially starts.
630.0956: 1.736981,1.301433,1.708103,183.6935
630.3178: 1.725066,1.295188,1.708899,193.7122
630.54: 1.711646,1.286989,1.707081,200.8582
630.7622: 1.699525,1.277249,1.704829,205.4832
630.9844: 1.688723,1.26795,1.703345,207.5648
631.2067: 1.651321,1.262847,1.687743,224.3801
631.4289: 1.6118,1.260874,1.6522,259.5543
631.6511: 1.500444,1.248607,1.630872,274.3773
631.8734: 1.306127,1.251757,1.633801,278.3512
632.0956: 1.128069,1.229096,1.646864,278.6644
632.3178: 0.9300352,1.175832,1.60947,283.2846
632.54: 0.7125915,1.129759,1.629864,295.1255
632.7622: 0.5255917,1.162755,1.62524,312.701
632.9844: 0.3547913,1.268361,1.613544,319.7541
633.2067: 0.21436,1.397446,1.623916,330.2554
633.4289: 0.1005362,1.571095,1.602443,336.6588
633.6511: 0.001987299,1.781394,1.617694,339.2837
633.8734: -0.05594821,2.007574,1.624632,333.6884
634.0956: -0.08050101,2.261114,1.599515,324.9078
634.3178: -0.1406546,2.50983,1.635775,304.1115
634.54: -0.275277,2.693414,1.618102,288.8697
634.7622: -0.4839221,2.83396,1.629774,279.9871
634.9844: -0.682962,2.950204,1.639806,272.3181
635.2067: -0.9135255,3.068142,1.610554,268.4665
635.4289: -1.163012,3.148925,1.639045,265.1594
635.6511: -1.410869,3.169179,1.619618,260.8837
635.8734: -1.6682,3.144227,1.612084,263.4759
636.0956: -1.894342,3.140415,1.623678,264.2652
636.3178: -2.103301,3.151754,1.592752,262.7498
636.54: -2.298862,3.141773,1.613319,259.7644
636.7622: -2.442564,3.093101,1.616616,257.8779
Trial Result: Success object: Stove | Time Spent: 6.952383
Trial No.:9 Ends
Trial No.:22 Begins
User confirmed on object: Mailbox, this maze officially starts.
652.7734: -1.740783,-3.276132,1.659283,359.334
652.9955: -1.730992,-3.276875,1.660489,2.731706
653.2178: -1.722982,-3.266723,1.661978,2.529374
653.44: -1.719693,-3.246694,1.65826,3.362652
653.6622: -1.69925,-3.213041,1.646371,12.29272
653.8845: -1.603471,-3.165683,1.616275,28.85701
654.1067: -1.431462,-3.107231,1.592886,32.4104
654.3289: -1.237144,-3.022807,1.618884,30.94694
654.5511: -1.113125,-2.892384,1.613223,26.19183
654.7734: -1.036694,-2.692099,1.58914,23.15423
654.9955: -0.9786332,-2.460973,1.617434,21.9296
655.2178: -0.925135,-2.246701,1.615489,21.56549
655.44: -0.8559774,-2.012852,1.600358,24.02127
655.6622: -0.8037466,-1.792213,1.624667,31.0701
655.8845: -0.7580138,-1.584162,1.608745,43.8781
656.1067: -0.7011547,-1.377755,1.617532,59.44821
656.3289: -0.5941361,-1.187253,1.623478,62.70724
656.5511: -0.4445529,-1.009238,1.595238,47.96157
656.7734: -0.2885891,-0.8348264,1.61803,28.60621
656.9955: -0.1826829,-0.6326833,1.619711,21.32199
657.2178: -0.1350244,-0.3865469,1.608138,22.45258
657.44: -0.09529693,-0.151947,1.633264,24.39057
657.6622: -0.04196635,0.06548356,1.608783,25.83193
657.8845: -0.06215107,0.2833039,1.598637,329.1641
658.1067: -0.08951058,0.394583,1.616879,276.0971
658.3289: -0.09619805,0.5327548,1.609169,268.3369
658.5511: -0.1274321,0.6589775,1.612562,270.3159
658.7734: -0.09525655,0.8522233,1.62346,333.8159
658.9955: 0.08007103,0.8913311,1.627312,74.04366
659.2178: 0.1918289,0.8925899,1.624893,101.8627
659.44: 0.3419591,0.9113684,1.624761,107.5356
659.6622: 0.4995482,0.9410406,1.63249,108.3276
659.8845: 0.6704665,0.9952145,1.619005,112.907
660.1067: 0.8478363,1.041231,1.638681,118.1685
660.3289: 1.003298,1.031942,1.638643,122.1895
Trial Result: Success object: Bookshelf | Time Spent: 7.918802
Trial No.:22 Ends
