Participant ID: 414
Maze Mode: testing
Trial No.:11 Begins
User confirmed on object: Trashcan, this maze officially starts.
156.5956: 2.607885,1.031036,1.77669,87.53783
156.8178: 2.603976,1.032815,1.782411,86.08041
157.04: 2.582481,1.022399,1.800722,89.88309
157.2622: 2.562307,1.003688,1.797598,100.3233
157.4845: 2.55112,1.001913,1.79243,100.0871
157.7067: 2.559285,1.01204,1.778154,93.7225
157.9289: 2.573154,1.018113,1.754358,89.88477
158.1511: 2.591433,1.026196,1.728204,89.67932
158.3733: 2.599083,1.032999,1.773143,85.46698
158.5956: 2.563462,1.038821,1.798257,83.84892
158.8178: 2.545556,1.030125,1.793678,92.53397
159.04: 2.535258,1.024869,1.792361,95.40266
159.2622: 2.535356,1.022926,1.793261,94.81898
159.4845: 2.551403,1.022673,1.796707,93.03954
159.7067: 2.570384,1.012907,1.795485,92.16929
159.9289: 2.585325,0.9897574,1.795531,93.86793
160.1511: 2.603802,0.975174,1.784844,89.50232
160.3733: 2.623221,0.9651979,1.747046,86.60194
160.5956: 2.637853,0.9578098,1.739311,86.34536
160.8178: 2.648658,0.9580626,1.741837,84.67061
161.04: 2.651012,0.9908081,1.739757,67.98204
161.2622: 2.628621,1.068383,1.686574,38.82402
161.4845: 2.59506,1.144026,1.675282,16.18329
161.7067: 2.574071,1.176029,1.688079,353.388
161.9289: 2.585229,1.164468,1.694534,323.212
162.1511: 2.601988,1.119366,1.718839,297.3881
162.3733: 2.587749,1.091278,1.731236,284.6877
162.5956: 2.553077,1.08298,1.738562,281.1074
162.8178: 2.456955,1.059837,1.738773,270.4938
163.04: 2.313884,1.01462,1.731619,266.5126
163.2622: 2.148752,0.9970124,1.722644,270.6595
163.4845: 1.931608,1.01396,1.722824,270.2135
163.7067: 1.667858,1.026066,1.751529,269.6991
163.9289: 1.396493,0.9950091,1.72169,268.6215
164.1511: 1.103692,0.9708819,1.743067,267.9361
164.3733: 0.8311685,0.9857321,1.717976,271.6029
164.5956: 0.5282391,1.019105,1.728884,270.1208
164.8178: 0.2169497,1.010783,1.726203,269.2437
165.04: -0.1141164,0.9875362,1.723882,274.6525
165.2622: -0.4249358,0.9963483,1.727661,279.1068
165.4845: -0.7471457,1.03444,1.714747,280.0316
165.7067: -1.048579,1.070243,1.731573,286.8748
165.9289: -1.32604,1.138236,1.703732,310.4358
166.1511: -1.520448,1.237216,1.734774,348.1125
166.3733: -1.688575,1.310951,1.715304,9.448095
166.5956: -1.87573,1.330793,1.731125,23.09185
166.8178: -2.011421,1.325098,1.72821,47.42245
167.04: -2.076935,1.255951,1.729051,79.38448
167.2622: -2.22238,1.153305,1.716949,122.085
167.4845: -2.400074,1.083754,1.740699,166.0752
167.7067: -2.555145,1.022751,1.741306,178.9039
167.9289: -2.668329,0.8999823,1.734208,169.4127
168.1511: -2.748141,0.7757414,1.725537,160.8924
168.3733: -2.771055,0.6198033,1.712243,153.0278
168.5956: -2.743184,0.4399187,1.735889,140.9623
168.8178: -2.715325,0.281799,1.741185,125.5081
169.04: -2.686824,0.1529921,1.745289,107.6539
Trial Result: Success object: Telescope | Time Spent: 12.66106
Trial No.:11 Ends
Trial No.:4 Begins
User confirmed on object: Piano, this maze officially starts.
191.5178: 1.82559,3.266029,1.722018,179.2482
191.74: 1.832119,3.286935,1.739752,182.1104
191.9622: 1.833983,3.307961,1.745759,185.9429
192.1844: 1.819949,3.318097,1.747382,198.1828
192.4067: 1.819252,3.316635,1.740296,201.3952
192.6289: 1.837501,3.291474,1.715882,191.4382
192.8511: 1.843835,3.274866,1.732162,188.8913
193.0733: 1.850806,3.286055,1.754496,189.1543
193.2956: 1.848594,3.285049,1.750434,190.1398
193.5178: 1.845624,3.280625,1.749339,189.3659
193.74: 1.841348,3.269954,1.748428,189.6173
193.9622: 1.841899,3.260426,1.747963,189.0138
194.1844: 1.886145,3.254461,1.739303,164.5735
194.4067: 1.903283,3.253839,1.736011,158.5279
194.6289: 1.91253,3.232198,1.736855,159.9176
194.8511: 1.980544,3.176075,1.730223,153.1538
195.0733: 2.081503,3.110206,1.724853,150.737
195.2956: 2.150215,3.014877,1.721501,154.5392
195.5178: 2.211051,2.858259,1.697664,154.9273
195.74: 2.264629,2.73015,1.721595,148.1097
195.9622: 2.307968,2.662982,1.731024,156.0609
196.1844: 2.336711,2.652519,1.725456,162.5652
196.4067: 2.362337,2.626987,1.729056,165.8008
196.6289: 2.420022,2.597657,1.732664,151.608
196.8511: 2.501676,2.676429,1.730972,88.74103
197.0733: 2.441407,2.757774,1.718246,25.38973
197.2956: 2.410775,2.760712,1.719025,9.462476
197.5178: 2.413293,2.768818,1.705932,12.87111
197.74: 2.492556,2.699116,1.706895,75.77026
197.9622: 2.485166,2.580233,1.720144,143.382
198.1844: 2.477434,2.553242,1.71421,178.7805
198.4067: 2.495336,2.479715,1.705204,190.1225
198.6289: 2.489903,2.334916,1.71034,192.8936
198.8511: 2.472869,2.151536,1.727904,194.558
199.0733: 2.483174,1.959735,1.72169,198.6066
199.2956: 2.498661,1.745476,1.722298,207.6442
199.5178: 2.483175,1.548996,1.746713,225.3877
199.74: 2.464793,1.339651,1.724165,224.7301
199.9622: 2.454536,1.07347,1.74867,203.4472
200.1844: 2.468675,0.8239598,1.752662,194.3926
200.4067: 2.512025,0.5738654,1.73562,190.1952
200.6289: 2.539394,0.3137942,1.767908,194.5749
200.8511: 2.535646,0.0643695,1.747483,200.0412
201.0733: 2.503629,-0.1980512,1.749531,203.9213
201.2956: 2.479549,-0.4261308,1.767887,219.3201
201.5178: 2.437139,-0.6268065,1.743258,253.4512
201.74: 2.366067,-0.7934195,1.762754,278.302
201.9622: 2.266343,-0.9066634,1.749883,291.8301
202.1844: 2.148139,-0.9607532,1.74632,306.7544
Trial Result: Success object: Harp | Time Spent: 11.10475
Trial No.:4 Ends
Trial No.:7 Begins
User confirmed on object: Plant, this maze officially starts.
214.6844: -2.503066,-2.064265,1.824271,267.7092
214.9067: -2.480274,-2.055704,1.835541,269.2314
215.1289: -2.463078,-2.039871,1.838127,277.2824
215.3511: -2.463509,-2.037993,1.836359,274.2258
215.5733: -2.465964,-2.033302,1.834744,273.7537
215.7956: -2.463226,-2.032588,1.834611,273.3544
216.0178: -2.454119,-2.034569,1.841281,270.5746
216.24: -2.431641,-2.06605,1.836186,241.0152
216.4622: -2.327323,-2.102516,1.83948,192.6283
216.6844: -2.170254,-2.073497,1.831595,139.3806
216.9067: -2.046637,-2.022768,1.824328,100.2173
217.1289: -1.938168,-2.022952,1.813974,95.22076
217.3511: -1.841415,-2.057288,1.779513,100.055
217.5733: -1.776232,-2.115367,1.747631,120.2349
217.7956: -1.79147,-2.148276,1.750648,163.4676
218.0178: -1.734439,-2.09621,1.743672,153.5507
218.24: -1.59031,-1.954194,1.761899,92.74352
218.4622: -1.493911,-1.847931,1.771281,57.72039
218.6844: -1.349797,-1.800151,1.77099,44.25364
218.9067: -1.203789,-1.768437,1.790872,41.53864
219.1289: -1.090761,-1.722549,1.790374,45.75726
219.3511: -0.9894116,-1.633308,1.777678,53.46785
219.5733: -0.8877966,-1.486872,1.773527,67.08675
219.7956: -0.7928784,-1.346679,1.790907,76.73512
220.0178: -0.6735876,-1.240033,1.790007,83.4465
220.24: -0.5209361,-1.171067,1.772331,86.2796
220.4622: -0.3282599,-1.12017,1.784665,89.24477
220.6844: -0.1368555,-1.062481,1.788568,92.98188
220.9067: 0.05199857,-1.001206,1.772799,94.95629
221.1289: 0.2909774,-0.9477416,1.797524,100.1677
221.3511: 0.5300988,-0.9478024,1.771861,110.3477
221.5733: 0.792625,-0.9842406,1.766642,114.0761
221.7956: 1.047549,-0.9973008,1.787469,118.097
222.0178: 1.296625,-0.9859847,1.769506,117.7065
222.24: 1.564259,-0.9503073,1.78457,96.33186
222.4622: 1.744831,-1.030943,1.775455,140.5161
222.6844: 1.830561,-1.08711,1.761054,191.0791
222.9067: 1.953887,-1.095212,1.776076,200.6388
223.1289: 2.142194,-1.08809,1.784139,166.5179
223.3511: 2.363613,-0.9566066,1.7847,82.38672
223.5733: 2.429464,-0.8452543,1.769567,15.35407
223.7956: 2.509063,-0.8201082,1.754855,344.1704
224.0178: 2.637636,-0.802296,1.76978,0.4697638
224.24: 2.674309,-0.7888262,1.774303,15.69333
224.4622: 2.62612,-0.7395601,1.778552,15.75601
224.6844: 2.575762,-0.6588621,1.774796,16.65671
224.9067: 2.58314,-0.5231565,1.755238,18.70151
225.1289: 2.644854,-0.3343796,1.74148,16.7021
225.3511: 2.717871,-0.1165175,1.776889,13.23796
225.5733: 2.74454,0.0793356,1.762794,19.22407
225.7956: 2.753617,0.2927907,1.741097,26.75158
226.0178: 2.780768,0.5135314,1.759786,34.3314
226.24: 2.834446,0.6999279,1.736965,40.26254
Trial Result: Success object: Trashcan | Time Spent: 11.82732
Trial No.:7 Ends
Trial No.:14 Begins
User confirmed on object: Telescope, this maze officially starts.
242.84: -3.018294,0.07113437,1.792345,85.98058
243.0622: -3.043476,0.07310946,1.803033,90.4493
243.2845: -3.058432,0.07008112,1.802417,94.68884
243.5067: -3.060548,0.07350391,1.799866,92.40918
243.7289: -3.056984,0.07636918,1.799346,91.24329
243.9511: -3.052956,0.1028842,1.794193,76.28508
244.1733: -3.074078,0.156914,1.782404,44.40394
244.3956: -3.081486,0.1723559,1.77888,40.45975
244.6178: -3.049638,0.1429138,1.778074,68.12616
244.84: -3.056874,0.04022739,1.766626,134.3538
245.0622: -3.088808,0.01502882,1.759903,164.8211
245.2845: -3.076669,0.004454548,1.762439,162.9563
245.5067: -3.053226,-0.05835795,1.76566,159.1241
245.7289: -2.983453,-0.1197437,1.774414,115.9401
245.9511: -2.966463,-0.09999856,1.774039,69.90852
246.1733: -2.96385,-0.114561,1.763853,77.0297
246.3956: -2.962662,-0.1086001,1.765047,78.95159
246.6178: -2.960551,-0.08216012,1.774826,57.14888
246.84: -2.955107,-0.1083687,1.767374,49.94792
247.0622: -2.922694,-0.1843814,1.760603,54.38974
247.2845: -2.847531,-0.3206445,1.740545,79.69957
247.5067: -2.786895,-0.5394478,1.75076,146.6992
247.7289: -2.742847,-0.7097094,1.78001,178.2816
247.9511: -2.704772,-0.8887222,1.763467,191.7569
248.1733: -2.682605,-1.086132,1.771474,196.4566
248.3956: -2.642497,-1.251759,1.799258,192.2962
248.6178: -2.597583,-1.382627,1.79205,186.7337
248.84: -2.567502,-1.5256,1.800064,189.1445
249.0622: -2.573706,-1.694136,1.786627,185.9038
249.2845: -2.59234,-1.883498,1.77653,163.8478
249.5067: -2.632773,-2.087973,1.793145,163.4253
249.7289: -2.59285,-2.27246,1.776944,136.8023
249.9511: -2.525887,-2.471434,1.770995,114.7207
250.1733: -2.458117,-2.650766,1.781595,93.15443
250.3956: -2.402924,-2.787706,1.78339,81.92809
250.6178: -2.359328,-2.811349,1.80876,59.73423
250.84: -2.369124,-2.700728,1.804373,22.31243
251.0622: -2.317059,-2.541392,1.778607,22.2185
251.2845: -2.228363,-2.38686,1.777102,30.8345
251.5067: -2.115732,-2.236372,1.761099,31.93558
251.7289: -1.983232,-2.064341,1.789385,24.08932
251.9511: -1.885707,-1.845016,1.781504,18.60443
252.1733: -1.810225,-1.594014,1.759016,15.93028
252.3956: -1.735931,-1.326129,1.781227,16.05211
252.6178: -1.669829,-1.063167,1.748432,15.56328
252.84: -1.609103,-0.7839977,1.763282,12.37531
253.0622: -1.581621,-0.526145,1.758622,9.533812
253.2845: -1.554249,-0.2683656,1.751115,13.62996
253.5067: -1.519918,-0.02154173,1.750891,14.88662
253.7289: -1.487756,0.2423614,1.72586,10.47727
253.9511: -1.463074,0.5198603,1.751158,4.295728
254.1733: -1.490913,0.7884359,1.733474,358.8849
254.3956: -1.53896,1.071284,1.727676,1.54606
254.6178: -1.566147,1.319833,1.724665,7.7005
254.84: -1.577375,1.55625,1.704346,12.70199
255.0622: -1.644943,1.804176,1.723253,350.5172
255.2845: -1.755395,2.021542,1.691272,311.3649
255.5067: -1.855648,2.222993,1.703652,285.604
255.7289: -1.911935,2.410159,1.701459,276.1276
255.9511: -1.943563,2.586085,1.689966,266.7036
256.1733: -1.952911,2.786854,1.712067,299.7137
256.3956: -1.829553,2.92621,1.718099,24.44942
256.6178: -1.726354,2.931234,1.709601,81.40414
256.84: -1.614675,2.956073,1.693209,103.6125
257.0622: -1.451226,3.011268,1.69537,104.2309
257.2845: -1.270345,3.06891,1.693086,105.7439
257.5067: -1.067172,3.114434,1.693835,118.6836
257.7289: -0.8460491,3.10263,1.70571,137.4046
257.9511: -0.5988033,3.048362,1.675049,141.4259
258.1733: -0.3177936,3.004005,1.711884,117.769
258.3956: -0.07416444,2.999141,1.711307,109.169
258.6178: 0.1387516,2.953565,1.692767,141.6796
258.84: 0.2337523,2.896736,1.71702,199.053
259.0622: 0.3350961,2.848677,1.710749,212.0106
259.2845: 0.4481161,2.798747,1.723973,198.8458
259.5067: 0.6768037,2.794848,1.728853,140.6452
259.7289: 0.8928558,2.860137,1.704411,98.07504
259.9511: 1.109248,2.906912,1.710173,87.63041
260.1733: 1.348928,2.897462,1.723549,97.04036
260.3956: 1.58054,2.829048,1.680309,116.9132
260.6178: 1.831622,2.736425,1.693647,121.1656
260.84: 2.029007,2.670105,1.701615,139.317
261.0622: 2.201852,2.605204,1.679719,169.6923
261.2845: 2.382688,2.546809,1.699708,186.8562
261.5067: 2.538188,2.471889,1.715453,179.3858
261.7289: 2.624248,2.377806,1.712667,185.5675
261.9511: 2.668003,2.251179,1.705894,202.4018
262.1733: 2.734818,2.091188,1.720567,202.3779
262.3956: 2.784849,1.937623,1.716348,214.9387
262.6178: 2.855072,1.771334,1.724891,217.7701
262.84: 2.85752,1.64102,1.747764,240.0262
263.0622: 2.828166,1.522939,1.732691,258.4799
263.2845: 2.771539,1.373414,1.738616,256.8238
263.5067: 2.737934,1.222008,1.751749,256.8193
263.7289: 2.750429,1.019314,1.752976,232.3908
263.9511: 2.799413,0.7939315,1.749536,214.1947
264.1733: 2.818302,0.5800852,1.774026,209.8854
264.3956: 2.797964,0.3677847,1.743407,212.6034
264.6178: 2.736351,0.1139971,1.753121,211.4925
264.84: 2.6832,-0.1236772,1.768283,214.5873
265.0622: 2.61774,-0.3592652,1.748966,221.4078
265.2845: 2.527799,-0.5771918,1.767324,240.1153
265.5067: 2.415154,-0.7185182,1.762843,270.8767
265.7289: 2.275014,-0.8639882,1.745044,285.0658
265.9511: 2.153058,-1.061703,1.765557,256.1389
266.1733: 2.134404,-1.306045,1.761804,181.4436
266.3956: 2.102471,-1.492248,1.763689,148.8223
266.6178: 2.026,-1.682225,1.770041,148.891
266.84: 1.950292,-1.892634,1.758483,148.7928
267.0622: 1.900805,-2.124069,1.780168,141.2623
267.2845: 1.94546,-2.327173,1.759147,126.5157
267.5067: 2.06206,-2.530735,1.75045,110.4889
267.7289: 2.141563,-2.702562,1.771974,90.08215
267.9511: 2.190058,-2.786956,1.785837,56.89676
268.1733: 2.1051,-2.815324,1.807671,352.7766
268.3956: 1.996632,-2.91041,1.818303,301.014
268.6178: 1.948035,-2.941629,1.809374,294.6909
268.84: 1.966335,-2.895761,1.818452,335.2376
269.0622: 1.965597,-2.884221,1.820447,346.8534
269.2845: 1.888204,-2.913123,1.818595,314.5648
269.5067: 1.832804,-3.002361,1.814389,271.7484
269.7289: 1.823774,-3.018675,1.813009,275.5953
269.9511: 1.819201,-3.003506,1.813168,279.8419
270.1733: 1.80422,-2.95893,1.811648,285.4751
270.3956: 1.772449,-2.88077,1.803982,291.8465
270.6178: 1.79244,-2.729245,1.790746,330.6026
270.84: 1.816698,-2.567608,1.772346,348.8953
271.0622: 1.812265,-2.386043,1.790815,349.0484
271.2845: 1.789404,-2.230309,1.793716,350.5137
271.5067: 1.750371,-2.067122,1.776017,351.9443
271.7289: 1.71062,-1.879726,1.797143,350.3037
271.9511: 1.674531,-1.682792,1.78081,333.9471
272.1733: 1.639008,-1.485827,1.755931,313.2401
272.3956: 1.565518,-1.307354,1.778045,298.8249
272.6178: 1.420728,-1.172403,1.757357,294.6286
Trial Result: Fail at object:  | Time Spent: 30
Trial No.:14 Ends
Trial No.:13 Begins
User confirmed on object: Telescope, this maze officially starts.
283.3067: -2.673562,0.05876952,1.764127,80.81471
283.5289: -2.67678,0.07415463,1.772727,76.63731
283.7511: -2.701558,0.1254781,1.776567,50.76108
283.9733: -2.713371,0.1478557,1.777349,43.94359
284.1956: -2.718182,0.1066306,1.798318,78.86015
284.4178: -2.751442,0.08316053,1.810872,97.13376
284.64: -2.759098,0.08106732,1.807873,100.5906
284.8622: -2.765937,0.06521576,1.806637,115.5572
285.0844: -2.763741,0.07343493,1.806374,116.8754
285.3067: -2.755708,0.1350312,1.81118,89.41144
285.5289: -2.769612,0.1849971,1.811148,75.63006
285.7511: -2.763511,0.2008271,1.808236,88.88246
285.9733: -2.769524,0.1924646,1.788577,131.3143
286.1956: -2.739469,0.2417402,1.778267,140.6053
286.4178: -2.617624,0.350313,1.766671,115.5983
286.64: -2.461972,0.5018858,1.767575,80.78989
286.8622: -2.343759,0.6274379,1.765754,69.09347
287.0844: -2.227289,0.7511249,1.743104,58.65119
287.3067: -2.106136,0.8654196,1.751839,64.39771
287.5289: -1.964994,0.927659,1.754575,78.23291
287.7511: -1.80182,0.9435559,1.724318,88.6043
287.9733: -1.584709,0.9256122,1.73615,93.56086
288.1956: -1.395385,0.9180076,1.751027,91.52633
288.4178: -1.214425,0.9279346,1.741619,88.82312
288.64: -1.011422,0.9466156,1.73988,95.28971
288.8622: -0.8256392,0.94631,1.75206,100.5274
289.0844: -0.6289514,0.9313623,1.731896,103.9635
289.3067: -0.430864,0.9001268,1.741025,101.273
289.5289: -0.2707949,0.8968543,1.752113,100.7582
289.7511: -0.1224829,0.8872572,1.74851,112.7524
289.9733: -0.01503414,0.8422292,1.755132,146.2654
290.1956: 0.03994812,0.7684164,1.758348,170.1134
290.4178: 0.0676552,0.6617079,1.753348,173.9169
290.64: 0.04568214,0.5280436,1.760247,180.0603
290.8622: 0.003608109,0.4100972,1.75615,205.2516
291.0844: -0.01124284,0.3010805,1.751274,217.5429
291.3067: 0.01032637,0.1535033,1.749336,213.229
291.5289: 0.07710968,-0.03248653,1.764227,189.4783
291.7511: 0.1141493,-0.1923471,1.768111,177.6525
291.9733: 0.1409413,-0.3573858,1.750267,167.425
292.1956: 0.1850433,-0.5435567,1.755309,137.5663
292.4178: 0.2623789,-0.679281,1.771404,107.402
292.64: 0.361862,-0.7730426,1.762932,87.9477
292.8622: 0.5085095,-0.866745,1.764646,87.48626
293.0844: 0.6788029,-0.9705056,1.778532,99.27054
293.3067: 0.8501235,-1.074056,1.776042,112.7945
293.5289: 1.042578,-1.182535,1.772985,115.4645
293.7511: 1.229899,-1.260098,1.78257,117.4037
293.9733: 1.424006,-1.341773,1.759345,120.7782
294.1956: 1.633718,-1.429149,1.768796,123.9815
294.4178: 1.793118,-1.531485,1.786714,125.3265
294.64: 1.91759,-1.647852,1.772079,121.623
Trial Result: Success object: Well | Time Spent: 11.5946
Trial No.:13 Ends
Trial No.:22 Begins
User confirmed on object: Mailbox, this maze officially starts.
314.94: -1.832275,-3.304913,1.85772,353.3405
315.1622: -1.81411,-3.325648,1.857453,5.617575
315.3845: -1.809016,-3.346553,1.855273,7.817981
315.6067: -1.812459,-3.345209,1.854561,6.769158
315.8289: -1.861217,-3.323188,1.84905,339.3533
316.0511: -1.893394,-3.301986,1.84376,325.7253
316.2733: -1.924878,-3.249796,1.838586,326.9792
316.4956: -2.00292,-3.17777,1.831239,334.3445
316.7178: -2.100233,-3.097291,1.838687,340.7331
316.94: -2.169232,-2.99188,1.826171,344.564
317.1622: -2.209784,-2.844125,1.805817,349.1324
317.3845: -2.240125,-2.668223,1.815036,350.509
317.6067: -2.275641,-2.494132,1.810612,354.3469
317.8289: -2.316659,-2.30233,1.786331,359.2715
318.0511: -2.373619,-2.07778,1.793781,4.179763
318.2733: -2.413635,-1.856744,1.799711,8.672178
318.4956: -2.43975,-1.628215,1.774351,12.2165
318.7178: -2.460172,-1.387673,1.788968,12.08833
318.94: -2.500217,-1.180883,1.783426,14.83928
319.1622: -2.560323,-0.9609126,1.770385,19.80672
319.3845: -2.603398,-0.7302774,1.792812,22.40116
319.6067: -2.610156,-0.5030808,1.760562,23.05396
319.8289: -2.581342,-0.2457441,1.761319,18.85049
320.0511: -2.563422,-0.01058275,1.775518,19.81099
320.2733: -2.556082,0.2208576,1.7517,25.49581
320.4956: -2.537099,0.4571227,1.767298,32.58743
320.7178: -2.475621,0.6727875,1.751717,36.05224
320.94: -2.369568,0.8954602,1.728413,34.83878
321.1622: -2.262344,1.124413,1.748649,28.3889
321.3845: -2.184782,1.347676,1.732951,22.55117
321.6067: -2.107577,1.59164,1.723961,15.36383
321.8289: -2.042328,1.830197,1.74166,355.1473
322.0511: -1.99508,2.028259,1.717556,327.2542
322.2733: -1.93248,2.212915,1.730237,316.6398
322.4956: -1.885793,2.383756,1.731294,325.1131
322.7178: -1.818378,2.558222,1.715398,6.155753
322.94: -1.708775,2.667143,1.717436,53.72472
323.1622: -1.578821,2.741625,1.690019,80.23128
323.3845: -1.389403,2.819547,1.694344,85.95039
323.6067: -1.181113,2.885024,1.702454,93.07134
323.8289: -0.9485281,2.935113,1.684086,97.23259
324.0511: -0.6845928,2.982655,1.703336,101.8714
324.2733: -0.4460659,2.976445,1.709595,118.336
324.4956: -0.1770987,2.971179,1.68624,117.9724
324.7178: 0.09141993,2.981305,1.713414,109.3853
324.94: 0.3442544,2.999909,1.695398,104.2218
325.1622: 0.6173216,3.020526,1.708444,102.8095
325.3845: 0.8686513,3.011017,1.71543,106.1377
325.6067: 1.125726,2.981229,1.695924,110.629
325.8289: 1.376137,2.960983,1.71567,112.0983
326.0511: 1.611746,2.95503,1.706913,116.0601
326.2733: 1.849529,2.954091,1.708969,130.9928
326.4956: 2.076624,2.893475,1.716744,142.3673
326.7178: 2.258287,2.771009,1.692799,153.1878
326.94: 2.413136,2.629559,1.711258,163.0683
327.1622: 2.504382,2.494483,1.708264,197.9369
327.3845: 2.637306,2.34776,1.712645,212.4887
327.6067: 2.723489,2.180784,1.726484,214.2852
327.8289: 2.742664,1.996131,1.709837,214.9574
328.0511: 2.717834,1.788221,1.748602,207.6739
328.2733: 2.67585,1.588805,1.743442,212.1948
328.4956: 2.610713,1.378699,1.728994,220.8275
328.7178: 2.517825,1.192216,1.752315,226.9283
328.94: 2.399841,1.052162,1.736174,226.8927
329.1622: 2.285077,0.9486756,1.746693,224.6004
Trial Result: Success object: Bookshelf | Time Spent: 14.43739
Trial No.:22 Ends
Trial No.:20 Begins
User confirmed on object: Well, this maze officially starts.
339.6733: 1.64962,-1.968442,1.821259,84.9992
339.8956: 1.644022,-1.972144,1.828094,85.70795
340.1178: 1.63572,-1.99381,1.833072,97.52551
340.34: 1.638236,-2.00794,1.821001,103.1118
340.5622: 1.667923,-1.993893,1.817947,96.44576
340.7845: 1.694496,-1.951774,1.829077,83.85328
341.0067: 1.691071,-1.928349,1.822906,75.46447
341.2289: 1.687329,-1.947639,1.811853,81.55711
341.4511: 1.694917,-1.961215,1.81203,84.61062
341.6733: 1.710234,-1.95127,1.81085,79.60387
341.8956: 1.721809,-1.879235,1.808899,46.7546
342.1178: 1.738133,-1.777247,1.801969,22.15411
342.34: 1.757759,-1.662821,1.797809,10.14869
342.5622: 1.80359,-1.564525,1.800357,4.432827
342.7845: 1.875147,-1.46097,1.789612,1.652968
343.0067: 1.942133,-1.339265,1.775619,358.5732
343.2289: 2.004393,-1.191777,1.761907,356.4831
343.4511: 2.072663,-1.005693,1.763488,8.45451
343.6733: 2.152442,-0.8336996,1.776384,21.84154
343.8956: 2.235086,-0.6525515,1.763239,20.82781
344.1178: 2.330652,-0.4354639,1.771196,9.538687
344.34: 2.379562,-0.2150736,1.774082,0.6960894
344.5622: 2.397711,0.01774011,1.744778,356.869
344.7845: 2.404257,0.2812265,1.76399,357.6837
345.0067: 2.431753,0.5302492,1.742925,358.0504
345.2289: 2.474204,0.8005849,1.735701,356.2744
345.4511: 2.480355,1.053061,1.753781,356.4419
345.6733: 2.46383,1.293855,1.733056,356.9026
345.8956: 2.446516,1.543382,1.752157,357.5233
346.1178: 2.457695,1.776477,1.735069,355.6117
346.34: 2.479074,2.02477,1.70872,348.6558
346.5622: 2.463868,2.259165,1.724792,329.8884
346.7845: 2.403336,2.447191,1.700433,310.0978
347.0067: 2.305651,2.613986,1.694792,286.731
347.2289: 2.232262,2.751536,1.702639,260.6051
347.4511: 2.176682,2.882497,1.69201,245.1842
347.6733: 2.131821,2.963402,1.710634,229.5711
347.8956: 2.101924,2.982783,1.708631,218.0041
Trial Result: Success object: Piano | Time Spent: 8.440964
Trial No.:20 Ends
Trial No.:10 Begins
User confirmed on object: Bookshelf, this maze officially starts.
367.7845: 1.767912,1.047716,1.793055,183.0122
368.0067: 1.77414,1.067857,1.795485,183.6137
368.2289: 1.767647,1.115457,1.79404,203.1514
368.4511: 1.782084,1.159697,1.783556,210.3636
368.6733: 1.806072,1.176301,1.78709,200.0071
368.8956: 1.837699,1.168835,1.788675,177.6415
369.1178: 1.841296,1.153511,1.786056,172.7505
369.34: 1.821818,1.125767,1.789991,180.4377
369.5622: 1.802924,1.092968,1.788265,186.3154
369.7845: 1.798583,1.075827,1.784947,184.8292
370.0067: 1.799546,1.06967,1.78471,185.2221
370.2289: 1.793157,1.049639,1.784643,187.1266
370.4511: 1.73113,0.9992519,1.777652,202.8866
370.6733: 1.626191,0.9087636,1.761951,210.05
370.8956: 1.512178,0.7757919,1.729662,211.745
371.1178: 1.391104,0.6045525,1.725006,213.7826
371.34: 1.249078,0.41615,1.751493,217.9233
371.5622: 1.078542,0.2230875,1.720223,220.89
371.7845: 0.8859521,-0.02463129,1.741472,210.2457
372.0067: 0.7767692,-0.2779675,1.748101,190.4027
372.2289: 0.6687976,-0.5431653,1.733239,188.631
372.4511: 0.5574836,-0.8286661,1.771919,188.8686
372.6733: 0.4530295,-1.123852,1.739428,186.5404
372.8956: 0.3914078,-1.421674,1.774634,180.7516
373.1178: 0.3892813,-1.693021,1.761738,176.2063
373.34: 0.4287433,-1.966249,1.772308,163.2808
373.5622: 0.4661489,-2.225737,1.751785,142.4813
373.7845: 0.4853893,-2.485259,1.75223,123.1645
374.0067: 0.5281354,-2.689702,1.789294,103.2705
374.2289: 0.5920656,-2.812617,1.768895,67.01572
374.4511: 0.6627385,-2.952367,1.78643,53.56625
374.6733: 0.7147703,-3.118698,1.825038,70.56199
374.8956: 0.7227904,-3.238816,1.829832,61.03448
375.1178: 0.6521182,-3.265383,1.849553,25.47864
375.34: 0.4633157,-3.296266,1.84371,323.9925
375.5622: 0.2669256,-3.339277,1.831105,294.8159
375.7845: 0.04950308,-3.350803,1.82289,291.8679
376.0067: -0.174335,-3.324336,1.804372,294.8393
376.2289: -0.4340223,-3.255156,1.792606,290.518
376.4511: -0.6945424,-3.218577,1.817031,289.3998
376.6733: -0.9550902,-3.204641,1.79373,290.0186
376.8956: -1.236241,-3.177012,1.823381,292.2423
377.1178: -1.500309,-3.11217,1.798496,300.1484
377.34: -1.786769,-3.026587,1.791204,300.7695
377.5622: -2.051639,-2.954263,1.811678,302.918
377.7845: -2.317424,-2.856672,1.787841,310.386
378.0067: -2.52748,-2.731846,1.814489,315.119
378.2289: -2.691423,-2.584419,1.779621,315.5311
378.4511: -2.827067,-2.429602,1.783373,312.719
Trial Result: Success object: Plant | Time Spent: 11.05063
Trial No.:10 Ends
Trial No.:12 Begins
User confirmed on object: Trashcan, this maze officially starts.
398.3622: 2.714561,1.09798,1.771577,94.84612
398.5844: 2.676239,1.094388,1.798818,93.90355
398.8067: 2.654861,1.09055,1.797595,93.91573
399.0289: 2.632987,1.058278,1.796086,110.8637
399.2511: 2.611254,1.041836,1.791824,120.9541
399.4733: 2.60487,1.046398,1.792199,120.1248
399.6956: 2.617007,1.065193,1.789828,107.5522
399.9178: 2.627337,1.074326,1.789368,98.1153
400.14: 2.630311,1.069416,1.786084,98.46799
400.3622: 2.635299,1.074275,1.78346,97.82239
400.5844: 2.643959,1.101042,1.779595,83.37008
400.8067: 2.623517,1.151673,1.776319,39.25764
401.0289: 2.545153,1.202337,1.772478,354.8253
401.2511: 2.434025,1.248085,1.76422,316.7848
401.4733: 2.335375,1.252446,1.765874,281.7333
401.6956: 2.261441,1.247101,1.752431,256.1118
401.9178: 2.159892,1.230873,1.74605,243.418
402.14: 2.031907,1.156004,1.738279,224.3707
402.3622: 1.867216,1.101393,1.747543,227.6058
402.5844: 1.668674,1.089552,1.732604,250.3707
402.8067: 1.431765,1.083108,1.72612,258.614
403.0289: 1.197403,1.049319,1.754369,260.3511
403.2511: 0.9970777,1.017679,1.736392,261.0074
403.4734: 0.7891765,0.982577,1.745969,263.8077
403.6956: 0.6152356,0.9823337,1.758065,272.6048
403.9178: 0.4540584,1.036907,1.743884,282.9713
404.14: 0.3353758,1.145987,1.738458,308.9063
404.3622: 0.2329503,1.263349,1.736987,334.5398
404.5844: 0.1320562,1.371132,1.731217,346.9239
404.8067: 0.06641956,1.541016,1.721979,354.6269
405.0289: 0.04855119,1.75688,1.710181,352.6967
405.2511: 0.03059937,1.995443,1.726314,343.5844
405.4734: -0.0271622,2.218121,1.707232,332.8473
405.6956: -0.1339974,2.456454,1.70211,317.6505
405.9178: -0.2536278,2.661249,1.706027,295.2508
406.14: -0.3955803,2.809985,1.695764,264.0657
406.3622: -0.5366216,2.916326,1.717109,232.0739
406.5844: -0.7112026,3.009184,1.702268,233.7386
406.8067: -0.9415759,3.096845,1.703516,259.8747
407.0289: -1.16205,3.13881,1.714588,263.954
407.2511: -1.395947,3.159759,1.685754,262.7084
407.4734: -1.600985,3.11258,1.702871,226.6188
407.6956: -1.654406,3.028089,1.721574,164.598
407.9178: -1.73337,2.932466,1.709553,158.1994
408.14: -1.767475,2.791679,1.702844,158.9047
408.3622: -1.772473,2.676205,1.708073,150.3185
408.5844: -1.778746,2.573111,1.709414,137.4885
Trial Result: Success object: Table | Time Spent: 10.50599
Trial No.:12 Ends
Trial No.:6 Begins
User confirmed on object: Table, this maze officially starts.
423.5844: -2.005361,2.052377,1.760319,92.14974
423.8067: -2.035793,2.05145,1.780689,94.78498
424.0289: -2.058502,2.03489,1.77784,105.7306
424.2511: -2.069034,2.014489,1.774847,114.5138
424.4734: -2.054071,2.026453,1.77178,102.2557
424.6956: -2.042375,2.041539,1.7684,95.00125
424.9178: -2.026512,2.038906,1.757345,95.73417
425.14: -1.992264,2.001307,1.734586,106.857
425.3622: -1.986824,1.876842,1.72596,136.7386
425.5844: -1.987255,1.728936,1.718992,148.8645
425.8067: -1.966319,1.56496,1.70553,155.7577
426.0289: -1.874614,1.36243,1.708833,154.3512
426.2511: -1.777537,1.142898,1.738672,154.1253
426.4734: -1.684672,0.9062464,1.714849,155.8056
426.6956: -1.583213,0.6420724,1.744313,151.7017
426.9178: -1.453154,0.4137313,1.741214,147.1645
427.14: -1.28434,0.181875,1.738358,143.5971
427.3622: -1.119575,-0.07620209,1.75438,141.4074
427.5844: -0.9891998,-0.3583465,1.730099,145.8025
427.8067: -0.8561021,-0.6520272,1.763743,146.468
428.0289: -0.7134876,-0.9187347,1.751607,150.5365
428.2511: -0.5541807,-1.1976,1.762123,153.9795
428.4734: -0.4366801,-1.473164,1.783113,158.0494
428.6956: -0.3376758,-1.757995,1.763253,157.1191
428.9178: -0.206891,-2.033775,1.788884,144.0522
429.14: -0.04997259,-2.276657,1.760647,133.1855
429.3622: 0.1255994,-2.498369,1.779042,119.273
429.5844: 0.270961,-2.686637,1.779027,95.97459
429.8067: 0.3984468,-2.856912,1.771569,71.46688
430.0289: 0.5190446,-2.946294,1.805524,51.91533
430.2511: 0.6070888,-2.959727,1.785714,35.36681
Trial Result: Success object: Chair | Time Spent: 7.063511
Trial No.:6 Ends
Trial No.:2 Begins
User confirmed on object: Stove, this maze officially starts.
445.0622: -2.485566,2.96207,1.741137,269.6165
445.2845: -2.467454,2.977872,1.748848,273.7413
445.5067: -2.453869,2.989883,1.751726,276.8248
445.7289: -2.454547,2.993551,1.751043,276.5279
445.9511: -2.460404,2.988875,1.753251,272.5055
446.1733: -2.461045,2.985919,1.746553,268.4306
446.3956: -2.458935,2.991607,1.747046,269.9569
446.6178: -2.456329,2.99403,1.744489,270.5218
446.84: -2.454861,2.99558,1.745463,270.1968
447.0622: -2.454969,2.999614,1.746453,271.1479
447.2845: -2.443869,2.981347,1.750156,253.7798
447.5067: -2.353357,2.942091,1.741702,199.5182
447.7289: -2.201954,2.948401,1.733532,146.9316
447.9511: -2.038085,2.969012,1.725091,118.6651
448.1733: -1.87298,2.978257,1.713303,103.8832
448.3956: -1.696746,2.972653,1.69586,99.46062
448.6178: -1.479679,2.946762,1.696377,97.16285
448.84: -1.248692,2.953476,1.715824,100.5816
449.0622: -1.027833,2.991886,1.700363,102.0288
449.2845: -0.7998031,3.032187,1.712065,112.6889
449.5067: -0.5564951,3.048375,1.7064,113.6033
449.7289: -0.301915,3.046111,1.694909,106.6316
449.9511: -0.05232581,3.050356,1.717074,105.6611
450.1733: 0.1764907,3.080427,1.700649,106.5867
450.3956: 0.4387512,3.130259,1.710463,108.2302
450.6178: 0.6462356,3.122885,1.726955,114.1038
450.84: 0.8233305,3.075465,1.690334,120.7733
451.0622: 0.8990678,3.006988,1.715465,155.6475
451.2845: 0.8953371,2.930559,1.708854,192.1539
451.5067: 0.8481423,2.793269,1.708857,194.4349
451.7289: 0.7547717,2.611539,1.716127,190.2363
451.9511: 0.7036534,2.434498,1.721481,184.6809
452.1733: 0.6906346,2.236902,1.710294,170.403
452.3956: 0.6730446,2.01986,1.730205,152.8147
452.6178: 0.5912184,1.796998,1.717987,160.3466
452.84: 0.466146,1.559912,1.713912,174.3239
453.0622: 0.4101558,1.336881,1.734077,165.6163
453.2845: 0.455051,1.180735,1.72439,119.9475
453.5067: 0.4563127,1.045322,1.738666,100.3496
453.7289: 0.4182575,0.9367779,1.753719,98.60449
453.9511: 0.3973441,0.8809975,1.764973,96.60978
454.1733: 0.444792,0.8692358,1.759202,86.21043
454.3956: 0.5716611,0.9017689,1.753213,80.5535
454.6178: 0.7339869,0.9609872,1.760329,89.78503
454.84: 0.8728545,0.9996737,1.753832,92.99461
455.0622: 1.011231,1.01076,1.737112,91.17648
455.2845: 1.145666,0.9720597,1.734454,98.03258
455.5067: 1.194664,0.899693,1.749911,135.3643
455.7289: 1.117411,0.872439,1.757655,199.1929
455.9511: 1.071081,0.9283769,1.752448,247.1068
456.1733: 1.012663,0.9523844,1.749297,262.9572
456.3956: 0.9151419,0.9307246,1.749014,256.3258
456.6178: 0.7878395,0.8703288,1.734279,247.7925
456.84: 0.6195982,0.7786678,1.749931,246.9915
457.0622: 0.4240218,0.6707193,1.756941,249.6735
457.2845: 0.246858,0.5509999,1.74769,241.4183
457.5067: 0.08798063,0.424525,1.736016,234.1024
Trial Result: Success object: Wheelbarrow | Time Spent: 12.83815
Trial No.:2 Ends
Trial No.:3 Begins
User confirmed on object: Piano, this maze officially starts.
479.0511: 1.748022,2.867079,1.727685,180.5775
479.2733: 1.749896,2.869942,1.728503,181.5135
479.4956: 1.757421,2.896232,1.75915,178.1221
479.7178: 1.763143,2.94778,1.770685,177.8293
479.94: 1.761873,3.003448,1.777863,184.1874
480.1622: 1.753029,3.017723,1.772367,190.4884
480.3845: 1.74726,2.998641,1.766731,190.8595
480.6067: 1.759103,2.964734,1.74789,182.7504
480.8289: 1.767406,2.939528,1.725172,177.5916
481.0511: 1.762427,2.927781,1.722239,180.2171
481.2733: 1.77308,2.920541,1.72749,176.477
481.4956: 1.856123,2.926744,1.73137,152.8179
481.7178: 1.968118,2.946172,1.724052,150.7233
481.94: 2.077802,2.95147,1.725866,157.6589
482.1622: 2.123616,2.950562,1.723636,163.9021
482.3845: 2.088769,2.942105,1.721683,192.2617
482.6067: 2.041091,2.97066,1.714943,227.2201
482.8289: 2.040518,2.973694,1.741049,230.9487
483.0511: 2.042277,2.966805,1.744568,228.4562
483.2733: 2.033634,2.959807,1.743094,227.959
483.4956: 2.029938,2.952374,1.742478,224.6144
483.7178: 2.034325,2.952059,1.740549,222.5856
483.94: 2.040677,2.954152,1.740516,221.9087
484.1622: 2.037087,2.953844,1.737458,222.83
484.3845: 2.02984,2.946641,1.736703,223.7913
484.6067: 2.003547,2.935055,1.737142,231.4293
484.8289: 1.923781,2.918478,1.727176,236.8604
485.0511: 1.806589,2.89935,1.733544,239.6116
485.2733: 1.708723,2.898585,1.722808,258.5503
485.4956: 1.655206,2.886509,1.725534,270.6402
485.7178: 1.622077,2.848146,1.72676,272.054
485.94: 1.594127,2.821761,1.726286,271.2517
486.1622: 1.543478,2.815125,1.721116,270.334
486.3845: 1.44528,2.827785,1.707451,268.0739
486.6067: 1.302919,2.867291,1.705268,263.5555
486.8289: 1.131334,2.926589,1.71564,257.4178
487.0511: 0.9861677,2.954234,1.716681,254.6235
487.2733: 0.8587884,2.946665,1.704919,249.4725
487.4956: 0.715421,2.898148,1.712109,244.63
487.7178: 0.5667369,2.841624,1.715456,232.3919
487.94: 0.4310377,2.78841,1.706615,211.6247
488.1622: 0.2877203,2.743438,1.698888,193.6379
488.3845: 0.1538849,2.702987,1.711557,184.2063
488.6067: 0.0572768,2.663193,1.725574,181.6544
488.8289: -0.07407616,2.648139,1.722764,211.9825
489.0511: -0.2252668,2.705513,1.720479,246.1717
489.2733: -0.3349269,2.757521,1.716513,245.9616
489.4956: -0.3470104,2.734234,1.727298,215.8826
489.7178: -0.2829321,2.70838,1.709613,178.1853
489.94: -0.2767263,2.698213,1.706131,176.733
490.1622: -0.2828347,2.678748,1.70713,176.8203
490.3845: -0.2707776,2.629757,1.706228,174.3057
490.6067: -0.2102483,2.5081,1.698855,173.2497
490.8289: -0.1382232,2.363019,1.697535,174.2025
491.0511: -0.1043426,2.251656,1.70642,175.0359
491.2733: -0.1091991,2.168697,1.712785,179.5701
491.4956: -0.1355699,2.138023,1.719378,197.4795
491.7178: -0.2020214,2.225918,1.719236,250.9802
491.94: -0.2858742,2.320869,1.723497,272.16
492.1622: -0.4455247,2.415967,1.710646,269.6362
492.3845: -0.6446071,2.506908,1.715488,253.6141
492.6067: -0.8446779,2.549222,1.689733,246.6161
492.8289: -1.084657,2.563372,1.676235,258.1616
493.0511: -1.328129,2.586062,1.708046,268.8347
493.2733: -1.533966,2.546223,1.698148,225.7753
493.4956: -1.669494,2.52149,1.688353,174.4051
493.7178: -1.783283,2.499307,1.708117,150.26
493.94: -1.877793,2.442906,1.711599,151.2765
494.1622: -1.990066,2.327115,1.720784,185.0733
494.3845: -2.085613,2.207103,1.714031,211.592
494.6067: -2.156562,2.045751,1.710777,205.3442
494.8289: -2.234333,1.872354,1.717171,193.2174
495.0511: -2.297071,1.705452,1.719152,189.6129
495.2733: -2.333393,1.51723,1.697608,192.5288
495.4956: -2.351024,1.314,1.724683,192.6896
495.7178: -2.370679,1.124217,1.735149,190.2544
495.94: -2.31472,0.9776554,1.739825,164.8103
496.1622: -2.157469,0.8980814,1.752903,130.358
496.3845: -1.941097,0.8948076,1.739697,100.4985
496.6067: -1.720475,0.8953534,1.750553,91.30171
496.8289: -1.50646,0.8666415,1.737424,90.92535
497.0511: -1.266905,0.8100384,1.727059,93.70811
497.2733: -1.03316,0.7824075,1.759572,88.80231
497.4956: -0.8168042,0.797938,1.733293,88.11128
497.7178: -0.5615224,0.8359897,1.738281,91.36366
497.94: -0.2965303,0.860468,1.760012,94.2362
498.1622: -0.03069458,0.8763032,1.725174,93.9102
498.3845: 0.2547222,0.8839396,1.743106,93.07937
498.6067: 0.5067586,0.9192454,1.742969,93.15125
498.8289: 0.7767649,0.9666536,1.731942,93.35852
499.0511: 1.053065,0.9934162,1.761647,89.25327
499.2733: 1.31651,0.9654202,1.72377,92.0527
499.4956: 1.593521,0.8891989,1.732556,105.6687
499.7178: 1.837882,0.8245809,1.735821,123.698
499.94: 2.070827,0.7433434,1.711149,138.2675
500.1622: 2.258847,0.5956223,1.735297,155.9953
500.3845: 2.336229,0.4013034,1.722169,174.4981
500.6067: 2.355054,0.1540647,1.724247,184.2729
500.8289: 2.379963,-0.08644645,1.740171,190.7311
501.0511: 2.410456,-0.3384008,1.726746,196.8
501.2733: 2.40811,-0.6090987,1.759238,205.3788
501.4956: 2.335169,-0.8489116,1.762624,199.7648
501.7178: 2.209318,-1.06546,1.743386,188.0109
501.94: 2.125134,-1.245634,1.769819,178.0474
502.1622: 2.024853,-1.387398,1.768984,204.5948
502.3845: 1.937631,-1.426343,1.775423,280.5699
502.6067: 1.903736,-1.454519,1.789156,318.9248
502.8289: 1.843377,-1.459459,1.783352,325.4929
503.0511: 1.809842,-1.427336,1.774711,336.3694
503.2733: 1.710506,-1.428669,1.784948,301.8318
503.4956: 1.637338,-1.365006,1.770994,294.7599
503.7178: 1.538073,-1.282086,1.757599,302.5217
503.94: 1.383865,-1.207051,1.750139,305.5501
504.1622: 1.212017,-1.150618,1.77839,297.8917
504.3845: 1.086096,-1.087796,1.783111,291.768
504.6067: 0.9869043,-1.017187,1.785436,285.4145
504.8289: 0.9188257,-1.004088,1.795417,278.2377
505.0511: 0.9008794,-1.049589,1.795045,260.9896
505.2733: 0.9497883,-1.151783,1.797911,191.0831
505.4956: 0.9273392,-1.165087,1.78472,181.1334
505.7178: 0.7658008,-1.180394,1.766029,229.1499
505.94: 0.6124582,-1.273616,1.753336,247.1924
506.1622: 0.4722787,-1.424006,1.787323,245.0953
506.3845: 0.3314279,-1.561595,1.772179,235.0093
506.6067: 0.1510795,-1.688202,1.758569,231.5496
506.8289: -0.0619587,-1.843431,1.787137,230.1554
507.0511: -0.2330324,-2.021633,1.781103,232.7574
507.2733: -0.402473,-2.226115,1.774776,236.3831
507.4956: -0.5785082,-2.396975,1.806878,238.1645
507.7178: -0.7714819,-2.533244,1.776357,245.6749
507.94: -0.98138,-2.647768,1.788363,257.429
508.1622: -1.131963,-2.741707,1.790803,277.0996
508.3845: -1.273273,-2.85993,1.780823,291.2446
508.6067: -1.408739,-2.972724,1.797581,303.149
508.8289: -1.506596,-3.014105,1.79478,323.9155
Trial Result: Fail at object:  | Time Spent: 30
Trial No.:3 Ends
Trial No.:15 Begins
User confirmed on object: Wheelbarrow, this maze officially starts.
536.8622: 0.09088841,-0.04665329,1.740162,267.6864
537.0845: 0.09541829,-0.04796437,1.741213,265.7383
537.3067: 0.1035415,-0.05351231,1.741688,263.0841
537.5289: 0.1078363,-0.05658811,1.741075,263.7784
537.7511: 0.110261,-0.06011938,1.741466,265.0079
537.9733: 0.1124538,-0.06235323,1.739039,265.6247
538.1956: 0.115502,-0.05928439,1.737011,267.7828
538.4178: 0.119559,-0.05122043,1.735636,271.0093
538.64: 0.1234172,-0.05071939,1.737662,271.3732
538.8622: 0.1229052,-0.0512547,1.756386,271.0505
539.0845: 0.1524847,-0.05793863,1.810842,269.4748
539.3067: 0.174908,-0.06317687,1.818312,268.9078
539.5289: 0.1907655,-0.04610513,1.818357,281.7974
539.7511: 0.1943219,-0.04081712,1.817677,285.8517
539.9733: 0.1752063,-0.06353776,1.821554,274.7615
540.1956: 0.1623407,-0.07207294,1.823478,272.4863
540.4178: 0.1543236,-0.07671934,1.823087,269.5981
540.64: 0.1595988,-0.05600213,1.820054,285.2687
540.8622: 0.1570213,-0.06366912,1.821381,281.6946
541.0845: 0.1469007,-0.08091706,1.814418,271.91
541.3067: 0.1274508,-0.09063022,1.772909,266.1597
541.5289: 0.118625,-0.09302147,1.763226,262.4871
541.7511: 0.1080776,-0.117027,1.769433,253.7346
541.9733: 0.102207,-0.1934609,1.766731,243.8094
542.1956: 0.1093069,-0.3047621,1.763802,231.9865
542.4178: 0.1136666,-0.3974935,1.765929,218.5154
542.64: 0.08958332,-0.494843,1.761121,198.7733
542.8622: 0.06346448,-0.6054541,1.761506,167.0424
543.0845: 0.1057258,-0.7169099,1.764364,148.0333
543.3067: 0.2232541,-0.8229011,1.765841,136.6464
543.5289: 0.3761094,-0.9198092,1.781999,125.9723
543.7511: 0.4856308,-1.004972,1.789205,118.1587
543.9733: 0.5485811,-1.066405,1.781348,109.2245
544.1956: 0.5970929,-1.082606,1.801878,103.189
544.4178: 0.6373436,-1.065888,1.792858,89.05622
544.64: 0.6682011,-1.065489,1.790306,81.81297
544.8622: 0.6855589,-1.080833,1.788516,89.42233
545.0845: 0.7206585,-1.092739,1.789481,100.6061
545.3067: 0.7845634,-1.107207,1.778563,115.3011
545.5289: 0.8568611,-1.148304,1.773299,121.8991
545.7511: 0.9352523,-1.222921,1.77434,121.0185
545.9733: 1.002214,-1.290236,1.779018,123.5283
546.1956: 1.066853,-1.361135,1.784754,132.0525
546.4178: 1.100779,-1.467538,1.77448,161.5313
546.64: 0.9928186,-1.576692,1.769638,218.9877
546.8622: 0.822728,-1.695469,1.762804,241.6533
547.0845: 0.6067402,-1.84409,1.773789,249.0536
547.3067: 0.4050247,-2.007206,1.756251,254.8653
547.5289: 0.1774297,-2.200359,1.79193,256.0294
547.7511: -0.07337332,-2.334776,1.776193,260.0469
547.9733: -0.3510628,-2.465507,1.784025,264.3236
548.1956: -0.6091847,-2.608841,1.802099,267.8461
548.4178: -0.8709677,-2.747691,1.773389,274.3293
548.64: -1.120688,-2.824304,1.798496,285.9778
548.8622: -1.330723,-2.851706,1.773547,299.5825
549.0845: -1.499288,-2.896286,1.783972,310.1939
549.3067: -1.630883,-2.953498,1.788152,326.0043
549.5289: -1.717615,-3.008896,1.795549,344.5448
549.7511: -1.756688,-3.031613,1.798639,353.6405
549.9733: -1.762118,-3.046922,1.798353,354.633
550.1956: -1.770964,-3.067875,1.80045,355.4963
550.4178: -1.780149,-3.081672,1.819966,355.5417
550.64: -1.777098,-3.119513,1.86534,358.4795
550.8622: -1.772385,-3.151786,1.876486,7.582776
551.0845: -1.77596,-3.158024,1.871124,9.821042
551.3067: -1.784063,-3.132361,1.844791,5.169523
551.5289: -1.787044,-3.108384,1.825606,2.78234
551.7511: -1.787644,-3.09295,1.814467,0.5473497
551.9733: -1.785708,-3.088305,1.809852,359.4711
552.1956: -1.781372,-3.085667,1.808786,358.8974
552.4178: -1.772577,-3.085093,1.811213,358.202
552.64: -1.772457,-3.082459,1.811424,355.345
552.8622: -1.775423,-3.078424,1.808558,353.8298
553.0845: -1.786803,-3.063103,1.768753,349.5291
553.3067: -1.814592,-3.047005,1.726597,337.2623
553.5289: -1.833351,-3.034502,1.720775,328.9135
553.7511: -1.80116,-3.015926,1.750408,350.4447
553.9733: -1.751312,-3.028384,1.788763,10.91656
554.1956: -1.745936,-3.039731,1.798055,7.539788
554.4178: -1.751092,-3.052132,1.806682,2.126134
554.64: -1.738709,-3.057768,1.810945,2.665998
Trial Result: Success object: Mailbox | Time Spent: 18.19213
Trial No.:15 Ends
Trial No.:18 Begins
User confirmed on object: Harp, this maze officially starts.
580.0623: 1.679303,-1.03535,1.828981,357.0179
580.2845: 1.708048,-1.057043,1.838679,0.8897647
580.5067: 1.734717,-1.083414,1.83884,8.248102
580.7289: 1.742223,-1.084957,1.83526,8.329139
580.9511: 1.736601,-1.069428,1.83084,3.502629
581.1733: 1.729685,-1.056116,1.830811,0.3194236
581.3956: 1.650352,-1.021291,1.828202,328.2792
581.6178: 1.505322,-0.9848357,1.800204,292.5415
581.84: 1.359039,-0.9066337,1.788139,288.6552
582.0623: 1.221765,-0.7863232,1.764663,293.5973
582.2845: 1.058053,-0.6108625,1.752037,300.529
582.5067: 0.8745962,-0.4313295,1.784605,302.9904
582.7289: 0.6840339,-0.2773728,1.76354,304.7267
582.9511: 0.4482344,-0.09497954,1.746007,313.0221
583.1733: 0.2165568,0.1135912,1.773448,317.436
583.3956: 0.02597301,0.3461097,1.728051,320.3763
583.6178: -0.1706445,0.6145478,1.748357,320.4248
583.84: -0.3865611,0.8376894,1.744468,317.1899
584.0623: -0.6164597,1.043165,1.73232,315.2706
584.2845: -0.8368237,1.239609,1.757524,312.9838
584.5067: -1.030399,1.451471,1.717071,315.12
584.7289: -1.208568,1.64928,1.725117,322.4181
584.9511: -1.354083,1.816043,1.707513,343.6663
585.1733: -1.483387,1.953325,1.687196,24.67277
585.3956: -1.580723,2.013453,1.709869,62.58731
585.6178: -1.650199,1.998468,1.717548,97.01221
585.84: -1.766903,1.942663,1.714284,139.5471
586.0623: -1.892771,1.883274,1.733234,177.6186
586.2845: -1.998682,1.762363,1.737365,187.3721
586.5067: -2.14366,1.56821,1.718907,187.9677
586.7289: -2.256065,1.374862,1.729786,189.5031
586.9511: -2.318389,1.17418,1.702337,189.8381
587.1733: -2.367667,0.9289651,1.735203,189.5357
587.3956: -2.430604,0.7118053,1.737533,180.3227
587.6178: -2.493164,0.5149449,1.727853,161.7462
Trial Result: Success object: Telescope | Time Spent: 7.929371
Trial No.:18 Ends
Trial No.:1 Begins
User confirmed on object: Stove, this maze officially starts.
600.9622: -2.928438,3.036601,1.716745,266.9503
601.1844: -2.910255,3.04501,1.715514,264.5733
601.4067: -2.893104,3.064701,1.728658,262.3641
601.6289: -2.876549,3.073102,1.735082,260.8331
601.8511: -2.869221,3.07808,1.740266,259.8326
602.0734: -2.858095,3.079721,1.750072,259.8387
602.2956: -2.86044,3.076469,1.751725,259.6524
602.5178: -2.862224,3.07184,1.74981,260.1758
602.74: -2.866483,3.061646,1.747036,258.5372
602.9622: -2.891996,3.051872,1.731346,258.5474
603.1844: -2.952234,3.021591,1.716718,257.9002
603.4067: -2.990842,3.004981,1.727535,259.5871
603.6289: -3.010748,3.000678,1.727901,261.0496
603.8511: -3.019598,2.999618,1.731852,259.3461
604.0734: -2.973002,2.997666,1.779436,253.4796
604.2956: -2.922344,3.007298,1.776884,255.3806
604.5178: -2.872514,3.019103,1.776283,253.4596
604.74: -2.815213,3.005729,1.770415,235.4312
604.9622: -2.741861,2.994126,1.767686,239.8543
605.1844: -2.681917,3.011079,1.763366,268.446
605.4067: -2.592783,3.054331,1.762012,285.6487
605.6289: -2.509516,3.064682,1.754548,277.7009
605.8511: -2.399557,2.968098,1.759245,246.5758
606.0734: -2.222383,2.836292,1.750352,205.2277
606.2956: -2.051032,2.761057,1.748387,171.5668
606.5178: -1.925025,2.716602,1.740935,149.6964
606.74: -1.827512,2.682371,1.739022,127.044
606.9622: -1.759962,2.713134,1.750782,106.4804
607.1844: -1.740874,2.748568,1.745438,103.2848
607.4067: -1.737604,2.745072,1.745158,105.8575
607.6289: -1.727761,2.734925,1.744937,106.9464
607.8511: -1.7148,2.7293,1.74411,106.8344
608.0734: -1.71108,2.726634,1.744605,106.1027
608.2956: -1.713082,2.718573,1.745434,106.3166
608.5178: -1.715206,2.707574,1.745193,106.7721
608.74: -1.710515,2.696073,1.74383,106.918
608.9622: -1.723397,2.631664,1.742281,126.5281
609.1844: -1.783083,2.519457,1.733678,156.9516
609.4067: -1.836442,2.422442,1.736644,175.842
609.6289: -1.849223,2.333482,1.738036,179.6586
609.8511: -1.835406,2.24509,1.73427,179.4169
610.0734: -1.838468,2.164826,1.742419,178.8086
610.2956: -1.883668,2.08735,1.745486,178.9136
610.5178: -1.946112,2.014042,1.739536,174.7805
610.74: -1.98109,1.938212,1.740062,171.2541
610.9622: -1.990699,1.844548,1.73458,165.8327
611.1844: -1.968102,1.739921,1.727509,160.4283
611.4067: -1.942348,1.633473,1.7412,159.1587
611.6289: -1.940049,1.526545,1.746528,159.3901
611.8511: -1.977764,1.412819,1.736706,164.4441
612.0734: -2.056026,1.296189,1.738319,168.7788
612.2956: -2.12543,1.198621,1.751512,167.1083
612.5178: -2.184252,1.120899,1.755031,167.0337
612.74: -2.225504,1.066123,1.749226,168.4071
612.9622: -2.240004,1.025226,1.746261,172.7913
613.1844: -2.206624,1.002907,1.749227,169.0641
613.4067: -2.102993,1.006964,1.755592,139.9903
613.6289: -1.963202,1.040241,1.752598,113.7916
613.8511: -1.783335,1.076245,1.751769,97.86236
614.0734: -1.595844,1.100212,1.752715,81.90191
614.2956: -1.417729,1.065691,1.740744,85.89309
614.5178: -1.219535,1.008267,1.722279,92.49167
614.74: -0.9875429,0.9308096,1.743508,94.9695
614.9622: -0.7694601,0.9178944,1.745467,97.71216
615.1844: -0.5146188,0.9414878,1.722093,98.13991
615.4067: -0.2278592,0.9738492,1.753797,97.56553
615.6289: 0.0471318,0.9776854,1.736481,97.07551
615.8511: 0.3271163,0.9624476,1.728018,92.11961
616.0734: 0.5671602,0.9759765,1.751639,90.7877
616.2956: 0.8162498,1.007799,1.727043,92.19608
616.5178: 1.090855,1.050943,1.750255,91.68912
616.74: 1.348806,1.056069,1.748021,92.3883
616.9622: 1.61279,1.053214,1.721471,85.49063
617.1844: 1.848179,1.087842,1.739598,60.60072
617.4067: 2.037788,1.142762,1.720408,29.66899
617.6289: 2.196441,1.181779,1.709413,17.33698
617.8511: 2.309948,1.206739,1.714278,8.337691
618.0734: 2.344368,1.212486,1.740727,346.3498
618.2956: 2.236465,1.127347,1.767304,296.1483
618.5178: 2.192924,1.05422,1.761998,269.5005
618.74: 2.176283,1.080219,1.759876,275.1541
618.9622: 2.216353,1.205464,1.751042,308.415
619.1844: 2.326001,1.363948,1.728931,340.9725
619.4067: 2.382328,1.532598,1.716425,350.8925
619.6289: 2.356403,1.758447,1.72762,350.6956
619.8511: 2.31617,1.983537,1.727583,336.4764
620.0734: 2.284715,2.213529,1.697442,329.2437
620.2956: 2.22305,2.451247,1.708681,309.639
620.5178: 2.110842,2.598596,1.699351,267.8028
620.74: 2.032441,2.730894,1.690754,240.851
620.9622: 1.975074,2.860398,1.703032,241.1241
621.1844: 1.922859,2.969567,1.718493,277.5345
621.4067: 1.864195,2.883603,1.707917,222.436
621.6289: 1.739974,2.832572,1.704149,242.1844
621.8511: 1.628271,2.687747,1.720561,228.0688
622.0734: 1.522141,2.529824,1.723068,197.2581
622.2956: 1.347082,2.418988,1.710678,219.3728
622.5178: 1.172914,2.273073,1.722094,215.8734
622.74: 1.025887,2.087095,1.7287,213.8372
622.9622: 0.8898234,1.88295,1.712439,217.4305
623.1844: 0.7626219,1.667465,1.7396,216.8034
623.4067: 0.6293738,1.478905,1.731405,213.873
623.6289: 0.4805175,1.290833,1.727061,210.3881
623.8511: 0.3690409,1.094292,1.745317,205.298
624.0734: 0.274542,0.8760904,1.720968,198.847
624.2956: 0.1886345,0.6334947,1.745889,193.1313
624.5178: 0.0999623,0.4085093,1.746989,188.9594
624.74: 0.01787226,0.1679735,1.73418,179.4399
624.9622: 0.001334999,-0.05834937,1.765797,163.5398
625.1844: 0.0510046,-0.2561573,1.743487,149.3271
625.4067: 0.1557085,-0.4536251,1.744433,130.0478
625.6289: 0.2337766,-0.6107446,1.758118,97.94473
625.8511: 0.2912245,-0.7680205,1.75207,84.11314
626.0734: 0.3448039,-0.9280475,1.7725,81.81232
626.2956: 0.4133251,-1.037101,1.781986,83.82338
626.5178: 0.4998693,-1.110483,1.778096,95.30678
626.74: 0.6245548,-1.140939,1.772883,105.6505
626.9622: 0.7874669,-1.152046,1.789743,110.4866
627.1844: 0.9241327,-1.189751,1.786492,111.7631
627.4067: 1.062601,-1.290452,1.758943,111.1007
627.6289: 1.225956,-1.455582,1.766735,109.5529
627.8511: 1.410832,-1.570314,1.78831,109.4462
628.0734: 1.606378,-1.624511,1.7634,108.5304
628.2956: 1.819189,-1.676882,1.768725,111.8798
628.5178: 1.980329,-1.751528,1.789768,113.5254
Trial Result: Success object: Well | Time Spent: 27.85377
Trial No.:1 Ends
Trial No.:8 Begins
User confirmed on object: Plant, this maze officially starts.
648.1289: -2.733259,-2.125844,1.843759,282.3885
648.3511: -2.73188,-2.127273,1.845917,282.4138
648.5734: -2.698342,-2.11083,1.84787,295.833
648.7956: -2.64084,-2.088927,1.844186,313.6113
649.0178: -2.613391,-2.086497,1.838738,312.025
649.24: -2.624023,-2.092134,1.82711,297.871
649.4622: -2.640234,-2.101982,1.796051,285.5374
649.6844: -2.647143,-2.093595,1.794792,285.8745
649.9067: -2.681978,-2.116083,1.793392,263.1083
650.1289: -2.662505,-2.169192,1.795841,215.3509
650.3511: -2.634689,-2.157498,1.797945,193.6502
650.5734: -2.664392,-2.128809,1.799054,204.6666
650.7956: -2.743136,-2.060088,1.806001,254.4392
651.0178: -2.766963,-1.989418,1.811839,304.9986
651.24: -2.725739,-1.951082,1.812883,356.6312
651.4622: -2.651973,-1.95405,1.806527,35.39678
651.6844: -2.56583,-1.960182,1.805846,55.95667
651.9067: -2.500162,-1.950235,1.802481,59.74934
652.1289: -2.476377,-1.910058,1.804586,56.14833
652.3511: -2.483364,-1.880746,1.798649,56.11225
652.5734: -2.475263,-1.875263,1.804009,57.27961
652.7956: -2.430994,-1.858237,1.797029,61.35794
653.0178: -2.350838,-1.867807,1.779773,74.44874
653.24: -2.227172,-1.932261,1.759293,88.60897
653.4622: -2.049343,-2.024775,1.782046,90.41577
653.6844: -1.879888,-2.08923,1.794937,93.06493
653.9067: -1.68641,-2.138779,1.769109,93.66832
654.1289: -1.43418,-2.183652,1.779178,92.45774
654.3511: -1.188188,-2.241664,1.799508,93.1107
654.5734: -0.9365923,-2.299045,1.769082,94.03436
654.7956: -0.6691056,-2.352357,1.78739,89.44662
655.0178: -0.4325125,-2.361485,1.793011,87.51969
655.24: -0.1787219,-2.359928,1.772691,88.52534
655.4622: 0.06881493,-2.369675,1.794464,86.29382
655.6844: 0.279972,-2.388266,1.778315,72.03347
655.9067: 0.5097821,-2.471653,1.774193,78.82143
656.1289: 0.7035841,-2.534901,1.772786,74.87844
656.3511: 0.8815316,-2.556657,1.736213,59.87437
656.5734: 1.02648,-2.55133,1.757648,42.15197
656.7956: 1.08428,-2.574147,1.770421,3.380895
657.0178: 1.107575,-2.698064,1.768576,326.9101
657.24: 1.170234,-2.816376,1.778234,322.7893
657.4622: 1.230028,-2.868975,1.796346,345.2429
657.6844: 1.348385,-2.918849,1.814421,55.85657
657.9067: 1.407808,-2.955482,1.80631,83.93462
658.1289: 1.50397,-2.907938,1.804419,68.22126
658.3511: 1.595778,-2.798676,1.815037,24.02043
658.5734: 1.656104,-2.693954,1.807501,3.769215
658.7956: 1.73168,-2.534289,1.778793,4.50292
659.0178: 1.789721,-2.29087,1.794441,6.87651
659.24: 1.847969,-2.046182,1.791852,4.458446
659.4622: 1.913754,-1.811622,1.753292,359.4544
659.6844: 1.96268,-1.56732,1.777862,354.6355
659.9067: 1.936656,-1.362594,1.768526,353.4387
660.1289: 1.862274,-1.148631,1.75786,355.1831
660.3511: 1.811947,-0.9490691,1.773197,354.9967
660.5734: 1.795823,-0.7800327,1.747463,354.3334
Trial Result: Success object: Harp | Time Spent: 12.80517
Trial No.:8 Ends
Trial No.:21 Begins
User confirmed on object: Mailbox, this maze officially starts.
673.2067: -1.782753,-3.029233,1.858275,7.209641
673.4289: -1.787391,-3.041906,1.862258,7.147186
673.6511: -1.795452,-3.043428,1.861327,3.540808
673.8734: -1.798799,-3.039858,1.855378,1.933617
674.0956: -1.811336,-3.030897,1.865908,353.974
674.3178: -1.862629,-3.052987,1.863552,326.6174
674.54: -1.933708,-3.111185,1.850123,306.9783
674.7623: -2.003659,-3.176576,1.837915,298.8109
674.9844: -2.019465,-3.217351,1.832184,312.9698
675.2067: -1.962236,-3.223694,1.814297,348.7433
675.4289: -1.921507,-3.231863,1.811152,5.066331
675.6511: -1.918244,-3.222224,1.811126,6.399447
675.8734: -1.924363,-3.190755,1.81006,6.287304
676.0956: -1.924507,-3.150779,1.812189,6.46818
676.3178: -1.897665,-3.093453,1.809744,4.758075
676.54: -1.859376,-3.012472,1.797162,0.8908103
676.7623: -1.841349,-2.886946,1.775513,358.209
676.9844: -1.863563,-2.712114,1.773818,1.047718
677.2067: -1.87435,-2.521487,1.796236,2.677878
677.4289: -1.852136,-2.326774,1.776719,5.91469
677.6511: -1.813809,-2.097315,1.769267,1.523439
677.8734: -1.817006,-1.860619,1.789522,354.8411
678.0956: -1.882831,-1.670171,1.767481,349.1801
678.3178: -2.014758,-1.469138,1.763414,352.0797
678.54: -2.150429,-1.246171,1.790395,355.1719
678.7623: -2.254306,-1.029068,1.75829,356.5762
678.9844: -2.342518,-0.7994946,1.745665,356.157
679.2067: -2.425805,-0.6104901,1.761802,6.4828
679.4289: -2.519247,-0.429533,1.743032,21.5537
679.6511: -2.610599,-0.2474364,1.765533,32.14587
679.8734: -2.617959,-0.08098877,1.757048,42.87009
680.0956: -2.521172,0.05472533,1.738137,62.82102
680.3178: -2.38495,0.1741988,1.748298,69.06431
680.54: -2.24952,0.3121251,1.735988,71.00191
680.7623: -2.086287,0.4651899,1.733953,76.28162
680.9844: -1.856979,0.5752668,1.746073,85.84779
681.2067: -1.588709,0.6183208,1.702353,93.24587
681.4289: -1.278351,0.6430293,1.728011,89.85471
681.6511: -1.013356,0.7107806,1.741444,87.3654
681.8734: -0.7208664,0.7904577,1.718943,87.94907
682.0956: -0.4063582,0.8434476,1.761816,88.89767
682.3178: -0.09460378,0.8521425,1.721746,91.07364
682.54: 0.2293985,0.8557441,1.736094,90.3504
682.7623: 0.5091821,0.8881456,1.746354,90.32742
682.9844: 0.8126019,0.9182371,1.735071,91.26739
683.2067: 1.106289,0.9154749,1.761834,89.92626
683.4289: 1.398477,0.886797,1.725904,91.03208
683.6511: 1.687673,0.8688242,1.75277,88.05762
683.8734: 1.933541,0.8960768,1.744293,84.28867
684.0956: 2.195189,0.9449808,1.737654,85.40343
684.3178: 2.428159,0.9640266,1.759433,84.75449
684.54: 2.657728,0.9602581,1.722157,85.10595
684.7623: 2.894114,0.9526029,1.726124,80.53849
Trial Result: Success object: Trashcan | Time Spent: 11.97287
Trial No.:21 Ends
Trial No.:5 Begins
User confirmed on object: Table, this maze officially starts.
709.7511: -1.833986,2.047045,1.766434,87.82072
709.9733: -1.86886,2.04277,1.783586,91.14393
710.1956: -1.902546,2.029083,1.784043,99.57938
710.4178: -1.916693,2.027473,1.776577,98.84116
710.64: -1.912421,2.031713,1.773281,94.34567
710.8622: -1.899252,2.033012,1.773861,91.59217
711.0845: -1.879214,2.034593,1.77561,89.28716
711.3067: -1.848355,2.06484,1.780243,85.60717
711.5289: -1.82534,2.163259,1.771155,76.39506
711.7511: -1.807064,2.290051,1.76237,65.05364
711.9733: -1.807927,2.425636,1.756261,24.39466
712.1956: -1.842239,2.506963,1.726536,319.0219
712.4178: -1.782774,2.57438,1.722759,301.8294
712.64: -1.625426,2.695107,1.726007,334.0121
712.8622: -1.405487,2.769012,1.724631,46.71059
713.0845: -1.246605,2.814358,1.709931,84.58186
713.3067: -1.089252,2.899109,1.710182,97.24761
713.5289: -0.8974749,2.947556,1.714392,101.5108
713.7511: -0.6825579,2.960819,1.688828,102.1732
713.9733: -0.4353855,2.969109,1.717366,102.0875
714.1956: -0.2086363,3.010952,1.722059,99.32973
714.4178: 0.0353843,3.073678,1.694919,101.1797
714.64: 0.2816884,3.115486,1.72836,105.522
714.8622: 0.5174944,3.104679,1.700735,108.0092
715.0845: 0.7805163,3.050496,1.703055,106.362
715.3067: 1.00885,3.020683,1.728015,107.2865
715.5289: 1.217869,3.013269,1.708732,111.4529
715.7511: 1.455027,3.01206,1.724646,117.9998
715.9733: 1.677971,2.964012,1.731078,121.7844
716.1956: 1.890438,2.867918,1.694251,126.2033
716.4178: 2.083809,2.737441,1.71191,132.1678
716.64: 2.225521,2.620713,1.728429,142.6625
716.8622: 2.340048,2.507721,1.712144,157.8446
717.0845: 2.406001,2.401299,1.738497,181.5663
717.3067: 2.419412,2.329578,1.739651,200.5504
717.5289: 2.425674,2.246699,1.738783,197.1908
717.7511: 2.441339,2.130175,1.730387,194.1319
717.9733: 2.478253,1.970889,1.732767,194.211
718.1956: 2.504882,1.791716,1.756412,202.5696
718.4178: 2.457782,1.597825,1.748079,210.5911
718.64: 2.345728,1.408182,1.718894,214.7933
718.8622: 2.209852,1.218491,1.729644,214.9514
719.0845: 2.133688,1.066186,1.748819,213.6483
Trial Result: Success object: Bookshelf | Time Spent: 9.706802
Trial No.:5 Ends
Trial No.:9 Begins
User confirmed on object: Bookshelf, this maze officially starts.
738.4733: 1.716587,0.9344931,1.80616,175.2747
738.6956: 1.726557,0.9462451,1.80689,167.6779
738.9178: 1.740325,0.9842711,1.803209,155.3688
739.14: 1.726768,1.03386,1.791981,161.278
739.3622: 1.683127,1.076492,1.778956,193.9213
739.5845: 1.68396,1.094963,1.773225,197.8459
739.8067: 1.705879,1.090723,1.778719,188.101
740.0289: 1.700065,1.083003,1.777208,194.5756
740.2511: 1.695815,1.069291,1.781245,194.8402
740.4733: 1.691353,1.056472,1.780601,194.0987
740.6956: 1.653353,1.049261,1.786734,209.7408
740.9178: 1.527133,1.114439,1.753727,267.7262
741.14: 1.39209,1.201495,1.738614,290.2866
741.3622: 1.220042,1.261752,1.732686,291.0937
741.5845: 1.020111,1.33757,1.72879,294.2417
741.8067: 0.7993444,1.435956,1.74847,298.7645
742.0289: 0.5749254,1.579429,1.717046,304.1311
742.2511: 0.3408579,1.738693,1.715806,301.1596
742.4733: 0.1082884,1.87104,1.718338,294.9372
742.6956: -0.1434062,1.993364,1.699787,294.9825
742.9178: -0.403232,2.123895,1.73336,293.3132
743.14: -0.6414431,2.263675,1.707687,292.8605
743.3622: -0.9011681,2.427361,1.706681,287.8362
743.5845: -1.170385,2.54011,1.717282,283.9151
743.8067: -1.456271,2.622652,1.688936,284.0752
744.0289: -1.743264,2.703279,1.720921,281.7484
744.2511: -2.019606,2.797873,1.693785,282.5054
744.4733: -2.290634,2.864276,1.692998,279.2036
744.6956: -2.515015,2.882762,1.702338,275.962
744.9178: -2.721877,2.886078,1.681088,276.9675
745.14: -2.87689,2.902871,1.705268,275.6339
Trial Result: Success object: Stove | Time Spent: 6.997379
Trial No.:9 Ends
Trial No.:24 Begins
User confirmed on object: Chair, this maze officially starts.
765.9622: 0.7813648,-2.882394,1.82608,357.0212
766.1844: 0.787314,-2.925086,1.86934,353.913
766.4067: 0.8153659,-2.980301,1.878488,357.1678
766.6289: 0.821443,-3.03785,1.872997,5.630795
766.8511: 0.7816036,-3.092548,1.859831,11.00455
767.0734: 0.7327647,-3.12471,1.863644,12.77657
767.2956: 0.7370805,-3.144854,1.853281,17.52252
767.5178: 0.8018031,-3.172888,1.833933,40.6043
767.74: 0.8498522,-3.186864,1.835261,43.10722
767.9622: 0.8671165,-3.195168,1.832485,39.63737
768.1844: 0.8363562,-3.181585,1.837035,13.2476
768.4067: 0.8039997,-3.179243,1.828658,357.8748
768.6289: 0.8002813,-3.175976,1.828338,357.0681
768.8511: 0.8051066,-3.150747,1.822101,351.4497
769.0734: 0.7895012,-3.075984,1.817078,345.4724
769.2956: 0.7375646,-2.958095,1.800861,345.9321
769.5178: 0.6893523,-2.822134,1.810132,351.1351
769.74: 0.679315,-2.677245,1.804189,357.4915
769.9622: 0.6916132,-2.509495,1.779888,359.0987
770.1844: 0.7266548,-2.304701,1.795201,358.9023
770.4067: 0.7566527,-2.112694,1.793852,14.41395
770.6289: 0.7843316,-1.927818,1.768269,41.27862
770.8511: 0.8060608,-1.732951,1.785604,65.03019
771.0734: 0.8639758,-1.559883,1.796019,70.94652
771.2956: 0.9715127,-1.411855,1.772514,70.02217
771.5178: 1.135748,-1.258863,1.783664,64.94484
771.74: 1.297463,-1.108598,1.785846,58.45581
771.9622: 1.47525,-0.9511157,1.752924,52.81887
772.1844: 1.690348,-0.7649773,1.777155,52.71368
772.4067: 1.914559,-0.6158323,1.765789,52.48555
772.6289: 2.155398,-0.4699538,1.741416,50.243
772.8511: 2.355916,-0.2932656,1.768339,45.31582
773.0734: 2.509708,-0.09819499,1.740741,39.20369
773.2956: 2.654866,0.1195515,1.755161,34.81648
773.5178: 2.799419,0.299908,1.761104,31.00019
773.74: 2.923779,0.4802821,1.7328,27.9813
Trial Result: Success object: Trashcan | Time Spent: 8.195259
Trial No.:24 Ends
Trial No.:17 Begins
User confirmed on object: Harp, this maze officially starts.
795.6067: 1.69898,-1.012043,1.832274,358.4113
795.8289: 1.695549,-1.04566,1.829552,355.2083
796.0511: 1.691856,-1.09866,1.814416,347.7751
796.2734: 1.730729,-1.135458,1.796076,14.51799
796.4955: 1.739338,-1.143874,1.79465,25.99314
796.7178: 1.724207,-1.123951,1.800756,25.10317
796.94: 1.696763,-1.090352,1.812878,14.73695
797.1622: 1.58428,-1.030283,1.821311,333.382
797.3845: 1.413833,-0.9800543,1.795931,311.5443
797.6067: 1.259018,-0.8777004,1.779192,305.6931
797.8289: 1.111881,-0.7233732,1.734059,307.7533
798.0511: 0.9353744,-0.5222799,1.747126,305.7346
798.2734: 0.7430283,-0.3591903,1.766324,308.5635
798.4955: 0.5256352,-0.1950559,1.726586,313.9943
798.7178: 0.275996,0.008875614,1.769196,317.41
798.94: 0.07493982,0.2503649,1.745045,317.9684
799.1622: -0.1259126,0.5202882,1.741362,315.6263
799.3845: -0.3553892,0.7382813,1.754854,313.8502
799.6067: -0.6051002,0.9686338,1.726866,313.4485
799.8289: -0.8284073,1.228127,1.752972,316.3415
800.0511: -1.037738,1.494625,1.709062,319.8568
800.2734: -1.281901,1.729461,1.732068,313.2343
800.4955: -1.548239,1.933029,1.694215,309.5162
800.7178: -1.831053,2.155081,1.713838,305.7985
800.94: -2.072422,2.370645,1.702501,306.2931
801.1622: -2.334639,2.563764,1.688539,300.6896
801.3845: -2.574648,2.672886,1.705582,293.8322
801.6067: -2.782613,2.747129,1.672356,293.1958
Trial Result: Success object: Stove | Time Spent: 6.385338
Trial No.:17 Ends
Trial No.:19 Begins
User confirmed on object: Well, this maze officially starts.
821.04: 1.777412,-1.921323,1.842089,97.24213
821.2623: 1.785397,-1.915968,1.847269,96.08211
821.4844: 1.762102,-1.939158,1.842504,103.414
821.7067: 1.737899,-1.968842,1.837794,113.8649
821.9289: 1.739603,-1.983637,1.834529,111.9458
822.1511: 1.758195,-1.98417,1.830514,105.4572
822.3734: 1.777798,-1.984795,1.830115,102.9327
822.5956: 1.788838,-2.003431,1.837514,114.5559
822.8178: 1.801712,-2.006158,1.83286,116.5459
823.04: 1.80614,-2.005101,1.834418,115.8842
823.2623: 1.802046,-2.011238,1.825926,134.2751
823.4844: 1.710621,-2.017631,1.813671,198.8032
823.7067: 1.542233,-1.940495,1.814965,255.364
823.9289: 1.344104,-1.85235,1.807123,276.9477
824.1511: 1.12056,-1.798206,1.807698,278.0453
824.3734: 0.9046878,-1.772813,1.773579,285.7062
824.5956: 0.6621326,-1.787147,1.765409,295.518
824.8178: 0.4147564,-1.762018,1.80022,300.9652
825.04: 0.1785587,-1.69644,1.772543,305.8789
825.2623: -0.07858169,-1.622061,1.78897,303.5871
825.4844: -0.3370424,-1.562492,1.790166,300.8369
825.7067: -0.6171777,-1.487517,1.768459,299.4029
825.9289: -0.8963785,-1.397986,1.795677,293.8869
826.1511: -1.168127,-1.287171,1.754595,292.7644
826.3734: -1.444681,-1.170163,1.766665,295.8759
826.5956: -1.705002,-1.116059,1.755443,296.9693
826.8178: -1.980719,-1.046857,1.758978,314.058
827.04: -2.197049,-0.9211131,1.783469,337.5635
827.2623: -2.369941,-0.7675438,1.740555,355.4961
827.4844: -2.519942,-0.6012863,1.750947,7.541616
827.7067: -2.653147,-0.4260249,1.746054,13.51017
827.9289: -2.771723,-0.2123384,1.753594,18.8733
828.1511: -2.801251,0.00987556,1.759592,29.57007
828.3734: -2.765277,0.240444,1.7329,34.87873
828.5956: -2.698584,0.4804633,1.743671,37.51491
828.8178: -2.61619,0.7280217,1.730824,39.97728
829.04: -2.501673,0.9780363,1.73789,44.58112
829.2623: -2.33915,1.190186,1.732395,49.54041
829.4844: -2.152311,1.383088,1.70767,50.59583
829.7067: -2.002455,1.566744,1.720716,52.08171
829.9289: -1.86147,1.745499,1.699191,59.33431
Trial Result: Success object: Table | Time Spent: 9.195541
Trial No.:19 Ends
Trial No.:16 Begins
User confirmed on object: Wheelbarrow, this maze officially starts.
850.8178: 0.04985168,-0.01365199,1.823284,267.5963
851.04: 0.05609107,-0.02098238,1.825877,260.4883
851.2623: 0.08714043,-0.02686603,1.825216,250.7839
851.4844: 0.1243674,0.004156451,1.817206,267.2988
851.7067: 0.1457564,0.02439133,1.810187,278.7495
851.9289: 0.1547227,0.04026067,1.806085,289.782
852.1511: 0.1582491,0.0541653,1.804104,298.2346
852.3734: 0.1525975,0.04865889,1.804662,295.3918
852.5956: 0.1432087,0.03556868,1.807347,290.2043
852.8178: 0.1238578,0.01840366,1.814232,282.7021
853.04: 0.1374218,-0.1012319,1.821564,224.8726
853.2623: 0.2722088,-0.2420876,1.780874,167.6541
853.4844: 0.3650271,-0.3472081,1.777858,149.0476
853.7067: 0.4050401,-0.4822166,1.757332,149.4321
853.9289: 0.4533983,-0.6478521,1.737662,142.1734
854.1511: 0.5306325,-0.8163879,1.770475,132.5677
854.3734: 0.6354925,-0.9511907,1.768412,128.0397
854.5956: 0.7749534,-1.097431,1.7618,127.3416
854.8178: 0.9027327,-1.251895,1.799535,131.5723
855.04: 0.9626243,-1.362499,1.788437,137.173
855.2623: 0.9292184,-1.421452,1.782359,162.5875
855.4844: 0.7770799,-1.406042,1.789285,229.3069
855.7067: 0.6112221,-1.38746,1.791258,251.8896
855.9289: 0.4034854,-1.379452,1.782005,260.045
856.1511: 0.2091101,-1.38769,1.785851,261.2707
856.3734: 0.0001170067,-1.416549,1.766071,263.6548
856.5956: -0.2256106,-1.480778,1.789438,262.455
856.8178: -0.4562026,-1.52651,1.78891,250.2701
857.04: -0.6986421,-1.538092,1.762164,249.3142
857.2623: -0.949675,-1.585541,1.788074,247.2586
857.4844: -1.167374,-1.710741,1.766518,239.2397
857.7067: -1.369167,-1.871438,1.768802,238.9583
857.9289: -1.547462,-1.993118,1.789214,235.9728
858.1511: -1.748447,-2.083662,1.764937,253.8376
858.3734: -1.951865,-2.164179,1.777738,260.635
858.5956: -2.139248,-2.237793,1.782441,266.5973
858.8178: -2.341539,-2.313736,1.781041,276.0121
859.04: -2.542465,-2.329009,1.806648,283.6207
859.2623: -2.713172,-2.288978,1.781127,289.358
Trial Result: Success object: Plant | Time Spent: 8.851315
Trial No.:16 Ends
Trial No.:23 Begins
User confirmed on object: Chair, this maze officially starts.
878.9178: 0.8769318,-2.900034,1.869435,356.4431
879.14: 0.8644016,-2.942247,1.870881,334.6548
879.3622: 0.877277,-2.994052,1.858242,329.7521
879.5845: 0.9341714,-3.019657,1.843577,10.95885
879.8067: 0.9465331,-3.040046,1.831935,26.1925
880.0289: 0.9445726,-3.038147,1.83102,33.95712
880.2512: 0.93678,-2.999652,1.835876,31.54535
880.4733: 0.9294481,-2.954797,1.840344,26.07415
880.6956: 0.9237171,-2.934521,1.839232,24.07358
880.9178: 0.9285049,-2.919092,1.839342,25.05496
881.14: 0.9420089,-2.891218,1.842165,24.91088
881.3622: 0.9724013,-2.83633,1.846825,23.74321
881.5845: 1.002654,-2.753641,1.840392,17.02209
881.8067: 1.01465,-2.677842,1.828992,14.1553
882.0289: 1.017628,-2.65499,1.825597,13.51102
882.2512: 1.008035,-2.281345,1.822629,8.562319
882.4733: 1.029458,-2.09611,1.814159,8.312644
882.6956: 1.060429,-1.911371,1.803646,4.449159
882.9178: 1.066728,-1.742336,1.810994,1.00802
883.14: 1.042269,-1.574106,1.790255,359.5052
883.3622: 0.9540395,-1.382181,1.788176,342.5771
883.5845: 0.9160782,-1.18686,1.797467,339.4052
883.8067: 0.9420861,-0.9775772,1.769187,356.2539
884.0289: 0.9816898,-0.7518026,1.777611,358.4883
884.2512: 0.9895431,-0.5561838,1.781971,358.9088
884.4733: 0.9849893,-0.3691674,1.761415,2.300734
884.6956: 1.012631,-0.1743621,1.757422,27.89774
884.9178: 1.074713,0.00192111,1.747148,47.40053
885.14: 1.145596,0.2066396,1.718783,52.86006
885.3622: 1.227286,0.4186,1.73836,59.50592
885.5845: 1.274962,0.576181,1.737633,84.85995
885.8067: 1.284736,0.7555643,1.718377,104.7254
886.0289: 1.304313,0.9913471,1.738522,83.10046
886.2512: 1.297595,1.254832,1.731865,33.69592
886.4733: 1.326429,1.489733,1.7127,9.685884
886.6956: 1.37514,1.691074,1.726578,2.087628
886.9178: 1.413885,1.884613,1.701977,6.479795
887.14: 1.433142,2.115396,1.700183,17.666
887.3622: 1.485157,2.322384,1.718707,37.91363
887.5845: 1.549364,2.46651,1.69159,67.38522
887.8067: 1.588343,2.572263,1.683999,98.58234
888.0289: 1.585852,2.676066,1.697293,123.551
Trial Result: Success object: Piano | Time Spent: 9.537487
Trial No.:23 Ends
