Participant ID: 415
Maze Mode: testing
Trial No.:23 Begins
User confirmed on object: Chair, this maze officially starts.
77.31333: 0.9377815,-3.095795,1.558194,351.5901
77.53556: 0.9243386,-3.122348,1.57305,352.9533
77.75778: 0.9021068,-3.158137,1.599358,350.082
77.98: 0.8897948,-3.192672,1.602213,348.7191
78.20222: 0.8978825,-3.221821,1.596333,354.9453
78.42445: 0.938869,-3.254656,1.58958,357.0656
78.64667: 0.995867,-3.276645,1.591633,353.3406
78.86889: 1.049571,-3.283169,1.588948,348.1779
79.09111: 1.054999,-3.299049,1.592652,331.2989
79.31333: 1.054639,-3.305589,1.594567,331.1583
79.53556: 1.084457,-3.292997,1.590326,0.3317744
79.75778: 1.0957,-3.292292,1.58529,20.24689
79.98: 1.081758,-3.276977,1.567566,21.33738
80.20222: 1.094878,-3.264158,1.54324,31.89032
80.42445: 1.105603,-3.261734,1.543407,38.36288
80.64667: 1.132264,-3.246147,1.529012,37.87853
80.86889: 1.214073,-3.2096,1.520741,33.92436
81.09111: 1.33623,-3.166064,1.517838,29.60185
81.31333: 1.417771,-3.112962,1.539634,22.26081
81.53556: 1.465483,-3.034892,1.531778,14.48278
81.75778: 1.504281,-2.926938,1.520707,15.68013
81.98: 1.541655,-2.780189,1.527888,17.592
82.20222: 1.585981,-2.644336,1.542544,19.80771
82.42445: 1.640501,-2.487435,1.530983,19.52201
82.64667: 1.721665,-2.311013,1.522436,14.67424
82.86889: 1.792787,-2.138,1.545729,19.20094
83.09111: 1.819979,-1.961703,1.527875,21.62094
83.31333: 1.830532,-1.772025,1.530703,28.88173
83.53556: 1.895777,-1.635008,1.539767,53.04871
83.75778: 1.984364,-1.549049,1.52376,71.53862
83.98: 2.102895,-1.444961,1.523385,65.15907
84.20222: 2.200468,-1.31976,1.541383,43.06638
84.42445: 2.279248,-1.206702,1.532398,31.25594
84.64667: 2.353468,-1.071464,1.528647,28.68446
84.86889: 2.420757,-0.9306027,1.540923,24.43468
85.09111: 2.481415,-0.7944386,1.542253,14.28772
85.31333: 2.567544,-0.6460723,1.521318,2.588498
85.53556: 2.677484,-0.4896007,1.541867,4.102142
85.75778: 2.732193,-0.3223891,1.54257,6.462192
85.98: 2.734045,-0.1316033,1.520826,6.103937
86.20222: 2.718451,0.0620991,1.54273,4.615551
86.42445: 2.723547,0.2336823,1.548313,2.022585
86.64667: 2.724333,0.4144537,1.521728,338.477
86.86889: 2.72441,0.5672483,1.536219,295.8965
87.09111: 2.733207,0.7146176,1.544235,281.1679
87.31333: 2.733335,0.8229036,1.532186,287.0964
87.53556: 2.668587,1.025744,1.528023,280.8206
87.75778: 2.692749,1.246359,1.549704,331.8726
87.98: 2.713105,1.432357,1.528673,351.7841
88.20222: 2.731416,1.627594,1.536086,354.2533
88.42445: 2.719323,1.819757,1.547717,350.5857
88.64667: 2.664983,2.004433,1.522155,340.1827
88.86889: 2.57455,2.186321,1.526155,323.5424
89.09111: 2.520598,2.351383,1.546656,308.9354
89.31333: 2.483211,2.52372,1.527509,295.0649
89.53556: 2.452863,2.704599,1.535527,279.2251
89.75778: 2.400229,2.830567,1.544896,262.1228
89.98: 2.328876,2.895902,1.518554,242.0371
90.20222: 2.249262,2.945048,1.513362,231.1094
90.42445: 2.158841,2.99577,1.530938,217.0873
90.64667: 2.045342,3.030084,1.53414,203.4285
Trial Result: Success object: Piano | Time Spent: 13.60575
Trial No.:23 Ends
Trial No.:11 Begins
User confirmed on object: Trashcan, this maze officially starts.
111.9133: 2.501108,0.9536306,1.557097,84.03143
112.1356: 2.459744,0.9601996,1.586901,83.43147
112.3578: 2.433365,0.9601691,1.591642,82.41985
112.58: 2.418501,0.9496706,1.587085,86.69665
112.8022: 2.407766,0.9506031,1.581583,85.20916
113.0244: 2.408248,0.953734,1.578749,80.06522
113.2467: 2.420795,0.9397438,1.567461,82.90395
113.4689: 2.428272,0.9475942,1.558007,75.54551
113.6911: 2.37971,1.006757,1.54877,22.75669
113.9133: 2.350876,0.9998087,1.538997,353.8406
114.1356: 2.366897,1.022209,1.535718,356.2548
114.3578: 2.370539,1.101662,1.528682,3.513914
114.58: 2.341197,1.218527,1.520709,4.561416
114.8022: 2.330077,1.342662,1.541292,1.289511
115.0244: 2.362452,1.485471,1.515978,0.1255318
115.2467: 2.439501,1.653322,1.508914,355.3447
115.4689: 2.483599,1.824825,1.533206,343.2988
115.6911: 2.464025,1.985979,1.524,332.567
115.9133: 2.401848,2.164566,1.510419,330.9203
116.1356: 2.338742,2.323964,1.540176,319.3814
116.3578: 2.303079,2.46273,1.537296,302.6838
116.58: 2.287862,2.614375,1.531418,288.5507
116.8022: 2.253396,2.744771,1.543271,271.1761
117.0244: 2.207273,2.813555,1.536222,253.8447
117.2467: 2.124439,2.875944,1.531417,259.7861
117.4689: 1.990049,2.91959,1.529378,273.9413
117.6911: 1.835775,2.93097,1.534963,273.4986
117.9133: 1.673673,2.942112,1.533842,268.3196
118.1356: 1.471577,2.991807,1.505613,266.798
118.3578: 1.247653,3.065796,1.536659,267.3575
118.58: 1.037894,3.086106,1.546692,268.1415
118.8022: 0.8139589,3.062474,1.509266,266.4761
119.0244: 0.5862449,3.04044,1.542698,266.2106
119.2467: 0.3726863,3.04986,1.539064,267.5053
119.4689: 0.1466251,3.079101,1.513486,263.1113
119.6911: -0.07831235,3.113064,1.546042,262.651
119.9133: -0.2886986,3.112738,1.528058,262.9746
120.1356: -0.5068786,3.078877,1.52465,262.0789
120.3578: -0.7235925,3.068232,1.55113,260.604
120.58: -0.9458282,3.070946,1.521209,254.7102
120.8022: -1.160496,3.077486,1.52949,238.5576
121.0244: -1.347381,3.076571,1.547894,243.3793
121.2467: -1.451142,2.983375,1.52486,206.7161
121.4689: -1.542907,2.886112,1.522663,179.7513
121.6911: -1.672778,2.797337,1.535649,183.3751
121.9133: -1.811905,2.69055,1.530785,197.7955
122.1356: -1.902574,2.568925,1.548017,186.1912
122.3578: -1.951026,2.425132,1.535729,180.2257
122.58: -1.963585,2.270747,1.51783,187.1421
122.8022: -1.93251,2.083219,1.527774,191.9843
123.0244: -1.933399,1.921874,1.548015,190.2745
123.2467: -1.977117,1.786881,1.539867,191.9049
123.4689: -2.066119,1.632548,1.525953,188.6226
123.6911: -2.194393,1.470663,1.554744,185.9889
123.9133: -2.270274,1.323839,1.554757,186.0743
124.1356: -2.323885,1.148888,1.51798,186.9659
124.3578: -2.342494,0.9646956,1.522361,180.8803
124.58: -2.371912,0.8373958,1.527892,174.9037
124.8022: -2.423032,0.7347697,1.521474,165.8312
Trial Result: Success object: Telescope | Time Spent: 13.29379
Trial No.:11 Ends
Trial No.:19 Begins
User confirmed on object: Well, this maze officially starts.
139.0578: 1.776442,-2.050747,1.570389,86.47274
139.28: 1.708147,-2.07105,1.59117,82.03442
139.5022: 1.662093,-2.103535,1.582381,80.72314
139.7244: 1.632761,-2.152006,1.584439,91.9571
139.9467: 1.613669,-2.191681,1.578261,111.11
140.1689: 1.617765,-2.15904,1.56598,94.40913
140.3911: 1.601006,-2.068429,1.551598,54.07977
140.6133: 1.580323,-1.984457,1.549052,31.0034
140.8356: 1.56268,-1.918481,1.549765,14.58279
141.0578: 1.524724,-1.882073,1.541234,351.7648
141.28: 1.488116,-1.93559,1.525026,310.841
141.5022: 1.522612,-2.007002,1.527798,283.1272
141.7244: 1.54211,-2.086409,1.536417,261.1746
141.9467: 1.549619,-2.198632,1.541045,246.4979
142.1689: 1.535235,-2.354512,1.543921,237.2644
142.3911: 1.489441,-2.50808,1.542263,239.0599
142.6133: 1.394113,-2.615686,1.535563,253.6839
142.8356: 1.254602,-2.703911,1.51154,260.1197
143.0578: 1.084938,-2.763299,1.524078,262.8701
143.28: 0.9264619,-2.827035,1.548032,268.9343
143.5022: 0.7370088,-2.917675,1.516236,272.3104
143.7244: 0.5378749,-3.02071,1.537671,276.1528
143.9467: 0.3593032,-3.060744,1.555235,280.1512
144.1689: 0.1768863,-3.060693,1.531146,281.7774
144.3911: -0.02134619,-3.024679,1.54376,284.2788
144.6133: -0.2065228,-2.987406,1.551598,305.0206
144.8356: -0.3879391,-2.975879,1.526673,331.0137
145.0578: -0.5917779,-2.98106,1.542581,343.8598
145.28: -0.792598,-2.967908,1.5506,340.6179
145.5022: -1.056773,-2.971543,1.516979,300.0255
145.7244: -1.258694,-2.944189,1.539733,288.381
145.9467: -1.470615,-2.935773,1.547066,290.9612
146.1689: -1.697312,-2.953439,1.516717,295.0082
146.3911: -1.921603,-2.952254,1.543692,309.7787
146.6133: -2.104229,-2.897776,1.54825,319.5419
146.8356: -2.252427,-2.787555,1.527545,328.1411
147.0578: -2.378545,-2.647355,1.549037,343.3483
147.28: -2.494709,-2.503223,1.540674,357.9792
147.5022: -2.641917,-2.345747,1.521158,3.757272
147.7244: -2.764419,-2.164645,1.560221,6.629835
147.9467: -2.8104,-1.982624,1.547756,10.44334
148.1689: -2.794341,-1.752813,1.533921,9.010746
148.3911: -2.756378,-1.503174,1.559639,8.100221
148.6133: -2.746009,-1.271731,1.543524,10.10078
148.8356: -2.770342,-1.026148,1.525236,10.02094
149.0578: -2.769839,-0.793447,1.565798,7.898166
149.28: -2.733941,-0.5665777,1.529088,6.927612
149.5022: -2.657722,-0.3333312,1.541856,11.26957
149.7244: -2.616602,-0.1087793,1.550371,14.59164
149.9467: -2.600048,0.1199548,1.513915,19.65095
150.1689: -2.597749,0.3536977,1.535647,25.28757
150.3911: -2.543477,0.5490535,1.549143,32.07564
150.6133: -2.443153,0.7318352,1.515355,36.15165
150.8356: -2.309947,0.9067354,1.528403,40.05915
151.0578: -2.22305,1.06812,1.543217,42.54519
151.28: -2.143618,1.236652,1.509643,47.38169
151.5022: -2.07066,1.404981,1.516304,51.29596
151.7244: -2.000993,1.497505,1.52826,54.83132
151.9467: -1.92611,1.548288,1.533108,54.37966
Trial Result: Success object: Table | Time Spent: 13.1942
Trial No.:19 Ends
Trial No.:22 Begins
User confirmed on object: Mailbox, this maze officially starts.
167.7578: -1.75686,-3.103962,1.565405,3.653253
167.98: -1.759067,-3.133595,1.603725,2.495339
168.2022: -1.749635,-3.146312,1.604255,1.699486
168.4245: -1.726788,-3.14585,1.601492,1.476923
168.6467: -1.699852,-3.127873,1.594175,0.06342315
168.8689: -1.697865,-3.102812,1.56268,346.5743
169.0911: -1.742497,-3.096782,1.542086,332.1202
169.3133: -1.845047,-3.104023,1.545162,328.4685
169.5356: -1.99713,-3.110324,1.539138,323.054
169.7578: -2.124221,-3.081648,1.547075,327.4736
169.98: -2.213821,-3.003766,1.5369,340.0978
170.2022: -2.252982,-2.923891,1.540879,345.1306
170.4245: -2.249928,-2.899295,1.556401,5.182192
170.6467: -2.214047,-2.931029,1.558859,44.56114
170.8689: -2.144803,-2.97046,1.553791,67.4462
171.0911: -2.010306,-2.9987,1.541121,77.02987
171.3133: -1.83813,-3.024837,1.546134,93.98837
171.5356: -1.67718,-2.984396,1.557228,90.98059
171.7578: -1.556208,-2.910527,1.542978,88.84367
171.98: -1.425238,-2.874448,1.563603,89.88094
172.2022: -1.266451,-2.89309,1.545717,90.45458
172.4245: -1.074801,-2.968728,1.53334,89.9305
172.6467: -0.8790578,-3.035503,1.55904,87.79163
172.8689: -0.6947485,-3.055847,1.554127,87.43781
173.0911: -0.4916095,-3.045005,1.531425,89.50479
173.3133: -0.2685161,-3.025924,1.556028,85.39452
173.5356: -0.0242127,-3.041569,1.540888,80.28994
173.7578: 0.2409671,-3.087831,1.515997,78.76782
173.98: 0.4754811,-3.09687,1.558836,74.27989
174.2022: 0.6758007,-3.049482,1.532594,67.18214
174.4245: 0.8865941,-2.969931,1.53636,65.69775
174.6467: 1.088891,-2.907456,1.561456,55.92665
174.8689: 1.308789,-2.860638,1.528824,45.95815
175.0911: 1.495575,-2.805099,1.546451,31.23221
175.3133: 1.614504,-2.707557,1.550269,16.73852
175.5356: 1.687652,-2.55803,1.525519,10.1917
175.7578: 1.753912,-2.35921,1.531592,8.82313
175.98: 1.828465,-2.169956,1.535033,9.584619
176.2022: 1.911893,-1.964213,1.498378,9.613334
176.4245: 1.970383,-1.771442,1.538171,357.4921
176.6467: 1.957679,-1.589325,1.535581,331.8644
176.8689: 1.92661,-1.415349,1.514655,311.119
177.0911: 1.97652,-1.229373,1.546956,330.4195
177.3133: 2.111969,-1.073576,1.533128,7.487977
177.5356: 2.269238,-0.9133003,1.512527,8.92048
177.7578: 2.421778,-0.7436984,1.540367,6.723126
177.98: 2.502884,-0.5580437,1.528801,3.949117
178.2022: 2.523236,-0.3422978,1.499497,355.4137
178.4245: 2.530323,-0.1280248,1.544874,350.0923
178.6467: 2.531714,0.0758465,1.533242,339.8401
178.8689: 2.535796,0.2904798,1.502807,325.9914
179.0911: 2.525686,0.4999939,1.536941,311.2849
179.3133: 2.454834,0.6378001,1.522961,290.5814
179.5356: 2.365577,0.7118791,1.52117,271.1239
179.7578: 2.304044,0.7791336,1.542869,256.6097
179.98: 2.258208,0.8304074,1.568197,236.7875
180.2022: 2.195161,0.8924536,1.569716,226.1111
180.4245: 2.106359,0.9256039,1.551845,217.7365
180.6467: 2.0375,0.9581,1.548453,207.46
Trial Result: Success object: Bookshelf | Time Spent: 13.1395
Trial No.:22 Ends
Trial No.:15 Begins
User confirmed on object: Wheelbarrow, this maze officially starts.
197.0244: 0.1635373,0.02880332,1.585765,268.4166
197.2467: 0.2065122,0.02439853,1.605181,264.6744
197.4689: 0.2125208,0.03248487,1.601583,267.6846
197.6911: 0.2026817,0.0366273,1.598403,267.0084
197.9133: 0.2113135,0.003266232,1.569409,234.914
198.1356: 0.2486995,0.01618519,1.547428,207.8024
198.3578: 0.2542075,0.04780537,1.538207,202.2632
198.58: 0.2458208,0.02907972,1.526702,200.7732
198.8022: 0.2124562,-0.0421245,1.527941,213.2134
199.0244: 0.1954217,-0.1631848,1.519952,228.813
199.2467: 0.1737268,-0.2959503,1.537225,235.2177
199.4689: 0.1097389,-0.4078751,1.533088,241.4065
199.6911: -0.006474743,-0.5157797,1.514364,248.2151
199.9133: -0.1435938,-0.6130465,1.539577,253.3355
200.1356: -0.2380128,-0.7124881,1.558775,256.2612
200.3578: -0.315025,-0.8454795,1.538953,256.8848
200.58: -0.3731253,-1.017444,1.555703,233.7994
200.8022: -0.447343,-1.135701,1.553246,207.7066
201.0244: -0.569583,-1.205427,1.537298,201.1626
201.2467: -0.6879349,-1.265226,1.5544,189.8207
201.4689: -0.7731417,-1.334885,1.546673,181.9471
201.6911: -0.8252426,-1.432333,1.540766,182.4409
201.9133: -0.8466344,-1.577758,1.52371,185.2157
202.1356: -0.8469869,-1.753638,1.525511,190.867
202.3578: -0.860147,-1.921267,1.541,191.5222
202.58: -0.8789502,-2.107767,1.517768,179.6655
202.8022: -0.8856312,-2.282119,1.539469,141.6102
203.0244: -0.8860555,-2.403592,1.555254,117.7821
203.2467: -0.8632587,-2.523221,1.535222,107.6152
203.4689: -0.8089941,-2.65567,1.530298,102.0268
203.6911: -0.7669551,-2.78395,1.542435,94.00779
203.9133: -0.755551,-2.908735,1.548795,83.48804
204.1356: -0.7539026,-3.034084,1.542392,71.33635
204.3578: -0.7671375,-3.103719,1.556639,65.57422
204.58: -0.8084185,-3.086483,1.565405,41.16156
204.8022: -0.8640521,-3.068497,1.558189,9.530756
205.0244: -0.8826713,-3.061202,1.552367,357.7172
205.2467: -0.8892155,-3.021614,1.538887,356.5342
205.4689: -0.8829432,-2.920619,1.530022,1.722828
205.6911: -0.8978919,-2.756545,1.524266,5.765669
205.9133: -0.9209632,-2.595381,1.556775,1.803073
206.1356: -0.917231,-2.443902,1.551506,359.5213
206.3578: -0.891945,-2.280016,1.528024,349.2802
206.58: -0.8416716,-2.096469,1.544525,342.0678
206.8022: -0.8406634,-1.929195,1.551987,332.8235
207.0244: -0.8762834,-1.775763,1.530384,327.9893
207.2467: -0.9485697,-1.624453,1.541076,326.8063
207.4689: -1.020191,-1.476433,1.551275,316.909
207.6911: -1.087863,-1.321378,1.522585,305.0424
207.9133: -1.153054,-1.184716,1.530935,291.4268
208.1356: -1.257751,-1.102507,1.517406,282.4292
208.3578: -1.415353,-1.076184,1.485522,281.4069
208.58: -1.618183,-1.095493,1.50825,267.3444
208.8022: -1.786429,-1.097577,1.544262,250.953
209.0244: -1.967507,-1.019347,1.524429,276.1588
209.2467: -2.129316,-0.8946092,1.534956,321.5159
209.4689: -2.288071,-0.8275048,1.555415,332.3197
209.6911: -2.432811,-0.7555792,1.542045,344.6678
209.9133: -2.566999,-0.6905062,1.563288,354.3127
210.1356: -2.646986,-0.5960796,1.56098,8.75208
210.3578: -2.677929,-0.4653025,1.540155,22.74631
210.58: -2.689171,-0.2761572,1.541054,23.04868
210.8022: -2.704586,-0.1122744,1.557509,25.55588
211.0244: -2.716722,0.05811825,1.5444,30.98571
211.2467: -2.741134,0.2594687,1.537272,35.21553
211.4689: -2.721288,0.4455597,1.561608,38.30529
211.6911: -2.635327,0.5958579,1.533308,50.3204
211.9133: -2.502745,0.7132527,1.526277,67.37778
212.1356: -2.382279,0.8251939,1.547505,81.36845
212.3578: -2.301139,0.9479599,1.549772,83.69711
212.58: -2.237724,1.132642,1.526096,63.41751
212.8022: -2.204423,1.339216,1.535782,29.65428
213.0244: -2.147306,1.483622,1.54354,14.20711
213.2467: -2.073464,1.620242,1.521929,2.290235
213.4689: -1.96087,1.757592,1.530885,359.7049
213.6911: -1.867291,1.892372,1.5317,13.09988
213.9133: -1.826537,2.040157,1.519083,28.03077
214.1356: -1.825156,2.229217,1.503717,44.18233
214.3578: -1.81148,2.395121,1.538648,56.33803
214.58: -1.755592,2.517601,1.539907,67.06155
214.8022: -1.667374,2.612559,1.525887,71.03884
215.0244: -1.53113,2.691029,1.535676,76.62079
215.2467: -1.414607,2.760295,1.537127,85.583
215.4689: -1.300663,2.83367,1.531592,92.76711
215.6911: -1.156617,2.934357,1.51473,99.82064
215.9133: -0.9990343,3.041027,1.536283,99.68197
216.1356: -0.8269264,3.088593,1.537869,101.0897
216.3578: -0.6238405,3.082253,1.506258,101.9429
216.58: -0.4020084,3.046958,1.526391,98.66386
216.8022: -0.2031547,3.046611,1.54346,99.14664
217.0244: 0.002322791,3.072129,1.510976,100.2616
217.2467: 0.2233589,3.128607,1.526779,98.32196
217.4689: 0.4184079,3.136736,1.54852,99.94399
217.6911: 0.6152897,3.115817,1.516825,101.8219
217.9133: 0.8300229,3.074229,1.533191,99.62379
218.1356: 1.026622,3.066898,1.54547,95.81925
218.3578: 1.225288,3.073387,1.514907,100.542
218.58: 1.440949,3.107089,1.517811,107.7299
218.8022: 1.623055,3.097579,1.544534,116.7401
219.0244: 1.777604,3.05354,1.525988,128.062
219.2467: 1.934285,2.97278,1.520578,137.8467
219.4689: 2.081082,2.880737,1.532392,144.327
219.6911: 2.194683,2.805384,1.538608,151.3096
219.9133: 2.322182,2.719733,1.520269,163.9511
220.1356: 2.484931,2.636991,1.529446,172.538
220.3578: 2.591449,2.5344,1.539152,184.9305
220.58: 2.647631,2.421116,1.525863,193.4517
220.8022: 2.679911,2.263252,1.514536,190.6107
221.0244: 2.685759,2.09443,1.533532,192.3111
221.2467: 2.690939,1.962394,1.53984,201.1041
221.4689: 2.692746,1.826218,1.524294,219.3509
221.6911: 2.729131,1.664247,1.535294,225.7759
221.9133: 2.730106,1.516908,1.547243,238.3058
222.1356: 2.696635,1.414431,1.541043,251.7786
222.3578: 2.639241,1.328224,1.533634,253.3571
222.58: 2.577902,1.229253,1.549697,234.9788
222.8022: 2.565544,1.120229,1.544216,192.7643
223.0244: 2.512033,1.039201,1.535378,188.79
223.2467: 2.406145,0.987849,1.534033,236.1286
223.4689: 2.349229,0.9703814,1.538585,275.7905
223.6911: 2.275925,0.9349412,1.535694,282.9523
223.9133: 2.154047,0.935666,1.520138,283.1798
224.1356: 1.987591,0.9885795,1.527569,281.4482
224.3578: 1.847478,1.023743,1.546231,279.7724
224.58: 1.712468,1.028177,1.545042,279.3894
224.8022: 1.546118,1.004511,1.524982,281.4523
225.0244: 1.355139,0.9573243,1.53478,279.1189
225.2467: 1.184718,0.9498327,1.545734,281.2061
225.4689: 1.02473,0.9747742,1.526944,290.4297
225.6911: 0.8505056,1.030598,1.52602,301.2722
225.9133: 0.696278,1.080348,1.540361,310.8863
226.1356: 0.571357,1.070976,1.543226,308.6855
226.3578: 0.4542718,0.977717,1.529291,279.1472
226.58: 0.3645039,0.8530499,1.54466,245.778
226.8022: 0.2835637,0.7509309,1.537297,221.1843
Trial Result: Fail at object:  | Time Spent: 30
Trial No.:15 Ends
Trial No.:9 Begins
User confirmed on object: Bookshelf, this maze officially starts.
244.7022: 1.755489,1.227151,1.590852,178.5549
244.9245: 1.744848,1.237016,1.588066,185.9553
245.1467: 1.726977,1.258608,1.583537,204.5135
245.3689: 1.719314,1.270075,1.577637,214.69
245.5911: 1.683285,1.308871,1.554114,246.1355
245.8133: 1.643971,1.380327,1.528409,283.6568
246.0356: 1.585973,1.377869,1.523026,283.1736
246.2578: 1.490782,1.338481,1.52571,274.8899
246.48: 1.367489,1.289813,1.528227,271.279
246.7022: 1.217586,1.215782,1.531992,270.881
246.9245: 1.057933,1.107712,1.501393,275.7027
247.1467: 0.8999324,1.031669,1.540157,288.8683
247.3689: 0.7452534,1.027922,1.52969,308.7827
247.5911: 0.547044,1.063756,1.503455,316.7478
247.8133: 0.3162856,1.084854,1.534516,301.6577
248.0356: 0.09836549,1.059569,1.537457,284.9506
248.2578: -0.1361725,1.014007,1.508649,281.7781
248.48: -0.367983,0.9927292,1.550654,284.0754
248.7022: -0.595215,1.018529,1.529511,287.3866
248.9245: -0.8149631,1.072839,1.516127,284.3437
249.1467: -1.014039,1.109321,1.54037,288.9388
249.3689: -1.20759,1.133079,1.51703,304.0751
249.5911: -1.376206,1.16024,1.535284,322.9496
249.8133: -1.515003,1.241245,1.544506,334.5861
250.0356: -1.615602,1.378053,1.517087,340.1782
250.2578: -1.708807,1.540108,1.539574,335.5518
250.48: -1.812034,1.695781,1.545963,332.7755
250.7022: -1.937422,1.858089,1.515956,334.8399
250.9245: -2.036691,2.029615,1.553027,332.8747
251.1467: -2.096633,2.224818,1.529875,324.0004
251.3689: -2.127791,2.414253,1.522471,309.0328
251.5911: -2.187902,2.571727,1.544132,301.7571
251.8133: -2.300277,2.674223,1.519616,293.4024
252.0356: -2.448967,2.73929,1.516998,290.1846
252.2578: -2.558209,2.809889,1.540059,287.2424
252.48: -2.631039,2.885697,1.519125,283.1202
252.7022: -2.69,2.957988,1.529182,275.105
Trial Result: Success object: Stove | Time Spent: 8.229565
Trial No.:9 Ends
Trial No.:24 Begins
User confirmed on object: Chair, this maze officially starts.
271.9355: 0.8847213,-3.154689,1.590668,357.2199
272.1578: 0.9003562,-3.161841,1.589458,357.4768
272.38: 0.9138489,-3.15851,1.587526,357.0008
272.6022: 0.882193,-3.149309,1.582965,331.8771
272.8245: 0.8200255,-3.175918,1.548101,303.6353
273.0467: 0.7104753,-3.212667,1.539182,295.6671
273.2689: 0.5554564,-3.263782,1.537369,285.2541
273.4911: 0.4126528,-3.273381,1.549801,276.1655
273.7133: 0.2747768,-3.224792,1.533823,285.627
273.9355: 0.1279216,-3.143765,1.532976,288.2903
274.1578: -0.01531242,-3.053667,1.554583,292.5853
274.38: -0.1521949,-2.987196,1.554557,301.3566
274.6022: -0.3197636,-2.914777,1.528623,318.9146
274.8245: -0.5082824,-2.834069,1.538142,338.8219
275.0467: -0.621378,-2.744405,1.545137,353.9272
275.2689: -0.6843946,-2.635335,1.534086,2.278121
275.4911: -0.7363513,-2.469534,1.539044,5.401749
275.7133: -0.7768022,-2.300611,1.553228,10.0208
275.9355: -0.8106729,-2.136974,1.541888,19.56842
276.1578: -0.8743131,-1.945356,1.519576,24.13967
276.38: -0.9104275,-1.755984,1.549437,23.66901
276.6022: -0.853242,-1.619184,1.544534,46.6394
276.8245: -0.75011,-1.503055,1.533167,62.37217
277.0467: -0.6353505,-1.396171,1.548729,71.3484
277.2689: -0.5510598,-1.311161,1.557576,76.54977
277.4911: -0.4686473,-1.201858,1.542717,79.67464
277.7133: -0.3833442,-1.043323,1.552274,74.20535
277.9355: -0.3104694,-0.8680117,1.552532,41.59718
278.1578: -0.2202441,-0.7386537,1.536111,21.93512
278.38: -0.1191683,-0.6153826,1.544479,7.883367
278.6022: -0.05538033,-0.4696093,1.549456,354.497
278.8245: -0.0442867,-0.2974682,1.516371,345.1475
279.0467: -0.04514857,-0.1015022,1.528843,355.0208
279.2689: 0.005731616,0.07584676,1.544905,23.34959
279.4911: 0.06459789,0.249924,1.520235,41.15302
279.7133: 0.1442437,0.442496,1.526241,48.7351
279.9356: 0.2074384,0.5888741,1.542992,63.4737
280.1578: 0.2460545,0.7346869,1.525432,74.16272
280.38: 0.2805431,0.8632046,1.545418,86.55027
280.6022: 0.358799,0.931788,1.54019,101.1457
280.8245: 0.4952704,0.9710584,1.516225,100.1018
281.0467: 0.6867658,0.9700048,1.52352,95.74337
281.2689: 0.8513023,0.9736574,1.540896,90.09398
281.4911: 1.012035,0.9788439,1.534212,88.40878
281.7133: 1.213839,0.9950415,1.514371,91.7934
281.9356: 1.444369,1.024488,1.539945,92.28945
282.1578: 1.660592,1.00935,1.537915,89.18465
282.38: 1.877627,0.9552295,1.506325,88.95855
282.6022: 2.080865,0.9016699,1.547256,87.98418
282.8245: 2.254965,0.9019634,1.535699,88.56057
283.0467: 2.395136,0.9457709,1.511174,89.75604
283.2689: 2.521686,0.9909074,1.531601,91.88658
283.4911: 2.591013,1.007327,1.539117,91.17834
Trial Result: Success object: Trashcan | Time Spent: 11.89373
Trial No.:24 Ends
Trial No.:18 Begins
User confirmed on object: Harp, this maze officially starts.
306.9356: 1.772238,-1.024205,1.537392,353.1966
307.1578: 1.75787,-1.065449,1.589456,351.4659
307.38: 1.747538,-1.096026,1.590584,356.638
307.6022: 1.720387,-1.102187,1.58786,359.6416
307.8245: 1.619105,-1.111815,1.569879,324.8203
308.0467: 1.514729,-1.174604,1.539177,278.507
308.2689: 1.428212,-1.164765,1.537698,274.1871
308.4911: 1.297086,-1.10269,1.516242,274.8203
308.7133: 1.117474,-1.008136,1.538736,274.7993
308.9356: 0.9261175,-0.9667764,1.555472,271.091
309.1578: 0.6991934,-0.9694692,1.515107,266.8471
309.38: 0.4509075,-1.003153,1.531814,267.8569
309.6022: 0.2416312,-0.9960224,1.562771,267.8997
309.8245: 0.01615048,-0.9675155,1.526194,266.9469
310.0467: -0.2195304,-0.9097435,1.547401,268.815
310.2689: -0.4438178,-0.8984671,1.55321,267.7143
310.4911: -0.6904659,-0.9105061,1.517545,266.7173
310.7133: -0.9427523,-0.9185402,1.533882,272.9077
310.9356: -1.167877,-0.9039353,1.550258,274.1688
311.1578: -1.410866,-0.8902452,1.520083,261.9507
311.38: -1.646424,-0.8540349,1.543575,266.3704
311.6022: -1.836378,-0.8328584,1.542799,284.563
311.8245: -2.047284,-0.8410497,1.513592,297.7135
312.0467: -2.235404,-0.8087612,1.555728,317.755
312.2689: -2.349297,-0.7389327,1.5488,341.1827
312.4911: -2.434909,-0.631718,1.533858,350.1687
312.7133: -2.491871,-0.5059288,1.53477,8.255081
312.9356: -2.532518,-0.4077477,1.525877,33.40197
313.1578: -2.58736,-0.3218622,1.512988,49.95572
313.38: -2.669981,-0.2377935,1.523154,60.38437
313.6022: -2.717532,-0.1570846,1.537584,66.50031
313.8245: -2.740269,-0.1133123,1.556062,68.21848
314.0467: -2.745042,-0.1063005,1.586933,69.80286
314.2689: -2.749632,-0.1169373,1.570689,74.69257
314.4911: -2.746208,-0.1229155,1.533473,75.77116
314.7133: -2.751438,-0.1176237,1.532971,75.96407
Trial Result: Success object: Telescope | Time Spent: 8.040836
Trial No.:18 Ends
Trial No.:13 Begins
User confirmed on object: Telescope, this maze officially starts.
327.7356: -2.904075,0.05568332,1.592834,91.99734
327.9578: -2.915196,0.05538952,1.589317,96.55721
328.18: -2.922724,0.05164457,1.587598,108.338
328.4022: -2.92474,0.06033245,1.58512,111.8052
328.6245: -2.90951,0.100996,1.569193,96.55965
328.8467: -2.889248,0.1258043,1.563074,88.96361
329.0689: -2.856286,0.06963156,1.554183,97.4761
329.2911: -2.820206,-0.06172097,1.545518,106.2254
329.5133: -2.800142,-0.2467673,1.551864,118.389
329.7356: -2.770953,-0.3854724,1.545838,119.4837
329.9578: -2.691835,-0.4998885,1.530823,114.6046
330.18: -2.543263,-0.6079345,1.518419,115.434
330.4022: -2.357815,-0.7025962,1.537333,112.6933
330.6245: -2.205214,-0.7864081,1.545448,105.3009
330.8467: -2.01995,-0.8958907,1.512158,100.4
331.0689: -1.816151,-1.010325,1.531082,96.79173
331.2911: -1.631747,-1.041277,1.552654,89.18351
331.5133: -1.420757,-1.036593,1.510855,86.47201
331.7356: -1.192307,-1.013804,1.543062,88.18137
331.9578: -0.983674,-1.026509,1.556446,91.31743
332.18: -0.7403968,-1.060862,1.52045,92.37392
332.4022: -0.4832271,-1.089058,1.553421,87.87197
332.6245: -0.2483012,-1.066165,1.545929,83.58198
332.8467: -0.008433155,-1.015852,1.516433,85.96931
333.0689: 0.2182948,-0.9979796,1.552939,95.2254
333.2911: 0.4445868,-1.034041,1.529648,108.382
333.5133: 0.7009938,-1.09075,1.519805,109.8099
333.7356: 0.9189141,-1.115366,1.543782,113.7022
333.9578: 1.136134,-1.120277,1.509923,118.0871
334.18: 1.349709,-1.123045,1.526685,123.0199
334.4022: 1.502165,-1.186697,1.545307,127.196
334.6245: 1.614444,-1.306039,1.514096,131.8004
334.8467: 1.688488,-1.455456,1.544229,132.2843
335.0689: 1.783581,-1.564813,1.529258,128.9988
335.2911: 1.86136,-1.6439,1.530625,122.2299
Trial Result: Success object: Well | Time Spent: 7.953012
Trial No.:13 Ends
Trial No.:14 Begins
User confirmed on object: Telescope, this maze officially starts.
350.3578: -2.913041,0.07132408,1.596794,91.13084
350.58: -2.916234,0.07141463,1.596543,94.97763
350.8022: -2.928925,0.07199555,1.593363,96.86993
351.0244: -2.947659,0.09432561,1.577261,91.51987
351.2467: -2.976047,0.1669863,1.547997,69.8243
351.4689: -2.995453,0.2471303,1.537986,50.72771
351.6911: -2.962423,0.3362755,1.534057,41.58798
351.9133: -2.851222,0.4385737,1.526833,41.41008
352.1356: -2.70763,0.5216841,1.545939,49.02496
352.3578: -2.592195,0.59636,1.553632,63.18333
352.58: -2.480839,0.6986057,1.528463,76.76238
352.8022: -2.361293,0.8258641,1.548102,85.66628
353.0244: -2.21108,0.9079531,1.552305,90.77048
353.2467: -2.022899,0.9454941,1.521537,93.41567
353.4689: -1.800917,0.9522442,1.532595,89.54932
353.6911: -1.599728,0.9753356,1.554492,91.63848
353.9133: -1.365875,1.025006,1.509103,91.8607
354.1356: -1.138321,1.087068,1.537423,93.66351
354.3578: -0.925432,1.0926,1.551897,94.53075
354.58: -0.7024684,1.057919,1.518253,95.03127
354.8022: -0.4609901,1.010295,1.549929,97.47475
355.0244: -0.22595,1.012614,1.540184,97.39547
355.2467: 0.0298892,1.057619,1.514582,97.69987
355.4689: 0.2652443,1.088618,1.551576,93.64399
355.6911: 0.4912449,1.090616,1.519391,84.31673
355.9133: 0.6840743,1.109983,1.513734,44.67451
356.1356: 0.8488923,1.089623,1.544475,50.88371
356.3578: 0.9713097,1.029953,1.544911,100.9763
356.58: 0.9998617,0.9974985,1.545082,150.8358
356.8022: 0.966046,0.9991675,1.540877,190.2104
357.0244: 0.9115707,1.006718,1.532053,209.1196
357.2467: 0.8047973,1.00271,1.530348,216.8881
357.4689: 0.6498353,0.991262,1.522015,220.7194
357.6911: 0.5022399,0.9283058,1.537468,221.7759
357.9133: 0.3770559,0.822082,1.524913,224.866
358.1356: 0.2853228,0.7085434,1.541302,228.5602
358.3578: 0.1652322,0.6082224,1.543904,229.774
358.58: 0.06335045,0.5389751,1.538315,226.4261
Trial Result: Success object: Wheelbarrow | Time Spent: 8.595659
Trial No.:14 Ends
Trial No.:16 Begins
User confirmed on object: Wheelbarrow, this maze officially starts.
371.3022: 0.2481663,-0.02775603,1.585336,272.1948
371.5244: 0.2530568,-0.006004617,1.589029,276.843
371.7467: 0.2533318,0.03164753,1.589897,291.956
371.9689: 0.245876,0.06800974,1.588566,301.6292
372.1911: 0.2442958,0.124617,1.571985,318.4835
372.4133: 0.207663,0.09641545,1.559179,297.8192
372.6356: 0.1986057,-0.05044739,1.559872,253.1259
372.8578: 0.2410336,-0.2012559,1.54654,214.8718
373.08: 0.2771791,-0.2964643,1.537773,194.4411
373.3022: 0.2563601,-0.3625734,1.545311,207.0332
373.5244: 0.2108755,-0.4290838,1.534529,227.6077
373.7467: 0.1358502,-0.5064722,1.515983,242.0813
373.9689: 0.01712134,-0.620764,1.513411,248.1061
374.1911: -0.08237924,-0.728568,1.526388,248.8892
374.4133: -0.1761934,-0.8635042,1.521954,243.5964
374.6356: -0.2581737,-1.041712,1.508471,222.9584
374.8578: -0.3570338,-1.160261,1.547008,219.6469
375.08: -0.4675269,-1.259326,1.542979,220.9356
375.3022: -0.6051859,-1.378316,1.525754,215.5067
375.5244: -0.7351365,-1.50961,1.538307,206.6339
375.7467: -0.8064836,-1.674112,1.538568,199.4247
375.9689: -0.8313035,-1.88515,1.50665,201.711
376.1911: -0.8460429,-2.10249,1.52605,203.942
376.4133: -0.9127278,-2.28827,1.547844,214.7536
376.6356: -1.012436,-2.445362,1.523787,235.6617
376.8578: -1.113207,-2.59197,1.550153,244.0874
377.08: -1.22093,-2.723944,1.555304,255.2868
377.3022: -1.341854,-2.844125,1.532421,277.6469
377.5244: -1.465398,-2.95462,1.554962,295.6902
377.7467: -1.578045,-2.993143,1.56004,309.2422
377.9689: -1.713803,-2.981968,1.535552,315.8976
378.1911: -1.882794,-2.945104,1.54014,310.133
378.4133: -2.052385,-2.912534,1.554367,311.514
378.6356: -2.240641,-2.873068,1.529253,312.6692
378.8578: -2.448237,-2.848992,1.528366,314.5265
379.08: -2.595189,-2.795051,1.547293,315.3002
379.3022: -2.690674,-2.717048,1.537967,314.7787
379.5244: -2.753479,-2.641156,1.553625,312.1292
Trial Result: Success object: Plant | Time Spent: 8.629538
Trial No.:16 Ends
Trial No.:2 Begins
User confirmed on object: Stove, this maze officially starts.
396.98: -2.604757,2.984904,1.581611,273.0808
397.2022: -2.601047,3.001255,1.579336,274.9318
397.4245: -2.613131,3.002621,1.573892,262.1588
397.6467: -2.625555,2.980046,1.556329,223.7093
397.8689: -2.580503,2.960912,1.528416,164.3122
398.0911: -2.527838,2.973173,1.528224,136.2741
398.3134: -2.428225,2.98456,1.527626,121.3513
398.5356: -2.300038,2.991525,1.519334,108.2163
398.7578: -2.156741,2.964657,1.51215,97.17686
398.98: -2.006112,2.883483,1.491481,95.05398
399.2022: -1.874288,2.82828,1.523619,87.67944
399.4245: -1.725596,2.817977,1.508146,87.23139
399.6467: -1.532752,2.858159,1.493006,91.7783
399.8689: -1.341732,2.894562,1.529634,94.66785
400.0911: -1.159509,2.89308,1.523206,101.5274
400.3134: -0.9431012,2.861225,1.505351,103.7695
400.5356: -0.7526054,2.830288,1.527141,108.7342
400.7578: -0.5713884,2.813457,1.519261,118.0461
400.98: -0.4065433,2.805843,1.498036,129.0636
401.2022: -0.2607171,2.760236,1.539576,147.9319
401.4245: -0.1715562,2.671552,1.526618,158.8423
401.6467: -0.12453,2.534921,1.510981,162.1285
401.8689: -0.1125231,2.36245,1.525952,171.379
402.0911: -0.09736761,2.211538,1.536722,181.8377
402.3134: -0.06113848,2.048627,1.51623,184.1165
402.5356: -0.004201192,1.849374,1.522307,187.0235
402.7578: 0.02322157,1.641939,1.536727,186.3288
402.98: 0.005292173,1.437417,1.515424,192.4894
403.2022: -0.03110542,1.215043,1.515505,192.8465
403.4245: -0.04880156,1.018579,1.526564,196.6408
403.6467: -0.03583474,0.8364753,1.505768,201.9542
403.8689: 0.004709723,0.6561853,1.495056,210.9895
Trial Result: Success object: Wheelbarrow | Time Spent: 7.273939
Trial No.:2 Ends
Trial No.:5 Begins
User confirmed on object: Table, this maze officially starts.
420.88: -2.032732,2.073612,1.569202,93.19712
421.1022: -2.042278,2.080372,1.576065,95.20303
421.3245: -2.046461,2.084004,1.577085,96.56612
421.5467: -2.048685,2.067899,1.574198,104.4992
421.7689: -2.059633,2.032464,1.552785,125.1473
421.9911: -2.08335,2.004316,1.543218,137.9986
422.2133: -2.075877,1.938752,1.536608,133.6563
422.4356: -2.047914,1.79972,1.524331,121.6389
422.6578: -1.99704,1.641604,1.524299,114.2532
422.88: -1.914027,1.529006,1.528677,109.2062
423.1022: -1.784365,1.439412,1.510905,110.7707
423.3245: -1.59684,1.359068,1.524426,106.7498
423.5467: -1.438967,1.277485,1.543438,101.2768
423.7689: -1.261664,1.178028,1.51768,97.64555
423.9911: -1.065215,1.055171,1.536086,94.87554
424.2133: -0.8844218,1.009059,1.556358,92.64768
424.4356: -0.6602958,1.011489,1.510241,92.30387
424.6578: -0.4229777,1.043567,1.530482,93.07903
424.88: -0.1919844,1.037547,1.545277,94.60325
425.1022: 0.05067221,1.009838,1.502353,97.10897
425.3245: 0.2909488,0.9768941,1.53593,100.0655
425.5467: 0.5265672,0.999006,1.537996,103.1725
425.7689: 0.7507874,1.055916,1.496798,108.273
425.9911: 0.9315989,1.072874,1.533949,121.2671
426.2133: 1.064266,1.045612,1.520991,130.8427
426.4356: 1.184982,1.005547,1.515541,135.2468
Trial Result: Success object: Bookshelf | Time Spent: 5.874352
Trial No.:5 Ends
Trial No.:4 Begins
User confirmed on object: Piano, this maze officially starts.
444.1245: 1.901437,3.14564,1.561229,195.883
444.3467: 1.90433,3.171512,1.576654,197.1624
444.5689: 1.903588,3.18888,1.574959,198.705
444.7911: 1.884911,3.205951,1.570865,210.5702
445.0133: 1.862672,3.235733,1.562262,232.3109
445.2356: 1.867631,3.242918,1.558176,235.0312
445.4578: 1.914285,3.200642,1.549664,214.4822
445.68: 2.048072,3.144079,1.522752,164.6595
445.9022: 2.137984,3.104096,1.501616,147.5976
446.1245: 2.204588,3.006199,1.482624,153.3562
446.3467: 2.287691,2.855258,1.486161,158.0348
446.5689: 2.358363,2.729858,1.522265,160.8033
446.7911: 2.432317,2.580344,1.515198,174.421
447.0133: 2.558428,2.399355,1.494109,184.5804
447.2356: 2.660971,2.218091,1.533519,185.638
447.4578: 2.69541,2.040381,1.520507,190.7227
447.68: 2.680227,1.817965,1.520148,193.4996
447.9022: 2.679048,1.611741,1.553201,193.4733
448.1245: 2.674944,1.422939,1.532131,204.5267
448.3467: 2.637385,1.285385,1.53745,235.3339
448.5689: 2.564225,1.183545,1.533646,251.5289
448.7911: 2.436192,1.10995,1.527319,253.9029
449.0133: 2.256628,1.056829,1.526021,258.9951
449.2356: 2.069157,0.9736483,1.525479,262.6202
449.4578: 1.891522,0.8723154,1.505538,265.8297
449.68: 1.707188,0.8137012,1.543723,269.5905
449.9022: 1.509801,0.8091658,1.508036,272.1208
450.1245: 1.28249,0.8555846,1.502141,268.7803
450.3467: 1.071286,0.8699563,1.534922,264.2182
450.5689: 0.8666697,0.8364546,1.506586,256.6341
450.7911: 0.6624963,0.7671304,1.513525,251.7311
451.0133: 0.4753711,0.7087276,1.528586,235.4515
451.2356: 0.307765,0.6611195,1.511654,212.8124
451.4578: 0.1743033,0.609872,1.538991,197.9619
451.68: 0.1027193,0.5115704,1.52478,186.5047
451.9022: 0.07125128,0.3531291,1.505758,182.3616
452.1245: 0.05202908,0.1823523,1.530383,175.4028
452.3467: 0.02282276,0.01741238,1.534415,165.4427
452.5689: -0.02194083,-0.171086,1.506619,152.2183
452.7911: -0.05898556,-0.349115,1.541167,143.4543
453.0133: -0.0220842,-0.4698589,1.534762,127.3719
453.2356: 0.07554093,-0.5668455,1.510018,112.4349
453.4578: 0.2283243,-0.6756406,1.50577,108.8159
453.68: 0.3442482,-0.7507564,1.519623,101.9545
453.9022: 0.4685301,-0.8177792,1.523882,97.54254
454.1245: 0.6270102,-0.9116021,1.504471,95.82372
454.3467: 0.7997168,-0.9883417,1.53176,81.5062
454.5689: 0.9233178,-0.9883981,1.535512,67.22046
454.7911: 1.042251,-0.9375581,1.50676,61.1866
455.0133: 1.158777,-0.8715973,1.510161,56.23527
Trial Result: Success object: Harp | Time Spent: 11.20545
Trial No.:4 Ends
Trial No.:21 Begins
User confirmed on object: Mailbox, this maze officially starts.
477.7467: -1.72594,-3.217335,1.596908,358.8021
477.9689: -1.727699,-3.213626,1.594953,2.051053
478.1911: -1.745942,-3.207719,1.594085,0.3182577
478.4133: -1.769251,-3.201511,1.588952,357.5021
478.6356: -1.755658,-3.200228,1.576446,11.98902
478.8578: -1.680508,-3.217124,1.561726,42.02646
479.08: -1.580816,-3.227832,1.551941,53.97303
479.3022: -1.435622,-3.226974,1.539146,61.47298
479.5244: -1.288942,-3.226066,1.539288,67.73308
479.7467: -1.165896,-3.194723,1.54397,78.70195
479.9689: -1.041874,-3.110194,1.529024,85.3546
480.1911: -0.9105107,-2.993905,1.543468,87.82615
480.4133: -0.764528,-2.926896,1.56019,90.09315
480.6356: -0.5863177,-2.896336,1.530839,93.22016
480.8578: -0.3540186,-2.905856,1.51963,92.52651
481.08: -0.1344724,-2.896937,1.553511,89.87202
481.3022: 0.071747,-2.858639,1.524258,91.64573
481.5244: 0.2868165,-2.795507,1.529367,90.51925
481.7467: 0.4858623,-2.774724,1.555527,88.11811
481.9689: 0.6978176,-2.790088,1.519161,83.7362
482.1911: 0.9376875,-2.846278,1.521362,79.37198
482.4133: 1.13206,-2.830029,1.55256,65.09801
482.6356: 1.2823,-2.758682,1.525611,46.64835
482.8578: 1.415971,-2.653078,1.520756,35.41621
483.08: 1.519746,-2.548746,1.53323,21.16051
483.3022: 1.634424,-2.40527,1.515886,13.18056
483.5244: 1.778785,-2.237184,1.528834,10.97964
483.7467: 1.874663,-2.05746,1.54973,13.38831
483.9689: 1.92517,-1.849452,1.510988,16.84239
484.1911: 1.95622,-1.620836,1.527057,21.79584
484.4133: 2.027481,-1.447319,1.547585,22.48742
484.6356: 2.132949,-1.293018,1.521816,23.20051
484.8578: 2.282373,-1.118542,1.529967,20.02529
485.08: 2.391078,-0.9443347,1.551847,19.2538
485.3022: 2.45851,-0.7587355,1.521587,16.79883
485.5244: 2.504352,-0.5344911,1.515588,20.82244
485.7467: 2.555253,-0.3309742,1.548966,21.67425
485.9689: 2.632411,-0.1443308,1.528054,28.37025
486.1911: 2.713133,0.0463161,1.505394,30.02526
486.4133: 2.769945,0.2231173,1.523829,31.0208
486.6356: 2.794295,0.3625614,1.518975,36.78635
486.8578: 2.778409,0.4845911,1.521837,42.43353
Trial Result: Success object: Trashcan | Time Spent: 9.429485
Trial No.:21 Ends
Trial No.:20 Begins
User confirmed on object: Well, this maze officially starts.
499.3578: 1.676802,-1.938764,1.59092,91.25685
499.58: 1.682892,-1.951474,1.592753,91.63845
499.8022: 1.695148,-1.979698,1.595264,101.7367
500.0244: 1.718287,-2.004378,1.592911,104.3571
500.2467: 1.743515,-1.960887,1.570945,57.73965
500.4689: 1.729479,-1.941049,1.540251,21.46067
500.6911: 1.742581,-1.900846,1.536515,18.30842
500.9133: 1.75939,-1.784856,1.525317,14.78614
501.1356: 1.788377,-1.623398,1.527339,16.98668
501.3578: 1.85904,-1.491334,1.541665,25.13229
501.58: 1.967237,-1.361598,1.515388,26.47101
501.8022: 2.132743,-1.21358,1.509997,23.99391
502.0244: 2.273265,-1.062611,1.541736,25.09037
502.2467: 2.36233,-0.8786147,1.528979,20.50779
502.4689: 2.430742,-0.656751,1.514458,17.96195
502.6911: 2.49864,-0.4453588,1.546559,10.15054
502.9133: 2.581445,-0.2430871,1.52478,0.05637883
503.1356: 2.690363,-0.02405493,1.516267,355.9909
503.3578: 2.745698,0.176537,1.550537,349.7428
503.58: 2.734805,0.3702357,1.516884,326.5913
503.8022: 2.685519,0.5646488,1.507643,295.3212
504.0244: 2.672008,0.7343434,1.522894,273.7105
504.2467: 2.698339,0.9695413,1.506232,283.9365
504.4689: 2.794412,1.257545,1.514669,330.1434
504.6911: 2.828882,1.495471,1.540132,347.5911
504.9134: 2.789828,1.728569,1.500856,344.2205
505.1356: 2.726883,1.957297,1.521265,346.0781
505.3578: 2.677238,2.155261,1.533918,331.8611
505.58: 2.632787,2.355281,1.499393,314.0469
505.8022: 2.601295,2.559823,1.528032,301.3823
506.0244: 2.508547,2.704231,1.536067,283.7776
506.2467: 2.376375,2.805129,1.506575,268.988
506.4689: 2.241983,2.879765,1.518683,250.9349
506.6911: 2.170383,2.924944,1.52533,228.0066
506.9134: 2.110884,2.971679,1.517616,207.3284
507.1356: 2.042344,3.009214,1.520834,199.029
507.3578: 2.011331,3.027509,1.525069,195.8452
Trial Result: Success object: Piano | Time Spent: 8.274054
Trial No.:20 Ends
Trial No.:12 Begins
User confirmed on object: Trashcan, this maze officially starts.
525.7689: 2.518171,0.9386296,1.592775,87.52927
525.9911: 2.525022,0.9419091,1.589095,88.0497
526.2133: 2.538102,0.9337752,1.587036,92.61341
526.4355: 2.548247,0.9741471,1.571393,62.08509
526.6578: 2.506194,1.025281,1.547263,12.46854
526.88: 2.469549,1.028856,1.534611,340.8764
527.1022: 2.408455,1.019335,1.529349,314.7387
527.3245: 2.335064,1.002785,1.531058,291.1005
527.5467: 2.29521,1.023231,1.535344,273.5502
527.7689: 2.252017,1.057391,1.520693,265.5106
527.9911: 2.125979,1.060698,1.499623,264.0056
528.2133: 1.925792,1.029658,1.505296,263.6026
528.4355: 1.737031,1.014324,1.544876,263.6853
528.6578: 1.510452,1.027899,1.513378,266.3233
528.88: 1.24358,1.069029,1.514175,266.8811
529.1022: 0.9930733,1.05962,1.550063,265.9764
529.3245: 0.7382797,1.011486,1.502918,263.9553
529.5467: 0.4958862,0.9615102,1.532973,266.6512
529.7689: 0.272506,0.9582789,1.554816,267.9436
529.9911: 0.02363207,0.9843205,1.520795,268.572
530.2133: -0.2243217,1.024598,1.550223,279.3512
530.4355: -0.4506006,1.030536,1.540543,287.2863
530.6578: -0.69988,1.006063,1.508365,289.7245
530.88: -0.9164391,1.020587,1.546612,304.5766
531.1022: -1.096181,1.050507,1.540956,317.5445
531.3245: -1.286848,1.115772,1.530427,327.0462
531.5467: -1.423039,1.192702,1.534342,348.8066
531.7689: -1.554145,1.253032,1.522912,7.885718
531.9911: -1.710673,1.291047,1.526046,17.47708
532.2133: -1.802844,1.340701,1.527799,29.9933
532.4355: -1.858109,1.396085,1.536381,37.10926
Trial Result: Success object: Table | Time Spent: 6.986137
Trial No.:12 Ends
Trial No.:10 Begins
User confirmed on object: Bookshelf, this maze officially starts.
546.5245: 1.842924,1.196164,1.585593,191.3611
546.7467: 1.845012,1.208089,1.586809,194.4726
546.9689: 1.836376,1.211935,1.584262,205.7715
547.1911: 1.835936,1.199921,1.580366,210.5334
547.4133: 1.880389,1.1728,1.563626,190.6849
547.6356: 1.891439,1.153679,1.551664,191.6378
547.8578: 1.816388,1.162311,1.541937,216.4955
548.08: 1.677746,1.15824,1.524312,231.4812
548.3022: 1.524743,1.159782,1.52723,236.0583
548.5245: 1.401564,1.149477,1.529527,245.4686
548.7467: 1.259309,1.099748,1.505363,251.1145
548.9689: 1.073694,0.9973167,1.49543,252.5724
549.1911: 0.9069966,0.9014318,1.52262,246.2734
549.4133: 0.7597494,0.8417403,1.524993,242.5011
549.6356: 0.5683573,0.7725842,1.496821,230.045
549.8578: 0.3584155,0.6967283,1.507773,213.7049
550.08: 0.2376186,0.5840808,1.528216,196.5262
550.3022: 0.1823825,0.4394349,1.507182,188.8099
550.5245: 0.1574514,0.2565461,1.510859,179.4671
550.7467: 0.1260059,0.09745593,1.533202,170.2262
550.9689: 0.09215692,-0.07710168,1.515016,161.4442
551.1911: 0.02415262,-0.2763301,1.524682,162.6267
551.4133: -0.06997681,-0.4649411,1.544246,192.2222
551.6356: -0.1104523,-0.6321059,1.537058,210.2667
551.8578: -0.1338075,-0.7947457,1.544847,219.1121
552.08: -0.2152051,-0.9359324,1.538424,221.5222
552.3022: -0.3584445,-1.058588,1.506715,215.6712
552.5245: -0.5269794,-1.159258,1.529753,204.2169
552.7467: -0.6266059,-1.279856,1.546917,192.9164
552.9689: -0.6833104,-1.431561,1.52229,189.2361
553.1911: -0.7170612,-1.623431,1.529865,195.6045
553.4133: -0.759791,-1.795854,1.546983,200.9209
553.6356: -0.7801899,-1.981449,1.532352,186.2869
553.8578: -0.8024795,-2.181977,1.518452,161.7805
554.08: -0.898026,-2.371198,1.544943,194.979
554.3022: -0.9707757,-2.494862,1.547154,252.5156
554.5245: -0.9686149,-2.642228,1.537274,272.6372
554.7467: -0.9733732,-2.777965,1.571898,284.0216
554.9689: -1.000041,-2.844629,1.570129,299.6234
555.1911: -0.9911541,-2.842975,1.550498,326.9385
555.4133: -0.907773,-2.909905,1.521669,358.2163
555.6356: -0.8277639,-3.013036,1.51673,29.35967
555.8578: -0.7744659,-3.100401,1.538775,48.81266
556.08: -0.7254742,-3.177301,1.555699,63.06841
556.3022: -0.6457786,-3.240888,1.562619,68.75178
556.5245: -0.5504612,-3.282068,1.563731,70.45489
556.7467: -0.51522,-3.274111,1.553989,60.45203
556.9689: -0.5654823,-3.225282,1.55336,33.21885
557.1911: -0.6894037,-3.167333,1.556977,2.047232
557.4133: -0.8495654,-3.142022,1.547986,325.8683
557.6356: -0.9852353,-3.125938,1.550961,297.8963
557.8578: -1.126244,-3.062999,1.537068,290.3767
558.08: -1.2778,-2.963985,1.544117,287.9294
558.3022: -1.441899,-2.903989,1.555516,285.8983
558.5245: -1.646626,-2.867897,1.522312,292.6592
558.7467: -1.881714,-2.867259,1.529864,298.1408
558.9689: -2.076301,-2.830339,1.562142,299.1277
559.1911: -2.254473,-2.755983,1.532095,304.7967
559.4133: -2.434706,-2.657121,1.537528,303.8703
559.6356: -2.576891,-2.590857,1.542841,306.1315
559.8578: -2.680828,-2.559562,1.533042,307.791
560.08: -2.75675,-2.574614,1.540088,310.1089
Trial Result: Success object: Plant | Time Spent: 13.81543
Trial No.:10 Ends
Trial No.:6 Begins
User confirmed on object: Table, this maze officially starts.
574.5023: -2.023702,2.027634,1.586123,92.08414
574.7245: -2.030379,2.026537,1.586154,98.9426
574.9467: -2.038644,2.016992,1.582539,112.0828
575.1689: -2.042378,1.998976,1.575478,128.3516
575.3911: -2.081742,1.956288,1.550019,166.5193
575.6133: -2.115245,1.906761,1.541099,180.4781
575.8356: -2.169356,1.80743,1.536737,187.4173
576.0578: -2.218849,1.701035,1.542765,187.6841
576.28: -2.260747,1.583727,1.540385,189.3103
576.5023: -2.294309,1.41607,1.518744,187.0579
576.7245: -2.324361,1.193876,1.527884,187.9349
576.9467: -2.378869,1.012111,1.562421,186.4337
577.1689: -2.452838,0.8158712,1.524482,182.2956
577.3911: -2.556967,0.6048781,1.542499,180.5263
577.6133: -2.602337,0.3919361,1.565019,177.653
577.8356: -2.608287,0.1587225,1.520346,180.3398
578.0578: -2.589069,-0.08359516,1.551929,185.7227
578.28: -2.594453,-0.3140808,1.557627,183.1024
578.5023: -2.628941,-0.5585299,1.518263,180.7599
578.7245: -2.659663,-0.7916175,1.547168,181.199
578.9467: -2.641516,-1.031809,1.531338,178.4281
579.1689: -2.585208,-1.279305,1.519861,182.5866
579.3911: -2.560105,-1.50315,1.553948,180.8802
579.6133: -2.56687,-1.733596,1.512354,176.7836
579.8356: -2.590993,-1.96813,1.52881,165.5044
580.0578: -2.562663,-2.171023,1.554348,150.6802
580.28: -2.510304,-2.37888,1.516348,145.8033
580.5023: -2.400829,-2.568869,1.527485,136.9801
580.7245: -2.325531,-2.711085,1.547429,114.5923
580.9467: -2.253863,-2.837092,1.53038,84.65199
581.1689: -2.198848,-2.961762,1.549671,58.38197
581.3911: -2.102903,-3.0671,1.553798,58.78532
581.6133: -1.947703,-3.126618,1.527142,71.84166
581.8356: -1.755136,-3.122833,1.534482,82.24359
582.0578: -1.569259,-3.120444,1.563238,79.71939
582.28: -1.367499,-3.148115,1.535676,79.12958
582.5023: -1.136751,-3.200831,1.538771,80.39443
582.7245: -0.9188181,-3.221947,1.567239,80.80598
582.9467: -0.7025872,-3.190858,1.539955,78.71078
583.1689: -0.468723,-3.108732,1.523587,78.69074
583.3911: -0.2759693,-3.046266,1.547051,71.24396
583.6133: -0.0955022,-3.009272,1.524997,65.93844
583.8356: 0.0983758,-2.978348,1.517798,53.90708
584.0578: 0.2598713,-2.94157,1.52816,47.21302
584.28: 0.3605964,-2.897074,1.508597,45.08455
Trial Result: Success object: Chair | Time Spent: 10.12811
Trial No.:6 Ends
Trial No.:3 Begins
User confirmed on object: Piano, this maze officially starts.
599.9244: 1.860208,3.145109,1.57893,193.4122
600.1467: 1.856957,3.145474,1.57871,195.3362
600.3689: 1.8621,3.130242,1.57519,195.6425
600.5911: 1.879357,3.106338,1.567299,195.9261
600.8134: 1.877334,3.106954,1.551238,216.9318
601.0356: 1.890129,3.135325,1.540328,241.8194
601.2578: 1.906258,3.159195,1.536307,259.2047
601.48: 1.896413,3.199943,1.530897,279.4369
601.7022: 1.871393,3.221968,1.526085,292.8134
601.9244: 1.899425,3.23182,1.512416,316.5117
602.1467: 1.987651,3.190352,1.502061,347.1882
602.3689: 2.047968,3.131055,1.507117,10.52652
602.5911: 2.009665,3.113178,1.50581,6.478274
602.8134: 1.853835,3.112489,1.512178,314.5536
603.0356: 1.710036,3.129145,1.511548,270.7115
603.2578: 1.587422,3.2002,1.52833,263.2697
603.48: 1.455108,3.224505,1.528987,256.1981
603.7022: 1.292732,3.227018,1.50552,257.9465
603.9244: 1.123654,3.222292,1.526574,258.7105
604.1467: 0.9538298,3.245177,1.53996,258.8151
604.3689: 0.76478,3.293111,1.51056,258.234
604.5911: 0.5669852,3.373983,1.528597,260.9781
604.8134: 0.3859292,3.409263,1.540056,261.7305
605.0356: 0.2107674,3.414692,1.518178,261.5419
605.2578: 0.01177562,3.387098,1.522892,262.1095
605.48: -0.1796043,3.375115,1.54901,260.8567
605.7022: -0.3709931,3.382517,1.536357,259.7007
605.9244: -0.5811749,3.411407,1.530357,257.4763
606.1467: -0.7713144,3.424519,1.549376,258.1925
606.3689: -0.9376121,3.39997,1.531783,256.6364
606.5911: -1.10594,3.347368,1.522053,256.5851
606.8134: -1.241526,3.312204,1.545578,248.6046
607.0356: -1.321739,3.302708,1.545269,236.2171
607.2578: -1.33494,3.302569,1.542581,202.0489
607.48: -1.328911,3.308734,1.535406,177.1949
607.7022: -1.302012,3.314617,1.527655,163.4976
607.9244: -1.200545,3.341732,1.532729,127.9589
608.1467: -1.048598,3.361325,1.520386,110.9465
608.3689: -0.8796154,3.358337,1.517036,106.1335
608.5911: -0.7413535,3.322241,1.533465,104.1814
608.8134: -0.570985,3.249863,1.508265,105.7293
609.0356: -0.3690729,3.142797,1.518386,100.638
609.2578: -0.1870606,3.093723,1.546602,98.51223
609.48: -0.0036441,3.083674,1.514464,97.76997
609.7022: 0.2189193,3.111034,1.52447,96.38741
609.9244: 0.4379843,3.104761,1.547016,91.93875
610.1467: 0.6576624,3.072454,1.505789,90.07853
610.3689: 0.879734,3.010664,1.513856,91.29576
610.5911: 1.069508,2.999989,1.533768,92.49947
610.8134: 1.274537,3.015067,1.499182,96.63205
611.0356: 1.502575,3.041161,1.51014,108.9028
611.2578: 1.693026,3.015695,1.538761,116.2675
611.48: 1.869427,2.952501,1.503021,130.7211
611.7022: 2.041305,2.851534,1.512776,140.7233
611.9244: 2.182901,2.782433,1.535296,150.6814
612.1467: 2.322148,2.71877,1.517975,163.9565
612.3689: 2.48905,2.665464,1.526334,173.9307
612.5911: 2.626048,2.588643,1.543322,179.4817
612.8134: 2.69763,2.480272,1.524863,190.8925
613.0356: 2.734538,2.333518,1.514156,195.4458
613.2578: 2.765002,2.174607,1.527726,195.7431
613.48: 2.807979,2.033874,1.542173,197.5945
613.7022: 2.872822,1.877403,1.514462,200.8613
613.9244: 2.952195,1.71921,1.53205,205.0316
614.1467: 2.968876,1.578433,1.543687,212.9712
614.3689: 2.926489,1.451567,1.521364,237.5193
614.5911: 2.867773,1.283343,1.51037,248.5023
614.8134: 2.830644,1.072973,1.52792,226.6948
615.0356: 2.845276,0.867084,1.54246,200.5667
615.2578: 2.864244,0.6419783,1.508364,197.7345
615.48: 2.872946,0.4120036,1.539258,200.5757
615.7022: 2.826945,0.198092,1.538621,205.0374
615.9244: 2.743955,-0.01672443,1.511417,206.5463
616.1467: 2.650203,-0.2262181,1.542332,208.6808
616.3689: 2.574173,-0.4398799,1.523046,210.2879
616.5911: 2.500584,-0.6833155,1.502235,210.894
616.8134: 2.416497,-0.8992966,1.537123,208.8716
617.0356: 2.308537,-1.094006,1.509836,196.0255
617.2578: 2.164692,-1.285785,1.516341,190.3851
617.48: 2.058405,-1.472458,1.545166,190.3216
617.7022: 1.9871,-1.678511,1.509153,194.3956
617.9244: 1.947474,-1.933604,1.494047,201.6951
618.1467: 1.876372,-2.150984,1.527758,205.0569
618.3689: 1.762262,-2.338984,1.491473,219.2837
618.5911: 1.621108,-2.519589,1.501964,227.8454
618.8134: 1.499504,-2.664485,1.533884,245.0615
619.0356: 1.358741,-2.797643,1.514537,264.9367
619.2578: 1.212835,-2.952757,1.530747,271.5033
619.48: 1.048585,-3.038632,1.558936,283.1965
619.7022: 0.854522,-3.086951,1.522631,288.4632
619.9244: 0.6309448,-3.112331,1.53769,287.0966
620.1467: 0.4096696,-3.160314,1.556676,287.8148
620.3689: 0.1730216,-3.229802,1.514263,287.753
620.5911: -0.06270696,-3.293344,1.559706,287.317
620.8134: -0.2858762,-3.284301,1.558626,292.8682
621.0356: -0.5204657,-3.227192,1.525988,296.4916
621.2578: -0.7423409,-3.163898,1.545258,302.7298
621.48: -0.9535719,-3.146512,1.534024,309.9713
621.7022: -1.169425,-3.155344,1.516511,316.2898
Trial Result: Success object: Mailbox | Time Spent: 22.15615
Trial No.:3 Ends
Trial No.:17 Begins
User confirmed on object: Harp, this maze officially starts.
637.8911: 1.688451,-1.177972,1.589106,359.3416
638.1133: 1.699439,-1.182027,1.590537,8.166609
638.3356: 1.719616,-1.188253,1.587964,21.8309
638.5578: 1.719797,-1.184016,1.588659,26.21688
638.78: 1.682283,-1.155588,1.582473,9.004657
639.0023: 1.576375,-1.147291,1.556292,324.0378
639.2245: 1.461196,-1.196647,1.5305,292.2527
639.4467: 1.374765,-1.228223,1.522906,285.8866
639.6689: 1.289979,-1.216303,1.529886,287.0964
639.8911: 1.192834,-1.16518,1.512805,289.6302
640.1133: 1.062028,-1.075912,1.515869,289.8734
640.3356: 0.914778,-1.000408,1.534822,289.8635
640.5578: 0.7449304,-0.9926066,1.531799,283.2324
640.78: 0.5673193,-0.9677203,1.513064,308.2396
641.0023: 0.4412988,-0.9165677,1.543112,340.4446
641.2245: 0.3359191,-0.8433352,1.537363,347.711
641.4467: 0.2583456,-0.7168676,1.518783,349.1505
641.6689: 0.1915774,-0.5564891,1.530611,350.024
641.8911: 0.1230347,-0.4163638,1.546077,349.9884
642.1133: 0.0399978,-0.2392621,1.52339,347.0039
642.3356: -0.05189523,-0.03998179,1.529737,348.3741
642.5578: -0.08461533,0.1397774,1.548987,340.2091
642.78: -0.09371593,0.3347388,1.517103,322.0438
643.0023: -0.05414904,0.5624851,1.523386,315.2355
643.2245: -0.0009491406,0.7955168,1.53967,340.7727
643.4467: 0.008029222,1.031932,1.496088,353.5753
643.6689: -0.02491933,1.274447,1.518756,356.6021
643.8911: -0.02547222,1.487267,1.540745,353.5898
644.1133: -0.005765807,1.722162,1.49584,351.9344
644.3356: 0.02142497,1.959309,1.502423,348.6887
644.5578: -0.01170103,2.167979,1.492504,340.767
644.78: -0.08810714,2.364667,1.462692,338.8399
645.0023: -0.1866232,2.527463,1.49064,327.6692
645.2245: -0.2928669,2.661075,1.499525,314.3867
645.4467: -0.4118079,2.804334,1.483954,300.4681
645.6689: -0.5418571,2.951978,1.505881,285.9853
645.8911: -0.694641,3.026135,1.524919,274.2589
646.1133: -0.8901507,3.074186,1.494169,271.8694
646.3356: -1.118997,3.102117,1.513318,268.9699
646.5578: -1.308151,3.135426,1.527901,265.4889
646.78: -1.512156,3.184549,1.498206,264.5069
647.0023: -1.721585,3.22551,1.525966,264.4341
647.2245: -1.922681,3.208368,1.521708,262.4093
647.4467: -2.120707,3.147274,1.486818,264.9544
647.6689: -2.293484,3.088815,1.501655,265.8359
647.8911: -2.415261,3.085093,1.512653,268.4409
648.1133: -2.515953,3.110168,1.519809,264.4465
648.3356: -2.590378,3.126944,1.537013,261.0887
Trial Result: Success object: Stove | Time Spent: 10.67199
Trial No.:17 Ends
Trial No.:8 Begins
User confirmed on object: Plant, this maze officially starts.
661.8689: -2.604365,-2.189874,1.597044,280.3374
662.0911: -2.604692,-2.201374,1.600177,285.329
662.3134: -2.595915,-2.199008,1.601399,303.0806
662.5356: -2.59355,-2.18941,1.597485,316.2427
662.7578: -2.589825,-2.177655,1.588981,327.9666
662.98: -2.54201,-2.170022,1.564073,2.690078
663.2022: -2.470989,-2.213954,1.540076,46.91605
663.4244: -2.409369,-2.275729,1.53934,70.89441
663.6467: -2.369918,-2.321436,1.53982,83.59751
663.8689: -2.354552,-2.360106,1.540628,93.80898
664.0911: -2.429711,-2.395384,1.527225,109.6729
664.3134: -2.49963,-2.414211,1.536566,118.935
664.5356: -2.511397,-2.459124,1.538103,118.7201
664.7578: -2.459823,-2.539825,1.533985,110.5724
664.98: -2.356034,-2.68705,1.521511,102.9631
665.2022: -2.240045,-2.80152,1.539386,94.77142
665.4244: -2.092525,-2.860042,1.523258,92.64494
665.6467: -1.886086,-2.881919,1.512778,93.96006
665.8689: -1.677004,-2.89679,1.547358,91.62306
666.0911: -1.473541,-2.949318,1.540985,87.47182
666.3134: -1.248438,-3.035452,1.52735,86.76678
666.5356: -1.025493,-3.092728,1.562062,87.64009
666.7578: -0.8076252,-3.091194,1.538365,84.37728
666.98: -0.5689391,-3.053621,1.538642,86.45044
667.2022: -0.3456765,-3.034055,1.570803,83.6807
667.4244: -0.1100085,-3.051593,1.532345,82.46225
667.6467: 0.1417526,-3.100089,1.54478,81.65056
667.8689: 0.3790943,-3.091207,1.557266,76.58201
668.0911: 0.5981757,-3.035825,1.515315,77.40617
668.3134: 0.799191,-2.937607,1.529248,68.23922
668.5356: 0.970679,-2.873112,1.538093,52.47406
668.7578: 1.166004,-2.817251,1.504443,37.31046
668.98: 1.352222,-2.756269,1.513878,20.64298
669.2022: 1.474204,-2.682609,1.530898,9.792511
669.4244: 1.557819,-2.564023,1.518921,8.797655
669.6467: 1.609649,-2.382046,1.509442,10.00722
669.8689: 1.646115,-2.209845,1.534965,3.432659
670.0911: 1.692901,-2.043117,1.529248,358.8253
670.3134: 1.751558,-1.849796,1.509087,356.8485
670.5356: 1.804587,-1.648598,1.52773,354.9749
670.7578: 1.79307,-1.492882,1.534052,354.58
670.98: 1.74443,-1.363453,1.510559,356.9013
671.2022: 1.687941,-1.234262,1.532636,358.8272
Trial Result: Success object: Harp | Time Spent: 9.750622
Trial No.:8 Ends
Trial No.:7 Begins
User confirmed on object: Plant, this maze officially starts.
682.3911: -2.593382,-2.040171,1.600564,272.72
682.6133: -2.591259,-2.048799,1.60549,274.5958
682.8356: -2.594659,-2.04342,1.606282,279.9891
683.0578: -2.583774,-2.017545,1.592665,298.5095
683.28: -2.549917,-2.001958,1.57116,318.3704
683.5023: -2.537926,-1.995588,1.562755,322.4536
683.7245: -2.518404,-1.978089,1.55059,334.8877
683.9467: -2.500877,-1.938902,1.544807,354.8012
684.1689: -2.510773,-1.867064,1.537227,5.153884
684.3911: -2.532717,-1.792912,1.539292,8.17818
684.6133: -2.568722,-1.712978,1.540461,4.773746
684.8356: -2.621886,-1.589107,1.524673,0.6944087
685.0578: -2.689013,-1.431475,1.526048,7.370582
685.28: -2.734918,-1.27505,1.552331,11.42564
685.5023: -2.737511,-1.114164,1.548567,15.65787
685.7245: -2.712998,-0.912335,1.521105,15.58799
685.9467: -2.676966,-0.7034717,1.542413,16.6555
686.1689: -2.686337,-0.5097377,1.552009,17.75167
686.3911: -2.726876,-0.3094516,1.521833,20.56875
686.6133: -2.769395,-0.1171861,1.547057,22.17108
686.8356: -2.752747,0.05393267,1.548452,28.78939
687.0578: -2.702088,0.2269323,1.522431,37.21023
687.28: -2.617461,0.400018,1.52891,50.11511
687.5023: -2.550053,0.5335358,1.547424,66.60954
687.7245: -2.490036,0.6857182,1.530415,74.42903
687.9467: -2.440263,0.8511021,1.543104,75.3643
688.1689: -2.356573,0.9570862,1.55013,78.01495
688.3911: -2.228558,1.013363,1.533946,82.35627
688.6133: -2.050022,1.044302,1.530166,78.70494
688.8356: -1.848638,1.055044,1.550384,82.13559
689.0578: -1.661109,1.075556,1.548547,85.95847
689.28: -1.455257,1.116201,1.52353,89.57794
689.5023: -1.239689,1.131349,1.550142,90.18924
689.7245: -1.02675,1.089401,1.530977,89.68105
689.9467: -0.7958395,1.000244,1.516494,87.98146
690.1689: -0.5909467,0.9574533,1.551766,86.76943
690.3911: -0.3762763,0.9560168,1.518154,89.23176
690.6133: -0.1486974,0.9924402,1.526915,90.55241
690.8356: 0.07058219,1.003586,1.552705,87.59775
691.0578: 0.3087284,0.9864046,1.511612,87.86297
691.28: 0.5485386,0.9386084,1.533509,91.55128
691.5023: 0.7630824,0.9386043,1.554015,90.7776
691.7245: 0.9842205,0.9773847,1.513857,89.83772
691.9467: 1.209091,1.03015,1.539182,89.39257
692.1689: 1.437954,1.045253,1.540537,87.81706
692.3911: 1.677576,1.028154,1.502737,90.61515
692.6133: 1.897185,1.017787,1.531647,91.46426
692.8356: 2.098174,1.057848,1.514032,91.25088
693.0578: 2.279241,1.126519,1.49459,92.58997
693.28: 2.422702,1.158632,1.520791,94.4482
693.5023: 2.519012,1.144446,1.520813,97.25261
693.7245: 2.595783,1.113677,1.530799,89.66656
Trial Result: Success object: Trashcan | Time Spent: 11.74995
Trial No.:7 Ends
Trial No.:1 Begins
User confirmed on object: Stove, this maze officially starts.
712.4467: -2.552017,2.988498,1.579793,261.537
712.6689: -2.544208,3.004606,1.582094,263.3617
712.8911: -2.550086,3.034475,1.581009,276.6673
713.1133: -2.56119,3.051408,1.58005,284.0306
713.3356: -2.588601,3.015996,1.571771,253.6526
713.5578: -2.558036,2.955725,1.539697,191.6173
713.78: -2.507163,2.957825,1.524391,149.691
714.0023: -2.440257,2.95136,1.524133,132.4236
714.2245: -2.311185,2.936856,1.519029,119.8108
714.4467: -2.186282,2.924264,1.513649,104.9538
714.6689: -2.059873,2.872942,1.513591,97.63688
714.8911: -1.92862,2.792559,1.496248,91.79543
715.1133: -1.794386,2.769378,1.522058,84.69653
715.3356: -1.62575,2.79846,1.484546,84.38162
715.5578: -1.423791,2.869732,1.503727,90.13998
715.78: -1.248318,2.901193,1.535796,95.41905
716.0023: -1.062073,2.902449,1.50691,101.8019
716.2245: -0.8424121,2.867073,1.507339,105.4108
716.4467: -0.6669692,2.830929,1.531902,115.9669
716.6689: -0.5045482,2.793095,1.519131,130.1899
716.8911: -0.3270329,2.753305,1.520851,144.4565
717.1133: -0.1938938,2.678097,1.538411,161.6756
717.3356: -0.1178998,2.554941,1.520103,171.487
717.5578: -0.09536298,2.372004,1.523771,172.032
717.78: -0.08783982,2.189377,1.542265,174.1491
718.0023: -0.07569255,1.994949,1.525323,177.2108
718.2245: -0.03839501,1.759388,1.51084,180.4479
718.4467: -0.01699327,1.534366,1.546172,181.1754
718.6689: -0.03014177,1.307595,1.521615,179.5752
718.8911: -0.08501296,1.066526,1.526526,179.4095
719.1133: -0.1044069,0.8422216,1.554389,179.6509
719.3356: -0.07763155,0.6047965,1.510821,176.0038
719.5578: -0.02209467,0.3632348,1.525159,171.1181
719.78: -0.01192528,0.1460336,1.547241,165.5682
720.0023: -0.01991773,-0.07910004,1.508847,156.8717
720.2245: -0.01795206,-0.2796223,1.544439,144.6376
720.4467: 0.04853582,-0.4394004,1.543553,133.4059
720.6689: 0.1721036,-0.5812241,1.512219,129.1544
720.8911: 0.3289955,-0.707602,1.521774,124.2045
721.1133: 0.4761067,-0.803106,1.531439,113.0247
721.3356: 0.6450022,-0.9027947,1.502156,113.2928
721.5578: 0.8459513,-1.025151,1.512584,111.0656
721.78: 1.034368,-1.098454,1.515797,114.6244
722.0023: 1.225171,-1.149084,1.477943,121.4058
722.2245: 1.438211,-1.187425,1.490178,124.9377
722.4467: 1.581671,-1.253988,1.514424,126.5747
722.6689: 1.68561,-1.347909,1.496058,128.6381
722.8911: 1.780102,-1.465771,1.50311,124.2552
723.1133: 1.879859,-1.554032,1.509595,120.5599
723.3356: 1.941452,-1.581971,1.507016,119.2116
Trial Result: Success object: Well | Time Spent: 11.10633
Trial No.:1 Ends
