Participant ID: 416
Maze Mode: testing
Trial No.:15 Begins
User confirmed on object: Wheelbarrow, this maze officially starts.
87.72: 0.3092508,-0.007136315,1.763491,266.9675
87.94222: 0.3068072,-0.009185605,1.763356,266.8198
88.16444: 0.2953505,-0.01116959,1.737877,265.7831
88.38667: 0.3133078,-0.01535418,1.774067,265.2434
88.60889: 0.3338636,-0.02011844,1.779453,264.1904
88.83112: 0.3428787,-0.01415252,1.776367,269.6048
89.05334: 0.3521707,-0.01046888,1.775243,272.8191
89.27556: 0.3563686,-0.02125224,1.772442,266.7624
89.49778: 0.358319,-0.02000631,1.771614,268.3129
89.72: 0.3583665,-0.01695519,1.770897,270.9
89.94222: 0.3618253,-0.02210158,1.769203,267.9771
90.16444: 0.3647144,-0.02185735,1.768975,268.1484
90.38667: 0.3628643,-0.01530745,1.768419,271.6072
90.60889: 0.3521838,-0.01441721,1.756791,269.8177
90.83112: 0.3337637,-0.008509126,1.738217,269.6512
91.05334: 0.3206668,-0.00457288,1.731395,268.2377
91.27556: 0.3118594,-0.009360515,1.725608,264.561
91.49778: 0.3167953,-0.04189839,1.727994,249.1251
91.72: 0.3237613,-0.05712462,1.725119,242.7376
91.94222: 0.3224981,-0.05840568,1.723081,242.5713
92.16444: 0.3212023,-0.05865383,1.723423,241.3361
92.38667: 0.3159308,-0.05779443,1.721573,242.6439
92.60889: 0.3070767,-0.06046253,1.71859,243.4608
92.83112: 0.2976479,-0.06412603,1.717219,243.9857
93.05334: 0.2920046,-0.06649704,1.713543,243.5719
93.27556: 0.2891199,-0.06543498,1.711406,242.7065
93.49778: 0.287877,-0.06255468,1.710957,242.0597
93.72: 0.2867129,-0.05722485,1.712499,242.8822
93.94222: 0.2865376,-0.05162676,1.713342,245.0271
94.16444: 0.2869031,-0.04882257,1.714021,246.1407
94.38667: 0.2870991,-0.04521454,1.716004,247.1192
94.60889: 0.2849081,-0.03702764,1.717411,249.9882
94.83112: 0.2786141,-0.0145717,1.712629,260.3402
95.05334: 0.2724041,0.01055119,1.707129,273.2584
95.27556: 0.285655,0.02538124,1.737579,281.1506
95.49778: 0.2874256,0.0332174,1.717604,286.0524
95.72: 0.3016914,0.03060965,1.742857,287.4665
95.94222: 0.3056268,0.02513602,1.746639,288.591
96.16444: 0.3102513,0.009732258,1.757955,288.7647
96.38667: 0.3171626,-0.004100543,1.76033,290.258
96.60889: 0.3396055,-0.03225309,1.776666,286.4355
96.83112: 0.3625988,-0.0637586,1.772929,278.1766
97.05334: 0.3718457,-0.07296437,1.764608,278.478
97.27556: 0.3503088,-0.05896951,1.750227,284.7734
97.49778: 0.3124915,-0.002899657,1.723541,301.5202
97.72: 0.2853799,0.06886025,1.691748,315.0293
97.94222: 0.2781644,0.1131992,1.672702,321.2952
98.16444: 0.2940543,0.147777,1.66878,318.9002
98.38667: 0.319672,0.1944268,1.640595,318.8321
98.60889: 0.3335241,0.2236711,1.631597,321.2851
98.83112: 0.3214312,0.228522,1.641714,322.4257
99.05334: 0.2652054,0.1994926,1.653164,313.5299
99.27556: 0.2130986,0.1532029,1.643263,300.7683
99.49778: 0.1861265,0.126068,1.639618,294.7202
99.72: 0.1767082,0.1016758,1.639416,291.2483
99.94222: 0.1802715,0.07570527,1.651452,287.4814
100.1644: 0.2019992,0.0382817,1.675018,282.1098
100.3867: 0.2436449,-0.02124363,1.704543,268.1732
100.6089: 0.2939242,-0.08215427,1.721434,247.8846
100.8311: 0.3393961,-0.130543,1.714842,226.3172
101.0533: 0.3643694,-0.1317756,1.716343,208.4981
101.2756: 0.3577,-0.09446593,1.717176,197.3155
101.4978: 0.3436597,-0.05765519,1.723787,176.749
101.72: 0.3286301,-0.01780482,1.713774,159.9187
101.9422: 0.3089129,0.009465942,1.709273,178.4578
102.1644: 0.283691,0.02233096,1.705029,212.3792
102.3867: 0.257224,0.00938447,1.70627,238.6856
102.6089: 0.2410981,-0.0256059,1.718719,254.1816
102.8311: 0.2216869,-0.06343378,1.724128,261.2104
103.0533: 0.207687,-0.09456092,1.719997,263.6201
103.2756: 0.2028377,-0.1177437,1.714389,259.4702
103.4978: 0.1842766,-0.1251177,1.716806,252.7275
103.72: 0.1507592,-0.1032363,1.712772,244.9669
103.9422: 0.1093952,-0.0686654,1.719603,238.6708
104.1644: 0.07025367,-0.05716559,1.717538,222.7631
104.3867: 0.04524869,-0.05507952,1.7164,195.7982
104.6089: 0.04741832,-0.05628761,1.721241,169.3773
104.8311: 0.06439373,-0.06321537,1.720147,143.3898
105.0533: 0.05964758,-0.07750013,1.719219,137.287
105.2756: 0.04974445,-0.1025096,1.719404,146.8063
105.4978: 0.04067768,-0.157088,1.704828,143.5833
105.72: 0.04897751,-0.2386965,1.684133,135.5908
105.9422: 0.07217608,-0.3594526,1.677173,130.3182
106.1644: 0.0882141,-0.4981844,1.673856,122.3991
106.3867: 0.1042253,-0.5843885,1.655689,118.2555
106.6089: 0.08857726,-0.6130861,1.647503,128.9449
106.8311: 0.02733173,-0.6191357,1.663279,176.3163
107.0533: -0.0525763,-0.552152,1.688225,228.175
107.2756: -0.08784786,-0.4263939,1.709784,257.944
107.4978: -0.0881125,-0.3244701,1.71271,264.1948
107.72: -0.06265853,-0.2628276,1.715288,263.4506
107.9422: -0.03128719,-0.2599041,1.721621,248.719
108.1644: -0.0112519,-0.2924707,1.718359,231.2064
108.3867: -0.01528144,-0.3332039,1.710107,222.6355
108.6089: -0.01988587,-0.4247305,1.695737,218.4371
108.8311: -0.04504796,-0.5503162,1.696679,222.4037
109.0533: -0.1186834,-0.6510333,1.698339,246.3893
109.2756: -0.2305774,-0.7647516,1.68936,252.6246
109.4978: -0.3707425,-0.9148422,1.709966,225.9099
109.72: -0.4883978,-1.021199,1.711725,203.4578
109.9422: -0.6040609,-1.135024,1.698913,199.4323
110.1644: -0.6973704,-1.315753,1.703555,198.927
110.3867: -0.7627398,-1.463324,1.716313,192.1103
110.6089: -0.8131946,-1.627725,1.711245,190.3961
110.8311: -0.8820362,-1.846878,1.695933,194.0012
111.0533: -0.9314153,-2.064262,1.723111,202.2767
111.2756: -0.9516605,-2.271688,1.714019,218.9858
111.4978: -0.9642595,-2.487536,1.687835,245.0695
111.72: -1.002217,-2.688978,1.71529,272.9911
111.9422: -1.094554,-2.811756,1.712427,291.0786
112.1644: -1.250008,-2.87218,1.684992,305.0865
112.3867: -1.409022,-2.903683,1.691097,317.7588
112.6089: -1.541537,-2.953152,1.69252,330.6346
Trial Result: Success object: Mailbox | Time Spent: 25.19881
Trial No.:15 Ends
Trial No.:16 Begins
User confirmed on object: Wheelbarrow, this maze officially starts.
132.3422: 0.3717178,-0.03515397,1.760802,266.8332
132.5645: 0.3759383,-0.03424616,1.761138,268.416
132.7867: 0.3781908,-0.01406773,1.759394,283.0185
133.0089: 0.3810625,-0.004498447,1.757851,288.0425
133.2311: 0.3856285,-0.01901259,1.756451,277.7548
133.4533: 0.3924631,-0.03658392,1.753164,265.4175
133.6756: 0.3911695,-0.03835475,1.750987,261.8147
133.8978: 0.3733098,-0.0385998,1.74382,262.9069
134.12: 0.343486,-0.04270978,1.73129,263.8403
134.3422: 0.3210021,-0.05790951,1.724359,249.3803
134.5645: 0.3233423,-0.05698141,1.721069,221.3611
134.7867: 0.2997685,-0.01483084,1.728011,211.5392
135.0089: 0.2737139,0.02410748,1.727682,222.8008
135.2311: 0.250305,0.09764807,1.729109,267.3157
135.4533: 0.2572897,0.1412188,1.730858,291.8879
135.6756: 0.2456963,0.103594,1.728147,272.9057
135.8978: 0.2671217,0.03765674,1.715621,238.882
136.12: 0.2824324,0.01586273,1.705105,227.7933
136.3422: 0.2568259,-0.02326607,1.702468,225.1593
136.5645: 0.2035145,-0.1249413,1.690995,228.0716
136.7867: 0.1570184,-0.333757,1.683681,237.1087
137.0089: 0.09959877,-0.5788383,1.709669,248.4874
137.2311: -0.001040027,-0.733381,1.71881,257.997
137.4533: -0.167826,-0.8162764,1.70294,260.5562
137.6756: -0.3946587,-0.8673385,1.716749,262.4664
137.8978: -0.5923272,-0.9235541,1.73353,268.469
138.12: -0.7836144,-0.9793423,1.719295,275.9922
138.3422: -0.9924617,-1.046373,1.704727,277.0343
138.5645: -1.20895,-1.108691,1.738623,267.4188
138.7867: -1.415656,-1.115448,1.729566,257.634
139.0089: -1.640318,-1.072548,1.700912,252.2546
139.2311: -1.864036,-1.033735,1.728891,245.669
139.4533: -2.054231,-1.063692,1.720671,235.7416
139.6756: -2.222237,-1.152845,1.685934,223.7056
139.8978: -2.367658,-1.25115,1.702348,213.0864
140.12: -2.500954,-1.331072,1.711933,218.4433
140.3422: -2.626959,-1.436739,1.697599,220.4986
140.5645: -2.74627,-1.554365,1.71136,220.7458
140.7867: -2.805692,-1.673887,1.704085,227.6121
Trial Result: Success object: Plant | Time Spent: 8.83976
Trial No.:16 Ends
Trial No.:17 Begins
User confirmed on object: Harp, this maze officially starts.
160.5311: 1.703599,-1.266532,1.77947,358.2845
160.7533: 1.708935,-1.276103,1.784571,357.4293
160.9756: 1.726114,-1.272354,1.770387,8.219786
161.1978: 1.72992,-1.270157,1.761299,10.85659
161.42: 1.699142,-1.272244,1.762787,347.56
161.6422: 1.703818,-1.276404,1.76673,345.8136
161.8644: 1.721065,-1.271628,1.770138,356.029
162.0867: 1.729357,-1.25967,1.765082,4.295868
162.3089: 1.737564,-1.242321,1.75762,11.35707
162.5311: 1.769862,-1.221889,1.756094,35.63044
162.7533: 1.809158,-1.228016,1.744621,59.5327
162.9756: 1.827381,-1.265095,1.739924,85.86864
163.1978: 1.811393,-1.275417,1.738413,94.50951
163.42: 1.774893,-1.233504,1.7403,65.34612
163.6422: 1.719084,-1.207803,1.730048,32.50863
163.8644: 1.755249,-1.228227,1.735235,68.55976
164.0867: 1.766254,-1.306322,1.740271,123.9807
164.3089: 1.745285,-1.342314,1.737147,153.5362
164.5311: 1.741464,-1.362832,1.720702,167.8316
164.7533: 1.736132,-1.38293,1.707559,173.8299
164.9756: 1.753067,-1.374683,1.720464,149.1845
165.1978: 1.764712,-1.355926,1.723178,126.5978
165.42: 1.757383,-1.372208,1.725597,126.1227
165.6422: 1.757041,-1.393764,1.725848,125.8301
165.8644: 1.775823,-1.391698,1.724334,114.6688
166.0867: 1.782137,-1.310988,1.721261,81.40071
166.3089: 1.747246,-1.206688,1.711416,43.64835
166.5311: 1.715984,-1.165593,1.717519,16.18686
166.7533: 1.700407,-1.180022,1.723319,336.1479
166.9756: 1.724978,-1.22003,1.730123,301.1879
167.1978: 1.742031,-1.239836,1.731837,292.3782
167.42: 1.736436,-1.241334,1.735643,289.1895
167.6422: 1.731693,-1.226367,1.736175,287.2608
167.8644: 1.730718,-1.204376,1.736081,286.4523
168.0867: 1.728707,-1.188831,1.733647,285.7911
168.3089: 1.720484,-1.180284,1.732086,285.1476
168.5311: 1.702169,-1.171121,1.723691,282.8288
168.7533: 1.616312,-1.151052,1.712737,290.3972
168.9756: 1.424074,-1.144471,1.691757,299.1683
169.1978: 1.170358,-1.152085,1.71793,302.9573
169.42: 0.9484773,-1.118548,1.731782,307.1357
169.6422: 0.7224564,-1.047172,1.69855,312.0622
169.8644: 0.49353,-0.9355644,1.719447,320.1212
170.0867: 0.314301,-0.8549492,1.734842,332.5925
170.3089: 0.157041,-0.7444545,1.724849,346.0376
170.5311: -0.005786095,-0.5989591,1.718175,357.8739
170.7533: -0.08823936,-0.4206161,1.729298,4.92574
170.9756: -0.1068799,-0.2204527,1.706408,6.834835
171.1978: -0.08204223,0.02475562,1.703732,358.272
171.42: -0.08147744,0.2586963,1.724984,353.7717
171.6422: -0.110288,0.4894191,1.706752,354.3005
171.8644: -0.162091,0.7137539,1.706457,0.7374606
172.0867: -0.1590876,0.9415016,1.733373,3.888826
172.3089: -0.1158955,1.17751,1.702992,1.577809
172.5311: -0.05127344,1.430912,1.718596,354.7877
172.7533: -0.02829955,1.667657,1.737229,350.1893
172.9756: -0.05107358,1.909051,1.699533,346.334
173.1978: -0.1106855,2.158971,1.711898,343.0723
173.42: -0.1535498,2.368263,1.720582,328.2776
173.6422: -0.2166992,2.562045,1.695878,300.5405
173.8644: -0.2966405,2.759974,1.69755,279.6752
174.0867: -0.4267855,2.901164,1.715998,270.4173
174.3089: -0.6128638,2.981725,1.686713,268.7883
174.5311: -0.8351792,3.003539,1.71004,269.2261
174.7533: -1.037724,3.032669,1.719492,267.009
174.9756: -1.263807,3.064189,1.692337,265.0403
175.1978: -1.50878,3.092354,1.708664,263.5904
175.42: -1.734028,3.050518,1.713357,265.1081
175.6422: -1.943156,2.957194,1.677303,271.5099
175.8644: -2.131145,2.884717,1.718142,279.3657
176.0867: -2.284911,2.883418,1.722143,281.3758
176.3089: -2.42582,2.936443,1.68271,275.731
176.5311: -2.538687,2.985922,1.697184,272.783
Trial Result: Success object: Stove | Time Spent: 16.35796
Trial No.:17 Ends
Trial No.:13 Begins
User confirmed on object: Telescope, this maze officially starts.
194.2422: -3.034918,0.01307394,1.753702,96.64252
194.4644: -3.046734,0.01074171,1.75193,97.0596
194.6867: -3.055154,0.006768679,1.750813,99.37451
194.9089: -3.061472,0.01227809,1.748414,94.02583
195.1311: -3.066679,0.01477477,1.747535,89.01095
195.3533: -3.04824,0.02855074,1.742636,78.42828
195.5756: -3.04016,0.0690665,1.721777,44.53856
195.7978: -3.038564,0.05024266,1.710773,12.18392
196.02: -2.987114,0.01473789,1.712591,3.946233
196.2422: -2.941944,0.004460343,1.715245,23.66124
196.4644: -2.936187,0.0119162,1.723738,40.00316
196.6867: -2.958448,0.05569699,1.714912,37.02965
196.9089: -3.005638,0.1382268,1.706956,31.431
197.1311: -3.033031,0.2232916,1.693905,32.08491
197.3533: -3.022464,0.2697901,1.695495,35.98646
197.5756: -2.972919,0.2626761,1.699816,65.53975
197.7978: -2.944575,0.2144963,1.707979,92.82144
198.02: -2.937583,0.1265212,1.71825,114.9039
198.2422: -2.954654,0.02096941,1.725275,139.8197
198.4644: -2.997929,-0.063369,1.713793,169.7541
198.6867: -3.01252,-0.09168254,1.714046,181.9631
198.9089: -2.965079,-0.09351034,1.723876,184.0252
199.1311: -2.897884,-0.09033591,1.713854,182.0379
199.3533: -2.846179,-0.08354217,1.702157,180.2716
199.5756: -2.807978,-0.0759889,1.696769,177.5867
199.7978: -2.804674,-0.07601941,1.700179,175.0627
200.02: -2.815999,-0.06453889,1.703928,161.7768
200.2422: -2.838642,-0.03225849,1.706028,137.4593
200.4644: -2.834058,-0.02673827,1.698006,127.0422
200.6867: -2.800529,-0.1172019,1.686283,127.7412
200.9089: -2.754053,-0.3095962,1.661616,124.1826
201.1311: -2.693666,-0.5598654,1.654561,116.208
201.3533: -2.583483,-0.7363491,1.675819,110.0916
201.5756: -2.429413,-0.8173529,1.677038,103.4018
201.7978: -2.221142,-0.8391697,1.675162,100.5728
202.02: -2.004591,-0.8614221,1.718378,101.0324
202.2422: -1.800005,-0.9017826,1.730265,101.2847
202.4644: -1.584964,-0.9527,1.706332,98.76889
202.6867: -1.354555,-0.9863333,1.739258,93.4294
202.9089: -1.105694,-0.9502647,1.723562,89.0517
203.1311: -0.8425343,-0.8630547,1.698009,93.76438
203.3533: -0.5896403,-0.8275741,1.742529,97.73891
203.5756: -0.3501737,-0.8460348,1.714251,97.00837
203.7978: -0.08956236,-0.9086568,1.717043,91.25967
204.02: 0.150516,-0.9435755,1.742993,88.16843
204.2422: 0.3875292,-0.9561768,1.713843,94.46056
204.4644: 0.6339004,-0.964326,1.724682,104.5686
204.6867: 0.859781,-1.007179,1.74839,110.8869
204.9089: 1.093908,-1.076636,1.711207,116.9684
205.1311: 1.315098,-1.170993,1.734625,126.6268
205.3533: 1.492754,-1.27359,1.739158,138.0502
205.5756: 1.63104,-1.407171,1.710842,140.7483
205.7978: 1.769759,-1.528865,1.723561,136.7145
206.02: 1.85312,-1.647459,1.728966,126.3465
Trial Result: Success object: Well | Time Spent: 12.06109
Trial No.:13 Ends
Trial No.:1 Begins
User confirmed on object: Stove, this maze officially starts.
222.3089: -2.398243,2.838738,1.736321,278.4036
222.5311: -2.373216,2.841381,1.739473,281.9315
222.7533: -2.354591,2.849575,1.738107,286.4032
222.9756: -2.342438,2.85113,1.737387,285.3118
223.1978: -2.339289,2.850186,1.732778,277.7905
223.42: -2.354079,2.845754,1.725312,273.3621
223.6422: -2.379725,2.819897,1.716252,259.3388
223.8645: -2.385716,2.805098,1.702425,221.3783
224.0867: -2.384888,2.838681,1.699016,170.827
224.3089: -2.398802,2.89025,1.691166,142.0935
224.5311: -2.385385,2.915936,1.686434,130.0012
224.7533: -2.335973,2.901531,1.697045,129.5149
224.9756: -2.253309,2.868318,1.701533,144.26
225.1978: -2.171772,2.820105,1.69853,165.9951
225.42: -2.096243,2.735252,1.686898,169.7222
225.6422: -2.018681,2.572492,1.661398,162.4509
225.8645: -1.948316,2.314596,1.680348,156.2984
226.0867: -1.874486,2.079273,1.706511,148.051
226.3089: -1.796295,1.862973,1.692817,138.894
226.5311: -1.681477,1.632097,1.672302,134.7162
226.7533: -1.574514,1.432665,1.718646,126.5735
226.9756: -1.435943,1.267748,1.711156,118.0561
227.1978: -1.253128,1.089287,1.69257,111.1024
227.42: -1.044066,0.9783894,1.723431,109.9511
227.6422: -0.8217091,0.9460878,1.703862,112.3881
227.8645: -0.5690509,0.9419148,1.699404,124.7504
228.0867: -0.3705783,0.8684872,1.731746,137.9799
228.3089: -0.2309394,0.7248866,1.713978,146.8492
228.5311: -0.1420915,0.5078058,1.716089,156.5738
228.7533: -0.08149555,0.2996896,1.732069,168.7837
228.9756: -0.01707718,0.08658042,1.703892,170.5702
229.1978: 0.08091497,-0.1332043,1.711735,155.4209
229.42: 0.1480589,-0.3259121,1.735179,135.0996
229.6422: 0.1921339,-0.5222323,1.715789,121.8799
229.8645: 0.2469398,-0.7255182,1.72,103.2177
230.0867: 0.3301849,-0.8537143,1.739526,82.68085
230.3089: 0.466399,-0.9330092,1.725298,78.63583
230.5311: 0.6658235,-0.9660052,1.712808,97.53324
230.7533: 0.8664964,-0.9837714,1.745399,109.1227
230.9756: 1.055138,-1.019021,1.732838,115.2892
231.1978: 1.247642,-1.105413,1.714572,123.0589
231.42: 1.413015,-1.194228,1.722111,136.8429
231.6422: 1.54606,-1.300204,1.71096,146.0777
231.8645: 1.692998,-1.422306,1.686789,143.8176
232.0867: 1.851753,-1.535772,1.705311,140.4745
232.3089: 1.935559,-1.631332,1.715955,134.6896
Trial Result: Success object: Well | Time Spent: 10.41746
Trial No.:1 Ends
Trial No.:24 Begins
User confirmed on object: Chair, this maze officially starts.
247.0645: 0.8170724,-3.342973,1.747595,2.015264
247.2867: 0.8225438,-3.357315,1.751082,2.281962
247.5089: 0.8244675,-3.366668,1.753634,2.125827
247.7311: 0.8299438,-3.371981,1.756727,3.056775
247.9533: 0.8332446,-3.377141,1.756952,3.722788
248.1756: 0.8352088,-3.375939,1.756988,2.798978
248.3978: 0.8375051,-3.373064,1.757999,3.624467
248.62: 0.8337828,-3.36859,1.758088,1.648983
248.8422: 0.8547735,-3.344709,1.759412,358.548
249.0645: 0.8954393,-3.315254,1.767259,357.2475
249.2867: 0.9382645,-3.289336,1.765817,354.05
249.5089: 0.966301,-3.2712,1.752576,348.8624
249.7311: 0.984,-3.253286,1.744226,344.8382
249.9533: 0.9861897,-3.236626,1.742031,342.0367
250.1756: 0.9830706,-3.229849,1.741249,342.1353
250.3978: 0.973242,-3.227753,1.741363,342.6604
250.62: 0.96356,-3.225286,1.740637,344.0235
250.8422: 1.017084,-3.196148,1.737991,17.66418
251.0645: 1.12921,-3.162345,1.71485,39.81317
251.2867: 1.303289,-3.107354,1.679914,36.20934
251.5089: 1.480371,-3.008103,1.710268,24.94363
251.7311: 1.585403,-2.855928,1.713604,16.71191
251.9533: 1.638551,-2.615242,1.673159,15.37536
252.1756: 1.677884,-2.335517,1.715634,19.50197
252.3978: 1.754635,-2.104695,1.737464,21.99117
252.62: 1.871325,-1.860744,1.702107,23.74696
252.8422: 1.991292,-1.621419,1.727492,23.57529
253.0645: 2.086421,-1.391843,1.742028,21.91647
253.2867: 2.194339,-1.147765,1.705208,19.61491
253.5089: 2.299819,-0.9134938,1.74763,17.13103
253.7311: 2.414337,-0.694698,1.741276,16.51582
253.9533: 2.526079,-0.4561821,1.712944,15.28364
254.1756: 2.605987,-0.2148032,1.749178,19.04834
254.3978: 2.639237,0.01528862,1.734276,27.50345
254.62: 2.625624,0.2595214,1.715803,38.90852
254.8422: 2.638327,0.4766301,1.74099,48.27172
255.0645: 2.684784,0.6548491,1.721838,57.12656
Trial Result: Success object: Trashcan | Time Spent: 8.429485
Trial No.:24 Ends
Trial No.:14 Begins
User confirmed on object: Telescope, this maze officially starts.
270.7089: -3.045097,0.0280165,1.7401,87.84212
270.9311: -3.050338,0.02768399,1.746829,87.52843
271.1534: -3.057198,0.02594286,1.749048,87.77419
271.3755: -3.061754,0.02438008,1.749134,89.46555
271.5978: -3.067314,0.02432658,1.749705,90.91209
271.82: -3.064788,0.02319697,1.750267,93.98018
272.0422: -3.045421,0.02228376,1.74343,101.3874
272.2645: -3.008578,0.01956769,1.731017,111.5355
272.4867: -2.968066,-0.003683543,1.72281,130.2639
272.7089: -2.945609,-0.03065057,1.71656,140.8347
272.9311: -2.950026,-0.04605061,1.716631,134.8111
273.1534: -2.952961,-0.03176958,1.718256,109.6826
273.3755: -2.969572,-0.01261346,1.720478,82.96337
273.5978: -2.990283,-0.006999907,1.720712,60.76868
273.82: -3.011517,-0.01095753,1.701461,41.58018
274.0422: -3.024328,-0.01426154,1.681121,31.33021
274.2645: -3.013492,-0.005251961,1.689431,31.30113
274.4867: -2.995695,-0.0007815491,1.68973,32.16555
274.7089: -2.9786,-0.0006838422,1.685872,31.3831
274.9311: -2.94956,0.04716171,1.691217,33.2979
275.1534: -2.932296,0.1903785,1.691217,34.37724
275.3755: -2.891448,0.3957142,1.67305,41.29514
275.5978: -2.811899,0.5672847,1.702204,49.84756
275.82: -2.67726,0.6803801,1.702383,70.07347
276.0422: -2.49751,0.768265,1.684683,81.77497
276.2645: -2.297199,0.8524081,1.718665,83.99338
276.4867: -2.086727,0.9280704,1.713653,87.24474
276.7089: -1.837604,1.014444,1.680324,90.19926
276.9311: -1.571798,1.066934,1.717969,93.25712
277.1534: -1.316689,1.044754,1.716778,94.55108
277.3755: -1.059503,0.9846658,1.691385,92.94048
277.5978: -0.8148113,0.9556759,1.737341,93.46617
277.82: -0.5866776,0.9865205,1.719034,92.69836
278.0422: -0.3477721,1.050985,1.709426,95.98755
278.2645: -0.1038794,1.092556,1.745131,97.21956
278.4867: 0.1303259,1.08826,1.727684,99.36967
278.7089: 0.3556458,1.056348,1.721514,99.27936
278.9311: 0.5058509,1.021517,1.747941,105.398
279.1534: 0.4925125,0.9410099,1.751323,137.9807
279.3755: 0.3556595,0.8973572,1.70579,170.3183
279.5978: 0.2180301,0.8810604,1.678533,187.6179
279.82: 0.1250045,0.8223512,1.668236,196.9856
280.0422: 0.05882459,0.6649581,1.673392,203.2166
280.2645: 0.01369682,0.4986286,1.681997,214.7011
280.4867: -0.0006471984,0.3501764,1.728415,232.8937
280.7089: 0.007096565,0.1844805,1.720736,251.3263
Trial Result: Success object: Wheelbarrow | Time Spent: 10.30686
Trial No.:14 Ends
Trial No.:5 Begins
User confirmed on object: Table, this maze officially starts.
303.2089: -2.104216,1.983734,1.734514,76.56591
303.4311: -2.113008,1.986355,1.73899,79.33409
303.6534: -2.143215,1.987784,1.758107,83.9617
303.8755: -2.168286,1.987293,1.761466,87.09809
304.0978: -2.182236,1.983045,1.760542,89.45881
304.32: -2.189258,1.982089,1.758075,89.41517
304.5422: -2.189819,1.980095,1.760071,91.00772
304.7645: -2.183523,1.963851,1.760195,103.2178
304.9867: -2.186007,1.934695,1.750378,123.2467
305.2089: -2.195709,1.925913,1.739894,143.1997
305.4311: -2.204694,1.941377,1.740292,167.425
305.6534: -2.207561,1.955148,1.727906,183.0861
305.8755: -2.214808,1.961269,1.724485,185.7815
306.0978: -2.235311,1.953201,1.719655,182.2573
306.32: -2.250947,1.916929,1.72214,190.6312
306.5422: -2.249823,1.886754,1.703319,216.4551
306.7645: -2.241992,1.846829,1.692403,224.0329
306.9867: -2.236928,1.799939,1.701209,211.2601
307.2089: -2.225376,1.763093,1.703883,190.2363
307.4311: -2.22546,1.731564,1.708769,178.2336
307.6534: -2.235167,1.696676,1.70941,176.6674
307.8755: -2.227526,1.66581,1.708966,174.2739
308.0978: -2.209844,1.639578,1.703135,170.7033
308.32: -2.221032,1.572001,1.710233,165.4063
308.5422: -2.307733,1.457602,1.698735,158.3929
308.7645: -2.425264,1.334804,1.695882,157.4612
308.9867: -2.4803,1.26776,1.684025,155.6678
309.2089: -2.459113,1.245937,1.692445,150.0974
309.4311: -2.315355,1.275304,1.69918,116.4706
309.6534: -2.154061,1.313593,1.693551,90.46281
309.8755: -1.956003,1.320455,1.682241,88.87829
310.0978: -1.771133,1.301365,1.707094,94.64244
310.32: -1.595964,1.241775,1.71119,95.88377
310.5422: -1.414791,1.138343,1.695065,91.46445
310.7645: -1.233412,1.055098,1.728555,87.49529
310.9867: -1.03557,1.046604,1.71308,84.37691
311.2089: -0.7966758,1.07689,1.690208,91.39358
311.4311: -0.5634326,1.105995,1.730776,95.24314
311.6534: -0.3499293,1.109311,1.726025,96.82037
311.8755: -0.1099661,1.08915,1.711319,96.61339
312.0978: 0.1219016,1.075877,1.735425,98.5647
312.32: 0.3452337,1.092752,1.722769,100.2569
312.5422: 0.5952595,1.134756,1.709441,105.4499
312.7645: 0.8345495,1.148441,1.742842,113.4551
312.9867: 1.049159,1.119684,1.725411,123.738
313.2089: 1.258928,1.064118,1.707005,134.8678
313.4311: 1.431665,1.022722,1.71731,150.0206
Trial Result: Success object: Bookshelf | Time Spent: 10.65082
Trial No.:5 Ends
Trial No.:10 Begins
User confirmed on object: Bookshelf, this maze officially starts.
326.5089: 1.680277,1.227979,1.761161,177.1062
326.7311: 1.675416,1.246722,1.776707,178.3515
326.9533: 1.677136,1.274363,1.775841,182.1693
327.1756: 1.678161,1.307914,1.770062,188.1656
327.3978: 1.67981,1.333321,1.761525,191.1191
327.62: 1.686814,1.33346,1.761062,193.1978
327.8422: 1.696479,1.308818,1.761296,194.4219
328.0645: 1.694026,1.263492,1.759172,201.8135
328.2867: 1.662417,1.206906,1.751726,222.7016
328.5089: 1.61496,1.178798,1.738582,246.7389
328.7311: 1.51724,1.181249,1.728212,262.1692
328.9533: 1.375698,1.194605,1.712225,260.4074
329.1756: 1.193578,1.193496,1.717912,247.1577
329.3978: 1.014963,1.14904,1.722996,240.5142
329.62: 0.8213747,1.067581,1.689097,245.0982
329.8422: 0.6462951,0.9800287,1.708996,251.7434
330.0645: 0.470688,0.9263049,1.732091,243.6142
330.2867: 0.3044252,0.8780276,1.704407,218.7394
330.5089: 0.1573679,0.8188643,1.724559,199.9567
330.7311: 0.06336753,0.7018497,1.724881,193.4032
330.9533: 0.02832367,0.4990966,1.697465,194.8045
331.1756: 0.03793359,0.2487742,1.727558,198.5676
331.3978: 0.01979364,0.02554661,1.741928,202.3814
331.62: -0.02771179,-0.2057103,1.7092,205.1033
331.8422: -0.1085211,-0.4379945,1.727743,216.3099
332.0645: -0.2077337,-0.6125585,1.738454,234.7237
332.2867: -0.3406996,-0.7687496,1.712525,246.9451
332.5089: -0.5002396,-0.9229348,1.714139,254.9437
332.7311: -0.6980108,-0.9934517,1.740709,260.804
332.9533: -0.9176964,-0.9994476,1.704868,265.4231
333.1756: -1.155625,-0.9728594,1.717531,258.7891
333.3978: -1.367714,-0.9949969,1.738184,250.5941
333.62: -1.584165,-1.048939,1.704,246.5939
333.8422: -1.821161,-1.132436,1.712893,244.1541
334.0645: -2.036114,-1.191184,1.736228,238.6661
334.2867: -2.254795,-1.25158,1.708292,233.0564
334.5089: -2.462992,-1.325191,1.711076,228.4565
334.7311: -2.595033,-1.420741,1.731035,225.9553
334.9533: -2.669102,-1.553727,1.708291,231.9373
335.1756: -2.689234,-1.745101,1.690033,248.7082
Trial Result: Success object: Plant | Time Spent: 9.017664
Trial No.:10 Ends
Trial No.:11 Begins
User confirmed on object: Trashcan, this maze officially starts.
351.4422: 2.407847,1.147728,1.751381,97.19471
351.6645: 2.382761,1.154965,1.770124,99.4684
351.8867: 2.366251,1.161047,1.771441,98.33447
352.1089: 2.357527,1.153258,1.768648,97.47182
352.3311: 2.351443,1.12569,1.769091,96.4455
352.5533: 2.351804,1.08789,1.775008,96.29198
352.7756: 2.361345,1.068917,1.774406,90.79462
352.9978: 2.37356,1.115989,1.757942,62.99486
353.22: 2.318231,1.195217,1.7299,4.337537
353.4422: 2.272741,1.17017,1.731482,314.2911
353.6645: 2.310231,1.127406,1.731714,282.696
353.8867: 2.344653,1.126139,1.728576,267.1572
354.1089: 2.297029,1.109031,1.72366,261.8606
354.3311: 2.14667,1.067867,1.701932,265.0242
354.5533: 1.924727,1.00298,1.715704,272.971
354.7756: 1.700399,0.9702689,1.738155,275.7704
354.9978: 1.469266,0.9817783,1.709744,272.8419
355.22: 1.238361,1.02458,1.719335,263.9913
355.4422: 1.036293,1.015262,1.742806,252.5978
355.6645: 0.8266538,1.019414,1.707522,274.5762
355.8867: 0.6261536,1.032682,1.723481,309.6157
356.1089: 0.4645351,1.08204,1.732224,328.65
356.3311: 0.3244494,1.172982,1.713353,335.596
356.5533: 0.2114082,1.319484,1.712765,342.0409
356.7756: 0.1383589,1.462346,1.7187,348.3476
356.9978: 0.08209491,1.637352,1.701074,350.5011
357.22: 0.009726522,1.856462,1.675853,348.0653
357.4422: -0.05772699,2.068761,1.716465,333.9564
357.6645: -0.09148,2.236306,1.717551,316.6567
357.8867: -0.1129014,2.424875,1.696305,297.715
358.1089: -0.1344616,2.635117,1.707801,275.9602
358.3311: -0.1825312,2.774559,1.723602,260.0932
358.5533: -0.2615877,2.859844,1.723306,254.6981
358.7756: -0.375788,2.910265,1.707194,255.4714
358.9978: -0.5399456,2.924215,1.682713,257.3947
359.22: -0.7310168,2.931603,1.703565,256.4251
359.4422: -0.8941288,2.951815,1.716353,258.3089
359.6645: -1.05941,2.968112,1.712242,259.3319
359.8867: -1.233806,2.957603,1.678136,236.66
360.1089: -1.364229,2.922313,1.673772,203.9669
360.3311: -1.434424,2.893728,1.665147,182.1238
360.5533: -1.526091,2.862006,1.681452,174.8851
360.7756: -1.593893,2.79641,1.689967,168.9673
360.9978: -1.658536,2.694542,1.69293,180.7365
361.22: -1.719833,2.536417,1.682447,203.369
361.4422: -1.757966,2.332349,1.701661,206.522
361.6645: -1.824052,2.148309,1.717276,210.9138
361.8867: -1.919875,1.970833,1.700983,209.5844
362.1089: -2.027242,1.814264,1.702258,205.6832
362.3311: -2.105867,1.669881,1.722895,202.797
362.5533: -2.164212,1.510766,1.707572,191.8695
362.7756: -2.238174,1.313086,1.693346,187.2081
362.9978: -2.312795,1.113413,1.714622,180.5255
363.22: -2.399659,0.9458373,1.716258,172.4733
363.4422: -2.504308,0.7597821,1.687699,162.4513
363.6645: -2.590289,0.5649818,1.703137,151.682
363.8867: -2.599759,0.4102236,1.690857,137.0566
364.1089: -2.572504,0.2823915,1.665725,127.3138
Trial Result: Success object: Telescope | Time Spent: 12.90528
Trial No.:11 Ends
Trial No.:9 Begins
User confirmed on object: Bookshelf, this maze officially starts.
374.8533: 1.7851,1.26777,1.74946,177.788
375.0756: 1.749788,1.287192,1.763,180.6165
375.2978: 1.714465,1.32538,1.770244,181.5229
375.52: 1.663843,1.368513,1.769949,185.9886
375.7422: 1.619819,1.398283,1.767067,186.6219
375.9644: 1.599359,1.41255,1.762275,183.1903
376.1867: 1.611427,1.406796,1.754838,183.7591
376.4089: 1.634106,1.374024,1.76089,192.5479
376.6311: 1.584157,1.339745,1.748271,242.2821
376.8533: 1.498667,1.340188,1.729955,272.3565
377.0756: 1.353354,1.340291,1.698811,277.3407
377.2978: 1.169736,1.320297,1.689345,276.3732
377.52: 0.9886875,1.279419,1.710315,275.9883
377.7422: 0.809472,1.236634,1.712919,279.7285
377.9644: 0.6141102,1.152431,1.68319,289.483
378.1867: 0.4282312,1.13367,1.723401,309.9873
378.4089: 0.2998655,1.215161,1.713798,333.4821
378.6311: 0.1846085,1.382238,1.698756,338.0855
378.8533: 0.09985273,1.5849,1.717397,340.7926
379.0756: 0.04831011,1.787395,1.71378,338.0399
379.2978: -0.002107963,2.005969,1.679558,339.0858
379.52: -0.07941036,2.219645,1.723924,334.3543
379.7422: -0.1361928,2.385613,1.724119,309.6865
379.9644: -0.1914943,2.565704,1.703977,289.2943
380.1867: -0.2643977,2.778395,1.723208,284.0228
380.4089: -0.3977149,2.926739,1.725964,279.3209
380.6311: -0.5982862,3.000337,1.69468,275.616
380.8533: -0.8315321,3.021297,1.714332,270.2241
381.0756: -1.041232,3.043998,1.71904,265.6844
381.2978: -1.273213,3.082381,1.688915,264.0391
381.52: -1.509854,3.110838,1.721884,263.5533
381.7422: -1.732918,3.077516,1.710029,263.5961
381.9644: -1.951833,2.995332,1.675239,267.9204
382.1867: -2.145445,2.93057,1.711013,273.2347
382.4089: -2.300508,2.916094,1.709792,277.8004
382.6311: -2.450725,2.934009,1.694182,274.0178
382.8533: -2.587136,2.958057,1.7056,272.1364
Trial Result: Success object: Stove | Time Spent: 8.306799
Trial No.:9 Ends
Trial No.:19 Begins
User confirmed on object: Well, this maze officially starts.
396.5978: 1.590551,-1.97336,1.750831,91.77762
396.82: 1.565694,-1.975562,1.767883,93.2364
397.0422: 1.534846,-1.96312,1.777437,97.80118
397.2645: 1.509176,-1.948349,1.776731,101.38
397.4867: 1.48184,-1.934346,1.772353,102.1381
397.7089: 1.459566,-1.920213,1.767897,102.1448
397.9311: 1.453408,-1.908433,1.765317,101.1855
398.1534: 1.456753,-1.899405,1.762748,100.183
398.3756: 1.46875,-1.890647,1.761598,97.65712
398.5978: 1.492076,-1.875319,1.762015,83.8688
398.82: 1.516129,-1.858193,1.753564,45.58955
399.0422: 1.524966,-1.876597,1.745288,3.693213
399.2645: 1.541201,-1.904742,1.739536,331.4072
399.4867: 1.547908,-1.907332,1.740636,310.1248
399.7089: 1.525855,-1.897578,1.747163,305.5461
399.9311: 1.5221,-1.867351,1.750736,313.4671
400.1534: 1.564976,-1.814823,1.74251,318.3194
400.3756: 1.621948,-1.736331,1.73502,316.5074
400.5978: 1.680538,-1.653127,1.735195,314.3478
400.82: 1.722435,-1.619018,1.72553,310.0461
401.0422: 1.737132,-1.58366,1.725502,308.0117
401.2645: 1.737293,-1.542994,1.720343,317.7918
401.4867: 1.740361,-1.522722,1.732623,344.8144
401.7089: 1.745556,-1.517639,1.737495,14.21788
401.9311: 1.757843,-1.535508,1.740602,32.07914
402.1534: 1.778389,-1.553993,1.736876,35.33762
402.3756: 1.768076,-1.546211,1.722439,9.551654
402.5978: 1.731032,-1.529307,1.705629,318.9546
402.82: 1.697244,-1.479447,1.69954,292.3636
403.0422: 1.619285,-1.400477,1.703473,288.7799
403.2645: 1.506209,-1.30227,1.715935,283.4383
403.4867: 1.380241,-1.180733,1.70345,280.2308
403.7089: 1.240799,-1.091534,1.736069,281.5376
403.9311: 1.082046,-1.078728,1.726141,279.7134
404.1534: 0.8846706,-1.124518,1.708621,282.5685
404.3756: 0.6892482,-1.141799,1.744969,290.011
404.5978: 0.53517,-1.077695,1.737475,307.7174
404.82: 0.4143109,-0.961099,1.719035,323.5708
405.0422: 0.3147267,-0.8387074,1.731189,339.5881
405.2645: 0.2347726,-0.7469971,1.732513,351.4117
405.4867: 0.1741721,-0.651724,1.73691,357.9151
405.7089: 0.1221778,-0.522423,1.719441,0.7745962
405.9311: 0.05305362,-0.3439083,1.69316,2.892092
406.1534: -0.0005995855,-0.159045,1.718472,4.416577
406.3756: -0.01210795,0.01169772,1.717843,4.953431
406.5978: -0.00539561,0.2224747,1.694124,359.498
406.82: 0.01810697,0.4396085,1.72351,351.1569
407.0422: -0.007782783,0.6096448,1.734635,345.222
407.2645: -0.1378191,0.7250515,1.71547,321.1465
407.4867: -0.3143772,0.783303,1.708117,290.5952
407.7089: -0.4491606,0.837653,1.707528,276.1828
407.9311: -0.6073606,0.9022908,1.692532,270.0759
408.1534: -0.8021786,1.006644,1.669959,281.2244
408.3756: -1.00211,1.092236,1.707157,296.1201
408.5978: -1.181722,1.129073,1.704564,314.0397
408.82: -1.369198,1.152869,1.675673,343.1048
409.0422: -1.554492,1.173935,1.692587,6.159367
409.2645: -1.677697,1.226401,1.706311,15.80703
409.4867: -1.747197,1.328497,1.694908,20.7905
409.7089: -1.757276,1.488607,1.687537,24.82376
409.9311: -1.749151,1.633789,1.693391,38.71568
Trial Result: Success object: Table | Time Spent: 13.72748
Trial No.:19 Ends
Trial No.:8 Begins
User confirmed on object: Plant, this maze officially starts.
421.5756: -2.583199,-2.040236,1.733818,272.8767
421.7978: -2.555046,-2.041995,1.752686,274.6921
422.02: -2.50148,-2.06015,1.759992,279.2816
422.2422: -2.442078,-2.082267,1.758249,287.6051
422.4644: -2.394915,-2.102501,1.757533,281.6655
422.6867: -2.353771,-2.096534,1.748776,269.3647
422.9089: -2.332113,-2.051279,1.752716,262.6813
423.1311: -2.339167,-2.001737,1.751303,263.5345
423.3533: -2.362249,-1.972404,1.748651,273.3561
423.5756: -2.393954,-1.942386,1.744815,312.133
423.7978: -2.402305,-1.928131,1.724035,5.491864
424.02: -2.417355,-1.880065,1.707928,25.2812
424.2422: -2.421632,-1.767603,1.691596,30.2005
424.4644: -2.430364,-1.5947,1.705603,28.5144
424.6867: -2.448485,-1.436656,1.720009,19.2898
424.9089: -2.481348,-1.288156,1.714424,18.71938
425.1311: -2.478182,-1.151845,1.72058,44.85824
425.3533: -2.401403,-1.067819,1.73248,71.19086
425.5756: -2.249402,-1.019562,1.703871,84.79189
425.7978: -2.029821,-1.005731,1.715514,89.9044
426.02: -1.812459,-0.9822595,1.733755,91.9403
426.2422: -1.580395,-0.9416706,1.711183,90.094
426.4644: -1.331369,-0.8932302,1.716852,91.61341
426.6867: -1.102007,-0.8967916,1.739558,90.88328
426.9089: -0.8714762,-0.9286527,1.709206,88.4832
427.1311: -0.6340623,-0.9830034,1.723758,85.59211
427.3533: -0.4103924,-1.004791,1.739983,84.29459
427.5756: -0.1728749,-0.9888512,1.708799,84.83344
427.7978: 0.06578784,-0.9552112,1.739552,83.30344
428.02: 0.2951238,-0.9506227,1.74082,80.61285
428.2422: 0.5384213,-0.9588995,1.707247,74.05614
428.4644: 0.7710382,-0.9650112,1.737158,67.33117
428.6867: 0.9711112,-0.9276639,1.736859,62.31598
428.9089: 1.146728,-0.8555225,1.705709,61.7757
429.1311: 1.303065,-0.8076221,1.732288,59.95483
Trial Result: Success object: Harp | Time Spent: 7.88575
Trial No.:8 Ends
Trial No.:7 Begins
User confirmed on object: Plant, this maze officially starts.
439.9089: -2.484117,-2.036835,1.736155,273.6537
440.1311: -2.472627,-2.039989,1.755729,279.3687
440.3533: -2.423244,-2.06597,1.762492,278.8111
440.5756: -2.362632,-2.099205,1.762896,277.4749
440.7978: -2.320088,-2.114276,1.764414,274.8983
441.02: -2.291994,-2.091415,1.76047,273.163
441.2422: -2.287543,-2.056289,1.759924,269.885
441.4644: -2.287066,-2.045017,1.747396,267.3405
441.6867: -2.294086,-2.069925,1.732898,267.3892
441.9089: -2.311614,-2.128119,1.735189,266.9345
442.1311: -2.32882,-2.173992,1.7333,268.7365
442.3533: -2.351242,-2.192466,1.730195,273.1334
442.5756: -2.367396,-2.186519,1.725667,278.9662
442.7978: -2.372504,-2.155694,1.726224,291.2314
443.02: -2.357777,-2.079917,1.730968,327.9744
443.2422: -2.31302,-2.007552,1.731689,359.8355
443.4644: -2.260579,-1.931176,1.725728,14.24674
443.6867: -2.26596,-1.859499,1.727393,11.01558
443.9089: -2.348014,-1.760075,1.705128,11.38454
444.1311: -2.431225,-1.612845,1.686795,16.59013
444.3533: -2.452887,-1.452079,1.706017,41.07104
444.5756: -2.395545,-1.315768,1.706287,61.62601
444.7978: -2.235359,-1.202862,1.705163,69.58726
445.02: -2.04143,-1.126063,1.726127,77.65504
445.2422: -1.8367,-1.045542,1.708361,79.17371
445.4644: -1.631172,-0.9424871,1.713906,81.63264
445.6867: -1.409584,-0.91193,1.741235,81.47018
445.9089: -1.16158,-0.9440413,1.701448,77.91246
446.1311: -0.9082854,-0.9916449,1.719129,68.53735
446.3533: -0.6952169,-0.9479568,1.731645,49.67638
446.5756: -0.5111673,-0.8393387,1.690183,33.41771
446.7978: -0.3360283,-0.6923177,1.708368,26.8527
447.02: -0.2035068,-0.5451072,1.718185,20.69195
447.2422: -0.09881057,-0.3557031,1.69366,16.75952
447.4644: -0.000138321,-0.1317088,1.7161,17.09072
447.6867: 0.03528497,0.07395893,1.731297,25.38236
447.9089: 0.03761492,0.2894929,1.698235,40.77847
448.1311: 0.03097411,0.5237095,1.714276,57.65818
448.3533: 0.09552427,0.7056333,1.735609,73.0678
448.5756: 0.2385964,0.8284143,1.70719,84.60431
448.7978: 0.4565807,0.9133008,1.723096,87.85309
449.02: 0.6583546,0.9940369,1.729675,89.92031
449.2422: 0.8744874,1.073602,1.699006,92.06764
449.4644: 1.123107,1.159305,1.715183,94.88303
449.6867: 1.370552,1.164945,1.745565,95.51412
449.9089: 1.621637,1.121464,1.703825,94.21371
450.1311: 1.870096,1.06025,1.730872,92.2205
450.3533: 2.06689,1.067942,1.744015,91.56744
450.5756: 2.246748,1.117322,1.715008,94.80791
450.7978: 2.418284,1.173017,1.749401,99.69086
451.02: 2.545644,1.173743,1.764746,102.175
Trial Result: Success object: Trashcan | Time Spent: 11.42739
Trial No.:7 Ends
Trial No.:22 Begins
User confirmed on object: Mailbox, this maze officially starts.
464.5533: -1.812876,-3.288253,1.739727,3.988804
464.7756: -1.792908,-3.311439,1.763173,6.144972
464.9978: -1.780816,-3.332691,1.764718,3.731869
465.22: -1.775656,-3.34869,1.767291,359.2101
465.4422: -1.773669,-3.357693,1.764966,358.7854
465.6645: -1.761982,-3.35963,1.762433,9.80644
465.8867: -1.727917,-3.348691,1.751414,26.77461
466.1089: -1.647382,-3.307201,1.731149,35.85445
466.3311: -1.515751,-3.256448,1.704062,37.93242
466.5533: -1.352112,-3.196348,1.689295,33.52071
466.7756: -1.218063,-3.114523,1.716642,31.17822
466.9978: -1.090446,-3.008606,1.715612,53.89146
467.22: -1.029222,-2.825192,1.683736,60.61997
467.4422: -1.018718,-2.562547,1.721219,36.89627
467.6645: -1.001309,-2.362951,1.725937,19.0059
467.8867: -0.9492882,-2.141356,1.694669,15.59636
468.1089: -0.8701715,-1.897614,1.721316,24.33047
468.3311: -0.8306488,-1.699474,1.734007,34.38379
468.5533: -0.8071702,-1.486329,1.698928,49.45026
468.7756: -0.7641156,-1.291625,1.721888,60.90416
468.9978: -0.6570079,-1.122381,1.719176,57.5161
469.22: -0.4995442,-0.9715874,1.685935,37.44622
469.4422: -0.3247347,-0.8121058,1.721053,21.56163
469.6645: -0.2208249,-0.6089618,1.721891,17.06297
469.8867: -0.193324,-0.3570167,1.678555,22.10401
470.1089: -0.1687497,-0.1101958,1.729355,29.78578
470.3311: -0.1073661,0.1036897,1.723262,37.09748
470.5533: -0.01589384,0.3397207,1.693038,45.29776
470.7756: 0.09270892,0.5484473,1.717632,64.03462
470.9978: 0.2009352,0.7102512,1.720602,83.37567
471.22: 0.3351256,0.8816653,1.69227,97.57529
471.4422: 0.5002261,1.013912,1.724396,106.1668
471.6645: 0.6730236,1.061117,1.718482,114.7973
471.8867: 0.8827742,1.053325,1.68601,120.7577
472.1089: 1.090825,1.015744,1.715501,130.8276
472.3311: 1.269138,1.016119,1.725296,142.3996
472.5533: 1.466123,1.042699,1.700656,158.5266
Trial Result: Success object: Bookshelf | Time Spent: 8.295282
Trial No.:22 Ends
Trial No.:6 Begins
User confirmed on object: Table, this maze officially starts.
485.5867: -2.171199,2.086953,1.734843,91.5644
485.8089: -2.169586,2.087885,1.744807,95.17251
486.0311: -2.16925,2.068251,1.748552,100.4857
486.2534: -2.158343,2.042628,1.739535,100.8936
486.4756: -2.155096,2.02178,1.740849,97.84566
486.6978: -2.156701,1.999078,1.746031,96.89353
486.92: -2.153441,1.975413,1.747428,96.67708
487.1422: -2.149116,1.972734,1.744128,98.2588
487.3644: -2.133947,1.990447,1.74205,107.8096
487.5867: -2.087512,1.966123,1.71977,133.8046
487.8089: -2.047778,1.863712,1.691437,152.2448
488.0311: -1.992764,1.708342,1.668018,144.9727
488.2534: -1.909266,1.534971,1.693415,119.5019
488.4756: -1.793044,1.38341,1.712855,110.3005
488.6978: -1.614999,1.269408,1.688391,112.7842
488.92: -1.380544,1.203866,1.700367,119.1138
489.1422: -1.16729,1.14803,1.728566,122.1236
489.3644: -0.9455807,1.093012,1.701889,126.6174
489.5867: -0.7069159,1.017709,1.708141,136.0484
489.8089: -0.5113972,0.9556937,1.733709,147.0906
490.0311: -0.3324839,0.8416699,1.725753,158.7843
490.2534: -0.1389183,0.6989764,1.707299,168.2373
490.4756: -0.01183412,0.5149173,1.743258,178.6509
490.6978: 0.02468909,0.3454797,1.730149,185.1309
490.92: 0.01030431,0.1404239,1.704345,189.7808
491.1422: 0.005940777,-0.05385362,1.723893,189.9415
491.3644: 0.009781009,-0.2439244,1.718145,193.242
491.5867: 0.06301306,-0.4440682,1.690639,173.0528
491.8089: 0.09205458,-0.6028574,1.726116,138.8181
492.0311: 0.001207042,-0.7761439,1.726541,141.8087
492.2534: -0.2292562,-0.9552063,1.703043,177.7319
492.4756: -0.4550042,-1.072013,1.72091,191.1046
492.6978: -0.5983789,-1.212204,1.730847,190.6503
492.92: -0.6913519,-1.394088,1.706805,186.973
493.1422: -0.7456206,-1.609803,1.713489,182.3879
493.3645: -0.7846937,-1.789287,1.736059,175.0143
493.5867: -0.8077385,-1.978029,1.728207,164.8334
493.8089: -0.8291317,-2.199053,1.702358,153.9725
494.0311: -0.8077911,-2.40344,1.73776,136.7196
494.2534: -0.7227212,-2.543756,1.720649,114.0269
494.4756: -0.5845346,-2.657464,1.686672,97.84079
494.6978: -0.4476196,-2.739584,1.706506,81.53033
494.92: -0.300261,-2.82615,1.707968,73.08633
495.1422: -0.1068179,-2.907178,1.680634,67.10798
495.3645: 0.09888423,-2.97385,1.706144,58.28455
495.5867: 0.2637385,-2.982537,1.714096,49.97948
Trial Result: Success object: Chair | Time Spent: 10.43917
Trial No.:6 Ends
Trial No.:4 Begins
User confirmed on object: Piano, this maze officially starts.
511.5978: 1.820945,3.228333,1.760173,188.9287
511.82: 1.819773,3.260568,1.774503,198.5469
512.0422: 1.824347,3.282835,1.77458,203.6122
512.2645: 1.812708,3.293793,1.770241,205.1402
512.4867: 1.770072,3.303406,1.772293,210.214
512.7089: 1.715362,3.306118,1.770137,219.7865
512.9312: 1.650575,3.319138,1.756205,240.0422
513.1533: 1.615526,3.339262,1.744105,258.3365
513.3755: 1.621815,3.330671,1.739077,256.1235
513.5978: 1.675933,3.284508,1.742278,225.0888
513.82: 1.772032,3.267231,1.739601,181.8434
514.0422: 1.801183,3.273884,1.740731,165.6478
514.2645: 1.771224,3.25771,1.742736,170.8791
514.4867: 1.741497,3.243052,1.740212,174.7988
514.7089: 1.72891,3.23179,1.741918,172.9325
514.9312: 1.661339,3.210568,1.740008,185.9485
515.1533: 1.494527,3.211188,1.723738,207.0651
515.3755: 1.277889,3.224949,1.709496,221.092
515.5978: 1.094551,3.217221,1.733325,228.3303
515.82: 0.9298468,3.167276,1.723981,228.9545
516.0422: 0.7510865,3.069469,1.695173,226.7164
516.2645: 0.5747038,2.953298,1.726815,220.3237
516.4867: 0.436905,2.872391,1.73595,208.8643
516.7089: 0.2715195,2.7774,1.713856,194.617
516.9312: 0.1144396,2.660971,1.721965,184.5082
517.1533: 0.03212962,2.509375,1.724082,178.6152
517.3755: 0.02200417,2.294219,1.689305,176.131
517.5978: 0.06771226,2.041786,1.715649,178.5015
517.82: 0.07399312,1.816072,1.73285,180.9102
518.0422: 0.06187604,1.567169,1.703755,179.8825
518.2645: 0.04414561,1.291351,1.722723,176.589
518.4867: 0.06178912,1.047294,1.749348,174.1263
518.7089: 0.08972456,0.7917658,1.706597,176.2164
518.9312: 0.1118015,0.5271996,1.727039,176.9775
519.1533: 0.08833928,0.2895939,1.741824,172.8186
519.3755: 0.05501216,0.04584981,1.70237,164.3281
519.5978: 0.03404333,-0.1886833,1.727501,150.2293
519.82: 0.08305721,-0.3780789,1.738761,133.8231
520.0422: 0.1830508,-0.5476905,1.698369,122.5457
520.2645: 0.3078684,-0.6774552,1.717824,108.6573
520.4867: 0.4108912,-0.7626224,1.731086,89.74945
520.7089: 0.5346847,-0.8384069,1.716368,75.26582
520.9312: 0.6972009,-0.9395325,1.71116,66.07426
521.1533: 0.8550012,-0.9972997,1.732112,60.26884
521.3755: 0.9976341,-0.9942879,1.723132,56.17005
521.5978: 1.149503,-0.9560795,1.695791,55.02226
Trial Result: Success object: Harp | Time Spent: 10.38378
Trial No.:4 Ends
Trial No.:3 Begins
User confirmed on object: Piano, this maze officially starts.
539.3422: 1.833621,3.285903,1.753301,180.9265
539.5645: 1.831031,3.294641,1.770367,185.6302
539.7867: 1.814659,3.308598,1.772942,185.7643
540.0089: 1.794857,3.327024,1.772202,184.479
540.2311: 1.783491,3.343768,1.770257,180.1695
540.4534: 1.780883,3.352839,1.764965,171.9681
540.6756: 1.787387,3.358667,1.76028,158.1741
540.8978: 1.792061,3.358982,1.757207,148.4995
541.12: 1.784151,3.339727,1.758077,157.1876
541.3422: 1.786008,3.318447,1.749012,162.9713
541.5645: 1.794681,3.307329,1.739235,158.1965
541.7867: 1.817347,3.325428,1.740071,136.6383
542.0089: 1.8256,3.371105,1.741258,108.6696
542.2311: 1.817199,3.359916,1.7418,115.3213
542.4534: 1.767092,3.300967,1.736366,173.6109
542.6756: 1.693968,3.332764,1.743047,233.9279
542.8978: 1.685857,3.370817,1.748842,260.4817
543.12: 1.674966,3.361186,1.750003,261.4036
543.3422: 1.626361,3.298938,1.731507,253.5047
543.5645: 1.503129,3.257952,1.706944,242.7673
543.7867: 1.278455,3.241054,1.690757,234.0185
544.0089: 1.067293,3.204394,1.719286,229.6503
544.2311: 0.8577614,3.12782,1.691574,227.2058
544.4534: 0.6416424,2.990571,1.679492,225.1703
544.6756: 0.4566152,2.859289,1.722005,213.3189
544.8978: 0.3048484,2.725574,1.71562,198.7367
545.12: 0.1520374,2.56678,1.703176,185.7339
545.3422: 0.05603947,2.370234,1.732275,181.4228
545.5645: 0.04185376,2.129012,1.695483,181.2886
545.7867: 0.08977176,1.852474,1.71487,184.6734
546.0089: 0.08707845,1.595701,1.733753,185.5623
546.2311: 0.06162773,1.319358,1.705749,186.4419
546.4534: 0.04803116,1.035386,1.73753,186.9119
546.6756: 0.07421664,0.7667527,1.743404,187.3604
546.8978: 0.1203096,0.4800594,1.710512,191.7156
547.12: 0.1118392,0.2074906,1.74932,199.5334
547.3422: 0.05541762,-0.04458215,1.715813,207.6413
547.5645: -0.0450894,-0.3051692,1.712816,210.9836
547.7867: -0.1410025,-0.5398358,1.731418,213.601
548.0089: -0.2602923,-0.7826911,1.695088,214.0313
548.2311: -0.3989372,-1.007558,1.734302,215.0779
548.4534: -0.5410559,-1.197715,1.74259,207.9082
548.6756: -0.6831944,-1.401659,1.706209,192.767
548.8978: -0.7806076,-1.612739,1.74244,179.9508
549.12: -0.8317626,-1.830539,1.719723,187.2324
549.3422: -0.83678,-2.064906,1.697945,209.2167
549.5645: -0.8698837,-2.278781,1.737886,226.2801
549.7867: -0.9470578,-2.467383,1.714558,240.412
550.0089: -1.057385,-2.644597,1.713685,256.7805
550.2311: -1.165645,-2.79351,1.733884,278.2455
550.4534: -1.277902,-2.923378,1.719269,297.7499
550.6756: -1.398932,-3.060868,1.709297,315.0448
550.8978: -1.503985,-3.110306,1.722049,327.4873
Trial Result: Success object: Mailbox | Time Spent: 11.96159
Trial No.:3 Ends
Trial No.:21 Begins
User confirmed on object: Mailbox, this maze officially starts.
565.1644: -1.822928,-3.284081,1.739311,1.04878
565.3867: -1.823351,-3.294317,1.751565,4.622812
565.6089: -1.830552,-3.29914,1.754932,4.244558
565.8311: -1.834562,-3.301094,1.755373,2.562581
566.0533: -1.826126,-3.293624,1.754838,1.425283
566.2756: -1.806971,-3.27651,1.756336,2.89245
566.4978: -1.785394,-3.26019,1.753749,3.874154
566.72: -1.748496,-3.242152,1.745108,11.21248
566.9423: -1.692863,-3.212797,1.742006,23.57618
567.1644: -1.59228,-3.163302,1.722937,34.39286
567.3867: -1.425264,-3.100721,1.693256,38.42072
567.6089: -1.232679,-3.007171,1.706764,31.67998
567.8311: -1.104994,-2.865796,1.728594,20.58444
568.0533: -1.033886,-2.6668,1.697133,12.28391
568.2756: -0.9960989,-2.408066,1.699251,14.63679
568.4978: -0.9419029,-2.16454,1.731864,18.90042
568.72: -0.87863,-1.929253,1.707397,22.54192
568.9423: -0.790446,-1.698406,1.716207,25.0479
569.1644: -0.7181883,-1.493991,1.741779,31.10564
569.3867: -0.6416497,-1.278006,1.713387,33.8931
569.6089: -0.552356,-1.057073,1.727939,33.35262
569.8311: -0.4211054,-0.879242,1.735722,29.1631
570.0533: -0.2705859,-0.7056893,1.701085,21.92356
570.2756: -0.1523577,-0.5147356,1.737994,13.20164
570.4978: -0.1086498,-0.2994182,1.726904,12.64915
570.72: -0.1200073,-0.04950926,1.690966,23.4386
570.9423: -0.09159762,0.1761909,1.737748,38.36182
571.1644: -0.008801583,0.3609412,1.721226,53.17429
571.3867: 0.1282048,0.5423033,1.707387,61.55055
571.6089: 0.2856002,0.6978091,1.730456,73.14072
571.8311: 0.465138,0.8339246,1.717548,81.26443
572.0533: 0.6812102,0.9723673,1.695683,87.64614
572.2756: 0.9171506,1.051587,1.745497,91.32239
572.4978: 1.148219,1.057926,1.731089,92.14568
572.72: 1.396633,1.023124,1.708163,89.40031
572.9423: 1.628115,1.023679,1.749287,89.47195
573.1644: 1.84394,1.0685,1.724999,90.82955
573.3867: 2.059034,1.139549,1.71322,93.80955
573.6089: 2.241733,1.150039,1.747643,94.97913
573.8311: 2.40468,1.122914,1.730217,96.15381
574.0533: 2.548241,1.063502,1.73384,92.32367
Trial Result: Success object: Trashcan | Time Spent: 9.318253
Trial No.:21 Ends
Trial No.:20 Begins
User confirmed on object: Well, this maze officially starts.
586.5311: 1.652525,-1.969275,1.735596,90.21977
586.7534: 1.618222,-1.961618,1.763503,92.15113
586.9756: 1.580981,-1.939812,1.773813,94.44641
587.1978: 1.552702,-1.921818,1.768641,102.6196
587.42: 1.530047,-1.910506,1.766699,106.902
587.6422: 1.509793,-1.921173,1.76514,103.3999
587.8644: 1.502256,-1.949191,1.768844,97.39457
588.0867: 1.506332,-1.969983,1.764489,90.58622
588.3089: 1.520486,-1.980775,1.761649,80.09082
588.5311: 1.53496,-1.982112,1.756757,59.50127
588.7534: 1.526793,-1.958636,1.739288,25.27133
588.9756: 1.502565,-1.91935,1.732034,1.606371
589.1978: 1.454061,-1.849308,1.72968,348.9514
589.42: 1.420899,-1.797818,1.727417,340.5801
589.6422: 1.447441,-1.735691,1.726034,341.6764
589.8644: 1.546822,-1.646728,1.717779,349.7625
590.0867: 1.670164,-1.559186,1.717478,354.7021
590.3089: 1.749971,-1.487816,1.733176,354.4842
590.5311: 1.781113,-1.428527,1.732197,351.7302
590.7534: 1.774199,-1.375295,1.724746,352.3069
590.9756: 1.745268,-1.329193,1.73046,354.7718
591.1978: 1.73887,-1.282833,1.729455,355.6449
591.42: 1.765574,-1.247938,1.729252,352.568
591.6422: 1.810073,-1.229114,1.736885,350.5859
591.8644: 1.848994,-1.204663,1.735833,354.5538
592.0867: 1.877094,-1.179537,1.724577,2.611656
592.3089: 1.834909,-1.154227,1.723602,347.4632
592.5311: 1.774556,-1.144524,1.715712,327.7277
592.7534: 1.715597,-1.14819,1.707448,311.3535
592.9756: 1.607544,-1.138919,1.693544,299.0081
593.1978: 1.41517,-1.117189,1.679473,298.1984
593.42: 1.198425,-1.087874,1.717493,298.8528
593.6422: 0.9909604,-1.032807,1.720785,301.2172
593.8644: 0.7725341,-0.9464049,1.698373,303.9833
594.0867: 0.5677484,-0.8614252,1.742476,313.3165
594.3089: 0.3934349,-0.7836758,1.74551,325.5342
594.5311: 0.2207815,-0.6922603,1.715028,338.8605
594.7534: 0.07940942,-0.5595942,1.745809,349.7211
594.9756: 0.01613182,-0.3939925,1.739215,355.0922
595.1978: 0.007799231,-0.183991,1.70839,353.6473
595.42: 0.01399946,0.02648428,1.733084,350.4276
595.6422: -0.004927548,0.2025505,1.738183,349.9538
595.8644: -0.04225329,0.3772152,1.713467,354.878
596.0867: -0.09447996,0.5694308,1.724062,358.0331
596.3089: -0.1187257,0.7428069,1.741364,0.1728611
596.5311: -0.1021101,0.9251762,1.729933,2.713747
596.7534: -0.04897157,1.140485,1.706684,4.894219
596.9756: 0.0007531382,1.350848,1.747984,6.275619
597.1978: 0.007946391,1.555031,1.742906,6.240152
597.42: -0.005905814,1.779025,1.70808,10.3568
597.6422: -0.01332924,2.009683,1.735106,20.43046
597.8644: 0.02089182,2.210846,1.740143,32.45325
598.0867: 0.09189075,2.413546,1.707392,46.30969
598.3089: 0.2046575,2.617396,1.710716,67.34381
598.5311: 0.2964914,2.751438,1.719587,93.35304
598.7534: 0.3818384,2.875568,1.722066,106.4183
598.9756: 0.47139,3.025872,1.705481,113.6855
599.1978: 0.5947121,3.139756,1.723215,115.2215
599.42: 0.757009,3.195616,1.714876,117.3381
599.6422: 0.9728712,3.178326,1.706627,114.3462
599.8644: 1.174081,3.124388,1.735232,118.8383
Trial Result: Success object: Piano | Time Spent: 13.761
Trial No.:20 Ends
Trial No.:18 Begins
User confirmed on object: Harp, this maze officially starts.
617.1533: 1.740268,-1.236326,1.760748,353.8167
617.3755: 1.722318,-1.265291,1.76102,355.5598
617.5978: 1.694181,-1.296726,1.759899,358.8119
617.82: 1.668942,-1.327886,1.747648,1.131897
618.0422: 1.655877,-1.360809,1.738192,1.097479
618.2645: 1.661133,-1.379025,1.738087,356.8699
618.4867: 1.693151,-1.369639,1.73761,348.8633
618.7089: 1.722453,-1.344386,1.745231,334.5696
618.9312: 1.730773,-1.342998,1.740427,310.6228
619.1533: 1.720073,-1.36886,1.736485,268.9128
619.3755: 1.70614,-1.386558,1.734072,253.1157
619.5978: 1.694147,-1.372195,1.735384,264.7624
619.82: 1.695492,-1.334806,1.737716,279.2345
620.0422: 1.704147,-1.294285,1.731287,284.0784
620.2645: 1.701373,-1.256624,1.725692,287.9342
620.4867: 1.641776,-1.223999,1.720953,286.4973
620.7089: 1.505753,-1.195362,1.705198,282.138
620.9312: 1.279373,-1.188661,1.709966,279.0912
621.1533: 1.054771,-1.177335,1.741438,274.9084
621.3755: 0.8243115,-1.126807,1.723325,270.6815
621.5978: 0.5763664,-1.016091,1.717569,268.3049
621.82: 0.3357928,-0.9625746,1.755374,266.8816
622.0422: 0.0909201,-0.9733013,1.719437,265.4651
622.2645: -0.1655074,-1.019133,1.721253,264.8626
622.4867: -0.3937696,-1.013901,1.743357,264.3792
622.7089: -0.6247192,-0.9749219,1.713675,268.5981
622.9312: -0.8590803,-0.917398,1.728058,269.1877
623.1533: -1.075818,-0.9142401,1.740688,266.5799
623.3755: -1.293385,-0.9561843,1.706862,258.8544
623.5978: -1.515773,-1.003084,1.719429,261.7754
623.82: -1.723027,-0.9934268,1.733116,278.4624
624.0422: -1.91188,-0.946833,1.716116,302.7164
624.2645: -2.095011,-0.8752242,1.707048,327.813
624.4867: -2.253718,-0.813261,1.711163,350.0554
624.7089: -2.4043,-0.7373266,1.705751,8.675023
624.9312: -2.568101,-0.6428733,1.6864,21.91026
625.1533: -2.692701,-0.5227752,1.719756,33.72368
625.3755: -2.73445,-0.4107361,1.700573,50.1097
625.5978: -2.723227,-0.2949867,1.684047,63.76456
625.82: -2.711266,-0.1863243,1.684436,74.19695
Trial Result: Success object: Telescope | Time Spent: 9.073408
Trial No.:18 Ends
Trial No.:2 Begins
User confirmed on object: Stove, this maze officially starts.
638.3311: -2.46195,2.996099,1.737724,276.2197
638.5533: -2.451826,2.969337,1.73907,273.6236
638.7756: -2.441724,2.932394,1.739832,271.0398
638.9978: -2.432954,2.904224,1.738729,273.2385
639.22: -2.434256,2.887002,1.733356,271.3126
639.4423: -2.446565,2.883349,1.729738,250.7032
639.6645: -2.434785,2.885192,1.707702,200.2526
639.8867: -2.393553,2.928861,1.688049,157.2778
640.1089: -2.361844,2.943491,1.68803,141.1122
640.3311: -2.299242,2.896261,1.687909,143.4417
640.5533: -2.182583,2.795573,1.687985,159.3999
640.7756: -2.068482,2.653733,1.702039,166.0539
640.9978: -2.002236,2.457768,1.670427,162.799
641.22: -1.97812,2.208572,1.687619,154.5951
641.4423: -1.920714,1.992776,1.718972,145.3109
641.6645: -1.81989,1.791318,1.687388,137.462
641.8867: -1.688295,1.589451,1.700132,132.8437
642.1089: -1.565036,1.422722,1.720978,127.0959
642.3311: -1.400376,1.27684,1.698174,122.2081
642.5533: -1.198165,1.123236,1.702355,122.3552
642.7756: -0.9984126,1.043214,1.736424,123.8892
642.9978: -0.7760172,1.002186,1.704993,132.2574
643.22: -0.5257977,0.9780459,1.712903,146.4409
643.4423: -0.3461775,0.8972428,1.7383,159.3032
643.6645: -0.2347475,0.7674559,1.713661,174.0152
643.8867: -0.1584151,0.5909439,1.71553,180.3018
644.1089: -0.1046821,0.4352648,1.730718,188.1974
644.3311: -0.08645964,0.3013674,1.724802,208.8551
644.5533: -0.05878468,0.1745025,1.703329,237.6836
644.7756: -0.01289356,0.04512744,1.702806,259.2292
644.9978: 0.01775458,-0.04275716,1.711371,268.9039
645.22: 0.02393675,-0.06422493,1.713871,273.5131
645.4423: 0.02870238,-0.04358633,1.715942,273.1328
645.6645: 0.04399902,-0.03844335,1.711855,274.6821
645.8867: 0.08569914,-0.05933601,1.73376,275.4357
646.1089: 0.1204152,-0.0886922,1.758822,277.9536
646.3311: 0.1436262,-0.1105207,1.765256,278.8197
646.5533: 0.1589231,-0.1237941,1.772755,280.654
646.7756: 0.1850743,-0.1306351,1.780047,282.3673
646.9978: 0.1746431,-0.1171978,1.764063,284.3469
647.22: 0.1386723,-0.08690853,1.735448,290.6688
647.4423: 0.1176327,-0.05783868,1.737042,299.2553
647.6645: 0.1163018,-0.02121988,1.736807,317.4942
647.8867: 0.1349435,0.003350958,1.726543,331.2816
648.1089: 0.1065505,-0.02125648,1.728647,288.6252
648.3311: 0.128214,-0.07133424,1.72217,219.6778
648.5533: 0.1712313,-0.05175579,1.704569,159.5565
648.7756: 0.1610086,-0.08361755,1.697273,136.3435
648.9978: 0.1569049,-0.1880528,1.679424,134.7366
649.22: 0.1686954,-0.3312466,1.688952,131.3353
649.4423: 0.1734059,-0.5038816,1.686647,118.7107
649.6645: 0.1797694,-0.6886144,1.710226,98.81263
649.8867: 0.208082,-0.8002527,1.726791,81.31216
650.1089: 0.2695372,-0.8855436,1.732264,78.74231
650.3311: 0.3896441,-0.9394603,1.714633,90.39772
650.5533: 0.5028702,-0.9613634,1.72476,113.9026
650.7756: 0.5795897,-0.941968,1.733338,114.3465
650.9978: 0.634288,-0.9084197,1.737912,106.0022
651.22: 0.6602037,-0.8256774,1.740705,61.45563
651.4423: 0.5764561,-0.7662234,1.721194,349.468
651.6645: 0.5234902,-0.7581971,1.732873,320.4409
651.8867: 0.4520876,-0.7326379,1.733378,313.0559
652.1089: 0.3158903,-0.6915528,1.711515,314.4939
652.3311: 0.1722341,-0.638288,1.721346,324.4015
652.5533: 0.08114016,-0.5524528,1.732151,326.2418
652.7756: 0.0306853,-0.4071027,1.716439,315.5676
652.9978: 0.01503389,-0.2551164,1.720061,303.0837
Trial Result: Success object: Wheelbarrow | Time Spent: 15.00487
Trial No.:2 Ends
Trial No.:23 Begins
User confirmed on object: Chair, this maze officially starts.
673.5756: 0.7906046,-3.320455,1.74365,0.987191
673.7978: 0.792575,-3.327029,1.764571,3.946017
674.02: 0.7980803,-3.335521,1.76804,7.342546
674.2422: 0.8065872,-3.339294,1.76839,11.9627
674.4645: 0.8124309,-3.339148,1.766477,14.9168
674.6867: 0.811029,-3.334969,1.763566,14.67628
674.9089: 0.8081802,-3.32908,1.760027,13.80436
675.1311: 0.8074433,-3.322509,1.755282,13.23604
675.3533: 0.8070636,-3.317358,1.750876,14.40994
675.5756: 0.8035375,-3.31465,1.748175,16.41202
675.7978: 0.8107536,-3.309674,1.743988,25.08389
676.02: 0.8590059,-3.295922,1.73395,42.06478
676.2422: 0.9644963,-3.26391,1.718351,46.94843
676.4645: 1.13256,-3.216326,1.699252,42.46544
676.6867: 1.298162,-3.141604,1.715344,33.41314
676.9089: 1.403426,-3.031958,1.720825,21.54481
677.1311: 1.485326,-2.862297,1.690392,14.69923
677.3533: 1.545118,-2.644613,1.69882,13.29415
677.5756: 1.626731,-2.447749,1.727384,13.25464
677.7978: 1.726401,-2.258893,1.711334,14.86289
678.02: 1.862886,-2.042384,1.707894,16.18289
678.2422: 1.961818,-1.837804,1.739847,19.94713
678.4645: 2.031127,-1.600604,1.720382,21.24086
678.6867: 2.090211,-1.347861,1.707966,23.7498
678.9089: 2.187616,-1.121825,1.743247,20.70856
679.1311: 2.307894,-0.9172955,1.717907,16.32799
679.3533: 2.458626,-0.7044536,1.711143,12.88346
679.5756: 2.546118,-0.4886237,1.747234,3.808616
679.7978: 2.570703,-0.2560996,1.715241,352.9243
680.02: 2.567468,0.004863125,1.716259,352.9499
680.2422: 2.600104,0.2380727,1.750476,352.8336
680.4645: 2.655098,0.4832908,1.725292,353.3395
680.6867: 2.729343,0.7537512,1.736597,351.907
680.9089: 2.751586,1.014712,1.764734,350.4717
681.1311: 2.721298,1.282869,1.71931,349.3618
681.3533: 2.676614,1.548658,1.744262,352.7762
681.5756: 2.667464,1.791451,1.764718,351.765
681.7978: 2.661712,2.045849,1.728568,343.5125
682.02: 2.637239,2.293121,1.743492,323.3896
682.2422: 2.561488,2.480983,1.744511,300.9743
682.4645: 2.444388,2.628989,1.705422,281.322
682.6867: 2.329788,2.753546,1.727553,265.3448
682.9089: 2.230387,2.861894,1.738358,247.7744
683.1311: 2.110134,2.969851,1.715332,226.1099
683.3533: 2.004872,3.043269,1.717623,205.5882
683.5756: 1.931269,3.056492,1.717986,195.2774
683.7978: 1.884915,3.027292,1.719677,193.7864
Trial Result: Success object: Piano | Time Spent: 10.66184
Trial No.:23 Ends
Trial No.:12 Begins
User confirmed on object: Trashcan, this maze officially starts.
699.3755: 2.364676,1.090872,1.760936,91.04173
699.5978: 2.372324,1.09288,1.774269,93.47785
699.82: 2.375276,1.086103,1.780037,97.63137
700.0422: 2.377839,1.079256,1.779323,101.6545
700.2645: 2.384853,1.081952,1.778423,103.4532
700.4867: 2.400046,1.089435,1.775748,105.1223
700.7089: 2.414708,1.060791,1.769936,120.7343
700.9312: 2.382312,0.9745575,1.763739,158.765
701.1533: 2.336205,0.9297791,1.743201,192.9626
701.3755: 2.319385,0.9327567,1.739062,217.0577
701.5978: 2.3408,0.9521275,1.741318,237.5
701.82: 2.379306,0.9442022,1.729585,250.9633
702.0422: 2.384586,0.9363492,1.726724,255.4346
702.2645: 2.353797,0.9366853,1.73632,244.7605
702.4867: 2.341845,0.905627,1.726066,214.9415
702.7089: 2.386917,0.8514307,1.724714,183.3031
702.9312: 2.443871,0.7559118,1.716521,178.5674
703.1533: 2.543176,0.5977817,1.692753,182.5775
703.3755: 2.637741,0.4226523,1.719241,188.2996
703.5978: 2.659608,0.2461561,1.728234,192.5017
703.82: 2.620016,0.04146057,1.701228,193.971
704.0422: 2.561311,-0.1606436,1.735569,201.1247
704.2645: 2.528957,-0.3405586,1.740111,209.2598
704.4867: 2.496573,-0.5300914,1.712733,224.7961
704.7089: 2.454191,-0.7122943,1.729806,245.2833
704.9312: 2.376707,-0.8344673,1.744151,262.0853
705.1533: 2.270654,-0.9127156,1.731966,269.6389
705.3755: 2.122651,-0.9493703,1.715314,273.7164
705.5978: 1.964127,-0.9790448,1.737478,272.3036
705.82: 1.821797,-1.018987,1.745066,266.5245
706.0422: 1.709293,-1.051808,1.749006,264.3806
706.2645: 1.599546,-1.079912,1.735785,265.442
706.4867: 1.429705,-1.096666,1.748532,270.6222
706.7089: 1.256457,-1.084596,1.744937,278.5275
706.9312: 1.072498,-1.059667,1.716986,278.4634
707.1533: 0.8619337,-1.010054,1.723966,274.8242
707.3755: 0.679708,-0.9912798,1.741617,272.6595
707.5978: 0.516422,-1.008636,1.730692,270.9616
707.82: 0.3452148,-1.05529,1.702435,274.4807
708.0422: 0.1735419,-1.112122,1.723664,279.0809
708.2645: 0.03728843,-1.150229,1.735006,278.4282
708.4867: -0.06075459,-1.178746,1.733377,274.4805
708.7089: -0.1207706,-1.1977,1.722059,270.6139
708.9312: -0.1639388,-1.207235,1.720184,260.7112
709.1533: -0.2352233,-1.194409,1.710496,238.0688
709.3755: -0.3458073,-1.145846,1.707247,220.6984
709.5978: -0.4672645,-1.096983,1.725593,226.2487
709.82: -0.5756603,-1.03384,1.724922,249.5276
710.0422: -0.6321175,-0.985985,1.712265,264.3265
710.2645: -0.6876114,-0.9659778,1.70812,267.9869
710.4867: -0.8075909,-0.9678768,1.69107,267.1402
710.7089: -0.996682,-0.9990306,1.658739,270.5544
710.9312: -1.23049,-1.053782,1.662988,280.3979
711.1533: -1.44271,-1.041055,1.719369,288.8749
711.3755: -1.652289,-0.9720254,1.699594,302.4045
711.5978: -1.888124,-0.8607308,1.699428,309.5097
711.82: -2.099801,-0.7796158,1.72507,322.9214
712.0422: -2.299985,-0.700151,1.701743,347.025
712.2645: -2.480806,-0.6157067,1.687623,18.71127
712.4867: -2.609485,-0.50153,1.715478,30.55136
712.7089: -2.692373,-0.3462884,1.695004,28.2789
712.9312: -2.707094,-0.1461399,1.688388,22.89675
713.1533: -2.699785,0.04555537,1.713084,25.85219
713.3755: -2.696336,0.2349227,1.709878,29.90447
713.5978: -2.699699,0.4497065,1.68136,36.29596
713.82: -2.695521,0.6576672,1.717416,40.40463
714.0422: -2.621312,0.8047391,1.7306,50.06139
714.2645: -2.48758,0.9383399,1.696866,66.24606
714.4867: -2.312157,1.075402,1.709168,81.15662
714.7089: -2.184369,1.243262,1.714288,77.8779
714.9312: -2.111178,1.435267,1.688828,60.9142
715.1533: -2.039075,1.604009,1.695433,64.14799
715.3755: -1.948308,1.720036,1.700707,71.6702
715.5978: -1.85907,1.810534,1.690218,75.0257
715.82: -1.789424,1.877592,1.687393,79.34589
Trial Result: Success object: Table | Time Spent: 16.68215
Trial No.:12 Ends
