Participant ID: 417
Maze Mode: testing
Trial No.:3 Begins
User confirmed on object: Piano, this maze officially starts.
73.87334: 1.702591,3.386482,1.79011,178.5999
74.09556: 1.700504,3.380918,1.792189,178.7622
74.31778: 1.701463,3.381395,1.798441,177.8551
74.54: 1.704959,3.372749,1.802989,174.0281
74.76222: 1.703677,3.364224,1.805839,171.5985
74.98444: 1.707048,3.359581,1.80473,172.3304
75.20667: 1.714975,3.358057,1.802816,171.6226
75.42889: 1.730884,3.342823,1.795557,164.1137
75.65112: 1.734507,3.332665,1.750295,128.9003
75.87334: 1.689672,3.320247,1.718865,97.18385
76.09556: 1.682233,3.277647,1.720894,95.45362
76.31778: 1.764694,3.178307,1.689652,120.6934
76.54: 1.950238,3.076413,1.678024,146.0578
76.76222: 2.152752,2.953244,1.720677,150.5653
76.98444: 2.348862,2.796466,1.711244,157.5856
77.20667: 2.494222,2.607837,1.752698,161.2518
77.42889: 2.602882,2.405625,1.777067,165.2201
77.65112: 2.695302,2.209674,1.733559,172.1925
77.87334: 2.705916,1.962672,1.77793,203.9729
78.09556: 2.665717,1.733711,1.753673,217.289
78.31778: 2.585708,1.480344,1.751732,234.6995
78.54: 2.46366,1.249132,1.737454,268.9792
78.76222: 2.304472,1.078344,1.718647,280.6617
78.98444: 2.053562,1.047518,1.692946,279.355
79.20667: 1.70202,1.115075,1.702746,267.7468
79.42889: 1.413842,1.092596,1.762701,252.734
79.65112: 1.129628,1.036162,1.707909,248.4555
79.87334: 0.8317745,0.9686584,1.757545,237.5366
80.09556: 0.4741967,0.9100672,1.667984,210.3357
80.31778: 0.2271029,0.8353146,1.647957,189.6777
80.54: 0.09195802,0.634615,1.644981,184.8322
80.76222: 0.05721401,0.3149471,1.628724,188.3906
80.98444: -0.01568779,-0.0099989,1.659891,198.6311
81.20667: -0.1241504,-0.3032049,1.666167,206.3025
81.42889: -0.220556,-0.5891065,1.694937,209.8834
81.65112: -0.3194484,-0.8704395,1.662134,213.1896
81.87334: -0.4831747,-1.135149,1.679264,212.0423
82.09556: -0.6951811,-1.386137,1.637269,196.5588
82.31778: -0.8565344,-1.62804,1.653394,177.66
82.54: -0.9063927,-1.87958,1.643343,169.7015
82.76222: -0.8476177,-2.185024,1.620794,150.8944
82.98444: -0.7701396,-2.459581,1.677316,116.5317
83.20667: -0.7369764,-2.676508,1.658291,101.7981
83.42889: -0.6570629,-2.859203,1.673162,90.72542
83.65112: -0.4683192,-2.960084,1.62789,82.13323
83.87334: -0.1654598,-2.99828,1.634668,72.77094
84.09556: 0.09309524,-3.053776,1.67369,63.26196
84.31778: 0.3925632,-3.143694,1.621862,65.03922
84.54: 0.7340978,-3.186318,1.678824,61.98871
84.76222: 1.016943,-3.117132,1.665352,54.97777
84.98444: 1.297014,-2.992462,1.664576,49.99555
85.20667: 1.555239,-2.897992,1.685171,22.25671
85.42889: 1.735288,-2.748976,1.66348,10.29108
85.65112: 1.782513,-2.477176,1.614154,5.197961
85.87334: 1.757998,-2.125889,1.651755,12.91201
86.09556: 1.807306,-1.839422,1.670506,34.72402
86.31778: 1.85986,-1.561678,1.638131,41.20611
86.54: 1.713239,-1.310231,1.704858,324.6953
86.76222: 1.531605,-1.226739,1.685502,274.4426
86.98444: 1.297463,-1.089075,1.676134,279.4203
87.20667: 1.045989,-0.9679734,1.700155,290.2096
87.42889: 0.7663186,-0.8742177,1.658565,297.7334
87.65112: 0.4416974,-0.8549013,1.714425,282.1589
87.87334: 0.0988854,-0.8745565,1.640189,275.8004
88.09556: -0.2916441,-0.8901265,1.706473,273.5041
88.31778: -0.7045805,-0.9046435,1.63387,274.062
88.54: -1.103189,-0.9074621,1.679127,274.1029
88.76222: -1.454148,-0.9419463,1.682673,265.0831
88.98444: -1.748867,-1.025734,1.661753,235.4321
89.20667: -2.00208,-1.017292,1.685313,235.4114
89.42889: -2.251209,-0.8334806,1.655312,314.5444
89.65112: -2.460325,-0.728424,1.678348,338.7411
89.87334: -2.615473,-0.6080736,1.648831,8.579714
90.09556: -2.680659,-0.4608139,1.660574,33.09291
90.31778: -2.693898,-0.2276452,1.624112,33.87408
90.54: -2.68672,0.07061279,1.648012,33.97064
90.76222: -2.661856,0.3552828,1.647674,39.98196
90.98444: -2.629633,0.6588935,1.625706,41.75418
91.20667: -2.475757,0.9191703,1.656293,41.52533
91.42889: -2.248669,1.166317,1.613002,15.67204
91.65112: -2.054257,1.440713,1.666577,354.1098
91.87334: -1.972929,1.711178,1.632121,342.3588
92.09556: -1.984058,2.021599,1.630363,318.4367
92.31778: -1.998177,2.2822,1.672029,300.9826
92.54: -2.026952,2.495012,1.647793,273.8188
92.76222: -2.110954,2.665774,1.693601,257.7717
92.98444: -2.10603,2.952794,1.661226,13.29588
93.20667: -2.003049,2.935395,1.674897,78.28946
93.42889: -1.930396,2.932591,1.672413,98.86677
93.65112: -1.767989,2.975739,1.653694,102.2483
93.87334: -1.49024,3.012475,1.642285,102.859
94.09556: -1.237135,3.046039,1.684769,101.9456
94.31778: -0.9675167,3.075386,1.640944,102.6984
94.54: -0.6604755,3.099968,1.681674,106.113
94.76222: -0.3422732,3.069648,1.672468,105.6596
94.98444: -0.01866861,3.037431,1.668912,100.9335
95.20667: 0.2750639,3.045182,1.70421,101.3216
95.42889: 0.570037,3.096328,1.655704,103.703
95.65112: 0.8952031,3.14787,1.704712,95.13725
95.87334: 1.169205,3.115963,1.68021,95.33012
96.09556: 1.48376,3.003614,1.682894,114.0226
96.31778: 1.772311,2.952973,1.713175,127.1144
96.54: 2.038229,2.918295,1.662489,146.6767
96.76222: 2.266396,2.853338,1.718181,161.3141
96.98444: 2.45399,2.733615,1.703658,164.7071
97.20667: 2.580223,2.557507,1.707076,167.3411
97.42889: 2.69632,2.363223,1.726363,175.8616
97.65112: 2.767448,2.177885,1.698255,200.9781
97.87334: 2.800184,1.992066,1.719347,210.1429
98.09556: 2.739815,1.777755,1.696355,214.334
98.31778: 2.613529,1.55598,1.700731,213.7665
98.54: 2.527613,1.356834,1.719918,217.3352
98.76222: 2.533514,1.143064,1.704073,188.1202
98.98444: 2.588973,0.9243931,1.701424,143.415
99.20667: 2.57177,0.6519648,1.717936,157.0178
99.42889: 2.52044,0.3183333,1.659308,185.7637
99.65112: 2.504797,-0.0228222,1.716303,199.0796
99.87334: 2.517553,-0.3426884,1.684026,208.9745
100.0956: 2.515213,-0.6392968,1.667373,215.0569
100.3178: 2.406845,-0.8562302,1.676971,190.6
100.54: 2.207526,-1.009504,1.646245,170.7545
100.7622: 2.015451,-1.185253,1.682859,160.8961
100.9844: 1.937129,-1.36928,1.670327,151.8033
101.2067: 1.921669,-1.585239,1.675509,153.375
101.4289: 1.873574,-1.874239,1.680557,148.3401
101.6511: 1.822868,-2.19226,1.621345,131.7224
101.8733: 1.830712,-2.437477,1.668572,117.5123
102.0956: 1.883028,-2.613007,1.664229,128.7817
102.3178: 1.816742,-2.743806,1.676797,227.4822
102.54: 1.768987,-2.803458,1.677463,258.6464
102.7622: 1.623927,-2.852109,1.662672,276.7729
102.9844: 1.473346,-2.886385,1.676553,293.0487
103.2067: 1.355145,-2.895835,1.67467,324.9346
103.4289: 1.270202,-2.959584,1.654237,13.84683
103.6511: 1.017297,-3.058495,1.66551,1.602121
Trial Result: Fail at object:  | Time Spent: 30
Trial No.:3 Ends
Trial No.:20 Begins
User confirmed on object: Well, this maze officially starts.
143.2289: 1.639051,-1.960764,1.71588,92.46498
143.4511: 1.624369,-1.941676,1.744584,94.48328
143.6733: 1.595751,-1.918701,1.748952,95.05717
143.8956: 1.562892,-1.902529,1.748007,95.42838
144.1178: 1.525846,-1.902549,1.743699,94.69276
144.34: 1.498113,-1.920128,1.738394,96.18647
144.5622: 1.487348,-1.928995,1.744896,95.77676
144.7845: 1.490992,-1.935803,1.745223,95.38029
145.0067: 1.505788,-1.935568,1.745748,93.75766
145.2289: 1.528817,-1.930324,1.74521,91.98471
145.4511: 1.569866,-1.943569,1.742951,96.76097
145.6733: 1.605823,-1.992621,1.740151,120.8377
145.8956: 1.61618,-1.99952,1.735167,122.727
146.1178: 1.632253,-1.959708,1.734149,99.79374
146.34: 1.628336,-1.912108,1.737146,79.67973
146.5622: 1.638698,-1.898618,1.736327,81.2025
146.7845: 1.670602,-1.960904,1.720692,103.5901
147.0067: 1.674161,-2.12164,1.690355,119.8761
147.2289: 1.700817,-2.318614,1.664419,107.6428
147.4511: 1.759581,-2.501487,1.657345,92.1022
147.6733: 1.848864,-2.650343,1.652254,82.29805
147.8956: 1.95274,-2.740274,1.673178,67.82096
148.1178: 1.987978,-2.790895,1.700129,25.19234
148.34: 1.965181,-2.891458,1.681497,338.0288
148.5622: 1.925436,-2.976696,1.695848,315.687
148.7845: 1.882602,-3.027822,1.695321,295.9688
149.0067: 1.827502,-3.02911,1.695154,292.1944
149.2289: 1.770336,-2.984723,1.692995,307.4451
149.4511: 1.786011,-2.896609,1.693034,2.316228
149.6733: 1.784888,-2.835357,1.690001,24.10851
149.8956: 1.777999,-2.767303,1.691096,27.59499
150.1178: 1.800216,-2.686984,1.69533,27.96061
150.34: 1.842095,-2.563259,1.690621,14.24337
150.5622: 1.889324,-2.398337,1.695589,358.5025
150.7845: 1.889795,-2.204744,1.688081,338.1831
151.0067: 1.849718,-1.938898,1.633847,324.6086
151.2289: 1.744061,-1.656648,1.669739,309.6159
151.4511: 1.619305,-1.414397,1.680068,293.8781
151.6733: 1.46579,-1.184564,1.646959,282.8496
151.8956: 1.242743,-1.051876,1.680086,285.4828
152.1178: 0.9429721,-1.029825,1.648415,293.653
152.34: 0.6601598,-0.9532974,1.709522,303.3897
152.5622: 0.4094506,-0.8691469,1.649626,284.0757
152.7845: 0.1046841,-0.8868248,1.671708,274.1641
153.0067: -0.2733107,-1.012568,1.595517,280.1722
153.2289: -0.6848007,-1.065277,1.662056,282.7416
153.4511: -1.062924,-1.023697,1.619355,284.2754
153.6733: -1.406796,-0.9929847,1.667531,284.8922
153.8956: -1.725497,-0.9891887,1.654466,298.0856
154.1178: -2.021637,-0.9605533,1.650528,329.1483
154.34: -2.251385,-0.8617841,1.663595,353.4833
154.5622: -2.436134,-0.7308169,1.641006,8.515469
154.7845: -2.590085,-0.6256455,1.6851,25.79201
155.0067: -2.649424,-0.599314,1.655656,88.37847
155.2289: -2.74528,-0.6892026,1.678397,135.1027
155.4511: -2.821291,-0.818725,1.669993,155.0791
155.6733: -2.747483,-0.7961243,1.653628,121.5503
155.8956: -2.740183,-0.5047298,1.653193,48.67255
156.1178: -2.849169,-0.174211,1.631704,32.65622
156.34: -2.892558,0.1267277,1.678634,35.59182
156.5622: -2.861372,0.3844821,1.662795,42.96654
156.7845: -2.785281,0.6546237,1.659904,47.54226
157.0067: -2.711555,0.8946123,1.689292,51.07648
157.2289: -2.589725,1.055473,1.672363,71.55981
157.4511: -2.412801,1.111998,1.666071,106.4006
157.6733: -2.155313,1.186646,1.659134,102.23
157.8956: -1.887277,1.253337,1.714891,91.11149
158.1178: -1.70636,1.280437,1.674319,73.76601
158.34: -1.614701,1.29998,1.71199,32.2621
158.5622: -1.627849,1.348464,1.681241,349.2135
158.7845: -1.671313,1.498917,1.655123,339.0039
159.0067: -1.761514,1.771309,1.629151,328.3761
159.2289: -1.853076,2.001856,1.688722,308.8894
159.4511: -1.892512,2.219203,1.671892,305.3521
159.6733: -1.750817,2.510143,1.670056,32.95718
159.8956: -1.650167,2.676246,1.702471,78.27033
160.1178: -1.554797,2.857057,1.656797,104.4836
160.34: -1.421388,3.018614,1.692166,108.8327
160.5622: -1.199053,3.124958,1.630218,105.1301
160.7845: -0.8859646,3.153564,1.655914,100.7303
161.0067: -0.5774161,3.151274,1.669513,105.7052
161.2289: -0.2450036,3.127175,1.64772,104.2103
161.4511: 0.07862241,3.084946,1.707484,102.6215
161.6733: 0.3969259,3.046446,1.652664,106.8409
161.8956: 0.7382663,3.002349,1.694867,114.2582
162.1178: 1.033536,3.006512,1.684807,129.4101
162.34: 1.266134,3.024778,1.677273,144.9393
Trial Result: Success object: Piano | Time Spent: 19.42447
Trial No.:20 Ends
Trial No.:1 Begins
User confirmed on object: Stove, this maze officially starts.
183.3511: -2.553139,2.924124,1.7188,270.7256
183.5733: -2.551214,2.915761,1.733683,266.1394
183.7956: -2.502824,2.919888,1.734812,269.5013
184.0178: -2.415767,2.928724,1.712614,281.1564
184.24: -2.393322,2.926932,1.71103,282.9496
184.4622: -2.423573,2.854731,1.713386,238.303
184.6844: -2.393374,2.801488,1.691232,180.7283
184.9067: -2.371988,2.839276,1.675494,131.7333
185.1289: -2.399817,2.8628,1.671153,113.9269
185.3511: -2.409977,2.857508,1.67386,114.3587
185.5733: -2.352532,2.838272,1.666688,107.8903
185.7956: -2.275149,2.839648,1.68039,82.41864
186.0178: -2.23574,2.814753,1.681748,71.16978
186.24: -2.214933,2.761525,1.682757,75.46439
186.4622: -2.195375,2.64162,1.689279,120.3065
186.6844: -2.241969,2.568604,1.689237,166.3049
186.9067: -2.212984,2.553878,1.679943,164.6239
187.1289: -2.166027,2.477748,1.659647,167.8861
187.3511: -2.072353,2.297778,1.61097,156.1306
187.5733: -1.935621,1.962657,1.593857,137.1619
187.7956: -1.793128,1.689705,1.665771,125.7713
188.0178: -1.656792,1.460661,1.638324,118.1221
188.24: -1.493618,1.261816,1.692713,110.9107
188.4622: -1.315285,1.117268,1.657209,101.2222
188.6844: -1.102397,0.9888679,1.668795,101.8428
188.9067: -0.8416724,0.9715277,1.616097,116.2512
189.1289: -0.5513879,0.9708155,1.666385,135.5351
189.3511: -0.3611915,0.8603581,1.686357,148.4174
189.5733: -0.1573863,0.8511537,1.684178,103.9955
189.7956: 0.05243845,0.9409796,1.676624,95.06394
190.0178: 0.2525815,1.055262,1.67693,104.6579
190.24: 0.4331377,1.067815,1.704463,117.1334
190.4622: 0.5025153,0.9785298,1.694366,156.4551
190.6844: 0.4973603,0.9421713,1.711012,210.0311
190.9067: 0.4924505,0.9243693,1.678857,222.5321
191.1289: 0.395559,0.8787113,1.672983,220.1841
191.3511: 0.2420196,0.7836113,1.654814,201.7031
191.5733: 0.1093903,0.6409808,1.686171,187.0409
191.7956: 0.05462579,0.4455383,1.66203,177.6651
192.0178: 0.06924068,0.1636115,1.629938,170.6508
192.24: 0.08898242,-0.1440442,1.662942,155.1012
192.4622: 0.1215967,-0.3887218,1.664034,130.4736
192.6844: 0.1705948,-0.5958804,1.663022,105.4775
192.9067: 0.2892079,-0.7459295,1.678905,87.5265
193.1289: 0.4760226,-0.8698231,1.660893,80.53656
193.3511: 0.67542,-1.001071,1.68335,92.16728
193.5733: 0.8697757,-1.107921,1.67481,110.965
193.7956: 1.078581,-1.167283,1.701026,113.8859
194.0178: 1.297386,-1.181331,1.664646,123.5739
194.24: 1.518899,-1.237161,1.691231,131.1266
194.4622: 1.702821,-1.391553,1.664721,129.3221
194.6844: 1.856016,-1.553949,1.688488,125.3708
194.9067: 1.941639,-1.624401,1.688245,125.8553
Trial Result: Success object: Well | Time Spent: 11.97311
Trial No.:1 Ends
Trial No.:18 Begins
User confirmed on object: Harp, this maze officially starts.
203.8511: 1.690552,-1.260456,1.746807,359.3278
204.0733: 1.692154,-1.281209,1.74488,1.74452
204.2956: 1.69417,-1.313113,1.738818,0.0505387
204.5178: 1.633935,-1.349087,1.727818,323.7429
204.74: 1.611696,-1.394112,1.707149,298.0244
204.9622: 1.680973,-1.319545,1.702755,331.6808
205.1844: 1.833748,-1.266362,1.696256,28.78547
205.4067: 1.973467,-1.215405,1.662231,33.89
205.6289: 2.187946,-1.127064,1.62724,16.38504
205.8511: 2.422978,-1.011586,1.655213,4.626006
206.0733: 2.55183,-0.8436116,1.663955,1.229516
206.2956: 2.612389,-0.5824288,1.650192,0.1734462
206.5178: 2.687291,-0.2857224,1.694088,355.0676
206.74: 2.785289,-0.006397237,1.672022,350.6191
206.9622: 2.860425,0.2509412,1.676299,340.1499
207.1844: 2.858477,0.5190473,1.698623,338.3941
207.4067: 2.783401,0.7657437,1.684371,315.4839
207.6289: 2.7249,0.9402184,1.720804,281.9795
207.8511: 2.726035,1.16987,1.700105,276.9432
208.0733: 2.742267,1.42448,1.722272,271.8714
208.2956: 2.748207,1.527004,1.733274,221.9451
208.5178: 2.704466,1.684183,1.719091,232.3381
208.74: 2.690404,1.947038,1.727069,294.8383
208.9622: 2.772993,2.153065,1.714455,316.8566
209.1844: 2.814419,2.29831,1.730158,316.0276
209.4067: 2.758362,2.361588,1.721342,286.097
209.6289: 2.711135,2.319576,1.705001,217.2531
209.8511: 2.748375,2.376226,1.708635,164.6601
210.0733: 2.722327,2.490018,1.70596,148.5397
210.2956: 2.645561,2.562688,1.719342,168.4762
210.5178: 2.49511,2.675081,1.715721,253.2416
210.74: 2.408352,2.801739,1.70368,263.9533
210.9622: 2.298712,2.907478,1.686571,238.1869
211.1844: 2.130903,3.043131,1.70675,240.1645
211.4067: 1.930562,3.118193,1.691599,249.8953
211.6289: 1.669249,3.140048,1.673738,256.2606
211.8511: 1.37136,3.167976,1.723594,260.3363
212.0733: 1.082415,3.175127,1.689319,256.0003
212.2956: 0.792609,3.171105,1.697423,248.7901
212.5178: 0.5672608,3.094793,1.720489,232.2826
212.74: 0.4171043,2.981567,1.68636,198.488
212.9622: 0.3017676,2.902351,1.706,169.4646
213.1844: 0.1602758,2.826972,1.683802,161.7171
213.4067: 0.02259179,2.699303,1.675748,166.0752
213.6289: -0.04431063,2.507168,1.661538,168.8396
213.8511: -0.05989483,2.252874,1.692288,186.8883
214.0733: -0.05601132,1.977245,1.738014,189.5413
214.2956: -0.0581551,1.679315,1.69165,190.5409
214.5178: -0.08648167,1.411925,1.724918,205.1768
214.74: -0.1808969,1.259466,1.674917,264.4785
214.9622: -0.3342725,1.147049,1.680428,277.7667
215.1844: -0.5602241,1.084416,1.640452,282.9
215.4067: -0.8196365,1.047483,1.675805,288.3437
215.6289: -1.126053,1.032771,1.638748,289.4648
215.8511: -1.457528,1.019616,1.682961,275.9398
216.0733: -1.759604,0.9869651,1.669089,228.6595
216.2956: -2.075118,0.9831607,1.626327,199.8184
216.5178: -2.347266,0.9005139,1.66244,175.4968
216.74: -2.523245,0.7579166,1.639262,158.8124
216.9622: -2.645543,0.6192399,1.68133,144.1106
217.1844: -2.735902,0.4944586,1.654391,133.0419
Trial Result: Success object: Telescope | Time Spent: 13.5828
Trial No.:18 Ends
Trial No.:22 Begins
User confirmed on object: Mailbox, this maze officially starts.
232.5067: -1.796986,-3.164921,1.695026,2.443707
232.7289: -1.810284,-3.159606,1.713649,4.663814
232.9511: -1.821221,-3.161925,1.723043,7.157502
233.1733: -1.843765,-3.177734,1.723616,8.123967
233.3956: -1.860845,-3.188932,1.719505,9.893266
233.6178: -1.865499,-3.185849,1.719194,10.40555
233.84: -1.823165,-3.187811,1.717064,34.12757
234.0622: -1.756275,-3.23529,1.695388,76.63991
234.2845: -1.719414,-3.23316,1.682974,76.01144
234.5067: -1.638338,-3.15533,1.6453,37.35396
234.7289: -1.438055,-3.086706,1.600089,20.4338
234.9511: -1.177557,-2.999417,1.600809,11.46018
235.1733: -1.017546,-2.823174,1.64698,2.797942
235.3956: -0.9552516,-2.606431,1.630268,356.5643
235.6178: -0.9086751,-2.348431,1.668726,355.6121
235.84: -0.8678256,-2.084624,1.654485,346.787
236.0622: -0.8551623,-1.793384,1.637246,321.6273
236.2845: -0.9356384,-1.570137,1.691573,294.0055
236.5067: -1.047017,-1.374622,1.668001,278.025
236.7289: -1.183016,-1.222463,1.685256,251.6314
236.9511: -1.335905,-1.074775,1.644233,254.6296
237.1733: -1.558444,-0.9966062,1.657393,255.637
237.3956: -1.839985,-0.9728903,1.611755,286.6319
237.6178: -2.080683,-0.9108102,1.66297,331.6636
237.84: -2.280032,-0.8128364,1.643061,353.1053
238.0622: -2.453702,-0.6709561,1.665181,9.922292
238.2845: -2.608479,-0.5083367,1.664729,22.48087
238.5067: -2.770456,-0.2964205,1.648041,24.07681
238.7289: -2.809047,-0.03318683,1.674056,31.57117
238.9511: -2.746391,0.2476892,1.63597,37.2541
239.1733: -2.639934,0.5349347,1.677996,40.86652
239.3956: -2.502889,0.8192329,1.645255,40.27146
239.6178: -2.366557,1.08272,1.678331,31.02184
239.84: -2.215813,1.32735,1.658463,5.845694
240.0622: -2.039282,1.583799,1.634292,345.0761
240.2845: -1.95821,1.864933,1.663506,328.2203
240.5067: -1.981581,2.110917,1.6421,310.0815
240.7289: -1.891985,2.389534,1.693811,358.5413
240.9511: -1.728809,2.521049,1.680366,72.51276
241.1733: -1.604819,2.673071,1.684396,83.39185
241.3956: -1.460279,2.813587,1.697771,97.98798
241.6178: -1.274106,2.957537,1.668157,103.7749
241.84: -1.042314,3.023083,1.684482,107.4889
242.0622: -0.7623744,3.016797,1.644686,104.1107
242.2845: -0.4525962,2.998128,1.687485,99.81268
242.5067: -0.1579547,2.993539,1.668574,102.3712
242.7289: 0.1175081,2.972677,1.669886,106.0857
242.9511: 0.2816904,2.945347,1.711424,104.2814
243.1733: 0.3928275,2.940024,1.705671,107.4263
243.3956: 0.4111337,2.852538,1.692407,149.7131
243.6178: 0.245382,2.744208,1.700413,182.3997
243.84: 0.06124381,2.607471,1.670073,174.4714
244.0622: -0.04898586,2.417016,1.66906,164.5933
244.2845: -0.05683169,2.182962,1.628763,156.3167
244.5067: 0.02752734,1.875271,1.637637,146.4105
244.7289: 0.1291735,1.587886,1.66913,118.7523
244.9511: 0.234631,1.312843,1.615861,94.57643
245.1733: 0.3507088,1.089406,1.675872,97.38413
245.3956: 0.4983863,1.002566,1.682457,100.0222
245.6178: 0.7269936,0.9766686,1.636381,108.4826
245.84: 1.007127,0.9688941,1.672297,117.3505
Trial Result: Success object: Bookshelf | Time Spent: 13.64991
Trial No.:22 Ends
Trial No.:19 Begins
User confirmed on object: Well, this maze officially starts.
255.7067: 1.713924,-1.996022,1.738737,90.31403
255.9289: 1.672053,-2.016816,1.745177,88.35882
256.1511: 1.614311,-2.071268,1.731429,83.78542
256.3734: 1.584408,-2.137132,1.740644,81.59663
256.5956: 1.587916,-2.12328,1.728988,58.28613
256.8178: 1.543843,-2.045479,1.700998,3.767884
257.04: 1.528004,-1.999307,1.700452,335.5471
257.2622: 1.538719,-1.996179,1.703091,291.4159
257.4844: 1.614342,-2.041364,1.696831,252.8068
257.7067: 1.694907,-2.093928,1.694692,228.3238
257.9289: 1.771315,-2.154808,1.698394,201.3403
258.1511: 1.798262,-2.219463,1.69627,190.1028
258.3734: 1.796837,-2.361615,1.673017,185.0025
258.5956: 1.866765,-2.49984,1.676354,128.7808
258.8178: 1.847104,-2.596756,1.688031,107.9156
259.04: 1.70782,-2.760024,1.689076,169.6582
259.2622: 1.559682,-2.814536,1.705705,237.1712
259.4844: 1.522639,-2.843872,1.696945,264.3773
259.7067: 1.548952,-2.775506,1.691583,312.3849
259.9289: 1.623781,-2.669235,1.687907,327.85
260.1511: 1.709808,-2.514839,1.680511,336.267
260.3734: 1.759626,-2.282771,1.681945,345.7129
260.5956: 1.723378,-2.015004,1.650449,347.9329
260.8178: 1.603966,-1.738388,1.678692,330.8857
261.04: 1.529384,-1.47576,1.683209,304.4418
261.2622: 1.439218,-1.239826,1.655593,278.61
261.4844: 1.277737,-1.107107,1.691782,279.1496
261.7067: 1.056093,-1.072578,1.648118,289.2888
261.9289: 0.7759132,-1.038458,1.672109,306.1416
262.1511: 0.5513064,-0.9264565,1.67128,330.3311
262.3734: 0.3378544,-0.8232937,1.654854,346.9574
262.5956: 0.09987898,-0.798532,1.673017,357.2882
262.8178: -0.1574415,-0.9008137,1.643489,315.0691
263.04: -0.3753976,-1.041029,1.681386,236.7535
263.2622: -0.5299301,-1.071595,1.67198,197.6791
263.4844: -0.6784786,-1.066648,1.682544,169.3541
263.7067: -0.8862135,-1.085132,1.686795,196.1879
263.9289: -1.109815,-1.050747,1.67249,266.2957
264.1511: -1.288323,-1.055912,1.678134,284.7604
264.3734: -1.526799,-1.100308,1.652532,251.2957
264.5956: -1.787222,-1.091061,1.653671,232.3878
264.8178: -2.03839,-1.136355,1.664308,212.9379
265.04: -2.257929,-1.245624,1.625076,188.2784
265.2622: -2.454523,-1.387664,1.662316,169.5464
265.4844: -2.624874,-1.562383,1.651633,165.0482
265.7067: -2.838494,-1.68628,1.662964,221.5492
265.9289: -2.891555,-1.584378,1.645049,321.6494
266.1511: -2.871108,-1.499006,1.653878,358.4954
266.3734: -2.857039,-1.321226,1.633001,14.26694
266.5956: -2.865709,-1.099007,1.633336,22.53343
266.8178: -2.897353,-0.8433515,1.645523,22.13581
267.04: -2.937495,-0.540424,1.601854,20.02279
267.2622: -2.890449,-0.221601,1.669377,30.22082
267.4844: -2.782485,0.08173642,1.633605,32.99241
267.7067: -2.658412,0.3813976,1.675835,35.33364
267.9289: -2.533385,0.6695389,1.674453,35.43664
268.1511: -2.390348,0.9446658,1.669973,40.41829
268.3734: -2.215069,1.193114,1.691684,51.39041
268.5956: -2.029851,1.438899,1.645544,54.2666
Trial Result: Success object: Table | Time Spent: 13.27197
Trial No.:19 Ends
Trial No.:7 Begins
User confirmed on object: Plant, this maze officially starts.
280.9511: -2.56432,-2.07615,1.718913,275.7978
281.1733: -2.556295,-2.085408,1.731316,280.1581
281.3956: -2.537027,-2.077089,1.729978,277.658
281.6178: -2.496392,-2.058167,1.721615,276.5188
281.84: -2.469207,-2.033514,1.725404,273.8884
282.0622: -2.444696,-1.964919,1.72074,302.2268
282.2845: -2.396893,-1.890337,1.701599,346.2023
282.5067: -2.38927,-1.836396,1.661319,8.083508
282.7289: -2.396587,-1.777788,1.663761,9.109446
282.9511: -2.447184,-1.71643,1.665882,23.87974
283.1733: -2.510233,-1.679645,1.636309,76.42229
283.3956: -2.635877,-1.582884,1.656738,89.0759
283.6178: -2.628217,-1.467496,1.674694,86.47109
283.84: -2.501119,-1.356101,1.66144,86.6405
284.0622: -2.312546,-1.237051,1.681307,92.07926
284.2845: -2.107474,-1.118655,1.646186,99.22785
284.5067: -1.907362,-1.002905,1.658043,107.0219
284.7289: -1.678872,-0.9731718,1.667259,107.4687
284.9511: -1.413369,-1.004895,1.661446,103.6645
285.1733: -1.149924,-1.018716,1.690348,98.08977
285.3956: -0.9088026,-0.9786011,1.668554,68.78332
285.6178: -0.7164854,-0.9197994,1.689697,32.26585
285.84: -0.5205676,-0.8907118,1.68363,12.63053
286.0622: -0.2451412,-0.9355713,1.689989,47.34233
286.2845: 0.02854586,-1.010043,1.720773,79.34966
286.5067: 0.2828174,-1.017122,1.703602,67.92468
286.7289: 0.3775727,-0.9516491,1.698601,357.9818
286.9511: 0.4417956,-0.9517021,1.706349,325.5723
287.1733: 0.4792904,-0.9410226,1.709604,313.5998
287.3956: 0.428207,-1.012248,1.684999,261.8512
287.6178: 0.4078532,-1.031386,1.693314,234.7739
287.84: 0.3998149,-1.021168,1.700804,198.0072
288.0622: 0.4266338,-0.9956875,1.701435,166.9379
288.2845: 0.5115291,-0.9748114,1.708155,141.0099
288.5067: 0.6539928,-0.9407375,1.704051,117.3221
288.7289: 0.8352252,-0.9527434,1.690198,116.0047
288.9511: 1.034015,-1.02966,1.691374,120.6772
289.1733: 1.260218,-1.09271,1.648573,86.05401
289.3956: 1.451911,-1.12118,1.670325,51.57153
289.6178: 1.657388,-1.094305,1.665544,31.05626
289.84: 1.893085,-0.9779936,1.657413,20.27743
290.0622: 2.137502,-0.8584385,1.667385,7.184948
290.2845: 2.371384,-0.7498964,1.623448,346.7376
290.5067: 2.58877,-0.6010164,1.68689,353.8043
290.7289: 2.706381,-0.3939421,1.670238,5.19696
290.9511: 2.746361,-0.1157487,1.674097,10.6775
291.1733: 2.779541,0.1414026,1.712971,24.34992
291.3956: 2.802971,0.406614,1.677349,31.2218
Trial Result: Success object: Trashcan | Time Spent: 10.70599
Trial No.:7 Ends
Trial No.:12 Begins
User confirmed on object: Trashcan, this maze officially starts.
303.6289: 2.576259,1.05743,1.745533,95.94312
303.8511: 2.585654,1.071964,1.761346,96.65461
304.0733: 2.589385,1.069356,1.75906,96.35123
304.2956: 2.567193,1.104549,1.7606,84.24664
304.5178: 2.540652,1.153109,1.759429,63.82856
304.74: 2.554664,1.083209,1.761441,97.67027
304.9622: 2.497661,0.9544092,1.738782,173.7821
305.1844: 2.416988,0.9284767,1.713264,226.5615
305.4067: 2.406557,0.9246795,1.717017,248.9878
305.6289: 2.424356,0.9149412,1.705522,269.8126
305.8511: 2.448797,0.9555675,1.702532,295.8577
306.0733: 2.499291,1.045822,1.705468,322.1816
306.2956: 2.520826,1.116207,1.716255,338.8009
306.5178: 2.519275,1.172675,1.701784,347.7547
306.74: 2.534758,1.234655,1.699278,356.3489
306.9622: 2.632398,1.354582,1.666286,0.7062041
307.1844: 2.73587,1.531075,1.669009,358.7907
307.4067: 2.755183,1.731357,1.680152,347.7323
307.6289: 2.693138,1.970107,1.642828,336.8999
307.8511: 2.619674,2.226158,1.685833,315.9274
308.0733: 2.584507,2.455186,1.689093,298.4331
308.2956: 2.535214,2.651106,1.676754,284.4571
308.5178: 2.412414,2.78167,1.691249,270.3333
308.74: 2.245057,2.840958,1.6771,247.5008
308.9622: 2.081291,2.898933,1.690457,222.5063
309.1844: 1.872554,3.033581,1.663077,229.6159
309.4067: 1.610912,3.178975,1.672591,248.3674
309.6289: 1.363619,3.22052,1.678255,251.848
309.8511: 1.092977,3.187049,1.666618,252.1249
310.0733: 0.7995585,3.153581,1.697015,246.0685
310.2956: 0.5170907,3.113359,1.656944,221.8011
310.5178: 0.2993798,3.057807,1.680214,180.816
310.74: 0.05998323,3.013201,1.700247,182.9593
310.9622: -0.2712012,2.996221,1.663076,232.5947
311.1844: -0.5463884,3.013027,1.674673,248.1981
311.4067: -0.8157556,3.015147,1.639729,240.3467
311.6289: -1.073213,2.96764,1.681749,215.6871
311.8511: -1.298341,2.879007,1.676083,197.1094
312.0733: -1.483153,2.781746,1.668763,178.1629
312.2956: -1.622631,2.702827,1.682315,163.6485
312.5178: -1.739499,2.638611,1.657388,148.256
312.74: -1.764192,2.555433,1.675793,138.4269
Trial Result: Success object: Table | Time Spent: 9.45129
Trial No.:12 Ends
Trial No.:21 Begins
User confirmed on object: Mailbox, this maze officially starts.
326.7622: -1.816357,-3.260532,1.72517,353.6923
326.9845: -1.808022,-3.248992,1.72681,3.049103
327.2067: -1.708887,-3.276031,1.709875,34.23713
327.4289: -1.618248,-3.331771,1.698293,66.31446
327.6511: -1.602417,-3.306097,1.696888,47.50851
327.8734: -1.708355,-3.278174,1.691513,343.0652
328.0956: -1.769557,-3.294447,1.674946,316.2375
328.3178: -1.776545,-3.255712,1.676079,322.1217
328.54: -1.631671,-3.173483,1.648076,14.77711
328.7622: -1.372362,-3.158022,1.627857,32.32782
328.9845: -1.192703,-3.077891,1.665975,13.8759
329.2067: -1.06211,-2.916088,1.624922,2.406721
329.4289: -0.9282644,-2.680765,1.646111,3.004069
329.6511: -0.7762038,-2.440879,1.653231,4.907519
329.8734: -0.7033024,-2.182683,1.667876,7.534607
330.0956: -0.7168695,-1.927555,1.645893,10.68641
330.3178: -0.7666159,-1.606277,1.597485,19.17057
330.54: -0.6674026,-1.30565,1.623876,29.97033
330.7622: -0.421117,-1.095871,1.606138,25.81611
330.9845: -0.2296897,-0.9034274,1.670709,20.6159
331.2067: -0.13373,-0.708806,1.668063,13.40535
331.4289: -0.1016667,-0.4922871,1.654278,337.8776
331.6511: -0.05592367,-0.3172272,1.68925,314.4643
331.8734: 0.02104859,-0.1128034,1.660089,316.9079
332.0956: 0.1091616,0.132938,1.690742,5.256638
332.3178: 0.1097516,0.3592069,1.664422,21.70842
332.54: 0.1116114,0.5522177,1.673792,61.19588
332.7622: 0.1322153,0.6807692,1.685501,96.55601
332.9845: 0.1631424,0.834262,1.670831,95.95385
333.2067: 0.1836632,0.9685789,1.68921,97.2501
333.4289: 0.1396257,1.175815,1.672385,46.26824
333.6511: 0.006451236,1.369998,1.662266,7.374604
333.8734: -0.0386625,1.57755,1.668944,9.453254
334.0956: -0.002436515,1.81694,1.634568,13.27821
334.3178: 0.05584802,2.072263,1.643517,17.29002
334.54: 0.08471306,2.312724,1.651382,33.74618
334.7622: 0.1003863,2.539153,1.625521,68.14919
334.9845: 0.1347235,2.726103,1.67353,87.89124
335.2067: 0.2308914,2.865465,1.667659,94.4446
335.4289: 0.3785995,2.95763,1.689713,103.1902
335.6511: 0.4506829,2.948946,1.713343,170.0715
335.8734: 0.4308642,3.022215,1.677356,222.915
336.0956: 0.3642692,3.075829,1.694325,243.6704
336.3178: 0.2494069,3.088171,1.660148,243.8157
336.54: 0.4072902,2.996826,1.671757,153.9798
336.7622: 0.6476228,3.04228,1.648199,96.42319
336.9845: 0.9784579,3.047682,1.651001,98.06014
337.2067: 1.285595,2.996054,1.700838,99.69096
337.4289: 1.564379,2.90382,1.665727,108.0363
337.6511: 1.826415,2.815389,1.710723,117.7991
337.8734: 2.074932,2.761134,1.673035,148.7424
338.0956: 2.33166,2.708797,1.674268,159.1795
338.3178: 2.508487,2.576592,1.709596,162.7247
338.54: 2.621937,2.373503,1.68779,161.9279
338.7622: 2.735484,2.125858,1.720393,157.3108
338.9845: 2.841457,1.905837,1.702656,156.0741
339.2067: 2.919353,1.694046,1.697706,156.1771
Trial Result: Success object: Trashcan | Time Spent: 12.76101
Trial No.:21 Ends
Trial No.:10 Begins
User confirmed on object: Bookshelf, this maze officially starts.
351.8511: 1.763354,1.161918,1.745876,178.7391
352.0733: 1.787582,1.162166,1.75974,182.3472
352.2956: 1.79775,1.169669,1.760511,186.7791
352.5178: 1.767397,1.216104,1.75218,198.7015
352.74: 1.689191,1.294065,1.752063,210.7166
352.9622: 1.623283,1.36762,1.734309,242.0838
353.1844: 1.608324,1.382087,1.723541,259.9284
353.4067: 1.634665,1.313684,1.719306,229.9438
353.6289: 1.762471,1.25915,1.714805,164.5527
353.8511: 1.85341,1.288105,1.703241,121.2813
354.0733: 1.86809,1.283769,1.70231,116.8972
354.2956: 1.86809,1.283769,1.70231,116.8972
354.5178: -0.09793027,1.928828,1.717172,319.3635
354.74: -0.2910311,2.016985,1.747855,323.5198
354.9622: -0.3403211,2.093391,1.727702,321.3787
355.1844: -0.3686843,2.163915,1.723729,319.1678
355.4067: -0.4045475,2.191566,1.715519,320.265
355.6289: -0.433611,2.201027,1.704499,321.5714
355.8511: -0.4500145,2.209593,1.681386,319.9872
356.0733: -0.4430612,2.208723,1.704091,318.6336
356.2956: -0.4348249,2.207391,1.704018,318.4703
356.5178: -0.4326104,2.206966,1.702608,317.9616
356.74: -0.4334805,2.204077,1.704935,316.2615
356.9622: -0.4332743,2.205946,1.705914,316.9569
357.1844: -0.4284728,2.201754,1.707293,316.9318
357.4067: -0.4222928,2.191965,1.709933,316.5368
357.6289: -0.4189246,2.184012,1.711497,316.5247
357.8511: -0.4197483,2.180128,1.710402,316.7466
358.0733: -0.4233993,2.17917,1.708591,316.513
358.2956: -0.4257215,2.179915,1.708319,316.6366
358.5178: -0.4278753,2.179145,1.708185,316.5768
358.74: -0.4317217,2.178404,1.706521,315.8394
358.9622: -0.4543549,2.160367,1.700473,298.1362
359.1844: -0.4669625,2.14144,1.700899,284.2535
359.4067: -0.470708,2.139236,1.700538,283.9492
359.6289: -0.4679134,2.141189,1.701374,286.8771
359.8511: -0.4619015,2.143891,1.702933,290.6399
360.0733: -0.4539482,2.154071,1.703312,299.3116
360.2956: -0.4431876,2.164269,1.704685,308.2404
360.5178: -0.438641,2.167984,1.704885,311.1035
360.74: -0.4415016,2.167902,1.704319,310.8393
360.9622: -0.4447698,2.168306,1.70508,310.2809
361.1844: -0.4469724,2.170087,1.706125,310.7256
361.4067: -0.4467795,2.171523,1.706076,311.2545
361.6289: -0.4455172,2.169188,1.707281,310.1689
361.8511: -0.4436002,2.166901,1.706322,310.379
362.0733: -0.4216677,2.190809,1.702919,330.5105
362.2956: -0.3828861,2.20858,1.700136,352.1808
362.5178: -0.3777918,2.211063,1.699059,352.4208
362.74: -0.4066584,2.201663,1.698774,336.0869
362.9622: -0.4439178,2.17747,1.700431,313.5281
363.1844: -0.460483,2.161655,1.699975,304.0125
363.4067: -0.4666035,2.160902,1.698549,302.0854
363.6289: -0.4688781,2.163986,1.69965,302.91
363.8511: -0.4699239,2.168928,1.698829,305.1024
364.0733: -0.4677312,2.171441,1.698703,307.0687
364.2956: -0.4656168,2.170899,1.698813,307.9747
364.5178: -0.4632592,2.16808,1.700278,308.4419
364.74: -0.4556094,2.165969,1.719066,311.5096
364.9622: -0.4395005,2.159807,1.734929,316.6877
365.1844: -0.4338824,2.154154,1.734854,317.9745
365.4067: -0.4329561,2.150419,1.732611,317.6723
365.6289: -0.4319039,2.147311,1.731151,317.4204
365.8511: -0.4322089,2.144385,1.729446,316.9831
366.0733: -0.4341838,2.141701,1.727051,316.3238
366.2956: -0.4384077,2.141917,1.721662,315.4911
366.5178: -0.442899,2.141945,1.716147,314.4894
366.74: -0.4440593,2.14197,1.715031,314.3501
366.9622: -0.4447858,2.141961,1.715012,314.4921
367.1844: -0.4465978,2.141658,1.715343,314.3346
367.4067: -0.4489422,2.142398,1.715184,314.5336
367.6289: -0.4507651,2.143009,1.715379,314.6493
367.8511: -0.4504523,2.142726,1.715962,314.7784
368.0733: -0.4490035,2.140695,1.716635,314.6324
368.2956: -0.4469679,2.138288,1.716489,314.5421
368.5178: -0.4445032,2.135187,1.716542,314.7007
368.74: -0.4425202,2.131223,1.716992,314.4632
368.9622: -0.4398431,2.127822,1.717579,314.4023
Participant ID: 417
Maze Mode: testing
Trial No.:10 Begins
User confirmed on object: Bookshelf, this maze officially starts.
57.81111: 1.67527,1.163579,1.742401,172.6516
58.03333: 1.706179,1.153015,1.763643,176.0567
58.25556: 1.730797,1.161475,1.769768,176.0618
58.47778: 1.756201,1.184908,1.765388,187.1779
58.7: 1.75351,1.210571,1.76124,201.8692
58.92222: 1.67587,1.268016,1.741648,244.5276
59.14445: 1.626727,1.328236,1.717769,282.9311
59.36667: 1.599478,1.356335,1.713527,300.9071
59.58889: 1.638038,1.360595,1.696952,328.1084
59.81111: 1.685316,1.318513,1.682778,343.7018
60.03333: 1.747773,1.280465,1.66346,6.617176
60.25556: 1.79085,1.234174,1.662313,33.79789
60.47778: 1.713123,1.217548,1.668405,3.126988
60.7: 1.548162,1.13925,1.681378,288.4174
60.92222: 1.430575,1.072185,1.673971,247.5627
61.14445: 1.5154,0.9955181,1.685024,168.795
61.36667: 1.646454,1.064355,1.674285,104.0277
61.58889: 1.74956,1.098765,1.661894,81.88441
61.81111: 1.900344,1.078442,1.659458,69.62115
62.03333: 2.097935,1.037559,1.654941,52.28168
62.25556: 2.241106,1.044935,1.6657,18.88405
62.47778: 2.377635,1.108868,1.690428,2.534043
62.7: 2.48437,1.239488,1.68597,353.4395
62.92222: 2.621534,1.412345,1.703456,351.1675
63.14445: 2.757138,1.62491,1.673764,345.8364
63.36667: 2.811903,1.861639,1.697728,333.7292
63.58889: 2.783397,2.087553,1.68477,321.6847
63.81111: 2.68573,2.321795,1.688931,311.4044
64.03333: 2.582191,2.517143,1.716316,298.1656
64.25555: 2.452154,2.696624,1.690248,283.7936
64.47778: 2.311944,2.796128,1.711535,265.8104
64.7: 2.157661,2.8268,1.687984,251.774
64.92223: 1.93461,2.846163,1.680174,258.948
65.14445: 1.691616,2.879975,1.70701,263.2479
65.36667: 1.427075,2.914715,1.675111,265.4223
65.58889: 1.146773,2.951369,1.692921,263.9893
65.81111: 0.8807609,2.942156,1.713919,264.2784
66.03333: 0.5951635,2.910747,1.669394,263.8697
66.25555: 0.3094768,2.913571,1.711797,266.4865
66.47778: 0.03143066,2.926648,1.682513,264.2714
66.7: -0.2432593,2.944227,1.681288,260.0917
66.92223: -0.4972355,2.934,1.705455,262.3621
67.14445: -0.7683085,2.900558,1.662203,262.6425
67.36667: -1.030943,2.877696,1.694903,260.1643
67.58889: -1.277683,2.87551,1.683833,262.5099
67.81111: -1.494142,2.808451,1.654514,222.9583
68.03333: -1.57185,2.703265,1.67396,166.9329
68.25555: -1.639135,2.613874,1.66268,142.4358
68.47778: -1.759238,2.46742,1.674165,159.7749
68.7: -1.89914,2.30683,1.646206,182.4153
68.92223: -1.94612,2.106635,1.659014,186.8363
69.14445: -1.92707,1.858088,1.631343,200.1227
69.36667: -1.997925,1.607444,1.66786,206.5124
69.58889: -2.19688,1.389095,1.618466,187.1028
69.81111: -2.431587,1.150694,1.597423,174.2996
70.03333: -2.532077,0.8998008,1.63676,168.3445
70.25555: -2.56536,0.6103953,1.620965,170.2241
70.47778: -2.628041,0.3072906,1.695235,173.2311
70.7: -2.714427,0.006696082,1.663467,180.3891
70.92223: -2.776064,-0.3113349,1.689222,180.8847
71.14445: -2.778682,-0.6218842,1.694942,186.7841
71.36667: -2.76116,-0.9491057,1.666389,201.8756
71.58889: -2.801399,-1.233618,1.721961,213.6551
Trial Result: Success object: Plant | Time Spent: 14.20502
Trial No.:10 Ends
Trial No.:2 Begins
User confirmed on object: Stove, this maze officially starts.
85.35556: -2.479822,3.044316,1.695571,263.2646
85.57778: -2.513733,3.071112,1.711332,258.6066
85.8: -2.516796,3.093955,1.722474,252.8268
86.02222: -2.505858,3.094043,1.712022,251.6952
86.24445: -2.495212,3.075676,1.711533,254.0498
86.46667: -2.489087,3.03553,1.710742,250.2468
86.68889: -2.444177,2.948825,1.69922,210.9089
86.91111: -2.358744,2.912018,1.68397,148.2017
87.13334: -2.334576,2.935984,1.661123,115.9345
87.35556: -2.288436,2.902087,1.646981,129.9889
87.57778: -2.172093,2.814275,1.623179,153.2149
87.8: -1.99468,2.698367,1.634165,164.718
88.02222: -1.911898,2.509286,1.653434,167.7967
88.24445: -1.891317,2.262392,1.634738,158.3232
88.46667: -1.85448,2.007392,1.675459,142.9258
88.68889: -1.790972,1.793773,1.674987,131.7402
88.91111: -1.697083,1.549433,1.660142,125.7991
89.13334: -1.570744,1.310397,1.696447,117.2843
89.35556: -1.421407,1.112882,1.669989,107.2979
89.57778: -1.23658,1.003577,1.691491,105.2974
89.8: -1.013246,0.9662262,1.658893,111.217
90.02222: -0.7401865,0.9258003,1.696055,130.8287
90.24445: -0.5221077,0.816674,1.711265,151.0007
90.46667: -0.3625993,0.6826855,1.698555,165.354
90.68889: -0.2175182,0.5707062,1.723406,187.9018
90.91111: -0.06842382,0.470495,1.695387,205.8594
91.13334: 0.01857976,0.4076429,1.707621,214.25
Trial Result: Success object: Wheelbarrow | Time Spent: 6.152292
Trial No.:2 Ends
Trial No.:23 Begins
User confirmed on object: Chair, this maze officially starts.
106.3556: 0.8363588,-3.209758,1.765207,358.6972
106.5778: 0.8314795,-3.201962,1.76818,1.106547
106.8: 0.8480693,-3.196407,1.771966,12.50722
107.0222: 0.8659213,-3.203029,1.768622,27.78685
107.2444: 0.8875875,-3.209553,1.756032,47.60394
107.4667: 0.9211825,-3.201843,1.739443,58.60607
107.6889: 1.001682,-3.188941,1.730024,58.58088
107.9111: 1.041785,-3.115367,1.726698,1.845633
108.1333: 1.002744,-3.129661,1.716063,298.7145
108.3556: 0.9518597,-3.18568,1.708064,276.8413
108.5778: 0.8492479,-3.263053,1.695152,273.9428
108.8: 0.6762747,-3.341795,1.676418,277.4303
109.0222: 0.4558222,-3.334975,1.701622,286.2549
109.2444: 0.2068918,-3.265389,1.649361,288.1609
109.4667: -0.06957535,-3.198018,1.69483,286.6314
109.6889: -0.3536058,-3.205085,1.695365,288.5947
109.9111: -0.644684,-3.193974,1.646087,303.2721
110.1333: -0.790515,-3.056371,1.702594,342.2603
110.3556: -0.8069165,-2.881091,1.698266,351.0401
110.5778: -0.794028,-2.621788,1.691882,349.8933
110.8: -0.8309025,-2.373958,1.706623,343.997
111.0222: -0.9541401,-2.122257,1.664112,339.6705
111.2444: -1.019457,-1.836001,1.685702,334.3502
111.4667: -1.065178,-1.530255,1.620409,307.2129
111.6889: -1.14453,-1.276138,1.659575,281.6855
111.9111: -1.323534,-1.180414,1.662374,258.0932
112.1333: -1.588028,-1.146881,1.677241,254.2694
112.3556: -1.856851,-1.027713,1.690054,273.2443
112.5778: -2.077115,-0.8500546,1.653957,318.7731
112.8: -2.298009,-0.7427807,1.695133,351.8825
113.0222: -2.505008,-0.6644056,1.666636,16.90622
113.2444: -2.652641,-0.5751966,1.700785,29.96466
113.4667: -2.738482,-0.4126067,1.666043,29.43927
113.6889: -2.755185,-0.1554056,1.664733,24.95262
113.9111: -2.736769,0.09576777,1.698782,31.67119
114.1333: -2.674961,0.3791929,1.65533,36.7128
114.3556: -2.569378,0.6684084,1.708371,39.33116
114.5778: -2.431992,0.922909,1.68641,28.5387
114.8: -2.266981,1.172478,1.679839,20.47698
115.0222: -2.133904,1.437565,1.708055,17.92625
115.2444: -2.00669,1.714954,1.656941,21.84131
115.4667: -1.868555,2.022974,1.684496,37.34583
115.6889: -1.726848,2.335264,1.642156,53.67126
115.9111: -1.592722,2.597702,1.641127,72.46284
116.1333: -1.488948,2.772653,1.678346,93.22568
116.3556: -1.410488,2.960956,1.651181,102.8013
116.5778: -1.264996,3.105951,1.680734,104.0997
116.8: -1.048447,3.185667,1.640444,101.8781
117.0222: -0.7933751,3.217188,1.667501,99.59229
117.2444: -0.5290132,3.22369,1.671823,101.5274
117.4667: -0.2213044,3.234267,1.656811,103.6894
117.6889: 0.08963501,3.186889,1.707511,104.5194
117.9111: 0.3976746,3.103396,1.664756,108.2533
118.1333: 0.6804984,3.028619,1.706831,113.3857
118.3556: 0.9236487,2.985379,1.697895,122.6869
118.5778: 1.141014,2.958484,1.681117,131.8578
Trial Result: Success object: Piano | Time Spent: 12.51701
Trial No.:23 Ends
Trial No.:17 Begins
User confirmed on object: Harp, this maze officially starts.
136.7333: 1.617902,-1.246861,1.745698,5.295138
136.9556: 1.587005,-1.214969,1.752071,11.58843
137.1778: 1.595608,-1.206881,1.755166,8.363349
137.4: 1.633368,-1.240098,1.752705,1.733258
137.6222: 1.699213,-1.270232,1.753153,8.15006
137.8445: 1.769866,-1.281904,1.75102,34.36354
138.0667: 1.804014,-1.284059,1.746133,53.51708
138.2889: 1.798572,-1.270289,1.747249,54.48649
138.5111: 1.714688,-1.228446,1.734543,2.060615
138.7333: 1.640922,-1.281005,1.712943,309.4748
138.9556: 1.642299,-1.330584,1.701022,278.9879
139.1778: 1.593881,-1.363382,1.704302,274.3141
139.4: 1.482253,-1.341713,1.691435,282.1389
139.6222: 1.397624,-1.23745,1.710154,290.3232
139.8445: 1.339187,-1.084462,1.68068,281.1572
140.0667: 1.204914,-0.9750792,1.690449,274.3317
140.2889: 0.9563262,-0.9694719,1.636476,273.7586
140.5111: 0.6528555,-1.008386,1.677036,276.2876
140.7333: 0.3833276,-0.9946594,1.712075,275.2885
140.9556: 0.1195528,-0.9947412,1.680222,248.3342
141.1778: -0.09154616,-1.032723,1.728324,214.6361
141.4: -0.2941573,-1.08351,1.697855,200.4514
141.6222: -0.5143995,-1.165951,1.714415,192.3851
141.8445: -0.7314903,-1.214156,1.708,183.0158
142.0667: -0.8949636,-1.24394,1.701886,193.8774
142.2889: -1.041475,-1.245697,1.724978,261.7354
142.5111: -1.112431,-1.190911,1.714588,292.6765
142.7333: -1.234543,-1.074417,1.690626,283.6801
142.9556: -1.407,-1.041342,1.687521,236.7584
143.1778: -1.632365,-1.070805,1.657989,232.9921
143.4: -1.906663,-1.147756,1.677198,232.0791
143.6222: -2.143698,-1.207163,1.700856,219.766
143.8445: -2.318739,-1.299761,1.679824,184.0561
144.0667: -2.439936,-1.432282,1.703941,168.3985
144.2889: -2.552866,-1.639604,1.652763,164.2647
144.5111: -2.633352,-1.912607,1.670122,156.5893
144.7333: -2.652535,-2.176847,1.689966,146.3068
144.9556: -2.598463,-2.435905,1.669353,123.6998
145.1778: -2.462122,-2.618036,1.688174,107.9831
145.4: -2.252074,-2.747542,1.677573,91.37304
145.6222: -2.051163,-2.840774,1.716141,58.21083
145.8445: -1.84148,-2.937619,1.691149,42.17572
146.0667: -1.585158,-3.047595,1.710647,42.6062
146.2889: -1.312376,-3.122076,1.719767,61.44168
146.5111: -0.9854634,-3.139135,1.686583,70.43962
146.7333: -0.6944633,-3.155708,1.733297,72.89104
146.9556: -0.3712668,-3.177135,1.69291,76.8672
147.1778: -0.06730883,-3.185385,1.711434,76.88197
147.4: 0.243211,-3.159381,1.735633,78.73979
147.6222: 0.546167,-3.116211,1.693957,79.80546
147.8445: 0.8354615,-3.066231,1.745962,72.99366
148.0667: 1.118433,-3.010596,1.714417,63.19271
148.2889: 1.380534,-2.974699,1.749444,59.42138
148.5111: 1.544241,-2.88555,1.748755,30.23305
148.7333: 1.678836,-2.744704,1.721902,10.97918
148.9556: 1.792347,-2.563332,1.742041,2.789405
149.1778: 1.880615,-2.330853,1.695949,2.770814
149.4: 1.951835,-2.057481,1.705788,358.386
149.6222: 1.971098,-1.796032,1.705385,5.843293
149.8445: 2.004912,-1.507483,1.665123,21.48852
150.0667: 2.120929,-1.225562,1.697757,27.71204
150.2889: 2.294021,-0.9737526,1.660277,12.216
150.5111: 2.455956,-0.7038882,1.701664,5.448588
150.7333: 2.532533,-0.4271324,1.695506,9.382096
150.9556: 2.58251,-0.1268189,1.695662,4.60714
151.1778: 2.647059,0.1703908,1.73147,351.116
151.4: 2.632318,0.4362092,1.6616,298.0662
151.6222: 2.585027,0.6121172,1.71505,274.7342
151.8445: 2.509815,0.7481259,1.694689,265.8065
152.0667: 2.473028,0.8725347,1.713963,251.5248
152.2889: 2.481888,1.004213,1.683266,243.0285
152.5111: 2.437431,1.093005,1.690911,242.3299
152.7333: 2.276253,1.127859,1.667638,249.1271
152.9556: 1.999954,1.057641,1.666137,258.7041
153.1778: 1.707305,1.03333,1.697203,267.5145
153.4: 1.401642,1.062494,1.650547,267.5658
153.6222: 1.085512,1.083692,1.696141,256.3499
153.8445: 0.797021,1.057952,1.693071,241.6057
154.0667: 0.5171155,1.055035,1.68792,245.3165
154.2889: 0.2773749,1.178776,1.704369,289.0694
154.5111: 0.1424426,1.341944,1.684998,333.4502
154.7333: 0.0366422,1.500193,1.718494,353.947
154.9556: -0.02053065,1.6977,1.685437,3.636027
155.1778: -0.06084274,1.938756,1.669001,4.807834
155.4: -0.09170847,2.206505,1.668544,333.5329
155.6222: -0.1093533,2.455965,1.647619,287.426
155.8445: -0.1758218,2.650732,1.675676,269.0079
156.0667: -0.3036349,2.774137,1.654529,255.6969
156.2889: -0.3608134,2.811832,1.692186,212.0296
156.5111: -0.2296275,2.9144,1.704469,139.9968
156.7333: -0.1927071,3.056853,1.682519,117.1333
156.9556: -0.1260733,3.17136,1.694832,109.9822
157.1778: -0.02492283,3.242475,1.692892,106.9686
157.4: 0.05606617,3.206925,1.697474,133.3844
157.6222: -0.1258705,3.155158,1.694014,220.6622
157.8445: -0.3547184,3.207613,1.686105,253.6461
158.0667: -0.5595315,3.198662,1.696929,259.6414
158.2889: -0.7613018,3.131879,1.668526,267.4242
158.5111: -0.9845842,3.028656,1.656501,275.4618
158.7333: -1.24548,3.000458,1.690246,274.993
158.9556: -1.501873,3.031452,1.65651,268.4537
159.1778: -1.784853,3.086349,1.679002,267.5013
159.4: -2.081129,3.096807,1.675765,268.2601
159.6222: -2.367071,3.096327,1.652461,269.7109
Trial Result: Success object: Stove | Time Spent: 23.13339
Trial No.:17 Ends
Trial No.:11 Begins
User confirmed on object: Trashcan, this maze officially starts.
176.2: 2.57075,1.089551,1.765052,95.57422
176.4222: 2.580226,1.088244,1.764096,97.40988
176.6445: 2.591108,1.07427,1.759076,98.78532
176.8667: 2.56147,1.01059,1.749144,136.1069
177.0889: 2.40976,0.9572221,1.729987,203.1076
177.3111: 2.300185,0.9752507,1.715241,248.9256
177.5333: 2.269944,0.976237,1.71472,269.0893
177.7556: 2.251168,0.9504442,1.691541,279.8495
177.9778: 2.150625,0.9482217,1.675852,274.1491
178.2: 1.937986,1.001051,1.64635,267.2668
178.4222: 1.680531,1.041254,1.713051,265.7058
178.6445: 1.402578,1.032499,1.671556,265.0045
178.8667: 1.082654,0.9879636,1.688599,250.589
179.0889: 0.78977,0.9814537,1.71452,236.298
179.3111: 0.5304626,0.9571538,1.6491,203.1539
179.5333: 0.3147509,0.869552,1.694818,195.5473
179.7556: 0.1031491,0.8025018,1.684052,252.0892
179.9778: 0.03509857,0.907254,1.711589,340.9632
180.2: -0.01300474,0.9907796,1.706279,356.809
180.4222: -0.09901041,1.053966,1.697376,1.572294
180.6445: -0.1176157,1.123308,1.67004,7.447263
180.8667: -0.04107708,1.301466,1.647714,353.7034
181.0889: 0.02073259,1.520393,1.649582,342.6349
181.3111: 0.01113446,1.754407,1.647252,342.5816
181.5333: -0.07891492,2.029928,1.626357,337.8823
181.7556: -0.1567336,2.302112,1.656628,316.1782
181.9778: -0.2148568,2.537024,1.615273,276.4763
182.2: -0.2626956,2.766947,1.646868,247.8729
182.4222: -0.3644789,2.916317,1.679454,235.0999
182.6445: -0.4204452,2.982072,1.669987,181.9762
182.8667: -0.4327618,3.140268,1.670601,134.3672
183.0889: -0.5241219,3.302644,1.673344,114.1282
183.3111: -0.6274455,3.336848,1.680948,109.5112
183.5333: -0.8005899,3.211627,1.679231,154.0497
183.7556: -1.10785,3.214923,1.69197,242.3972
183.9778: -1.336401,3.270195,1.663179,255.3151
184.2: -1.522533,3.200888,1.685845,223.6845
184.4222: -1.655975,3.048271,1.654205,191.588
184.6445: -1.816448,2.840053,1.649482,180.977
184.8667: -1.893137,2.643621,1.689849,158.3076
185.0889: -1.931194,2.447387,1.653899,147.2983
185.3111: -1.93905,2.214604,1.673162,160.1538
185.5333: -1.954014,1.943138,1.646558,192.6117
185.7556: -2.020568,1.698191,1.696109,208.8977
185.9778: -2.122072,1.468908,1.65519,190.476
186.2: -2.281677,1.23404,1.673243,178.1647
186.4222: -2.399796,1.000448,1.684846,172.8266
186.6445: -2.488165,0.7597052,1.66343,163.3685
186.8667: -2.547271,0.5514177,1.686251,142.2504
Trial Result: Success object: Telescope | Time Spent: 11.09492
Trial No.:11 Ends
Trial No.:9 Begins
User confirmed on object: Bookshelf, this maze officially starts.
196.9222: 1.808079,1.252611,1.756235,187.6098
197.1445: 1.823179,1.239646,1.755886,196.2787
197.3667: 1.770947,1.239723,1.750442,225.0612
197.5889: 1.711373,1.343489,1.723879,286.3135
197.8111: 1.698914,1.396487,1.716952,301.1478
198.0333: 1.688501,1.303478,1.728397,250.6474
198.2556: 1.846023,1.203355,1.715911,155.0452
198.4778: 1.942408,1.273947,1.708942,90.62004
198.7: 1.955109,1.259748,1.712666,84.93259
198.9222: 1.94344,1.158705,1.69164,101.6579
199.1445: 1.995384,1.077911,1.666535,106.3453
199.3667: 2.154908,1.15845,1.657213,56.00761
199.5889: 2.275462,1.215806,1.689962,17.07817
199.8111: 2.418435,1.231279,1.693134,356.9886
200.0333: 2.58742,1.258381,1.686284,346.1328
200.2556: 2.674873,1.365779,1.699442,340.2042
200.4778: 2.685153,1.568916,1.654197,337.3558
200.7: 2.676851,1.857961,1.690743,329.6452
200.9222: 2.691898,2.152574,1.675727,316.7202
201.1445: 2.695943,2.435793,1.641382,297.3383
201.3667: 2.598252,2.657125,1.697529,281.6546
201.5889: 2.412547,2.796641,1.655434,263.1354
201.8111: 2.219115,2.895027,1.688499,239.5605
202.0333: 2.00252,3.03801,1.673382,245.5845
202.2556: 1.743965,3.207206,1.666164,250.674
202.4778: 1.463053,3.26466,1.681259,251.9055
202.7: 1.14704,3.225483,1.642398,254.4382
202.9222: 0.8193474,3.195484,1.711805,258.2458
203.1445: 0.487439,3.191209,1.656448,262.6692
203.3667: 0.1310341,3.173826,1.686673,262.2362
203.5889: -0.2079464,3.112905,1.693517,261.8663
203.8111: -0.5477154,3.037727,1.648991,264.2109
204.0333: -0.8594501,3.025183,1.695553,264.8167
204.2556: -1.168074,3.030993,1.643617,256.9848
204.4778: -1.421875,2.994658,1.69884,252.7191
204.7: -1.583419,2.865686,1.676583,242.0724
204.9222: -1.741966,2.794438,1.696894,268.7036
205.1445: -1.927739,2.821569,1.675547,282.9499
205.3667: -2.187415,2.898324,1.66128,276.4905
205.5889: -2.407166,2.949225,1.693068,275.9105
Trial Result: Success object: Stove | Time Spent: 9.028196
Trial No.:9 Ends
Trial No.:6 Begins
User confirmed on object: Table, this maze officially starts.
217.8445: -2.092864,2.112638,1.73443,106.5437
218.0667: -2.06749,2.131869,1.737553,107.4139
218.2889: -2.044607,2.159268,1.734339,90.28922
218.5111: -2.059955,2.183809,1.730348,82.84528
218.7333: -2.095064,2.139124,1.726588,113.0621
218.9556: -2.124421,2.102209,1.72645,125.3911
219.1778: -2.123278,2.095501,1.726863,116.3723
219.4: -2.148871,2.042761,1.721708,146.7742
219.6222: -2.185365,1.995589,1.710317,180.2909
219.8445: -2.168667,1.931205,1.694887,181.1753
220.0667: -2.143159,1.826953,1.681441,166.6604
220.2889: -2.067519,1.731779,1.672619,177.7168
220.5111: -2.02455,1.614825,1.657261,190.8665
220.7333: -2.168365,1.375774,1.621772,187.317
220.9556: -2.409987,1.080473,1.562397,173.0773
221.1778: -2.508121,0.8734916,1.588421,171.1908
221.4: -2.506459,0.6589235,1.625997,171.2613
221.6222: -2.588493,0.4210455,1.688855,171.5514
221.8445: -2.731192,0.1350245,1.640738,175.9687
222.0667: -2.813702,-0.1532252,1.702667,181.4255
222.2889: -2.822665,-0.4474624,1.655627,180.1996
222.5111: -2.810851,-0.7604824,1.679204,176.769
222.7333: -2.847584,-1.053887,1.692538,175.0474
222.9556: -2.90171,-1.384215,1.64611,173.1965
223.1778: -2.893013,-1.692697,1.708228,170.702
223.4: -2.784663,-1.963507,1.664886,145.0462
223.6222: -2.645114,-2.247931,1.695931,127.4669
223.8445: -2.494401,-2.534817,1.706446,116.1265
224.0667: -2.347476,-2.790699,1.670583,99.66059
224.2889: -2.175508,-2.927018,1.728511,73.96608
224.5111: -2.007972,-2.965051,1.689608,43.80763
224.7333: -1.806955,-3.015769,1.700518,31.60454
224.9556: -1.564758,-3.066319,1.682133,30.8678
225.1778: -1.341464,-3.054223,1.703616,20.72927
225.4: -1.174382,-2.937946,1.699719,14.43422
225.6222: -1.051843,-2.723961,1.677341,11.68381
225.8445: -0.9466317,-2.485063,1.714556,9.824289
226.0667: -0.8464984,-2.217044,1.672763,14.95313
226.2889: -0.7639651,-1.933471,1.717811,19.84623
226.5111: -0.7105269,-1.654909,1.708921,29.13809
226.7333: -0.6493991,-1.379891,1.672221,51.96797
226.9556: -0.4886166,-1.204636,1.720269,68.41879
227.1778: -0.2779292,-1.105461,1.689603,71.71484
227.4: -0.05949443,-1.024886,1.737491,75.4285
227.6222: 0.1496048,-0.9589597,1.710119,84.6464
227.8445: 0.3864557,-0.917595,1.72007,102.3567
228.0667: 0.6371248,-0.9490021,1.736921,113.5381
228.2889: 0.8946193,-1.033705,1.695879,119.3503
228.5111: 1.14455,-1.119225,1.727343,128.6388
228.7333: 1.372287,-1.221346,1.689368,157.4539
228.9556: 1.562435,-1.342985,1.696066,183.3259
229.1778: 1.685796,-1.546346,1.695654,177.1773
229.4: 1.759573,-1.798049,1.691025,148.1564
229.6222: 1.833606,-2.093157,1.708426,134.9276
229.8445: 1.93968,-2.386837,1.666832,116.6975
230.0667: 2.005136,-2.510224,1.734512,47.03211
230.2889: 1.868018,-2.707128,1.717358,313.5666
230.5111: 1.865889,-2.926753,1.70743,287.8049
230.7333: 1.867496,-2.989884,1.731685,288.4753
230.9556: 1.773381,-2.952381,1.722485,292.3677
231.1778: 1.667961,-2.908449,1.712152,295.6367
Trial Result: Success object: Chair | Time Spent: 13.71567
Trial No.:6 Ends
Trial No.:13 Begins
User confirmed on object: Telescope, this maze officially starts.
245.2889: -2.882554,0.002649844,1.750926,90.90891
245.5111: -2.876363,0.02181989,1.745457,98.28809
245.7333: -2.878714,0.002792234,1.742228,120.1529
245.9556: -2.896935,-0.03499033,1.733681,145.7212
246.1778: -2.922415,-0.0790944,1.723951,165.6823
246.4: -2.953731,-0.1615568,1.708548,173.4547
246.6222: -2.966839,-0.293822,1.702802,176.5165
246.8445: -2.866824,-0.4337051,1.673106,138.7732
247.0667: -2.712731,-0.585507,1.655861,118.8728
247.2889: -2.544558,-0.7612973,1.679309,106.1825
247.5111: -2.367487,-0.9151959,1.673138,92.21839
247.7333: -2.153934,-1.060316,1.672574,86.49333
247.9556: -1.905193,-1.096483,1.690471,85.47623
248.1778: -1.619507,-1.064756,1.653188,84.5595
248.4: -1.340884,-1.052372,1.706077,82.75629
248.6222: -1.057213,-1.076807,1.682655,83.7424
248.8445: -0.7623302,-1.118373,1.696713,84.86942
249.0667: -0.4871421,-1.096104,1.72515,86.96762
249.2889: -0.2052361,-1.047967,1.684169,86.47697
249.5111: 0.06313618,-1.032297,1.729063,85.62347
249.7333: 0.3382242,-1.039465,1.704927,90.43078
249.9556: 0.6109087,-1.073168,1.714186,98.26145
250.1778: 0.8531427,-1.085938,1.741877,107.8096
250.4: 1.092587,-1.096044,1.703247,117.2685
250.6222: 1.32753,-1.150075,1.73209,125.2544
250.8445: 1.524608,-1.264995,1.719286,129.2471
Trial Result: Success object: Well | Time Spent: 5.963531
Trial No.:13 Ends
Trial No.:5 Begins
User confirmed on object: Table, this maze officially starts.
261.8667: -2.065812,1.982847,1.734751,77.62077
262.0889: -2.059316,1.991318,1.734717,82.67281
262.3111: -2.045272,1.970904,1.731778,100.1503
262.5333: -2.060403,1.910569,1.717124,154.8604
262.7556: -2.070262,1.853016,1.696276,180.1007
262.9778: -2.1202,1.728422,1.689286,188.5953
263.2: -2.237276,1.535403,1.674214,195.656
263.4222: -2.331399,1.321033,1.677469,193.3157
263.6444: -2.377518,1.094192,1.620718,186.177
263.8667: -2.425756,0.8818161,1.666982,183.8729
264.0889: -2.453338,0.6999891,1.685914,168.1853
264.3111: -2.409518,0.6251355,1.699841,113.715
264.5333: -2.355431,0.6240108,1.707478,89.54977
264.7556: -2.226321,0.7288954,1.682217,87.85098
264.9778: -2.033062,0.8981574,1.659039,95.73758
265.2: -1.808735,0.9664444,1.696756,92.83019
265.4222: -1.530906,0.9694446,1.637337,87.25712
265.6444: -1.242167,0.9699715,1.678468,82.27723
265.8667: -1.010981,1.017916,1.699817,80.41512
266.0889: -0.7823172,1.076574,1.676149,85.07995
266.3111: -0.560614,1.10657,1.733315,85.0695
266.5333: -0.4049185,1.185838,1.722509,36.47943
266.7556: -0.2990078,1.202307,1.718017,356.8127
266.9778: -0.1219932,1.221243,1.715602,31.23335
267.2: 0.0623533,1.161295,1.705443,101.7958
267.4222: 0.2591075,1.111202,1.690805,107.4733
267.6444: 0.4926769,1.033738,1.689626,103.555
267.8667: 0.7151107,1.002091,1.70345,108.8867
268.0889: 0.9508277,1.003673,1.673843,116.5044
Trial Result: Success object: Bookshelf | Time Spent: 6.475077
Trial No.:5 Ends
Trial No.:14 Begins
User confirmed on object: Telescope, this maze officially starts.
279.9778: -2.957607,0.04005929,1.730935,85.08942
280.2: -2.950069,0.05377937,1.732385,88.18552
280.4222: -2.926622,0.04651089,1.731325,100.637
280.6444: -2.935542,-0.02345255,1.717999,149.5787
280.8667: -2.973139,-0.096517,1.697834,170.4241
281.0889: -2.98769,-0.2044709,1.680807,153.1921
281.3111: -2.910589,-0.3276059,1.663538,119.4215
281.5333: -2.752219,-0.4740697,1.629185,110.3065
281.7556: -2.512864,-0.6441109,1.654245,109.0086
281.9778: -2.289985,-0.7781523,1.69504,105.6955
282.2: -2.048859,-0.9011941,1.668139,99.8567
282.4222: -1.783284,-0.989781,1.693438,94.5183
282.6444: -1.522336,-1.042756,1.677184,107.0581
282.8667: -1.296486,-1.107516,1.661118,157.0728
283.0889: -1.117814,-1.152574,1.709373,168.3168
283.3111: -0.8588536,-1.109981,1.700941,100.3653
283.5333: -0.7986312,-1.010727,1.699811,6.456689
283.7556: -0.7718381,-1.048183,1.711094,315.2789
283.9778: -0.7113945,-1.049052,1.704984,295.353
284.2: -0.5407028,-0.9509901,1.705341,351.2285
284.4222: -0.3664276,-0.8803936,1.705121,14.15481
284.6444: -0.2400374,-0.8139744,1.703188,353.0078
284.8667: -0.115898,-0.7633841,1.686559,339.1447
285.0889: -0.04843801,-0.6729228,1.706844,337.4804
285.3111: -0.06909227,-0.5695417,1.693895,329.4043
Trial Result: Success object: Wheelbarrow | Time Spent: 5.619093
Trial No.:14 Ends
Trial No.:15 Begins
User confirmed on object: Wheelbarrow, this maze officially starts.
298.5889: 0.3420157,-0.04290339,1.749146,265.2438
298.8111: 0.3373541,-0.05047893,1.734392,269.377
299.0333: 0.3384942,-0.05724758,1.743509,272.6956
299.2556: 0.3379437,-0.06123789,1.750093,273.6607
299.4778: 0.3378355,-0.06227031,1.750847,274.6061
299.7: 0.3360161,-0.06151327,1.747632,279.603
299.9222: 0.3431519,-0.01148228,1.741893,312.947
300.1444: 0.3699731,0.03129818,1.729087,343.6662
300.3667: 0.3780847,0.05355082,1.722661,354.7034
300.5889: 0.3325377,0.04556067,1.721711,328.2973
300.8111: 0.2774137,-0.0582033,1.718908,264.1483
301.0333: 0.2892619,-0.1241881,1.71944,228.7219
301.2556: 0.2828579,-0.1265658,1.722282,222.0439
301.4778: 0.2665688,-0.1213368,1.713696,219.8891
301.7: 0.2357336,-0.1767305,1.693949,210.5647
301.9222: 0.1711408,-0.3385438,1.65071,221.2231
302.1444: 0.05612629,-0.5558692,1.67322,235.682
302.3667: -0.1302215,-0.7236457,1.705124,238.8601
302.5889: -0.3422278,-0.8649961,1.664744,222.042
302.8111: -0.5514432,-1.02191,1.678916,196.9413
303.0334: -0.6780958,-1.217084,1.68909,189.811
303.2556: -0.7373023,-1.455261,1.671468,188.17
303.4778: -0.8164212,-1.703937,1.703124,186.353
303.7: -0.8953125,-1.973221,1.676856,176.8272
303.9222: -0.9371905,-2.245312,1.68202,153.9968
304.1444: -0.892114,-2.459901,1.704527,123.8859
304.3667: -0.8047044,-2.637487,1.680058,99.96684
304.5889: -0.6999995,-2.801057,1.711935,79.85815
304.8111: -0.5660912,-2.971505,1.710699,72.37287
305.0334: -0.4267264,-3.127955,1.701275,66.74113
305.2556: -0.2214312,-3.207106,1.708658,70.07019
305.4778: 0.05195686,-3.197603,1.670717,74.88995
305.7: 0.3301848,-3.187528,1.716928,81.01222
305.9222: 0.6025907,-3.204678,1.703535,73.92736
306.1444: 0.8591584,-3.198263,1.719659,54.03212
306.3667: 1.076882,-3.135239,1.739144,48.6861
306.5889: 1.225252,-3.01956,1.712639,34.81476
306.8111: 1.290433,-2.95932,1.744321,12.23349
307.0334: 1.324276,-2.924581,1.713482,351.2819
307.2556: 1.267801,-2.91715,1.714932,337.3027
307.4778: 1.024799,-3.013288,1.692332,288.6421
307.7: 0.7290208,-3.086653,1.693043,272.7591
307.9222: 0.4218125,-3.075919,1.71182,272.5151
308.1444: 0.09439835,-3.009876,1.685154,274.9602
308.3667: -0.2314664,-2.98222,1.723933,278.874
308.5889: -0.6010755,-2.99258,1.656176,286.3393
308.8111: -0.9126788,-2.968244,1.72126,296.5464
309.0334: -1.160917,-2.920954,1.695245,303.7546
Trial Result: Success object: Mailbox | Time Spent: 10.68388
Trial No.:15 Ends
Trial No.:24 Begins
User confirmed on object: Chair, this maze officially starts.
321.8889: 0.8978022,-3.265523,1.763828,350.2421
322.1111: 0.8875384,-3.224392,1.770925,351.4829
322.3333: 0.9471344,-3.196454,1.760638,25.29316
322.5556: 1.028505,-3.263143,1.741518,73.04795
322.7778: 1.055248,-3.265445,1.739691,61.8379
323: 0.9709917,-3.197577,1.727089,354.7424
323.2222: 0.8622837,-3.245797,1.71688,298.1393
323.4445: 0.8144963,-3.268081,1.715086,289.4007
323.6667: 0.8236783,-3.205101,1.724901,324.1249
323.8889: 0.9188277,-3.134708,1.70637,17.92024
324.1111: 1.06975,-3.101845,1.685015,30.27327
324.3333: 1.26892,-3.051432,1.66222,15.61563
324.5556: 1.434148,-2.933172,1.71892,9.300891
324.7778: 1.561457,-2.740955,1.685729,7.741713
325: 1.679912,-2.506595,1.720784,7.353821
325.2222: 1.820077,-2.278466,1.716953,8.112754
325.4445: 1.962353,-2.029282,1.707294,11.42575
325.6667: 2.055395,-1.767621,1.746946,16.59633
325.8889: 2.13145,-1.492467,1.705051,19.65703
326.1111: 2.210117,-1.206054,1.732525,22.94328
326.3333: 2.319835,-0.9443285,1.72964,19.65683
326.5556: 2.467958,-0.6880713,1.699376,14.53857
326.7778: 2.584247,-0.4288108,1.745444,16.42223
327: 2.65413,-0.1653385,1.698136,20.60384
327.2222: 2.708886,0.1201119,1.732778,21.07726
Trial Result: Success object: Trashcan | Time Spent: 5.707764
Trial No.:24 Ends
Trial No.:8 Begins
User confirmed on object: Plant, this maze officially starts.
337.5778: -2.668867,-1.986945,1.758815,260.5563
337.8: -2.64804,-1.994115,1.765451,260.3049
338.0222: -2.589465,-2.036168,1.76602,266.7684
338.2444: -2.521329,-2.074162,1.752089,286.9426
338.4667: -2.479079,-2.098085,1.743845,298.4314
338.6889: -2.436763,-2.053321,1.732471,330.3268
338.9111: -2.364319,-1.978604,1.717192,9.100988
339.1333: -2.347538,-1.876508,1.716471,10.49208
339.3556: -2.406805,-1.753048,1.711118,2.41885
339.5778: -2.514274,-1.595209,1.665163,2.649245
339.8: -2.585151,-1.401162,1.649552,16.90195
340.0222: -2.476413,-1.256436,1.683703,68.51721
340.2444: -2.311572,-1.190992,1.672241,85.57995
340.4667: -2.082968,-1.161198,1.67548,86.48367
340.6889: -1.865934,-1.100426,1.696011,93.22182
340.9111: -1.617678,-0.9990622,1.658465,96.38535
341.1333: -1.342024,-0.9314654,1.707091,94.73223
341.3556: -1.084977,-0.9577385,1.698554,98.57458
341.5778: -0.8527103,-0.9252595,1.689251,54.40046
341.8: -0.6627461,-0.8783186,1.706337,29.57896
342.0222: -0.4457532,-0.8365016,1.683829,42.46217
342.2444: -0.2209662,-0.8827617,1.708972,76.42342
342.4667: 0.01690427,-0.9519012,1.684294,79.60782
342.6889: 0.2598907,-1.042906,1.713554,75.25182
342.9111: 0.4986909,-1.045285,1.723614,70.96737
343.1333: 0.7369373,-0.9715006,1.672898,60.48236
343.3556: 0.9800275,-0.9192924,1.719547,56.31243
Trial Result: Success object: Harp | Time Spent: 6.108667
Trial No.:8 Ends
Trial No.:4 Begins
User confirmed on object: Piano, this maze officially starts.
354.4111: 1.789306,3.289685,1.740703,183.3718
354.6333: 1.788495,3.278265,1.743555,185.3394
354.8556: 1.741258,3.26934,1.740617,210.0256
355.0778: 1.700407,3.278661,1.729752,231.8162
355.3: 1.674487,3.286172,1.719775,247.5122
355.5222: 1.653328,3.289329,1.709662,263.2267
355.7444: 1.602939,3.264344,1.689781,268.8568
355.9667: 1.479535,3.237847,1.676746,264.0028
356.1889: 1.295895,3.198574,1.679532,246.0884
356.4111: 1.105111,3.140956,1.710409,243.6307
356.6333: 0.9111568,3.065097,1.677931,246.8193
356.8556: 0.694739,3.009314,1.697204,263.3432
357.0778: 0.4705586,2.967941,1.703896,256.382
357.3: 0.2741393,2.906954,1.670849,227.2715
357.5222: 0.1532664,2.783622,1.690737,197.1975
357.7444: 0.09048496,2.598942,1.667168,182.7871
357.9667: 0.04626798,2.352654,1.679293,181.8237
358.1889: -0.002729349,2.109651,1.705515,185.0399
358.4111: -0.04850128,1.851112,1.675473,185.7678
358.6333: -0.07825513,1.598062,1.711624,185.3479
358.8556: -0.1071887,1.353418,1.701194,205.9667
359.0778: -0.1624244,1.175425,1.683222,246.9806
359.3: -0.303739,1.097192,1.69222,260.092
359.5222: -0.5465529,1.124007,1.665874,268.2796
359.7444: -0.7995479,1.141252,1.698888,272.7568
359.9667: -1.05928,1.106929,1.670617,276.6275
360.1889: -1.341438,1.05829,1.672836,277.8239
360.4111: -1.608086,1.077586,1.69522,280.7838
360.6333: -1.76622,1.163178,1.658005,320.4031
360.8556: -1.858637,1.217747,1.71164,341.7889
361.0778: -1.911278,1.296244,1.681038,348.2893
361.3: -1.869354,1.498739,1.646113,334.85
361.5222: -1.799714,1.693674,1.650506,343.4885
361.7444: -1.733696,1.751846,1.650432,29.87035
361.9667: -1.758002,1.754208,1.666558,37.75413
362.1889: -1.814177,1.83701,1.660601,341.3952
362.4111: -1.867193,1.858491,1.65206,313.4407
362.6333: -1.993259,1.729232,1.675378,285.5854
362.8556: -2.099233,1.417955,1.674746,225.1128
363.0778: -2.197175,1.193467,1.683335,203.8627
363.3: -2.352254,1.024658,1.680872,189.0085
363.5222: -2.535473,0.8700187,1.65206,163.0953
363.7444: -2.658963,0.6803052,1.695494,152.6421
363.9667: -2.721621,0.444769,1.659709,155.8715
364.1889: -2.772762,0.1829549,1.686838,171.433
364.4111: -2.818835,-0.06007156,1.700414,180.9167
364.6333: -2.847595,-0.314331,1.688627,178.8392
364.8556: -2.835617,-0.5516784,1.731313,172.295
365.0778: -2.796726,-0.7706687,1.697718,164.5638
365.3: -2.701502,-0.9198642,1.71096,116.9462
365.5222: -2.635721,-1.027485,1.71129,86.83588
365.7444: -2.535092,-1.10203,1.703825,78.55315
365.9667: -2.351945,-1.086075,1.667737,80.42072
366.1889: -2.082977,-1.010374,1.67323,91.27628
366.4111: -1.798827,-0.9893672,1.702812,97.87794
366.6333: -1.526455,-1.037505,1.680229,99.79119
366.8556: -1.268408,-1.085915,1.728012,96.59878
367.0778: -1.003184,-1.103074,1.684379,94.10252
367.3: -0.6922936,-1.094595,1.700418,93.8336
367.5222: -0.3879926,-1.112935,1.721485,90.26737
367.7444: -0.07189853,-1.13784,1.692773,81.96554
367.9667: 0.2161608,-1.14475,1.744932,77.71889
368.1889: 0.4945309,-1.124628,1.701301,65.73453
368.4111: 0.7658436,-1.089781,1.733637,61.57813
368.6333: 1.013906,-1.052124,1.738952,58.30544
Trial Result: Success object: Harp | Time Spent: 14.55895
Trial No.:4 Ends
Trial No.:16 Begins
User confirmed on object: Wheelbarrow, this maze officially starts.
382.3889: 0.2899921,0.05300422,1.761048,256.4708
382.6111: 0.2795619,0.04246019,1.760185,263.4598
382.8333: 0.2731605,0.04485207,1.764846,274.9383
383.0556: 0.2765875,0.07925045,1.759219,302.2047
383.2778: 0.2964334,0.121069,1.740387,333.6975
383.5: 0.3178255,0.1256584,1.728277,357.5451
383.7222: 0.3082313,0.1183081,1.722634,358.8163
383.9445: 0.2271897,0.05929939,1.721708,300.1338
384.1667: 0.2323643,-0.0707039,1.710582,223.9837
384.3889: 0.2877861,-0.1044707,1.706492,187.963
384.6111: 0.2943828,-0.123123,1.699284,176.8128
384.8333: 0.2765401,-0.2032509,1.679034,172.0515
385.0556: 0.2569646,-0.3665767,1.668948,160.9168
385.2778: 0.2642694,-0.5466759,1.685789,138.5913
385.5: 0.2834929,-0.699568,1.682477,111.4683
385.7222: 0.3250272,-0.8421355,1.70031,98.03981
385.9445: 0.450541,-0.9309323,1.697709,96.73666
386.1667: 0.6623605,-0.978762,1.694118,107.2791
386.3889: 0.8835708,-1.042358,1.726445,111.7433
386.6111: 1.125319,-1.101642,1.695764,104.1831
386.8333: 1.385552,-1.133514,1.713717,77.65023
387.0556: 1.622533,-1.112964,1.719771,62.62825
387.2778: 1.860463,-1.045871,1.69031,50.82075
387.5: 2.070177,-0.9902471,1.737271,34.90711
387.7222: 2.265916,-0.9345651,1.721582,21.91795
387.9445: 2.422107,-0.8509544,1.732124,3.765536
388.1667: 2.497761,-0.7108424,1.713717,350.3808
388.3889: 2.49239,-0.6266296,1.73001,317.2554
388.6111: 2.442831,-0.6293144,1.696485,280.8232
388.8333: 2.362356,-0.7120751,1.722353,265.7577
389.0556: 2.181558,-0.8341412,1.655091,265.7264
389.2778: 1.876464,-0.9884262,1.664476,267.4249
389.5: 1.574316,-1.014413,1.712242,272.2556
389.7222: 1.280213,-0.9685242,1.669747,279.8625
389.9445: 0.9956281,-0.9074179,1.727738,291.8411
390.1667: 0.7188208,-0.8652541,1.665332,308.4782
390.3889: 0.4423341,-0.8163975,1.663319,328.9015
390.6111: 0.2570981,-0.6660886,1.667688,341.6792
390.8333: 0.1585722,-0.41484,1.644277,340.6203
391.0556: 0.06980461,-0.1462762,1.668046,338.473
391.2778: -0.05311332,0.1069554,1.658617,327.513
391.5: -0.1721641,0.3609115,1.686456,322.1786
391.7222: -0.2825825,0.6036101,1.695196,310.916
391.9445: -0.4137146,0.8071334,1.684111,287.546
392.1667: -0.6001056,0.9175774,1.70807,276.9445
392.3889: -0.8297123,0.9467185,1.671136,271.9075
392.6111: -1.090085,0.9807899,1.709008,269.9219
392.8333: -1.35579,1.015862,1.687437,258.9728
393.0556: -1.643852,1.02578,1.673795,237.8557
393.2778: -1.900063,0.9534057,1.700349,223.4518
393.5: -2.133945,0.8243389,1.662843,214.3669
393.7222: -2.342135,0.6713607,1.709128,199.9597
393.9445: -2.48095,0.5114691,1.683424,163.6707
394.1667: -2.593756,0.3912112,1.696104,137.5803
394.3889: -2.587865,0.3956394,1.709503,93.35985
394.6111: -2.545383,0.455189,1.70967,69.75774
394.8333: -2.535806,0.3491687,1.699609,163.998
395.0556: -2.570648,0.3139953,1.695863,191.4901
395.2778: -2.602854,0.2054107,1.685868,188.4386
395.5: -2.64107,0.02985075,1.687149,189.7987
395.7222: -2.647826,-0.1932054,1.676069,194.8813
395.9445: -2.63413,-0.4893465,1.641564,197.4552
396.1667: -2.696659,-0.794476,1.695171,205.0651
396.3889: -2.788404,-1.10946,1.667763,203.9353
Trial Result: Success object: Plant | Time Spent: 14.34918
Trial No.:16 Ends
