Participant ID: 418
Maze Mode: testing
Trial No.:12 Begins
User confirmed on object: Trashcan, this maze officially starts.
23.14: 2.347364,0.9944341,1.711691,86.15649
23.36222: 2.343613,0.9992478,1.709511,83.01331
23.58444: 2.339814,0.9973404,1.710994,85.12725
23.80667: 2.346989,0.980057,1.714577,92.01099
24.02889: 2.352654,0.9741491,1.71288,91.66267
24.25111: 2.34904,0.9867384,1.711772,83.20898
24.47333: 2.344072,0.9976204,1.712164,79.77354
24.69556: 2.343815,1.007078,1.710731,76.01932
24.91778: 2.346739,1.006253,1.710638,76.37004
25.14: 2.349831,1.014904,1.709296,73.79809
25.36222: 2.353534,1.023099,1.706719,73.14879
25.58444: 2.361334,1.009665,1.709771,83.56143
25.80667: 2.366865,1.006388,1.708785,89.36165
26.02889: 2.369076,1.000837,1.709197,93.09672
26.25111: 2.369824,0.9561112,1.708243,116.6165
26.47333: 2.333432,0.90915,1.689547,158.0684
26.69556: 2.323304,0.9135731,1.68476,169.7351
26.91778: 2.330985,0.9179277,1.676956,181.4536
27.14: 2.315589,0.8900508,1.676093,201.4938
27.36222: 2.289413,0.8801321,1.666956,220.2484
27.58444: 2.325714,0.8956738,1.670492,234.1678
27.80667: 2.415374,0.909896,1.660317,246.0292
28.02889: 2.48003,0.923142,1.6658,249.0658
28.25111: 2.503812,0.9868957,1.669412,262.7314
28.47333: 2.505317,1.068154,1.672158,278.4922
28.69556: 2.536779,1.173722,1.671936,309.7109
28.91778: 2.591826,1.226682,1.67115,337.8489
29.14: 2.623444,1.227126,1.674308,355.1966
29.36222: 2.604449,1.207836,1.674737,351.3159
29.58444: 2.523812,1.146564,1.682176,300.9651
29.80667: 2.512934,1.062986,1.677319,250.8471
30.02889: 2.515072,1.065614,1.6824,239.008
30.25111: 2.504172,1.067959,1.683168,233.1957
30.47333: 2.504268,1.059866,1.680314,231.135
30.69556: 2.514628,1.059634,1.680952,229.0349
30.91778: 2.519079,1.064815,1.676697,229.7579
31.14: 2.519048,1.066121,1.673496,229.4998
31.36222: 2.521168,1.065307,1.673477,228.2721
31.58445: 2.522411,1.064213,1.67405,227.4393
31.80667: 2.522806,1.063537,1.672567,225.7299
32.02889: 2.531423,1.052705,1.675023,218.9702
32.25111: 2.57571,1.02315,1.682797,190.6158
32.47334: 2.596514,1.010572,1.684197,181.6001
32.69556: 2.618635,0.9920374,1.685671,172.2094
32.91778: 2.587277,0.9692057,1.683691,196.5078
33.14: 2.525015,0.9780575,1.675279,241.1502
33.36222: 2.468301,0.9919313,1.664627,263.204
33.58445: 2.35992,1.020404,1.657547,264.7856
33.80667: 2.204608,1.076925,1.661577,268.1264
34.02889: 2.017654,1.094573,1.664337,267.9905
34.25111: 1.785373,1.066564,1.629206,269.5294
34.47334: 1.524041,1.019585,1.673267,271.2149
34.69556: 1.289682,1.006106,1.665036,268.4433
34.91778: 1.039324,1.003149,1.640845,249.4073
35.14: 0.8040465,0.9884055,1.677395,240.6545
35.36222: 0.6022469,0.9302258,1.654609,233.1657
35.58445: 0.4493058,0.8353074,1.665497,221.1394
35.80667: 0.3249083,0.7755418,1.677501,203.5243
36.02889: 0.187441,0.7634372,1.661977,188.9169
36.25111: 0.06802373,0.7792848,1.676208,162.8808
36.47334: 0.0380009,0.8218126,1.668991,121.9228
36.69556: 0.02109405,0.8757132,1.66285,92.85982
36.91778: 0.02928391,0.9067491,1.664612,74.20322
37.14: 0.05025883,0.9430909,1.672554,53.89567
37.36222: 0.0317866,0.9651963,1.65938,28.07164
37.58445: -0.02704674,0.9325416,1.651844,9.378533
37.80667: -0.04703549,0.8677877,1.645692,9.318944
38.02889: 0.01837153,0.7684096,1.65773,69.35188
38.25111: 0.00499163,0.6593474,1.6683,125.375
38.47334: -0.007999663,0.6324693,1.661769,164.6749
38.69556: 0.0197014,0.6189801,1.653658,182.0405
38.91778: 0.02677535,0.5368533,1.644578,192.0866
39.14: -0.01090247,0.3757946,1.623962,192.0384
39.36222: -0.05104348,0.1885116,1.662117,176.06
39.58445: -0.03355319,0.04273023,1.667721,153.8109
39.80667: -0.004727705,-0.1265364,1.645349,148.0434
40.02889: 0.04150338,-0.306522,1.659085,138.6355
40.25111: 0.06125946,-0.4651779,1.663418,129.4806
40.47334: 0.06866937,-0.6248227,1.636464,119.2295
40.69556: 0.09603257,-0.7527305,1.632371,103.6569
40.91778: 0.1643248,-0.8269894,1.62069,93.00729
41.14: 0.2495417,-0.8511181,1.649926,87.01954
41.36222: 0.3370758,-0.8664365,1.6676,87.32565
41.58445: 0.4725849,-0.8792316,1.663099,83.96609
41.80667: 0.6168718,-0.9509526,1.651013,83.41531
42.02889: 0.7533069,-1.029555,1.636382,75.60869
42.25111: 0.8925508,-1.07784,1.657397,67.87801
42.47334: 1.063176,-1.11129,1.634477,81.30153
42.69556: 1.250839,-1.157973,1.640967,116.2081
42.91778: 1.424707,-1.192515,1.654933,125.0086
43.14: 1.532055,-1.270138,1.64147,129.9422
43.36222: 1.586302,-1.387628,1.652749,133.6669
43.58445: 1.669228,-1.509489,1.658121,130.3259
43.80667: 1.774082,-1.625055,1.640204,128.6238
44.02889: 1.890263,-1.720025,1.642924,122.9203
44.25111: 1.968069,-1.801086,1.646303,109.9628
44.47334: 1.999027,-1.859618,1.636345,82.27025
44.69556: 1.958566,-1.920423,1.63819,33.98828
44.91778: 1.92575,-2.004738,1.638911,16.64291
45.14: 1.878956,-2.054657,1.642488,5.492264
45.36222: 1.835032,-2.09567,1.631729,358.5213
45.58445: 1.797883,-2.141422,1.62621,356.5531
45.80667: 1.779585,-2.215151,1.623995,351.483
46.02889: 1.786826,-2.327978,1.624892,328.9406
46.25111: 1.829841,-2.456959,1.610562,293.0833
46.47334: 1.883553,-2.555307,1.609494,266.8765
46.69556: 1.918008,-2.622331,1.621886,260.07
46.91778: 1.914138,-2.677603,1.634398,265.5515
47.14: 1.875631,-2.76174,1.634827,272.5959
47.36222: 1.821824,-2.877881,1.63903,279.357
47.58445: 1.740912,-2.982698,1.636079,285.5247
47.80667: 1.644782,-3.038936,1.629036,289.1199
48.02889: 1.552968,-3.050308,1.620136,292.0641
48.25111: 1.473585,-3.061176,1.630837,293.9966
48.47334: 1.422098,-3.084831,1.629806,304.1187
48.69556: 1.379325,-3.131973,1.633523,316.3965
48.91778: 1.325821,-3.165967,1.637074,320.1891
49.14: 1.348271,-3.164701,1.633592,329.2695
49.36222: 1.439298,-3.132085,1.636885,345.4072
49.58445: 1.548021,-3.092182,1.63498,358.3015
49.80667: 1.654601,-3.042284,1.63678,3.626011
50.02889: 1.715652,-2.967629,1.64214,3.696478
50.25111: 1.726298,-2.863797,1.63465,3.19111
50.47334: 1.729277,-2.711931,1.633912,2.493571
50.69556: 1.730533,-2.588668,1.649921,358.7283
50.91778: 1.738998,-2.5525,1.649801,349.1992
51.14: 1.798357,-2.565034,1.652127,341.4218
51.36222: 1.89783,-2.553747,1.655046,349.0584
51.58445: 1.944879,-2.529581,1.654836,353.2078
51.80667: 1.925808,-2.46974,1.65049,351.6237
52.02889: 1.868858,-2.375567,1.641478,353.8252
52.25111: 1.826767,-2.257409,1.638762,0.7012852
52.47334: 1.840255,-2.120055,1.627845,11.79696
52.69556: 1.902857,-1.947127,1.603384,13.75613
52.91778: 1.954621,-1.744228,1.642304,357.4503
Trial Result: Fail at object:  | Time Spent: 30
Trial No.:12 Ends
Trial No.:11 Begins
User confirmed on object: Trashcan, this maze officially starts.
88.57333: 2.35797,0.9620681,1.688377,85.36678
88.79556: 2.336651,0.977042,1.707333,85.94827
89.01778: 2.322712,0.9851519,1.709305,84.30413
89.24001: 2.319305,0.990849,1.712435,86.21307
89.46223: 2.314246,0.9959849,1.709025,88.85575
89.68445: 2.30644,0.9982588,1.706881,88.00367
89.90667: 2.302495,0.9987863,1.707239,85.89374
90.12889: 2.307858,1.002339,1.705113,84.3465
90.35111: 2.312056,1.027382,1.700561,71.08893
90.57333: 2.302706,1.056453,1.691957,49.87035
90.79556: 2.307349,1.052191,1.693488,51.13142
91.01778: 2.312675,1.043315,1.695783,55.42769
91.24001: 2.313234,1.041554,1.696461,57.13428
91.46223: 2.303838,1.057961,1.69581,47.01117
91.68445: 2.253074,1.094699,1.685738,10.22603
91.90667: 2.213765,1.088343,1.678487,347.0404
92.12889: 2.183411,1.048397,1.675966,322.168
92.35111: 2.180268,0.9696583,1.671811,288.7841
92.57333: 2.225586,0.900371,1.651334,266.1981
92.79556: 2.311056,0.848397,1.620438,248.8858
93.01778: 2.36362,0.8123962,1.653045,248.6986
93.24001: 2.402205,0.737341,1.655051,228.9662
93.46223: 2.457042,0.7105978,1.651316,208.8084
93.68445: 2.501557,0.7749867,1.646955,195.745
93.90667: 2.520393,0.8644303,1.6443,186.4164
94.12889: 2.535524,0.9189157,1.651497,185.0211
94.35111: 2.527039,0.9532208,1.661191,195.6449
94.57333: 2.489159,1.00146,1.666596,229.9723
94.79556: 2.503717,1.09452,1.667382,287.3011
95.01778: 2.599896,1.111891,1.659431,337.5638
95.24001: 2.636529,1.070378,1.65548,358.1106
95.46223: 2.630256,1.130718,1.655576,0.5595894
95.68445: 2.661933,1.302839,1.649874,345.3882
95.90667: 2.701804,1.533054,1.681841,344.1375
96.12889: 2.685892,1.81071,1.628323,340.8288
96.35111: 2.625741,2.10224,1.675348,328.9213
96.57333: 2.586581,2.37408,1.68229,317.295
96.79556: 2.53405,2.652968,1.60966,294.343
97.01778: 2.40646,2.857842,1.675645,271.5609
97.24001: 2.234376,2.963399,1.627738,246.6303
97.46223: 2.031615,3.03825,1.644255,220.6608
97.68445: 1.846265,3.091362,1.665985,205.0896
97.90667: 1.61814,3.154261,1.637653,203.4783
98.12889: 1.324679,3.232261,1.687095,230.5235
98.35111: 1.077079,3.247446,1.677392,242.1522
98.57333: 0.8188422,3.227864,1.670009,260.699
98.79556: 0.5842217,3.220517,1.700305,273.0491
99.01778: 0.3548641,3.212246,1.66731,270.166
99.24001: 0.09377562,3.242399,1.673017,274.4544
99.46223: -0.1522348,3.22997,1.690476,272.173
99.68445: -0.4178236,3.200471,1.657077,262.8321
99.90667: -0.678653,3.178132,1.680058,249.9169
100.1289: -0.9245842,3.20742,1.652233,246.6402
100.3511: -1.182953,3.274852,1.662872,257.5623
100.5733: -1.395477,3.250982,1.675508,254.64
100.7956: -1.571779,3.126972,1.6508,234.3229
101.0178: -1.685999,2.980622,1.660862,200.1635
101.24: -1.792318,2.850018,1.655666,183.7471
101.4622: -1.898388,2.718094,1.636435,159.4994
101.6844: -1.979846,2.571452,1.663316,145.11
101.9067: -2.060052,2.364639,1.64346,181.1836
102.1289: -2.059617,2.101145,1.59015,197.5765
102.3511: -2.057144,1.780789,1.649579,204.747
102.5733: -2.150063,1.548504,1.66472,208.0444
102.7956: -2.294157,1.323399,1.634537,190.4725
103.0178: -2.422616,1.075613,1.665171,177.1756
103.24: -2.51235,0.8341213,1.626318,168.4076
103.4622: -2.572685,0.6054225,1.652361,152.1539
103.6844: -2.661285,0.4114769,1.638705,135.1823
Trial Result: Success object: Telescope | Time Spent: 15.51561
Trial No.:11 Ends
Trial No.:24 Begins
User confirmed on object: Chair, this maze officially starts.
119.1067: 0.9949125,-3.446774,1.654049,347.2892
119.3289: 0.9958133,-3.451009,1.659977,347.5577
119.5511: 0.993884,-3.456315,1.663605,347.3378
119.7733: 0.9943843,-3.460994,1.676429,348.3135
119.9956: 0.9987802,-3.472594,1.685059,350.5628
120.2178: 0.9941407,-3.475042,1.684084,348.4882
120.44: 0.9920368,-3.474226,1.6836,348.3205
120.6622: 0.9910588,-3.472084,1.682695,348.712
120.8844: 0.990315,-3.469334,1.680227,348.0805
121.1067: 0.9446775,-3.477557,1.667584,321.9452
121.3289: 0.8868939,-3.511163,1.64026,282.4749
121.5511: 0.8829041,-3.458045,1.634983,275.3947
121.7733: 0.8734448,-3.368234,1.616742,284.83
121.9956: 0.7885763,-3.298414,1.608762,287.8173
122.2178: 0.5659299,-3.294434,1.590685,288.934
122.44: 0.283222,-3.280582,1.649137,292.472
122.6622: 0.03012354,-3.252161,1.634225,294.2673
122.8844: -0.2272611,-3.214097,1.635996,291.4239
123.1067: -0.4844844,-3.20286,1.653961,292.056
123.3289: -0.7736157,-3.215021,1.608753,292.4739
123.5511: -1.080795,-3.212343,1.660101,297.8495
123.7733: -1.377285,-3.187769,1.618465,304.8834
123.9956: -1.694964,-3.105944,1.627654,309.012
124.2178: -1.999553,-3.012271,1.639571,319.2648
124.44: -2.299241,-2.879762,1.588176,331.0779
124.6622: -2.492839,-2.680206,1.662042,345.9517
124.8844: -2.601536,-2.470933,1.622072,356.246
125.1067: -2.68122,-2.237515,1.657123,11.17478
125.3289: -2.769444,-1.981389,1.617396,16.34418
125.5511: -2.84657,-1.691062,1.630103,28.87577
125.7733: -2.827049,-1.454289,1.657038,68.83022
125.9956: -2.816606,-1.195615,1.613262,76.99837
126.2178: -2.820148,-0.9219692,1.655431,70.74931
126.44: -2.880751,-0.6016705,1.61071,32.17859
126.6622: -2.910851,-0.2842525,1.643408,30.19701
126.8844: -2.878134,0.002730269,1.655774,32.79852
127.1067: -2.779393,0.2930675,1.640563,41.70923
127.3289: -2.688293,0.5622949,1.668787,48.63312
127.5511: -2.57743,0.8017669,1.612819,66.01317
127.7733: -2.44886,0.9761197,1.662698,106.5867
127.9956: -2.30663,1.147139,1.634117,102.4961
128.2178: -2.115666,1.36295,1.635073,50.69275
128.44: -1.988026,1.559637,1.672453,22.45504
128.6622: -1.933611,1.755815,1.645812,8.700304
128.8844: -1.957211,1.965463,1.669382,336.99
129.1067: -1.962579,2.151384,1.655276,319.4957
129.3289: -1.904581,2.398013,1.636136,333.306
129.5511: -1.775681,2.617856,1.670372,45.30982
129.7733: -1.744526,2.814683,1.636197,68.7816
129.9956: -1.679936,2.953007,1.665332,101.2918
130.2178: -1.543854,3.041383,1.636217,111.8293
130.44: -1.31898,3.109459,1.632511,102.9514
130.6622: -1.073349,3.180201,1.67175,104.8397
130.8844: -0.7923518,3.236946,1.610727,118.8679
131.1067: -0.5379738,3.240858,1.670479,150.097
131.3289: -0.3073981,3.231687,1.649179,157.0691
131.5511: -0.01372609,3.227222,1.654277,119.527
131.7733: 0.2558966,3.218178,1.677622,112.2782
131.9956: 0.5345675,3.237267,1.631711,106.4968
132.2178: 0.8358479,3.259152,1.694936,97.89065
132.44: 1.121119,3.246711,1.658787,99.12672
132.6622: 1.430104,3.201536,1.665617,110.6102
132.8844: 1.745141,3.156762,1.689718,131.7096
133.1067: 2.065919,3.106418,1.631963,146.3413
133.3289: 2.281075,2.957599,1.689493,160.6146
133.5511: 2.441632,2.751554,1.642869,165.8369
133.7733: 2.581027,2.528975,1.686828,170.1209
133.9956: 2.706292,2.308833,1.647037,167.295
134.2178: 2.816994,2.057485,1.659505,168.0798
134.44: 2.846016,1.800292,1.661927,161.2775
Trial Result: Success object: Trashcan | Time Spent: 15.74802
Trial No.:24 Ends
Trial No.:14 Begins
User confirmed on object: Telescope, this maze officially starts.
153.3289: -2.869146,-0.003077336,1.665455,90.98626
153.5511: -2.877074,3.831089E-05,1.689134,91.17182
153.7733: -2.875858,-0.001115285,1.698275,89.78898
153.9956: -2.882674,-0.005389101,1.699579,86.73288
154.2178: -2.8863,-0.008251335,1.697629,86.56735
154.44: -2.891227,-0.007646658,1.69604,85.50417
154.6622: -2.892769,-0.006552372,1.693743,85.50539
154.8844: -2.891458,-0.004931943,1.692685,84.12806
155.1067: -2.887666,0.01704608,1.685694,76.26243
155.3289: -2.884562,0.02886914,1.680753,74.31313
155.5511: -2.876112,0.007100031,1.685097,84.56181
155.7733: -2.876268,-0.05391,1.686104,114.6262
155.9956: -2.918429,-0.1156795,1.670556,157.0791
156.2178: -2.930665,-0.1261099,1.664992,170.5507
156.44: -2.933372,-0.1210483,1.668721,180.9052
156.6622: -2.918344,-0.1177395,1.66824,186.1517
156.8844: -2.879561,-0.1051393,1.675243,173.0847
157.1067: -2.815017,-0.04730473,1.669872,124.991
157.3289: -2.81853,0.0001168735,1.660419,92.33092
157.5511: -2.844576,0.03069682,1.65116,55.56353
157.7733: -2.884204,0.03586555,1.643077,19.70462
157.9956: -2.906971,0.02595962,1.638563,2.657347
158.2178: -2.869438,0.05146326,1.637489,8.329404
158.44: -2.817651,0.1521467,1.635185,24.15804
158.6622: -2.785523,0.3268657,1.641421,36.93251
158.8844: -2.720029,0.5145019,1.665015,42.4764
159.1067: -2.595827,0.6801901,1.626326,48.67139
159.3289: -2.436374,0.8400502,1.641267,42.63915
159.5511: -2.333416,1.024508,1.661381,21.79907
159.7733: -2.210201,1.216741,1.633556,19.66553
159.9956: -2.094716,1.430632,1.663416,16.86973
160.2178: -2.009146,1.639757,1.650758,1.626767
160.44: -1.925505,1.839543,1.641156,338.5807
160.6622: -1.913126,2.027874,1.649147,319.919
160.8844: -1.91984,2.267748,1.624232,332.7823
161.1067: -1.834161,2.501093,1.659885,39.49915
161.3289: -1.740786,2.667767,1.648715,59.51093
161.5511: -1.569467,2.819963,1.645553,73.22316
161.7733: -1.356792,2.954346,1.665155,89.13763
161.9956: -1.105792,3.069534,1.623649,106.7655
162.2178: -0.8336489,3.173326,1.669492,117.0409
162.44: -0.5886261,3.196983,1.657746,138.3963
162.6622: -0.3607273,3.185692,1.637893,164.7116
162.8844: -0.0386476,3.236764,1.676264,130.5914
163.1067: 0.2696227,3.284976,1.631289,113.3823
163.3289: 0.5919859,3.288271,1.682259,102.411
163.5511: 0.8911195,3.25001,1.664741,94.78761
163.7733: 1.212299,3.157332,1.655113,100.6097
163.9956: 1.534044,3.084816,1.707191,114.5798
164.2178: 1.868107,2.990296,1.625391,131.7722
164.44: 2.171007,2.847911,1.665788,148.3748
164.6622: 2.361267,2.647135,1.671959,159.6736
164.8844: 2.503461,2.410449,1.652044,171.2887
165.1067: 2.609795,2.172019,1.681807,194.5703
165.3289: 2.710174,1.906869,1.636039,205.019
165.5511: 2.759567,1.645392,1.673693,209.8103
165.7733: 2.78896,1.41628,1.669411,177.5805
165.9956: 2.712011,1.255591,1.674113,178.2554
166.2178: 2.597832,1.13103,1.681049,205.1119
166.44: 2.498134,1.031157,1.665203,235.0527
166.6622: 2.42208,0.9427595,1.671691,259.7104
166.8844: 2.28949,0.9173848,1.651491,268.4481
167.1067: 2.058454,0.9768313,1.605736,267.3168
167.3289: 1.760561,1.047927,1.654183,260.2838
167.5511: 1.476567,1.056504,1.654978,257.8993
167.7733: 1.184193,1.01526,1.647467,252.2486
167.9956: 0.9002289,1.0305,1.679462,271.0331
168.2178: 0.6245337,1.027969,1.615834,285.2637
168.44: 0.3539299,0.8901539,1.649457,226.4043
168.6622: 0.1756396,0.7310917,1.629869,221.8316
Trial Result: Success object: Wheelbarrow | Time Spent: 15.70428
Trial No.:14 Ends
Trial No.:7 Begins
User confirmed on object: Plant, this maze officially starts.
185.4956: -2.601875,-1.996879,1.695321,267.3345
185.7178: -2.596592,-2.00303,1.69894,264.7415
185.94: -2.603293,-1.995672,1.701669,268.4025
186.1622: -2.616079,-1.991749,1.700182,271.676
186.3844: -2.616678,-1.992756,1.69818,274.3438
186.6067: -2.612307,-1.998927,1.697892,272.0153
186.8289: -2.609576,-2.004361,1.697755,268.0908
187.0511: -2.612284,-2.0026,1.697285,267.3106
187.2733: -2.618913,-1.99585,1.697139,268.9266
187.4956: -2.624381,-1.993178,1.696885,267.1904
187.7178: -2.626542,-2.008321,1.695881,257.8634
187.94: -2.608968,-2.062274,1.67492,220.036
188.1622: -2.600323,-2.032008,1.65587,204.0915
188.3844: -2.571604,-1.974919,1.639259,170.6983
188.6067: -2.558518,-1.921075,1.636881,148.9082
188.8289: -2.573233,-1.908956,1.640792,149.2894
189.0511: -2.670574,-1.91451,1.64965,206.6088
189.2733: -2.719675,-1.8645,1.655757,260.7398
189.4956: -2.711534,-1.860178,1.653665,308.8609
189.7178: -2.680343,-1.906723,1.647388,345.8747
189.94: -2.664032,-1.947158,1.649147,359.3196
190.1622: -2.666374,-1.943873,1.64797,9.176747
190.3844: -2.653725,-1.873223,1.637415,22.75445
190.6067: -2.631379,-1.741692,1.609498,38.55346
190.8289: -2.639666,-1.510915,1.642164,26.72053
191.0511: -2.687744,-1.216511,1.581309,15.59699
191.2733: -2.762862,-0.9030125,1.648184,13.2243
191.4956: -2.784762,-0.607255,1.657054,14.78338
191.7178: -2.769394,-0.2932894,1.641315,17.41576
191.94: -2.755094,0.01707751,1.676809,27.08641
192.1622: -2.734619,0.3332635,1.610818,39.59546
192.3844: -2.660688,0.5985612,1.6665,52.08823
192.6067: -2.528028,0.7298836,1.645154,77.70475
192.8289: -2.369951,0.8697677,1.652985,89.06402
193.0511: -2.241159,1.142961,1.670837,39.27927
193.2733: -2.114295,1.394367,1.628252,18.261
193.4956: -1.977337,1.653104,1.666945,12.26619
193.7178: -1.874771,1.904781,1.653099,12.71287
193.94: -1.811063,2.159544,1.666432,339.57
194.1622: -1.784549,2.383296,1.670431,314.2666
194.3844: -1.7089,2.650172,1.627072,338.8767
194.6067: -1.534949,2.811691,1.682185,63.637
194.8289: -1.432688,2.923877,1.664592,76.26685
195.0511: -1.258694,2.978738,1.654462,100.3389
195.2733: -1.024789,3.060296,1.67579,109.7271
195.4956: -0.7205765,3.188998,1.624628,101.4827
195.7178: -0.3989941,3.275372,1.676698,101.6472
195.94: -0.1013096,3.289022,1.653372,105.9339
196.1622: 0.2264053,3.256166,1.650949,105.9663
196.3844: 0.5370091,3.260597,1.691838,105.9929
196.6067: 0.8499669,3.271377,1.646161,108.5044
196.8289: 1.144532,3.243448,1.706455,113.6514
197.0511: 1.426756,3.182481,1.650383,121.7945
197.2733: 1.716507,3.058686,1.679967,130.7763
197.4956: 1.995893,2.949475,1.684574,140.6579
197.7178: 2.269191,2.810433,1.64122,152.6812
197.94: 2.461654,2.611319,1.700356,159.6262
198.1622: 2.580308,2.37667,1.632196,161.3802
198.3844: 2.680198,2.097153,1.669457,158.0598
198.6067: 2.790502,1.868645,1.667257,152.9332
198.8289: 2.903906,1.65024,1.636514,154.4831
Trial Result: Success object: Trashcan | Time Spent: 13.61642
Trial No.:7 Ends
Trial No.:21 Begins
User confirmed on object: Mailbox, this maze officially starts.
213.3067: -1.773841,-3.231018,1.65719,3.278198
213.5289: -1.781988,-3.224443,1.676424,2.024141
213.7511: -1.786053,-3.235224,1.686979,358.0745
213.9733: -1.783499,-3.235448,1.68758,0.368038
214.1956: -1.778129,-3.240492,1.687604,4.901874
214.4178: -1.77745,-3.248509,1.687809,7.111614
214.64: -1.763248,-3.248059,1.683993,15.88872
214.8622: -1.719104,-3.268839,1.672774,49.37
215.0844: -1.709144,-3.30645,1.667388,78.77196
215.3067: -1.735532,-3.343967,1.653466,112.689
215.5289: -1.755296,-3.316259,1.642063,116.6339
215.7511: -1.750416,-3.272279,1.648262,92.61167
215.9733: -1.75117,-3.235419,1.648698,64.13659
216.1956: -1.787873,-3.199475,1.645637,11.24465
216.4178: -1.799639,-3.243056,1.645461,312.2555
216.64: -1.753558,-3.281485,1.643718,286.361
216.8622: -1.724909,-3.269919,1.636486,293.0615
217.0844: -1.739275,-3.240621,1.630393,295.9533
217.3067: -1.803764,-3.191104,1.630152,297.2081
217.5289: -1.936265,-3.124133,1.604126,309.2706
217.7511: -2.176569,-3.02286,1.601902,325.8192
217.9733: -2.374868,-2.857682,1.64231,347.8328
218.1956: -2.50789,-2.628066,1.599714,357.5699
218.4178: -2.598241,-2.328034,1.632351,6.458674
218.64: -2.672695,-2.022555,1.615646,23.03805
218.8622: -2.714345,-1.732789,1.641111,30.84761
219.0844: -2.703069,-1.485232,1.619408,45.26664
219.3067: -2.741676,-1.181228,1.621269,51.04264
219.5289: -2.799692,-0.8348098,1.666852,33.14918
219.7511: -2.816634,-0.504457,1.619807,26.34972
219.9733: -2.78856,-0.1754249,1.635564,25.05126
220.1956: -2.767667,0.1210177,1.658316,30.04581
220.4178: -2.71424,0.4231434,1.609078,38.81869
220.64: -2.580795,0.6749776,1.661296,47.97345
220.8622: -2.398293,0.89276,1.58812,46.0035
221.0844: -2.191922,1.154947,1.62948,25.87848
221.3067: -2.07906,1.456602,1.629149,22.87481
221.5289: -1.988283,1.789467,1.617383,30.04396
221.7511: -1.88173,2.075259,1.67529,34.33772
221.9733: -1.74864,2.35359,1.623296,45.99617
222.1956: -1.560914,2.62368,1.65908,59.28662
222.4178: -1.37316,2.823022,1.673307,74.9986
222.64: -1.156152,2.990626,1.633161,97.53266
222.8622: -0.909965,3.081514,1.676646,107.0932
223.0844: -0.6298919,3.11786,1.622097,105.642
223.3067: -0.3142673,3.139441,1.67637,101.7589
223.5289: -0.013659,3.180803,1.645046,101.7393
223.7511: 0.3179361,3.216209,1.657148,107.492
223.9733: 0.6242366,3.199686,1.692106,109.7694
224.1956: 0.9474647,3.161072,1.63714,112.9273
224.4178: 1.272276,3.116792,1.697591,116.7852
224.64: 1.589153,3.084324,1.650118,124.1359
224.8622: 1.910049,3.014467,1.661916,138.5288
225.0844: 2.166329,2.873991,1.678762,151.2186
225.3067: 2.372957,2.674005,1.655608,155.4834
225.5289: 2.550453,2.440921,1.682687,159.1038
225.7511: 2.709462,2.189138,1.626211,161.5303
225.9733: 2.823547,1.937116,1.678015,161.1916
226.1956: 2.861493,1.699027,1.64001,156.1799
226.4178: 2.862642,1.447001,1.641974,143.9806
Trial Result: Success object: Trashcan | Time Spent: 13.32719
Trial No.:21 Ends
Trial No.:17 Begins
User confirmed on object: Harp, this maze officially starts.
239.7956: 1.781071,-1.237588,1.701431,355.8551
240.0178: 1.780069,-1.236211,1.700624,353.3239
240.24: 1.791282,-1.238091,1.701476,357.0296
240.4622: 1.806193,-1.239638,1.702657,1.149003
240.6844: 1.813725,-1.235797,1.701285,2.011579
240.9067: 1.809456,-1.231447,1.698639,357.7333
241.1289: 1.791332,-1.226932,1.697659,350.4058
241.3511: 1.743103,-1.235076,1.690422,327.9126
241.5733: 1.706065,-1.249565,1.668212,306.3506
241.7956: 1.687808,-1.275602,1.631537,283.0131
242.0178: 1.702498,-1.269994,1.637218,283.4417
242.24: 1.731028,-1.245633,1.656193,289.9039
242.4622: 1.747056,-1.216981,1.661566,290.8623
242.6844: 1.701843,-1.187506,1.661435,290.7362
242.9067: 1.523071,-1.175895,1.645369,293.6946
243.1289: 1.28631,-1.157318,1.659594,299.2234
243.3511: 1.089748,-1.101686,1.653654,300.1168
243.5733: 0.9257163,-1.013128,1.628542,301.1555
243.7956: 0.7263196,-0.9329271,1.642802,306.629
244.0178: 0.4852955,-0.8568221,1.587831,321.1938
244.24: 0.2752,-0.7394201,1.650037,338.0704
244.4622: 0.1992773,-0.5852529,1.645386,352.007
244.6844: 0.1504197,-0.3941607,1.637416,350.3987
244.9067: 0.09443681,-0.1981055,1.664751,356.4615
245.1289: 0.06009317,0.01052848,1.6156,19.35851
245.3511: 0.01758293,0.2643735,1.639826,35.00175
245.5733: 0.07095116,0.4600373,1.652213,60.55156
245.7956: 0.1749884,0.6101865,1.626946,80.15246
246.0178: 0.2659877,0.7491202,1.646501,89.92849
246.24: 0.3719928,0.8800938,1.623243,95.13277
246.4622: 0.5742326,0.9415222,1.62352,94.74928
246.6844: 0.8576262,0.9297706,1.609998,89.74441
246.9067: 1.142741,0.9402497,1.663168,83.54438
247.1289: 1.42385,0.978418,1.621854,78.91689
247.3511: 1.717136,1.026221,1.670693,76.38664
247.5733: 1.982913,1.109738,1.647662,49.97349
247.7956: 2.242899,1.192901,1.627542,23.2187
248.0178: 2.429126,1.34432,1.673809,12.60884
248.24: 2.552224,1.568663,1.625553,8.452982
248.4622: 2.644775,1.818145,1.667471,357.1953
248.6844: 2.702847,2.038851,1.643185,330.3934
248.9067: 2.7441,2.259813,1.651983,309.906
249.1289: 2.687777,2.47423,1.64288,302.7909
249.3511: 2.523803,2.689521,1.648074,294.4173
249.5733: 2.338407,2.849787,1.667419,284.3445
249.7956: 2.108856,2.993943,1.631555,275.3769
250.0178: 1.843786,3.109685,1.689065,271.3521
250.24: 1.568335,3.146223,1.650656,270.8167
250.4622: 1.257809,3.145179,1.668074,269.662
250.6844: 0.9759665,3.160612,1.685565,260.9998
250.9067: 0.6997849,3.171559,1.63949,241.9014
251.1289: 0.482664,3.121389,1.681899,199.1829
251.3511: 0.2203545,3.095768,1.649629,199.8472
251.5733: -0.09747656,3.11725,1.677129,246.5497
251.7956: -0.3470511,3.137223,1.686018,265.1381
252.0178: -0.591748,3.134438,1.653138,263.1089
252.24: -0.854046,3.123414,1.68481,265.4435
252.4622: -1.107498,3.076348,1.646528,263.6259
252.6844: -1.339377,3.027701,1.678957,268.7325
252.9067: -1.550293,3.016957,1.663595,273.13
253.1289: -1.788451,3.046635,1.635683,271.3945
253.3511: -2.035175,3.074365,1.667415,269.1776
253.5733: -2.2545,3.061655,1.631768,269.4458
253.7956: -2.450187,3.037443,1.634378,270.1214
Trial Result: Success object: Stove | Time Spent: 14.34966
Trial No.:17 Ends
Trial No.:13 Begins
User confirmed on object: Telescope, this maze officially starts.
265.3289: -2.719231,-0.03447378,1.662125,91.45852
265.5511: -2.716782,-0.0320032,1.693071,91.50314
265.7733: -2.739596,-0.03214362,1.709975,90.52937
265.9956: -2.741987,-0.03860677,1.709289,93.1257
266.2178: -2.747984,-0.05116793,1.708347,99.70033
266.44: -2.754008,-0.05413628,1.706792,102.1108
266.6622: -2.747003,-0.03338178,1.70236,93.28382
266.8845: -2.739035,0.007784616,1.694648,70.06138
267.1067: -2.753004,0.05816152,1.66634,34.81472
267.3289: -2.763626,0.05604172,1.648451,18.98193
267.5511: -2.739917,0.02557731,1.653096,22.22021
267.7733: -2.6922,-0.01557135,1.669795,47.8233
267.9956: -2.669024,-0.08922623,1.690245,98.46412
268.2178: -2.678925,-0.129408,1.683658,124.3559
268.44: -2.687433,-0.1494255,1.667393,138.1972
268.6622: -2.721585,-0.1753184,1.649487,162.3882
268.8845: -2.745745,-0.1830691,1.642653,178.8656
269.1067: -2.750415,-0.1693878,1.646034,184.7323
269.3289: -2.747372,-0.1596218,1.648686,184.6984
269.5511: -2.737176,-0.1568163,1.650454,179.5568
269.7733: -2.718965,-0.1554543,1.649756,171.9698
269.9956: -2.686357,-0.1508276,1.647765,165.4917
270.2178: -2.645251,-0.1810592,1.633002,149.9709
270.44: -2.674824,-0.3049752,1.611856,134.0412
270.6622: -2.696306,-0.4846283,1.63544,120.483
270.8845: -2.646443,-0.6132849,1.63542,111.6019
271.1067: -2.510856,-0.7101538,1.615602,104.8573
271.3289: -2.315129,-0.7876198,1.651237,102.6593
271.5511: -2.140352,-0.8771918,1.652536,102.0097
271.7733: -1.939299,-0.9681759,1.617797,100.8391
271.9956: -1.715143,-1.034424,1.658409,100.9443
272.2178: -1.493757,-1.077976,1.638762,130.1249
272.44: -1.272222,-1.068799,1.646814,154.2249
272.6622: -1.047785,-1.047455,1.656891,140.9921
272.8845: -0.8016821,-0.9736924,1.628382,79.97752
273.1067: -0.6158506,-0.9443437,1.650834,49.05268
273.3289: -0.448465,-0.9080021,1.647014,40.60779
273.5511: -0.2428887,-0.8868008,1.646279,67.76926
273.7733: -0.05154703,-0.8575034,1.659192,81.54895
273.9956: 0.1303779,-0.8640889,1.65185,88.60493
274.2178: 0.3363448,-0.9205012,1.648171,98.05199
274.44: 0.5379615,-0.9578301,1.668107,108.2788
274.6622: 0.7450336,-0.9472929,1.647158,112.4386
274.8845: 0.9711587,-0.9317067,1.655479,121.194
275.1067: 1.146778,-0.9791017,1.668846,130.6985
275.3289: 1.308734,-1.077232,1.644098,134.1889
275.5511: 1.471499,-1.213583,1.660784,133.6178
275.7733: 1.625579,-1.332006,1.653347,134.6214
Trial Result: Success object: Well | Time Spent: 10.83888
Trial No.:13 Ends
Trial No.:2 Begins
User confirmed on object: Stove, this maze officially starts.
288.7067: -2.578884,3.058368,1.693071,268.5748
288.9289: -2.572557,3.049689,1.699937,266.747
289.1511: -2.580131,3.047232,1.707132,262.9435
289.3734: -2.593646,3.052077,1.705693,263.835
289.5956: -2.596605,3.054657,1.70346,266.2617
289.8178: -2.595463,3.056176,1.702814,268.1606
290.04: -2.593751,3.055428,1.702454,267.7406
290.2622: -2.596358,3.058619,1.70316,268.6927
290.4844: -2.60092,3.059106,1.703363,267.2081
290.7067: -2.601663,3.063855,1.702827,267.8649
290.9289: -2.603819,3.052002,1.702137,252.6843
291.1511: -2.60885,3.036331,1.684004,221.5242
291.3734: -2.596037,3.064926,1.654912,182.0383
291.5956: -2.586241,3.130781,1.646068,148.1568
291.8178: -2.568302,3.176317,1.653376,136.9417
292.04: -2.521273,3.207306,1.659078,126.7809
292.2622: -2.453891,3.244663,1.661168,109.2375
292.4845: -2.411725,3.244592,1.662421,103.6756
292.7067: -2.418332,3.202354,1.670431,109.4737
292.9289: -2.430659,3.161194,1.683244,113.797
293.1511: -2.428285,3.135225,1.678067,120.4807
293.3734: -2.412238,3.126487,1.672998,120.6948
293.5956: -2.390113,3.138741,1.674572,113.3839
293.8178: -2.341265,3.175735,1.67026,109.3671
294.04: -2.258672,3.229254,1.659268,106.2583
294.2622: -2.116543,3.25877,1.642477,105.1117
294.4845: -1.926381,3.197748,1.598869,139.0378
294.7067: -1.683585,3.160372,1.656148,147.9124
294.9289: -1.405715,3.188047,1.650602,122.9506
295.1511: -1.127192,3.22117,1.634996,117.1842
295.3734: -0.8674493,3.221617,1.683677,109.8759
295.5956: -0.6355625,3.2067,1.652117,98.05331
295.8178: -0.4339575,3.177386,1.676209,85.67454
296.04: -0.25168,3.155551,1.668401,93.61424
296.2622: -0.02385154,3.163292,1.641301,99.09376
296.4845: 0.2614336,3.198911,1.689168,103.9036
296.7067: 0.5444443,3.194888,1.681608,108.7392
296.9289: 0.8384149,3.156068,1.658577,114.0858
297.1511: 1.122641,3.120981,1.694,118.4186
297.3734: 1.405981,3.0986,1.649942,124.0437
297.5956: 1.708919,3.057301,1.678635,138.8524
297.8178: 1.973563,2.951843,1.676851,147.9929
298.04: 2.202966,2.799711,1.670804,155.9167
298.2622: 2.394041,2.628551,1.68044,168.5882
298.4845: 2.569556,2.427363,1.645025,184.3564
298.7067: 2.666931,2.197982,1.685653,197.4836
298.9289: 2.674286,1.966336,1.651594,207.0912
299.1511: 2.612519,1.723479,1.680131,217.3688
299.3734: 2.526858,1.497287,1.660128,230.7458
299.5956: 2.398281,1.280915,1.646511,249.0654
299.8178: 2.211437,1.165103,1.668126,261.9174
300.04: 1.965111,1.102949,1.646283,266.5407
300.2622: 1.686742,1.041782,1.681655,265.2354
300.4845: 1.391987,0.9802596,1.636396,263.7248
300.7067: 1.087385,0.9305295,1.672791,255.8786
300.9289: 0.8084891,0.9140423,1.6461,247.2617
301.1511: 0.5266399,0.9084881,1.630468,231.8958
301.3734: 0.3191223,0.803439,1.663881,220.0966
301.5956: 0.1893872,0.6500708,1.645254,217.4594
301.8178: 0.07183868,0.5110058,1.654241,220.7619
Trial Result: Success object: Wheelbarrow | Time Spent: 13.39474
Trial No.:2 Ends
Trial No.:15 Begins
User confirmed on object: Wheelbarrow, this maze officially starts.
314.2733: 0.2628146,0.05822611,1.704917,263.015
314.4956: 0.2588167,0.05014258,1.705784,262.1389
314.7178: 0.24713,0.05658943,1.711088,261.9496
314.94: 0.241578,0.06768449,1.710975,263.1729
315.1622: 0.2478867,0.07787804,1.709236,267.7385
315.3845: 0.2590678,0.07794091,1.70956,267.0786
315.6067: 0.2637155,0.06726552,1.709051,262.711
315.8289: 0.25907,0.06243267,1.70775,261.7455
316.0511: 0.2489716,0.06233957,1.703904,263.9445
316.2733: 0.2411387,0.06210772,1.697452,265.9524
316.4956: 0.2343814,0.08089729,1.6922,276.3191
316.7178: 0.2363197,0.1246536,1.678761,307.2435
316.94: 0.2302972,0.1469041,1.663137,327.6539
317.1622: 0.2289112,0.1959603,1.652485,347.2818
317.3845: 0.2355883,0.3025124,1.644706,354.3235
317.6067: 0.2430044,0.4410672,1.668052,5.031816
317.8289: 0.2466809,0.5549047,1.660884,34.2062
318.0511: 0.1841829,0.6659318,1.647089,61.08145
318.2733: 0.0988328,0.7587219,1.663269,80.87986
318.4956: 0.05176574,0.8097992,1.6663,86.41795
318.7178: 0.02473761,0.8609999,1.656741,75.92998
318.94: -0.08345656,0.9486495,1.656675,356.7217
319.1622: -0.1529704,0.8025421,1.632377,269.9479
319.3845: -0.02380136,0.6963053,1.624553,225.8796
319.6067: 0.07989519,0.6376988,1.643557,208.2337
319.8289: 0.1270674,0.5374423,1.632471,203.305
320.0511: 0.1378776,0.3431238,1.601699,201.3604
320.2733: 0.1468314,0.06148037,1.635612,195.7839
320.4956: 0.08270107,-0.1630297,1.661124,204.2304
320.7178: -0.02899371,-0.3586164,1.639023,213.4214
320.94: -0.1644654,-0.5460486,1.671845,227.3663
321.1622: -0.3067454,-0.7111213,1.628065,256.9613
321.3845: -0.435087,-0.876115,1.654343,274.4008
321.6067: -0.5808014,-1.05329,1.644588,234.2728
321.8289: -0.72277,-1.161382,1.635214,193.6256
322.0511: -0.8200344,-1.253725,1.651252,167.6756
322.2733: -0.8738917,-1.385758,1.631876,162.0732
322.4956: -0.8848085,-1.60006,1.63936,170.6786
322.7178: -0.8770113,-1.834997,1.652157,171.8191
322.94: -0.9005256,-2.084411,1.62236,172.8472
323.1622: -1.01273,-2.336958,1.630694,217.1391
323.3845: -1.082397,-2.532945,1.638739,247.8899
323.6067: -1.145329,-2.728953,1.603805,272.6523
323.8289: -1.229872,-2.896213,1.643912,294.97
324.0511: -1.340089,-2.983645,1.63058,307.398
324.2733: -1.439212,-3.019512,1.622597,323.1249
324.4956: -1.543461,-3.074794,1.625386,341.4091
Trial Result: Success object: Mailbox | Time Spent: 10.50652
Trial No.:15 Ends
Trial No.:1 Begins
User confirmed on object: Stove, this maze officially starts.
334.9511: -2.448821,3.059618,1.700985,266.2217
335.1733: -2.453629,3.044353,1.706038,264.3513
335.3956: -2.469447,3.043511,1.71039,263.6216
335.6178: -2.487703,3.039919,1.70968,259.3625
335.84: -2.493976,3.042957,1.705115,262.4353
336.0622: -2.488832,3.045161,1.704973,266.8191
336.2845: -2.481817,3.046456,1.70626,271.1194
336.5067: -2.483139,3.043616,1.706502,268.5048
336.7289: -2.4914,3.048036,1.70521,268.1146
336.9511: -2.502787,3.054333,1.705507,268.2224
337.1733: -2.513973,3.025406,1.701752,255.4719
337.3956: -2.513146,2.975819,1.700668,242.249
337.6178: -2.46101,2.910685,1.676809,196.4139
337.84: -2.416286,2.970897,1.645697,145.1257
338.0622: -2.467175,3.052584,1.658367,127.1266
338.2845: -2.459848,3.099921,1.668159,124.9535
338.5067: -2.391828,3.125078,1.668352,119.1305
338.7289: -2.289604,3.103949,1.659931,130.1017
338.9511: -2.180958,3.058521,1.660639,153.1536
339.1733: -2.106936,2.996747,1.680266,168.6749
339.3956: -2.051419,2.847457,1.652711,174.6011
339.6178: -2.030962,2.635718,1.667767,175.8664
339.84: -1.996372,2.439958,1.683822,168.639
340.0622: -1.951378,2.240022,1.648266,157.9282
340.2845: -1.914699,2.0254,1.669335,157.6812
340.5067: -1.948607,1.828572,1.662317,171.493
340.7289: -1.959102,1.655694,1.646815,139.6266
340.9511: -1.99581,1.508016,1.669376,115.0235
341.1733: -2.050313,1.311718,1.658702,134.5993
341.3956: -2.12996,1.126198,1.660105,166.9677
341.6178: -2.2284,0.9894308,1.654901,177.6716
341.84: -2.370587,0.856587,1.62492,172.9794
342.0622: -2.514883,0.7264359,1.650396,164.7342
342.2845: -2.587379,0.5970457,1.649703,164.1248
342.5067: -2.616175,0.4227535,1.624245,165.1269
342.7289: -2.614006,0.1772358,1.647321,163.9362
342.9511: -2.60011,-0.06805064,1.65672,155.9634
343.1733: -2.580168,-0.3132616,1.617187,138.1296
343.3956: -2.52593,-0.5558623,1.65016,123.2632
343.6178: -2.383533,-0.7220775,1.622665,112.8317
343.84: -2.165273,-0.8376378,1.644678,104.6571
344.0622: -1.958445,-0.9185227,1.646803,97.56283
344.2845: -1.723627,-1.002183,1.624872,99.93426
344.5067: -1.484637,-1.074734,1.662006,116.1591
344.7289: -1.275294,-1.108896,1.639218,148.4031
344.9511: -1.069425,-1.06478,1.647877,169.4275
345.1733: -0.8616102,-1.028067,1.650272,161.9288
345.3956: -0.5751267,-0.9630916,1.6278,100.4956
345.6178: -0.3559511,-0.9308822,1.651861,65.78294
345.84: -0.1383599,-0.9134928,1.648342,62.58318
346.0622: 0.1073627,-0.8909872,1.633104,75.48129
346.2845: 0.3436429,-0.895651,1.656178,94.5796
346.5067: 0.5700699,-0.9375638,1.635131,114.7936
346.7289: 0.8209325,-1.003327,1.655771,121.312
346.9511: 1.059855,-1.057779,1.653085,136.5044
347.1733: 1.298887,-1.119801,1.609232,158.4605
347.3956: 1.486457,-1.228594,1.642086,182.3312
347.6178: 1.593038,-1.361302,1.607775,189.5458
347.84: 1.787075,-1.404963,1.645944,132.931
348.0622: 1.871269,-1.310324,1.636188,73.22977
348.2845: 1.828266,-1.279117,1.638741,26.33596
348.5067: 1.855571,-1.296729,1.640722,11.95897
348.7289: 1.973724,-1.219684,1.628505,6.886493
348.9511: 2.157225,-1.02906,1.627917,9.706457
349.1733: 2.309901,-0.8611908,1.641214,3.905661
349.3956: 2.480959,-0.7169732,1.620173,5.121857
349.6178: 2.652721,-0.5630852,1.643039,0.4214326
349.84: 2.717092,-0.3818035,1.661815,345.3734
350.0622: 2.774688,-0.1460302,1.650676,354.7506
350.2845: 2.817995,0.08279439,1.666965,3.928896
350.5067: 2.818783,0.3209972,1.638788,344.6083
350.7289: 2.805664,0.5340137,1.656291,320.7428
350.9511: 2.749224,0.7250813,1.666219,298.4704
351.1733: 2.659617,0.898921,1.653883,275.989
351.3956: 2.588761,1.040707,1.675763,265.0676
351.6178: 2.551671,1.140829,1.671805,244.3024
351.84: 2.550592,1.26864,1.663786,231.6076
352.0622: 2.540151,1.406739,1.688436,243.0834
352.2845: 2.560947,1.535775,1.681592,251.8393
352.5067: 2.608588,1.644238,1.672719,269.1946
352.7289: 2.664278,1.750876,1.652253,287.5211
352.9511: 2.714568,1.862511,1.646246,296.5645
353.1733: 2.73645,2.035522,1.653811,301.1264
353.3956: 2.708872,2.262267,1.643516,300.0257
353.6178: 2.640897,2.486976,1.660826,285.9297
353.84: 2.557354,2.6602,1.670125,276.1935
354.0622: 2.456771,2.803964,1.644882,262.0344
354.2845: 2.367769,2.937472,1.663013,251.0005
354.5067: 2.28844,3.098177,1.669049,256.1681
354.7289: 2.18063,3.244008,1.66786,251.0648
354.9511: 2.034208,3.288196,1.658592,241.0854
355.1733: 1.807275,3.272874,1.64696,242.5927
355.3956: 1.572033,3.233763,1.677893,250.1148
355.6178: 1.351845,3.230638,1.661257,254.8105
355.84: 1.105665,3.249418,1.659223,259.8474
356.0622: 0.8675125,3.210953,1.693085,258.0915
356.2845: 0.6465483,3.126673,1.660291,254.8527
356.5067: 0.43601,3.023949,1.678746,254.7616
356.7289: 0.2738435,2.911576,1.673805,235.336
356.9511: 0.1299997,2.798906,1.65092,202.901
357.1733: 0.0006231349,2.689456,1.676257,185.3346
357.3956: -0.06392148,2.54775,1.669525,180.6312
357.6178: -0.07033495,2.335595,1.655746,181.2395
357.84: -0.0588,2.100381,1.679506,186.8998
358.0622: -0.06247002,1.886928,1.663612,189.4151
358.2845: -0.08468527,1.651994,1.658213,188.8664
358.5067: -0.0940191,1.401489,1.670098,190.5228
358.7289: -0.08913029,1.112821,1.618093,194.0022
Trial Result: Fail at object: Wheelbarrow | Time Spent: 24.16492
Trial No.:1 Ends
Trial No.:23 Begins
User confirmed on object: Chair, this maze officially starts.
375.0733: 1.018677,-3.174478,1.655436,327.8889
375.2956: 1.056332,-3.219189,1.673191,340.0555
375.5178: 1.044962,-3.285146,1.688427,337.1262
375.74: 1.02925,-3.316186,1.688023,337.4786
375.9622: 1.027777,-3.32421,1.686329,344.058
376.1844: 1.029138,-3.332482,1.684239,348.9821
376.4067: 1.03934,-3.341031,1.683755,354.8359
376.6289: 1.047978,-3.345188,1.682351,357.4022
376.8511: 1.050264,-3.345192,1.683317,357.5555
377.0733: 1.031822,-3.335183,1.68065,351.3391
377.2956: 0.9858062,-3.304782,1.676417,330.0663
377.5178: 0.9027741,-3.248894,1.654409,310.7362
377.74: 0.7574393,-3.202439,1.630706,301.6971
377.9622: 0.5287561,-3.206547,1.623048,297.2332
378.1844: 0.2962577,-3.198637,1.657216,294.2379
378.4067: 0.09665592,-3.154131,1.634793,294.1024
378.6289: -0.09739778,-3.081157,1.635883,291.3181
378.8511: -0.2944055,-3.039497,1.655276,290.8849
379.0733: -0.4955691,-3.008421,1.615397,300.5407
379.2956: -0.6459262,-2.936687,1.63761,330.8667
379.5178: -0.7158272,-2.825245,1.630449,344.4518
379.74: -0.7325165,-2.623219,1.602954,346.4367
379.9622: -0.7247728,-2.369394,1.644632,345.0548
380.1844: -0.7681801,-2.121572,1.643258,340.8749
380.4067: -0.8696994,-1.863782,1.633387,329.7265
380.6289: -0.9859048,-1.62825,1.657352,318.1886
380.8511: -1.130625,-1.386632,1.629525,312.0597
381.0733: -1.325002,-1.174783,1.645829,293.5244
381.2956: -1.547688,-1.084891,1.66354,280.815
381.5178: -1.791514,-1.031139,1.635303,276.0595
381.74: -2.028567,-0.9839848,1.66632,263.4508
381.9622: -2.214788,-0.9645993,1.643129,223.2457
382.1844: -2.365267,-0.8933712,1.655105,194.6767
382.4067: -2.52556,-0.8310918,1.658005,195.8756
382.6289: -2.761859,-0.6641201,1.645615,285.4603
382.8511: -2.790845,-0.5190172,1.647281,0.06219751
383.0733: -2.816864,-0.3869253,1.635773,23.28846
383.2956: -2.797198,-0.2008919,1.622727,43.38154
383.5178: -2.770308,0.04583194,1.653337,42.90629
383.74: -2.722315,0.3143753,1.624582,41.66754
383.9622: -2.643002,0.5969057,1.646626,46.42622
384.1844: -2.505549,0.7923199,1.669877,53.59463
384.4067: -2.324799,0.9917655,1.61264,47.6418
384.6289: -2.169692,1.234133,1.669095,25.45619
384.8511: -2.053174,1.471733,1.635313,21.29039
385.0733: -1.962748,1.722996,1.666742,20.67786
385.2956: -1.911602,1.953851,1.664603,358.6819
385.5178: -1.85623,2.176482,1.638589,330.3949
385.74: -1.798553,2.393003,1.674358,316.3278
385.9622: -1.696119,2.64908,1.655175,358.9398
386.1844: -1.567828,2.824791,1.6556,63.94658
386.4067: -1.464057,2.957414,1.671128,87.81184
386.6289: -1.311992,3.03109,1.645515,113.5462
386.8511: -1.119873,3.105109,1.66741,126.5685
387.0733: -0.8983004,3.220671,1.653871,114.5197
387.2956: -0.6879499,3.302298,1.666242,105.2477
387.5178: -0.480113,3.31036,1.66622,98.49966
387.74: -0.2522106,3.256673,1.657856,101.0668
387.9622: -0.01200698,3.221463,1.68109,103.2904
388.1844: 0.2388624,3.204337,1.643987,104.7407
388.4067: 0.4928593,3.193511,1.688168,112.3454
388.6289: 0.7076581,3.154018,1.682537,119.4249
388.8511: 0.9469593,3.096252,1.657688,120.7505
Trial Result: Success object: Piano | Time Spent: 14.08265
Trial No.:23 Ends
Trial No.:10 Begins
User confirmed on object: Bookshelf, this maze officially starts.
411.7511: 1.738181,1.15879,1.707641,183.8654
411.9734: 1.740486,1.179515,1.725394,182.9362
412.1956: 1.728579,1.183119,1.729046,188.7665
412.4178: 1.72308,1.180706,1.729092,192.2819
412.64: 1.719732,1.18548,1.726517,196.1808
412.8622: 1.724921,1.187052,1.724321,194.3471
413.0844: 1.745188,1.170316,1.715524,177.2795
413.3067: 1.741917,1.166011,1.712278,177.193
413.5289: 1.72747,1.162622,1.710389,183.8055
413.7511: 1.697907,1.159976,1.703394,202.7257
413.9734: 1.663562,1.163092,1.697524,228.2457
414.1956: 1.613975,1.156219,1.681468,247.0347
414.4178: 1.495972,1.15089,1.665916,251.3016
414.64: 1.316089,1.167035,1.649443,254.5892
414.8622: 1.101168,1.157808,1.669553,256.1798
415.0844: 0.8364066,1.097649,1.628435,246.2907
415.3067: 0.5399833,1.065172,1.677705,256.5082
415.5289: 0.2506418,1.077693,1.66581,266.1464
415.7511: -0.06708604,1.102422,1.657131,264.7545
415.9734: -0.3694867,1.089622,1.698288,263.6011
416.1956: -0.6842404,1.076431,1.644103,267.9547
416.4178: -0.9830214,1.084775,1.69134,273.8809
416.64: -1.259643,1.092506,1.653853,269.8163
416.8622: -1.544335,1.097853,1.652443,247.4171
417.0844: -1.810699,1.037679,1.664884,232.0896
417.3067: -2.065822,0.9227356,1.640718,224.1465
417.5289: -2.257117,0.7736706,1.665011,204.5574
417.7511: -2.422132,0.6079354,1.63886,187.047
417.9734: -2.579956,0.4442413,1.652013,171.5071
418.1956: -2.645046,0.2595362,1.639932,150.1704
418.4178: -2.70169,0.01691752,1.645713,172.2149
418.64: -2.740746,-0.2181702,1.659132,187.6357
418.8622: -2.779011,-0.4600623,1.627365,190.556
419.0844: -2.829925,-0.7159352,1.650441,194.6155
419.3067: -2.838871,-0.9712489,1.648391,199.4104
419.5289: -2.810226,-1.24874,1.626137,202.6134
Trial Result: Success object: Plant | Time Spent: 7.995947
Trial No.:10 Ends
Trial No.:19 Begins
User confirmed on object: Well, this maze officially starts.
436.5289: 1.646807,-2.059617,1.697317,80.92433
436.7511: 1.655876,-2.057755,1.698683,83.33656
436.9734: 1.668765,-2.06266,1.699963,85.51836
437.1956: 1.670199,-2.065458,1.700376,87.48604
437.4178: 1.660369,-2.066556,1.701568,91.78251
437.64: 1.656806,-2.057446,1.69883,92.64454
437.8622: 1.661825,-2.04515,1.695981,90.84092
438.0844: 1.665393,-2.039156,1.694433,87.62466
438.3067: 1.669224,-2.041341,1.693132,87.93246
438.5289: 1.670967,-2.046907,1.693011,91.28648
438.7511: 1.671422,-2.049035,1.692722,92.10461
438.9734: 1.670862,-2.052871,1.691839,92.45779
439.1956: 1.672591,-2.063167,1.690011,96.04855
439.4178: 1.673291,-2.079213,1.687223,104.1383
439.64: 1.662948,-2.115576,1.683182,128.3298
439.8622: 1.628548,-2.156126,1.678292,159.0518
440.0844: 1.591429,-2.174237,1.672511,183.9595
440.3067: 1.56697,-2.180668,1.661245,203.2277
440.5289: 1.576153,-2.194816,1.656051,206.0623
440.7511: 1.621885,-2.218519,1.656522,179.4908
440.9734: 1.708298,-2.181751,1.639076,121.745
441.1956: 1.719059,-2.088861,1.628958,54.58202
441.4178: 1.713352,-2.016906,1.634744,28.99065
441.64: 1.716729,-1.875234,1.637231,18.34357
441.8622: 1.707851,-1.743029,1.64026,3.48688
442.0844: 1.703105,-1.697011,1.639019,340.6097
442.3067: 1.72757,-1.747084,1.634302,311.4448
442.5289: 1.839165,-1.846038,1.607721,268.3773
442.7511: 1.930429,-1.898205,1.624975,244.6506
442.9734: 1.962334,-2.000621,1.624291,228.211
443.1956: 1.945609,-2.143653,1.621025,222.7072
443.4178: 1.857276,-2.338582,1.604511,235.8866
443.64: 1.752563,-2.575351,1.622555,252.5803
443.8622: 1.621703,-2.737147,1.602917,272.0503
444.0844: 1.417487,-2.874915,1.627794,284.0325
444.3067: 1.155589,-3.02732,1.620665,280.1364
444.5289: 0.8684967,-3.158078,1.622148,283.6473
444.7511: 0.5800366,-3.218807,1.643699,287.4107
444.9734: 0.264856,-3.245497,1.618686,283.591
445.1956: -0.06126321,-3.266301,1.652286,286.9776
445.4178: -0.4110702,-3.298413,1.596702,279.154
445.64: -0.7669675,-3.290836,1.666913,284.1706
445.8622: -1.108429,-3.251745,1.625716,290.7297
446.0844: -1.450394,-3.17458,1.644621,298.2123
446.3067: -1.762263,-3.104888,1.648762,311.3221
446.5289: -2.062619,-3.013209,1.611223,315.9544
446.7511: -2.289773,-2.857749,1.673113,330.705
446.9734: -2.442282,-2.668921,1.624717,347.4884
447.1956: -2.55176,-2.444242,1.667335,3.299155
447.4178: -2.645409,-2.171299,1.620857,9.08051
447.64: -2.716743,-1.860948,1.642225,15.22054
447.8622: -2.679986,-1.58244,1.625501,54.59575
448.0844: -2.628036,-1.260423,1.618292,68.28007
448.3067: -2.648487,-0.8597513,1.656684,32.33389
448.5289: -2.71431,-0.4930786,1.590103,11.55829
448.7511: -2.688932,-0.1607339,1.671018,16.87359
448.9734: -2.623922,0.124868,1.63779,24.99962
449.1956: -2.530362,0.4149215,1.652595,35.04439
449.4178: -2.455846,0.6777037,1.663299,45.6196
449.64: -2.360937,0.9231309,1.638782,54.14853
449.8622: -2.250908,1.141842,1.677918,52.99813
450.0844: -2.120532,1.327512,1.640518,52.76614
450.3067: -1.969804,1.49383,1.664148,52.84621
450.5289: -1.875272,1.673649,1.655189,55.64761
450.7511: -1.825873,1.854903,1.642025,70.9025
450.9734: -1.792228,1.959521,1.63807,88.33328
Trial Result: Success object: Table | Time Spent: 14.72607
Trial No.:19 Ends
Trial No.:8 Begins
User confirmed on object: Plant, this maze officially starts.
466.4289: -2.500373,-2.017941,1.689695,273.607
466.6511: -2.498924,-2.012896,1.693167,275.4485
466.8734: -2.500676,-2.003355,1.693568,279.4171
467.0956: -2.507103,-1.999138,1.691623,283.5441
467.3178: -2.517535,-2.000825,1.691006,285.4445
467.54: -2.528727,-1.980167,1.693678,290.7375
467.7622: -2.53011,-1.966603,1.690541,295.8511
467.9845: -2.521186,-1.978298,1.689696,294.1345
468.2067: -2.520328,-2.005938,1.688714,282.6268
468.4289: -2.529643,-2.028072,1.68824,271.5831
468.6511: -2.542416,-2.030317,1.683478,269.5831
468.8734: -2.547333,-2.01518,1.678367,279.6417
469.0956: -2.537842,-1.992563,1.674194,300.7244
469.3178: -2.522914,-1.983139,1.668324,322.2763
469.54: -2.537083,-1.993696,1.662182,326.6676
469.7622: -2.541214,-1.987967,1.663805,319.2695
469.9845: -2.523036,-1.966713,1.666276,316.5066
470.2067: -2.515162,-1.957222,1.667346,313.1259
470.4289: -2.518027,-1.966178,1.667707,304.5746
470.6511: -2.517747,-1.962744,1.668226,302.7527
470.8734: -2.511677,-1.958571,1.664302,305.1971
471.0956: -2.514952,-1.970517,1.662096,306.7053
471.3178: -2.509002,-1.966333,1.663194,313.6525
471.54: -2.438404,-1.930786,1.645822,1.913228
471.7622: -2.397854,-1.991671,1.619101,57.10533
471.9845: -2.412168,-2.03234,1.631902,83.31898
472.2067: -2.394109,-2.087061,1.612988,80.17004
472.4289: -2.376847,-2.008999,1.627001,27.20427
472.6511: -2.401095,-1.895571,1.599841,14.54662
472.8734: -2.449989,-1.711232,1.565696,28.53932
473.0956: -2.451463,-1.497246,1.593823,52.0652
473.3178: -2.334686,-1.347108,1.613611,71.89272
473.54: -2.130417,-1.218431,1.588395,80.56956
473.7622: -1.944412,-1.120435,1.644482,89.5519
473.9845: -1.731399,-1.039851,1.611044,100.9058
474.2067: -1.505319,-1.011564,1.657222,131.9663
474.4289: -1.278502,-1.026841,1.636909,139.5984
474.6511: -0.9947667,-1.030526,1.620929,94.71067
474.8734: -0.7796609,-0.9639565,1.65149,54.15634
475.0956: -0.584819,-0.8872575,1.615098,38.7214
475.3178: -0.3477275,-0.8391898,1.655596,63.52764
475.54: -0.1711449,-0.8148509,1.686866,78.96848
475.7622: -0.01624771,-0.7989657,1.679273,84.47161
475.9845: 0.1155708,-0.8170557,1.653565,84.43778
476.2067: 0.1926016,-0.8006786,1.675648,89.96746
476.4289: 0.3241964,-0.8699551,1.673717,86.4547
476.6511: 0.49349,-0.9669086,1.652066,82.48611
476.8734: 0.6644244,-1.031331,1.668238,100.9396
477.0956: 0.8456348,-1.045339,1.637046,115.8947
477.3178: 1.048655,-1.026262,1.654926,123.979
477.54: 1.209636,-1.058769,1.660877,129.1497
477.7622: 1.341801,-1.139734,1.639352,130.2082
477.9845: 1.446997,-1.236339,1.661062,130.8222
478.2067: 1.518035,-1.287899,1.657798,132.0873
478.4289: 1.55135,-1.302904,1.660808,135.1003
478.6511: 1.50525,-1.316844,1.672307,181.3108
478.8734: 1.49748,-1.27856,1.666253,205.5644
479.0956: 1.529427,-1.251477,1.670748,207.2588
479.3178: 1.551647,-1.244807,1.673727,201.6031
479.54: 1.586607,-1.242749,1.678152,182.3058
479.7622: 1.691464,-1.151769,1.669766,98.71781
479.9845: 1.635137,-1.036874,1.633913,24.45555
480.2067: 1.629929,-0.9975415,1.644004,13.46608
480.4289: 1.672456,-0.9726613,1.642868,10.46518
480.6511: 1.740017,-0.9986596,1.633267,2.202296
480.8734: 1.799188,-1.017822,1.629589,354.786
481.0956: 1.78872,-1.008693,1.627072,355.1317
Trial Result: Success object: Harp | Time Spent: 15.02606
Trial No.:8 Ends
Trial No.:22 Begins
User confirmed on object: Mailbox, this maze officially starts.
496.5178: -1.732452,-3.232088,1.692714,3.86211
496.74: -1.752641,-3.240634,1.695673,7.625033
496.9622: -1.764663,-3.216226,1.695917,4.523146
497.1844: -1.755085,-3.204427,1.695729,5.07575
497.4067: -1.752048,-3.214857,1.69597,15.35063
497.6289: -1.753812,-3.224076,1.694359,20.28132
497.8511: -1.758742,-3.224884,1.693105,23.75182
498.0733: -1.745302,-3.223871,1.691275,33.85096
498.2956: -1.719548,-3.220324,1.685112,45.17946
498.5178: -1.689294,-3.226396,1.671696,58.04499
498.74: -1.673459,-3.250378,1.657304,71.52538
498.9622: -1.674348,-3.257063,1.659313,71.79897
499.1844: -1.695148,-3.231985,1.680493,59.7187
499.4067: -1.69715,-3.225729,1.677536,62.53025
499.6289: -1.684384,-3.243512,1.671501,74.64419
499.8511: -1.692803,-3.217507,1.673509,55.92756
500.0733: -1.735551,-3.17788,1.671234,21.1181
500.2956: -1.752699,-3.161966,1.66819,10.99617
500.5178: -1.776104,-3.151732,1.666356,1.941237
500.74: -1.80271,-3.145864,1.659639,351.5196
500.9622: -1.80452,-3.141443,1.659657,352.4649
501.1844: -1.7988,-3.138643,1.661552,355.5025
501.4067: -1.793375,-3.129862,1.660881,357.8219
501.6289: -1.789484,-3.121253,1.658974,359.6142
501.8511: -1.758283,-3.109668,1.658336,13.69709
502.0733: -1.66675,-3.081774,1.649358,30.96057
502.2956: -1.505816,-3.028403,1.622218,31.94595
502.5178: -1.288527,-2.94625,1.611635,24.73378
502.74: -1.126702,-2.802175,1.641254,16.91813
502.9622: -1.013424,-2.602779,1.615777,12.97536
503.1844: -0.9323525,-2.384171,1.65684,15.09723
503.4067: -0.8633707,-2.177793,1.643026,20.64709
503.6289: -0.7827542,-1.938281,1.645194,23.38071
503.8511: -0.7212156,-1.701992,1.668393,26.59156
504.0733: -0.6574979,-1.482239,1.62605,38.01935
504.2956: -0.5559335,-1.299982,1.649219,66.57599
504.5178: -0.4268243,-1.198043,1.642329,75.13841
504.74: -0.2494219,-1.125986,1.648892,66.93667
504.9622: -0.1470504,-0.9803216,1.664496,22.61703
505.1844: -0.1010989,-0.8224199,1.651732,4.163046
505.4067: -0.09658625,-0.6124191,1.656356,353.3796
505.6289: -0.07996795,-0.414833,1.662006,343.6648
505.8511: 0.02539109,-0.2063949,1.635776,15.24324
506.0733: 0.1277879,0.01907032,1.65853,25.61041
506.2956: 0.1773727,0.2579837,1.664425,33.93195
506.5178: 0.2283121,0.483409,1.619753,52.73961
506.74: 0.310299,0.6690275,1.636643,87.73427
506.9622: 0.4183822,0.7628951,1.644083,108.6588
507.1844: 0.5917273,0.8343186,1.641051,110.3681
507.4067: 0.8053724,0.9075955,1.663823,111.1143
Trial Result: Success object: Bookshelf | Time Spent: 11.19543
Trial No.:22 Ends
Trial No.:6 Begins
User confirmed on object: Table, this maze officially starts.
526.1289: -2.073959,1.998674,1.703696,97.05785
526.3511: -2.082972,2.004608,1.708144,103.1238
526.5734: -2.058674,1.980584,1.707111,103.1568
526.7956: -2.047189,1.947074,1.6952,109.0732
527.0178: -2.055305,1.922765,1.682834,115.1036
527.24: -2.063719,1.933172,1.683639,111.9132
527.4622: -2.058308,1.940436,1.680677,110.5222
527.6844: -2.045115,1.936427,1.681508,108.5253
527.9067: -2.035565,1.923426,1.677176,109.2663
528.1289: -2.033595,1.90328,1.667038,120.5485
528.3511: -2.017209,1.85839,1.66964,127.5983
528.5734: -1.987433,1.739439,1.647818,121.7054
528.7956: -1.926424,1.608101,1.643433,115.5152
529.0178: -1.807895,1.477243,1.621814,118.4467
529.24: -1.602476,1.328388,1.652332,121.6103
529.4622: -1.404876,1.192702,1.657089,119.4059
529.6844: -1.19635,1.051615,1.626395,119.6814
529.9067: -0.9647518,0.9259363,1.672542,120.8631
530.1289: -0.7253329,0.8418918,1.619447,128.9919
530.3511: -0.4558347,0.7661555,1.632245,147.124
530.5734: -0.2762694,0.6198035,1.670004,164.4161
530.7956: -0.1926268,0.4319414,1.640977,176.3729
531.0178: -0.1449715,0.2218605,1.660051,194.5134
531.24: -0.1029777,0.005877468,1.625882,207.9555
531.4622: -0.05243028,-0.2224876,1.65199,216.0153
531.6844: -0.04491721,-0.4132831,1.661697,221.5633
531.9067: -0.0907907,-0.5794962,1.644559,229.8862
532.1289: -0.1613186,-0.7642171,1.671704,229.4984
532.3511: -0.2376725,-0.9486998,1.64218,228.5838
532.5734: -0.4054061,-1.112598,1.625906,221.7102
532.7956: -0.629029,-1.294865,1.607936,204.7779
533.0178: -0.7414554,-1.506316,1.639278,178.7847
533.24: -0.8003453,-1.734199,1.602976,171.2035
533.4622: -0.8263839,-1.968823,1.641842,166.6862
533.6844: -0.8196818,-2.214962,1.616815,150.4345
533.9067: -0.7925699,-2.473215,1.605633,126.5821
534.1289: -0.6948699,-2.685538,1.637642,108.2575
534.3511: -0.5394949,-2.837092,1.604227,87.63432
534.5734: -0.3787728,-2.973441,1.624799,74.3818
534.7956: -0.2215847,-3.117914,1.606867,67.67654
535.0178: -0.03006971,-3.212587,1.628244,48.1604
535.24: 0.1463668,-3.193649,1.624162,38.50123
Trial Result: Success object: Chair | Time Spent: 9.429131
Trial No.:6 Ends
Trial No.:9 Begins
User confirmed on object: Bookshelf, this maze officially starts.
545.3734: 1.697133,1.24228,1.715294,182.6224
545.5956: 1.702794,1.242079,1.716088,183.091
545.8178: 1.703259,1.238141,1.714742,184.3114
546.04: 1.70291,1.235535,1.713573,184.3969
546.2622: 1.703244,1.236127,1.711914,184.12
546.4844: 1.703542,1.232508,1.708159,183.6022
546.7067: 1.704139,1.226296,1.698767,182.0777
546.9289: 1.715401,1.213855,1.669792,171.5856
547.1511: 1.730062,1.210533,1.65633,160.3932
547.3734: 1.748901,1.22935,1.660998,143.1687
547.5956: 1.752933,1.270645,1.669555,119.3291
547.8178: 1.737023,1.290856,1.674219,103.3315
548.04: 1.699464,1.298283,1.667943,93.29752
548.2622: 1.615181,1.298734,1.657738,80.59689
548.4844: 1.543036,1.27843,1.64549,77.59045
548.7067: 1.507399,1.279083,1.651475,79.55782
548.9289: 1.482025,1.282631,1.648022,77.69773
549.1511: 1.468846,1.295387,1.645005,75.62701
549.3734: 1.440742,1.337102,1.646045,47.68441
549.5956: 1.357447,1.351309,1.634342,7.832515
549.8178: 1.312404,1.3255,1.622425,353.5042
550.04: 1.325679,1.319406,1.628738,357.5987
550.2622: 1.454323,1.296713,1.639105,43.28125
550.4844: 1.547554,1.278899,1.639575,57.81502
550.7067: 1.620525,1.309567,1.653219,56.9557
550.9289: 1.567738,1.341165,1.647593,19.48538
551.1511: 1.413759,1.24808,1.622238,328.5839
551.3734: 1.315904,1.151057,1.63339,313.188
551.5956: 1.310435,1.148472,1.625015,347.8278
551.8178: 1.503958,1.108749,1.610747,56.58349
552.04: 1.706196,1.019699,1.578002,66.54691
552.2622: 1.898729,1.020096,1.622909,50.59993
552.4844: 2.02957,1.065951,1.65158,35.2967
552.7067: 2.182847,1.15867,1.630963,26.16293
552.9289: 2.345591,1.309893,1.666182,18.56031
553.1511: 2.47527,1.465741,1.680369,8.277732
553.3734: 2.608106,1.657177,1.656888,1.471666
553.5956: 2.701666,1.868115,1.677621,345.3414
553.8178: 2.702811,2.088762,1.65897,325.3058
554.04: 2.648495,2.341283,1.671454,312.8848
554.2622: 2.570765,2.559547,1.669582,300.9839
554.4844: 2.446385,2.785297,1.634784,287.6085
554.7067: 2.277485,2.953813,1.689189,277.4354
554.9289: 2.053427,3.064126,1.646704,274.2855
555.1511: 1.77556,3.148931,1.683478,270.0092
555.3734: 1.52611,3.232099,1.669125,266.0926
555.5956: 1.232084,3.325201,1.653687,263.5942
555.8178: 0.9443461,3.339852,1.699044,263.1169
556.04: 0.6552516,3.297272,1.650515,262.6711
556.2622: 0.3478226,3.258419,1.692694,264.2047
556.4844: 0.0646916,3.276799,1.668996,266.9464
556.7067: -0.2419158,3.298774,1.645375,255.4428
556.9289: -0.501483,3.257106,1.651668,241.0256
557.1511: -0.759733,3.209192,1.624207,247.3227
557.3734: -1.0325,3.175402,1.67592,261.918
557.5956: -1.305453,3.162664,1.642543,266.128
557.8178: -1.574568,3.175333,1.654156,265.5054
558.04: -1.839316,3.141627,1.665178,265.6819
558.2622: -2.107577,3.079708,1.62938,266.5931
558.4844: -2.33326,3.042089,1.674107,268.0883
Trial Result: Success object: Stove | Time Spent: 13.42747
Trial No.:9 Ends
Trial No.:16 Begins
User confirmed on object: Wheelbarrow, this maze officially starts.
579.2622: 0.09976555,0.02358684,1.678056,268.3583
579.4844: 0.1158148,0.002588551,1.682377,271.3134
579.7067: 0.1386065,-0.0172245,1.706898,273.9644
579.9289: 0.1649494,-0.03483026,1.713844,275.6149
580.1511: 0.1724504,-0.03900301,1.713958,281.2087
580.3734: 0.179,-0.03149039,1.713701,286.843
580.5956: 0.1811256,-0.02758432,1.713148,287.7766
580.8178: 0.1743542,-0.03389764,1.713329,284.5742
581.04: 0.1594544,-0.03853981,1.709229,279.0567
581.2622: 0.145389,-0.03797118,1.702648,275.3764
581.4844: 0.1371922,-0.03485838,1.698398,273.9274
581.7067: 0.1320249,-0.03345799,1.69651,273.8383
581.9289: 0.1253169,-0.034003,1.694292,274.0219
582.1511: 0.1177132,-0.03431013,1.692789,274.4571
582.3734: 0.1064872,-0.02538825,1.693604,280.2094
582.5956: 0.1044667,0.03594888,1.675043,320.9691
582.8178: 0.1112296,0.1241613,1.673979,339.9678
583.04: 0.1391424,0.2717339,1.664377,3.13857
583.2622: 0.1471302,0.3895854,1.666635,24.46111
583.4844: 0.1368282,0.4898348,1.65268,53.37885
583.7067: 0.09323356,0.5956374,1.643968,73.90555
583.9289: 0.09002998,0.6915692,1.653558,86.8297
584.1511: 0.1433931,0.759486,1.64685,92.49336
584.3734: 0.2467482,0.8129872,1.650387,95.20956
584.5956: 0.3317954,0.8575221,1.66244,96.74127
584.8178: 0.3679537,0.8894259,1.66211,99.46378
585.04: 0.3663472,0.9177151,1.666697,102.2588
585.2622: 0.3621824,0.9403272,1.667776,103.9741
585.4844: 0.356852,0.9548544,1.66935,105.3866
585.7067: 0.3487351,0.9635533,1.669472,107.6332
585.9289: 0.3405923,0.9731548,1.669984,107.8579
586.1511: 0.3396099,0.9820299,1.671011,106.61
586.3734: 0.3442386,0.9884508,1.670786,104.8267
586.5956: 0.3437862,0.986172,1.668787,97.6107
586.8178: 0.3374677,1.006248,1.660425,70.60696
587.04: 0.2839983,1.032246,1.653886,3.192992
587.2622: 0.2672991,1.001282,1.663556,342.5934
587.4844: 0.2299582,1.03282,1.651635,344.5989
587.7067: 0.1374485,1.12713,1.63872,346.864
587.9289: 0.06164498,1.288421,1.669178,352.3363
588.1511: 0.049528,1.49795,1.621379,356.1811
588.3734: 0.07733865,1.753491,1.649211,353.8015
588.5956: 0.03073236,2.006962,1.67209,340.4773
588.8178: -0.05450572,2.252619,1.64005,326.6082
589.04: -0.1606678,2.48342,1.657812,306.0008
589.2622: -0.2724364,2.659305,1.633422,271.913
589.4844: -0.3793943,2.855949,1.6299,248.8575
589.7067: -0.5392076,3.020565,1.672713,247.4186
589.9289: -0.7570712,3.12365,1.645181,252.6672
590.1511: -0.9975026,3.182166,1.67242,258.6075
590.3734: -1.209398,3.228601,1.663001,256.1599
590.5956: -1.404465,3.214133,1.632431,221.0107
590.8178: -1.49587,3.162282,1.663174,191.3803
591.04: -1.53158,3.141515,1.657775,171.2959
591.2622: -1.603008,3.153306,1.655004,160.1876
591.4844: -1.626398,3.196506,1.66254,117.3591
591.7067: -1.653986,3.19437,1.666176,96.80346
591.9289: -1.666555,3.04443,1.652109,111.295
592.1511: -1.729555,2.795201,1.66386,163.6921
592.3734: -1.829116,2.577612,1.642647,188.5357
592.5956: -1.955894,2.343128,1.662541,193.6454
592.8178: -2.048413,2.115521,1.681674,195.5542
593.04: -2.123914,1.863436,1.636201,200.1307
593.2622: -2.192949,1.590241,1.673428,188.7606
593.4844: -2.300393,1.369073,1.646537,184.1941
593.7067: -2.447646,1.153281,1.626701,174.8513
593.9289: -2.562541,0.928352,1.666552,177.1684
594.1511: -2.649736,0.6937829,1.64081,194.7776
594.3734: -2.674471,0.4551782,1.668948,184.1712
594.5956: -2.722611,0.2410611,1.658656,177.875
594.8178: -2.802107,0.003639758,1.64242,181.6276
595.04: -2.842386,-0.2279363,1.665525,181.4477
595.2622: -2.835861,-0.4647142,1.634827,182.9868
595.4844: -2.806152,-0.7095942,1.660287,187.8441
595.7067: -2.819704,-0.9321007,1.657345,194.9776
595.9289: -2.85998,-1.164806,1.63223,197.2598
Trial Result: Success object: Plant | Time Spent: 17.03688
Trial No.:16 Ends
Trial No.:18 Begins
User confirmed on object: Harp, this maze officially starts.
615.7845: 1.732855,-1.316013,1.681844,3.926215
616.0067: 1.723106,-1.311364,1.691413,1.285484
616.2289: 1.722065,-1.306777,1.695232,0.2313459
616.4511: 1.734309,-1.28882,1.696259,0.08417439
616.6733: 1.752005,-1.281351,1.692724,4.568714
616.8956: 1.773364,-1.287187,1.682892,19.50889
617.1178: 1.786834,-1.287851,1.674478,31.00079
617.34: 1.800508,-1.281347,1.668454,36.9306
617.5623: 1.85855,-1.24943,1.657001,43.99515
617.7845: 1.965059,-1.228111,1.639664,33.17634
618.0067: 2.076012,-1.210956,1.643677,16.92272
618.2289: 2.167732,-1.155327,1.642281,14.95384
618.4511: 2.266416,-1.032303,1.622613,17.89647
618.6733: 2.373448,-0.8224269,1.654011,19.68519
618.8956: 2.461955,-0.6398685,1.655393,14.80934
619.1178: 2.567068,-0.4577618,1.635608,9.262103
619.34: 2.694469,-0.2772516,1.654972,2.717082
619.5623: 2.749136,-0.08410448,1.668492,355.8476
619.7845: 2.750209,0.137489,1.646623,351.9937
620.0067: 2.709954,0.3592829,1.661844,336.1392
620.2289: 2.691234,0.5468627,1.654797,309.6013
620.4511: 2.723307,0.7495245,1.64045,288.3378
620.6733: 2.742663,0.925213,1.673878,272.2616
620.8956: 2.729465,1.084348,1.652151,254.6028
621.1178: 2.701871,1.305486,1.664114,276.9337
621.34: 2.723073,1.549331,1.683693,316.4265
621.5623: 2.77293,1.767412,1.664018,338.8033
621.7845: 2.825408,1.984132,1.67715,342.3618
622.0067: 2.811876,2.170476,1.682261,339.2178
622.2289: 2.724204,2.344644,1.659616,314.7621
622.4511: 2.612613,2.541969,1.678048,302.0674
622.6733: 2.491003,2.709695,1.676665,290.4224
622.8956: 2.343363,2.892807,1.643983,276.9199
623.1178: 2.186205,3.019896,1.684782,250.3196
623.34: 2.021334,3.081575,1.660853,226.707
623.5623: 1.807158,3.128113,1.673926,229.2279
623.7845: 1.581785,3.221468,1.682779,254.5822
624.0067: 1.331801,3.310796,1.64501,262.0533
624.2289: 1.051147,3.39476,1.681946,265.2161
624.4511: 0.7971739,3.383747,1.680038,264.4933
624.6733: 0.5203042,3.312332,1.667659,259.2457
624.8956: 0.254751,3.295513,1.696788,259.7732
625.1178: 0.01427341,3.274988,1.650344,228.3291
625.34: -0.2016815,3.264371,1.656932,184.5813
625.5623: -0.3949887,3.238057,1.671989,165.7845
625.7845: -0.6546098,3.21078,1.650578,187.3916
626.0067: -0.913913,3.200655,1.678694,215.4075
626.2289: -1.129082,3.162311,1.658978,220.3471
626.4511: -1.37035,3.142054,1.66116,238.8682
626.6733: -1.56297,3.057695,1.668136,256.9431
626.8956: -1.709001,2.856721,1.645996,245.606
627.1178: -1.802746,2.600171,1.667201,206.2692
627.34: -1.889737,2.426018,1.652283,187.1509
627.5623: -1.976522,2.26055,1.657748,163.0034
627.7845: -1.999121,2.090832,1.654731,137.4864
628.0067: -2.001406,1.908614,1.634158,126.862
628.2289: -2.069976,1.680155,1.653276,171.9402
628.4511: -2.189266,1.521921,1.649638,218.5343
628.6733: -2.312921,1.373329,1.652565,231.0945
628.8956: -2.357908,1.150376,1.657458,172.6487
629.1178: -2.455075,0.9480305,1.628681,167.8897
629.34: -2.519368,0.725642,1.652181,166.8548
629.5623: -2.598517,0.5308321,1.656485,160.8966
Trial Result: Success object: Telescope | Time Spent: 14.01636
Trial No.:18 Ends
Trial No.:5 Begins
User confirmed on object: Table, this maze officially starts.
640.8289: -2.030272,2.058805,1.69354,95.52382
641.0511: -2.06224,2.056293,1.701969,95.9053
641.2734: -2.08977,2.037463,1.715844,94.52296
641.4955: -2.110734,2.019764,1.714345,97.78366
641.7178: -2.131736,2.017843,1.710127,100.0548
641.94: -2.143227,2.024872,1.709162,103.2416
642.1622: -2.135565,2.033535,1.70977,103.8028
642.3845: -2.107534,2.027274,1.70345,107.8712
642.6067: -2.066477,2.008151,1.685601,114.5741
642.8289: -2.020691,1.960509,1.670667,125.5318
643.0511: -1.974328,1.823205,1.647516,122.6969
643.2734: -1.903882,1.640064,1.633563,111.766
643.4955: -1.776243,1.475174,1.649244,109.1318
643.7178: -1.591503,1.329125,1.628759,104.0983
643.94: -1.399686,1.207607,1.660799,100.0091
644.1622: -1.211651,1.095054,1.647319,99.02732
644.3845: -1.006158,0.987806,1.652232,89.35503
644.6067: -0.8023577,0.9815249,1.66302,65.91715
644.8289: -0.6148828,1.032626,1.635846,42.14633
645.0511: -0.4313346,1.068678,1.66529,35.69185
645.2734: -0.2317323,0.9870147,1.66964,84.1675
645.4955: -0.09709901,0.8914824,1.672198,116.5099
645.7178: 0.03454385,0.8540223,1.677775,119.425
645.94: 0.1374699,0.8643098,1.676871,106.9875
646.1622: 0.2082821,0.8847573,1.67669,106.1022
646.3845: 0.3125907,0.8935485,1.659797,101.1573
646.6067: 0.4866064,0.9171414,1.621403,104.8105
646.8289: 0.7478535,0.9400266,1.66146,104.2899
Trial Result: Success object: Bookshelf | Time Spent: 6.252769
Trial No.:5 Ends
Trial No.:20 Begins
User confirmed on object: Well, this maze officially starts.
659.1067: 1.845071,-2.174845,1.680258,73.64877
659.3289: 1.833826,-2.1633,1.693962,73.50102
659.5511: 1.838398,-2.164703,1.696728,76.4161
659.7734: 1.839934,-2.183127,1.693152,86.69796
659.9955: 1.834864,-2.191361,1.690805,88.64112
660.2178: 1.836662,-2.183697,1.689116,84.23008
660.44: 1.843395,-2.176517,1.688065,78.77491
660.6622: 1.845973,-2.174732,1.688745,76.08382
660.8845: 1.830728,-2.1653,1.689181,64.95293
661.1067: 1.823387,-2.160429,1.686345,59.58525
661.3289: 1.829059,-2.163256,1.684221,62.53101
661.5511: 1.83277,-2.157222,1.680637,57.27389
661.7734: 1.836229,-2.155637,1.679377,55.56425
661.9955: 1.853645,-2.174234,1.676933,76.38525
662.2178: 1.873715,-2.17296,1.671083,81.81036
662.44: 1.896688,-2.153912,1.672481,79.93583
662.6622: 1.909482,-2.051757,1.65366,43.01025
662.8845: 1.879836,-1.909914,1.647133,14.88262
663.1067: 1.853448,-1.771403,1.647748,3.710562
663.3289: 1.861495,-1.684488,1.648253,358.3682
663.5511: 1.892963,-1.652843,1.643476,350.8124
663.7734: 1.937338,-1.64285,1.651714,341.8575
663.9955: 1.952106,-1.635602,1.641206,330.4102
664.2178: 1.937027,-1.645377,1.644805,311.2677
664.44: 1.920359,-1.645991,1.647448,299.3044
664.6622: 1.90578,-1.683374,1.648554,271.1366
664.8845: 1.928601,-1.725005,1.635726,245.4818
665.1067: 1.975444,-1.76855,1.628809,223.8795
665.3289: 2.012306,-1.781551,1.623233,213.9014
665.5511: 2.006691,-1.751006,1.624516,222.8048
665.7734: 1.980837,-1.675265,1.639367,255.8319
665.9955: 1.97222,-1.59271,1.639247,273.768
666.2178: 1.914891,-1.506814,1.629735,283.5181
666.44: 1.785815,-1.441326,1.635854,287.9052
666.6622: 1.652987,-1.383164,1.657998,284.843
666.8845: 1.535007,-1.303789,1.643148,282.4072
667.1067: 1.414238,-1.184329,1.627189,283.7951
667.3289: 1.263054,-1.071742,1.657553,284.0565
667.5511: 1.075198,-1.017823,1.645251,284.6583
667.7734: 0.8302555,-1.012181,1.637306,293.6199
667.9955: 0.6017361,-1.008696,1.665346,306.2061
668.2178: 0.3640203,-0.9966594,1.637865,306.8002
668.44: 0.0945599,-0.9754043,1.649108,287.0209
668.6622: -0.1587216,-0.9795348,1.656582,275.2619
668.8845: -0.4335184,-0.9912239,1.627716,271.3448
669.1067: -0.709857,-1.008628,1.672517,272.1984
669.3289: -0.9777814,-0.9852217,1.646429,271.6375
669.5511: -1.270425,-0.9373475,1.651111,266.7446
669.7734: -1.538016,-0.9547286,1.668376,251.0696
669.9955: -1.793777,-0.9827492,1.627637,251.8787
670.2178: -2.039533,-0.9490283,1.655637,295.381
670.44: -2.213119,-0.8856221,1.661107,330.5623
670.6622: -2.367524,-0.8052925,1.648453,353.5063
670.8845: -2.519721,-0.7122383,1.649582,10.48967
671.1067: -2.661051,-0.5912399,1.639691,23.21177
671.3289: -2.806,-0.4368266,1.640066,27.02256
671.5511: -2.872544,-0.2576253,1.660294,30.82116
671.7734: -2.878456,-0.06394193,1.635866,40.53977
671.9955: -2.862902,0.1230177,1.649357,52.76357
672.2178: -2.86741,0.3022709,1.644928,56.23884
672.44: -2.902602,0.5218194,1.642897,54.97657
672.6622: -2.885861,0.7054732,1.652659,68.02454
672.8845: -2.82677,0.7539949,1.644834,123.5583
673.1067: -2.738227,0.84381,1.658181,123.1695
673.3289: -2.584349,1.008083,1.665873,85.95017
673.5511: -2.427257,1.177995,1.645112,55.56081
673.7734: -2.256069,1.352694,1.647846,39.21293
673.9955: -2.117678,1.49311,1.638667,28.31745
674.2178: -1.973773,1.637009,1.615344,11.92414
674.44: -1.844113,1.794435,1.637214,346.1628
674.6622: -1.797075,1.991359,1.633029,337.4894
674.8845: -1.795179,2.226024,1.628944,359.0528
675.1067: -1.74627,2.39199,1.668023,50.55592
675.3289: -1.701555,2.546021,1.658446,68.8423
675.5511: -1.629711,2.688325,1.666679,80.04131
675.7734: -1.564326,2.844213,1.668967,86.88634
675.9955: -1.474854,3.013513,1.650728,93.76565
676.2178: -1.365526,3.183203,1.655059,102.8213
676.44: -1.208496,3.274421,1.656795,111.2027
676.6622: -1.006692,3.304321,1.651407,122.5427
676.8845: -0.7897408,3.303083,1.674885,128.994
677.1067: -0.5731505,3.301621,1.649716,142.1909
677.3289: -0.347588,3.308745,1.654472,159.3294
677.5511: -0.12902,3.285495,1.665441,161.2266
677.7734: 0.1281092,3.241178,1.63724,134.003
677.9955: 0.3877462,3.204051,1.668305,100.0078
678.2178: 0.6245581,3.190322,1.65773,95.73134
678.44: 0.8604567,3.177175,1.655968,113.8641
678.6622: 1.065727,3.149171,1.671325,128.6375
Trial Result: Success object: Piano | Time Spent: 19.91213
Trial No.:20 Ends
Trial No.:3 Begins
User confirmed on object: Piano, this maze officially starts.
702.1289: 1.787956,3.309384,1.670636,192.8806
702.3511: 1.79124,3.310227,1.692761,194.6446
702.5734: 1.803062,3.332127,1.71732,191.7491
702.7956: 1.798104,3.336963,1.720421,191.8598
703.0178: 1.789047,3.337661,1.718392,192.099
703.24: 1.789782,3.344759,1.71442,194.1097
703.4622: 1.796675,3.350572,1.714887,194.3143
703.6844: 1.783621,3.350096,1.713091,201.6158
703.9067: 1.713609,3.384742,1.707977,230.4394
704.1289: 1.631438,3.416666,1.688583,243.4044
704.3511: 1.525929,3.41625,1.680744,254.7092
704.5734: 1.383318,3.385163,1.666349,257.3207
704.7956: 1.181229,3.33857,1.671796,261.0296
705.0178: 0.9915298,3.311362,1.687214,263.7869
705.24: 0.7918201,3.317973,1.659499,268.0059
705.4622: 0.5618705,3.347556,1.676201,263.8327
705.6844: 0.3504046,3.343937,1.685785,263.1882
705.9067: 0.1304016,3.312598,1.660931,264.0732
706.1289: -0.1088059,3.260922,1.681687,266.9594
706.3511: -0.3433226,3.244924,1.681836,267.9028
706.5734: -0.6011952,3.245831,1.642901,263.8406
706.7956: -0.8517619,3.244824,1.676704,262.0115
707.0178: -1.0659,3.192008,1.666925,258.8229
707.24: -1.268332,3.107636,1.664788,259.9953
707.4622: -1.437525,2.9991,1.668231,238.4491
707.6844: -1.58742,2.902042,1.650477,216.5926
707.9067: -1.746558,2.839032,1.660455,199.8921
708.1289: -1.851321,2.731095,1.662496,186.9189
708.3511: -1.88149,2.548527,1.635274,177.2453
708.5734: -1.827711,2.317731,1.646949,157.511
708.7956: -1.814484,2.137615,1.640612,139.0714
709.0178: -1.889243,1.940668,1.628598,145.7403
709.24: -2.036748,1.731992,1.665224,178.6555
709.4622: -2.137015,1.532234,1.655227,200.932
709.6844: -2.210196,1.321677,1.638203,211.8738
709.9067: -2.26134,1.108734,1.657221,190.3802
710.1289: -2.367443,0.9347795,1.638982,180.2334
710.3511: -2.514543,0.7500712,1.617097,168.0526
710.5734: -2.614586,0.5563906,1.658289,168.5107
710.7956: -2.661414,0.3446286,1.62974,170.9775
711.0178: -2.689165,0.1039648,1.661135,180.6488
711.24: -2.737817,-0.1142162,1.660594,182.9443
711.4622: -2.788978,-0.3538985,1.621514,169.2244
711.6844: -2.802352,-0.58523,1.650411,138.1987
711.9067: -2.75012,-0.7515392,1.632134,95.26466
712.1289: -2.717458,-0.9457697,1.634717,84.23699
712.3511: -2.720531,-1.202786,1.654689,107.6924
712.5734: -2.78387,-1.487369,1.631153,149.7175
712.7956: -2.842833,-1.747537,1.655928,165.2429
713.0178: -2.834417,-1.981491,1.644596,168.1411
713.24: -2.770778,-2.221732,1.639433,160.9221
713.4622: -2.676776,-2.440659,1.658953,140.1887
713.6844: -2.587078,-2.642421,1.630398,123.4614
713.9067: -2.505314,-2.84133,1.61311,101.6498
714.1289: -2.372496,-2.987143,1.640687,81.54795
714.3511: -2.174502,-3.072488,1.610588,67.97426
714.5734: -1.974056,-3.094415,1.627174,50.72959
714.7956: -1.810368,-3.109662,1.619978,27.31624
715.0178: -1.628883,-3.16649,1.608236,14.63537
715.24: -1.473436,-3.17678,1.634356,355.3542
715.4622: -1.354817,-3.177244,1.621351,344.616
715.6844: -1.267539,-3.178973,1.644795,329.8844
Trial Result: Success object: Mailbox | Time Spent: 13.83747
Trial No.:3 Ends
Trial No.:4 Begins
User confirmed on object: Piano, this maze officially starts.
731.5178: 1.756555,3.23182,1.725924,186.7422
731.74: 1.758164,3.22886,1.725884,186.6507
731.9622: 1.757519,3.221346,1.726728,188.8112
732.1844: 1.737299,3.211417,1.729674,190.2583
732.4067: 1.690444,3.220899,1.722599,208.5076
732.6289: 1.664733,3.256996,1.711284,237.2991
732.8511: 1.668487,3.2753,1.702751,250.4154
733.0734: 1.698795,3.240227,1.711615,231.7726
733.2956: 1.756522,3.198217,1.725065,193.4501
733.5178: 1.787804,3.201792,1.730253,172.223
733.74: 1.779839,3.214964,1.733573,172.2004
733.9622: 1.767885,3.231147,1.745557,179.3813
734.1844: 1.761314,3.241332,1.750796,184.3017
734.4067: 1.756769,3.233682,1.746489,189.9562
734.6289: 1.744474,3.216668,1.738999,201.6609
734.8511: 1.777636,3.194066,1.731467,180.7101
735.0734: 1.814726,3.181179,1.720631,162.9012
735.2956: 1.846205,3.175572,1.699984,148.5798
735.5178: 1.864321,3.177376,1.6941,139.3909
735.74: 1.867876,3.167636,1.701037,137.4583
735.9622: 1.853061,3.139755,1.684586,133.2884
736.1844: 1.88472,3.099658,1.672181,121.8215
736.4067: 2.027797,3.089097,1.629332,96.91392
736.6289: 2.239107,2.996484,1.656813,123.8729
736.8511: 2.359299,2.871914,1.678019,148.7285
737.0734: 2.437246,2.734906,1.669257,157.6575
737.2956: 2.486639,2.559424,1.670469,160.3138
737.5178: 2.551458,2.395099,1.690009,167.4374
737.74: 2.648153,2.243708,1.66461,174.5849
737.9622: 2.738606,2.080793,1.663462,196.6961
738.1844: 2.750628,1.917517,1.66634,210.3248
738.4067: 2.65326,1.736875,1.664956,220.6961
738.6289: 2.501357,1.549863,1.689887,236.2814
738.8511: 2.337237,1.354787,1.656413,245.5921
739.0734: 2.148136,1.168234,1.653128,261.5212
739.2956: 1.928882,1.090357,1.683799,277.4296
739.5178: 1.68104,1.05455,1.648094,277.6016
739.74: 1.41758,1.028569,1.683394,271.676
739.9622: 1.156081,0.987128,1.648449,265.679
740.1844: 0.8903586,0.9410303,1.669744,256.3839
740.4067: 0.6500454,0.8920206,1.650983,241.4056
740.6289: 0.4070409,0.8500568,1.630937,224.8653
740.8511: 0.2071209,0.7554757,1.659546,211.0177
741.0734: 0.1226562,0.584936,1.629385,185.1493
741.2956: 0.1002503,0.4203518,1.631825,144.1811
741.5178: 0.03846645,0.2481135,1.63737,144.9387
741.74: -0.06217019,0.03171933,1.624164,174.986
741.9622: -0.1120517,-0.1787174,1.652519,180.4088
742.1844: -0.05758577,-0.3412288,1.65107,156.8063
742.4067: 0.03529042,-0.4743832,1.640945,116.9176
742.6289: 0.09794018,-0.6035217,1.646582,91.79967
742.8511: 0.1287427,-0.7118647,1.642425,77.99854
743.0734: 0.1309184,-0.8567098,1.629396,73.90221
743.2956: 0.1457575,-0.9657756,1.641141,72.4695
743.5178: 0.1718366,-0.9986057,1.646025,78.60402
743.74: 0.2517055,-1.001113,1.633677,92.24953
743.9622: 0.4154558,-0.9398149,1.626559,97.55729
744.1844: 0.6140385,-0.8701891,1.662431,105.9615
744.4067: 0.8018298,-0.8573817,1.650422,112.5049
744.6289: 1.004687,-0.861217,1.631698,95.91621
744.8511: 1.193938,-0.8458842,1.6523,71.14219
745.0734: 1.354616,-0.8186923,1.63078,61.89961
745.2956: 1.492441,-0.7759171,1.624141,54.1112
745.5178: 1.602406,-0.7415154,1.615568,47.41284
Trial Result: Success object: Harp | Time Spent: 14.23726
Trial No.:4 Ends
