Participant ID: 419
Maze Mode: testing
Trial No.:12 Begins
User confirmed on object: Trashcan, this maze officially starts.
137.32: 2.691659,0.9643631,1.688199,84.01694
137.5422: 2.685178,0.9856825,1.704856,84.2831
137.7645: 2.679165,0.9984748,1.717972,84.4745
137.9867: 2.656751,1.004228,1.748548,83.61714
138.2089: 2.628659,1.004151,1.756742,83.52518
138.4311: 2.614358,0.9876649,1.753003,93.70528
138.6533: 2.606505,0.963881,1.744079,109.635
138.8756: 2.60099,0.9601595,1.742522,110.7064
139.0978: 2.611258,0.9612943,1.731904,106.8699
139.32: 2.613522,0.9865758,1.71524,111.906
139.5422: 2.604468,1.005573,1.699061,129.9428
139.7645: 2.530439,0.9843982,1.68894,156.8359
139.9867: 2.408878,0.9652102,1.692614,183.0705
140.2089: 2.305277,0.9664824,1.690805,208.6239
140.4311: 2.255539,0.9812529,1.686828,233.3555
140.6533: 2.279506,0.9837321,1.679406,254.8588
140.8756: 2.318065,0.9726572,1.682046,273.8955
141.0978: 2.334242,0.987199,1.683008,282.0548
141.32: 2.303489,1.010282,1.689039,280.4687
141.5422: 2.218416,1.039559,1.690102,272.2808
141.7645: 2.111077,1.04899,1.698405,267.4855
141.9867: 1.963699,1.040816,1.69001,268.1601
142.2089: 1.785052,1.004246,1.713349,271.2845
142.4311: 1.596519,0.9893694,1.723505,272.9593
142.6533: 1.388652,1.016191,1.696965,272.8441
142.8756: 1.182974,1.049313,1.722007,272.2791
143.0978: 0.9809637,1.043028,1.718874,270.4983
143.32: 0.7637162,1.002794,1.702246,266.145
143.5422: 0.5592549,0.9744371,1.700672,255.485
143.7645: 0.3536707,0.9884137,1.674608,250.3014
143.9867: 0.1455142,1.030134,1.685313,254.5981
144.2089: -0.05339836,1.033952,1.688587,257.5117
144.4311: -0.2546254,1.011213,1.674275,264.0788
144.6533: -0.4644641,0.9937353,1.692011,273.3736
144.8756: -0.6866701,1.012993,1.671004,280.4085
145.0978: -0.9204582,1.058298,1.682945,285.3126
145.32: -1.130849,1.068722,1.684749,291.6913
145.5422: -1.322573,1.079387,1.659304,312.2751
145.7645: -1.454189,1.113645,1.677201,346.8066
145.9867: -1.563745,1.150762,1.668698,2.523561
146.2089: -1.671662,1.223141,1.668677,7.445898
146.4311: -1.766464,1.311912,1.676939,18.67339
146.6533: -1.848083,1.394103,1.660632,29.38356
146.8756: -1.892982,1.474913,1.67451,37.46073
147.0978: -1.888427,1.563657,1.665262,45.75865
147.32: -1.844057,1.658095,1.671304,50.44674
147.5422: -1.814467,1.748722,1.671834,56.75743
147.7645: -1.814124,1.821834,1.667962,63.18551
147.9867: -1.830126,1.877829,1.680039,71.00568
Trial Result: Success object: Table | Time Spent: 10.89481
Trial No.:12 Ends
Trial No.:4 Begins
User confirmed on object: Piano, this maze officially starts.
169.6978: 1.758246,3.13409,1.685804,176.4557
169.92: 1.746534,3.138093,1.710638,178.502
170.1422: 1.72071,3.150861,1.737467,177.1991
170.3644: 1.687407,3.158225,1.737915,180.6936
170.5867: 1.642552,3.167973,1.736619,189.2745
170.8089: 1.597427,3.167663,1.730533,196.8828
171.0311: 1.582712,3.146388,1.706197,203.2874
171.2533: 1.585097,3.139892,1.684164,225.5243
171.4756: 1.600431,3.134398,1.681642,234.3316
171.6978: 1.65063,3.084296,1.679707,200.3904
171.92: 1.739682,3.076768,1.661981,143.8974
172.1422: 1.772769,3.071578,1.646749,126.1702
172.3644: 1.837219,3.051259,1.613965,122.9177
172.5867: 1.96635,3.046722,1.594638,123.1752
172.8089: 2.097459,3.010636,1.626604,134.0723
173.0311: 2.195182,2.924497,1.660374,156.1702
173.2533: 2.282553,2.829353,1.665342,162.8748
173.4756: 2.382239,2.737423,1.673602,172.6633
173.6978: 2.497001,2.652583,1.665675,179.5407
173.92: 2.592316,2.546879,1.685223,184.1663
174.1422: 2.63779,2.397622,1.670244,188.0041
174.3644: 2.642554,2.197319,1.689721,190.4696
174.5867: 2.665728,1.999356,1.703732,193.5781
174.8089: 2.707749,1.792845,1.681844,194.6609
175.0311: 2.741526,1.600379,1.707815,194.2825
175.2533: 2.736732,1.418058,1.710788,195.3997
175.4756: 2.705434,1.216188,1.702027,189.7781
175.6978: 2.697779,1.018181,1.71275,185.2667
175.92: 2.72109,0.8087337,1.702132,186.0578
176.1422: 2.756167,0.5998911,1.712391,189.2441
176.3644: 2.759547,0.4144457,1.721078,192.7736
176.5867: 2.734498,0.2124306,1.701725,192.6737
176.8089: 2.716682,0.01460086,1.71439,194.3316
177.0311: 2.726938,-0.1827998,1.702595,199.9855
177.2533: 2.734624,-0.3575724,1.69789,213.4584
177.4756: 2.685122,-0.4860885,1.689139,242.619
177.6978: 2.603612,-0.5826125,1.67028,261.7523
177.92: 2.518991,-0.684608,1.680716,271.1778
178.1422: 2.434809,-0.7842213,1.681904,282.2226
178.3645: 2.344849,-0.8872787,1.677763,293.2008
178.5867: 2.26253,-0.9654185,1.691666,301.6744
178.8089: 2.180184,-1.002234,1.683025,310.0011
179.0311: 2.08364,-1.003312,1.689676,315.3113
Trial Result: Success object: Harp | Time Spent: 9.719007
Trial No.:4 Ends
Trial No.:1 Begins
User confirmed on object: Stove, this maze officially starts.
196.02: -2.534001,3.03211,1.694238,258.9982
196.2422: -2.537738,3.026869,1.712296,259.9325
196.4644: -2.548238,3.030394,1.723375,260.2631
196.6867: -2.544473,3.046672,1.724687,276.5445
196.9089: -2.518566,3.041138,1.722771,293.5889
197.1311: -2.505284,3.009302,1.720421,294.9539
197.3533: -2.504211,2.987492,1.720412,282.5192
197.5756: -2.511267,2.957331,1.710028,239.1792
197.7978: -2.445962,2.933408,1.67982,173.7896
198.02: -2.365383,2.960426,1.661126,135.8871
198.2422: -2.294157,2.947164,1.656487,126.0539
198.4644: -2.1977,2.890736,1.655616,130.5664
198.6867: -2.096846,2.80157,1.667026,147.2877
198.9089: -2.019251,2.669381,1.66122,157.1376
199.1311: -1.984231,2.500077,1.644798,161.0565
199.3533: -1.970876,2.325621,1.66713,159.718
199.5756: -1.941766,2.179322,1.681651,158.8173
199.7978: -1.892487,2.024962,1.665579,155.3509
200.02: -1.83554,1.868619,1.68113,148.3536
200.2422: -1.797596,1.708954,1.676592,139.2583
200.4644: -1.765485,1.52541,1.6533,128.654
200.6867: -1.70415,1.349379,1.685137,116.5452
200.9089: -1.611023,1.252386,1.703211,109.2309
201.1311: -1.498518,1.205603,1.707598,98.7429
201.3533: -1.372824,1.173896,1.732637,95.06109
201.5756: -1.238517,1.130764,1.738036,94.94984
201.7978: -1.071682,1.068119,1.727792,97.66173
202.02: -0.8984022,0.9979923,1.738506,97.95779
202.2422: -0.7411829,0.9503226,1.74265,103.1983
202.4644: -0.597196,0.9059685,1.693792,118.1194
202.6867: -0.4561241,0.8664099,1.644541,146.7356
202.9089: -0.3042498,0.8267885,1.659581,160.3418
203.1311: -0.1848981,0.7399369,1.656076,168.57
203.3533: -0.09609555,0.5754325,1.648503,174.7318
203.5756: -0.03888713,0.4066952,1.676919,176.998
203.7978: 0.009470547,0.2463372,1.696342,175.6909
204.02: 0.0536119,0.0778868,1.68432,169.2386
204.2422: 0.07835092,-0.08231358,1.699401,162.1211
204.4644: 0.07862701,-0.2627717,1.695951,151.1556
204.6867: 0.07672679,-0.4491235,1.681255,132.5921
204.9089: 0.1154047,-0.5929101,1.703928,111.1114
205.1311: 0.195818,-0.6866783,1.704945,95.87433
205.3533: 0.3213357,-0.7545718,1.697226,92.39396
205.5756: 0.4585876,-0.8176357,1.709161,90.07505
205.7978: 0.5988219,-0.905565,1.705728,98.40093
206.02: 0.7473282,-0.9989665,1.701285,102.7045
206.2422: 0.9064443,-1.059661,1.710385,108.7606
206.4644: 1.095673,-1.083825,1.684549,112.8103
206.6867: 1.285574,-1.099306,1.687784,119.4325
206.9089: 1.434782,-1.150506,1.700275,126.9091
207.1311: 1.553245,-1.248677,1.685341,129.7152
207.3533: 1.651614,-1.375654,1.702976,130.2075
207.5756: 1.737782,-1.457244,1.703202,131.9363
207.7978: 1.818322,-1.529017,1.691727,132.3838
208.02: 1.904717,-1.601116,1.689085,131.9179
Trial Result: Success object: Well | Time Spent: 12.32848
Trial No.:1 Ends
Trial No.:13 Begins
User confirmed on object: Telescope, this maze officially starts.
224.9089: -2.928599,0.02396126,1.718185,81.69299
225.1311: -2.929143,0.03050051,1.732612,83.92612
225.3533: -2.936305,0.03067611,1.745146,84.05326
225.5756: -2.950599,0.01131639,1.751183,96.38477
225.7978: -2.964875,-0.0127729,1.750433,113.8017
226.02: -2.960111,-0.01835295,1.744119,119.3736
226.2422: -2.937973,-0.03871051,1.695772,124.7981
226.4644: -2.92893,-0.1158846,1.667044,131.3603
226.6867: -2.921253,-0.2484929,1.648834,133.8538
226.9089: -2.905155,-0.3768941,1.664261,144.0077
227.1311: -2.877017,-0.4827267,1.693668,159.8648
227.3533: -2.817239,-0.5608693,1.699379,168.378
227.5756: -2.734285,-0.6318817,1.714043,173.4939
227.7978: -2.630011,-0.7231585,1.71369,158.8033
228.02: -2.496479,-0.807704,1.68732,116.9379
228.2422: -2.387868,-0.8855249,1.69109,89.148
228.4644: -2.270172,-0.9427279,1.708697,86.09587
228.6867: -2.128965,-0.9657714,1.719316,92.20207
228.9089: -1.966569,-0.9534052,1.741194,95.0751
229.1311: -1.790372,-0.9547784,1.747139,93.22489
229.3533: -1.591267,-0.9828415,1.729532,90.5863
229.5756: -1.389275,-1.016297,1.75678,89.60907
229.7978: -1.2057,-1.010573,1.76029,93.39491
230.02: -1.029988,-0.9692746,1.742861,97.31108
230.2422: -0.8674054,-0.930469,1.75685,97.79633
230.4644: -0.6865805,-0.9290299,1.742948,97.30537
230.6867: -0.4775228,-0.970923,1.743029,96.09474
230.9089: -0.2673099,-0.98913,1.7516,97.86912
231.1311: -0.05808402,-0.9782744,1.734353,98.76827
231.3533: 0.1376007,-0.945446,1.734262,102.5161
231.5756: 0.3264493,-0.9405684,1.746975,105.0997
231.7978: 0.5279186,-0.9685937,1.716112,105.5859
232.02: 0.7196856,-1.011302,1.730122,109.6169
232.2422: 0.9244508,-1.027282,1.715872,117.6476
232.4644: 1.128167,-1.024043,1.69563,120.8497
232.6867: 1.302638,-1.043783,1.710335,123.6647
232.9089: 1.450323,-1.111643,1.700673,129.2513
233.1311: 1.576352,-1.21976,1.70746,131.0678
233.3533: 1.695215,-1.305392,1.709092,135.0384
233.5756: 1.795605,-1.369213,1.69445,136.9963
233.7978: 1.877957,-1.420314,1.697528,141.2255
234.02: 1.942031,-1.501061,1.704438,139.8765
Trial Result: Success object: Well | Time Spent: 9.351151
Trial No.:13 Ends
Trial No.:15 Begins
User confirmed on object: Wheelbarrow, this maze officially starts.
245.02: 0.2145025,-0.02930382,1.726735,267.813
245.2422: 0.2188847,-0.01603662,1.754086,270.8197
245.4644: 0.2265585,0.01317104,1.757545,275.8259
245.6867: 0.2311172,0.03482568,1.75534,281.1411
245.9089: 0.2303847,0.04049229,1.747072,278.7168
246.1311: 0.2174204,-0.003834976,1.726409,247.1807
246.3533: 0.2482439,-0.05931411,1.695915,198.4813
246.5756: 0.2447517,-0.06765401,1.695186,192.7247
246.7978: 0.2120212,-0.09655847,1.67452,193.4269
247.02: 0.177345,-0.2014188,1.637862,213.846
247.2422: 0.1346757,-0.3289392,1.655889,235.3088
247.4644: 0.0680253,-0.4432502,1.678627,244.5709
247.6867: -0.02508747,-0.5328727,1.674014,251.4616
247.9089: -0.1159732,-0.6321595,1.684682,259.4146
248.1311: -0.2175183,-0.7939287,1.67078,241.7493
248.3533: -0.2873317,-0.9349067,1.682815,213.1595
248.5756: -0.3976991,-1.010197,1.68462,207.1189
248.7978: -0.5373051,-1.062241,1.669711,202.6446
249.02: -0.6701494,-1.136245,1.703099,189.3083
249.2422: -0.7448667,-1.222219,1.713168,180.9108
249.4644: -0.793445,-1.350696,1.709907,178.0093
249.6867: -0.8143229,-1.523836,1.712955,178.7175
249.9089: -0.8348044,-1.719471,1.723783,179.3276
250.1311: -0.8587784,-1.916247,1.706952,179.2797
250.3533: -0.9021758,-2.114013,1.698241,187.9403
250.5756: -0.9527813,-2.305523,1.694533,224.1373
250.7978: -0.9675434,-2.487857,1.663537,247.1244
251.02: -0.9661781,-2.66345,1.677716,261.0207
251.2422: -0.9961077,-2.772684,1.692749,273.7332
251.4644: -1.078887,-2.846137,1.686568,281.0714
251.6867: -1.207054,-2.880188,1.697465,291.0043
251.9089: -1.310105,-2.915007,1.70097,304.9879
252.1311: -1.409016,-2.95643,1.689963,317.6716
Trial Result: Success object: Mailbox | Time Spent: 7.497026
Trial No.:15 Ends
Trial No.:10 Begins
User confirmed on object: Bookshelf, this maze officially starts.
269.6311: 1.72838,1.142238,1.725341,179.8158
269.8533: 1.735141,1.155915,1.749431,180.7297
270.0756: 1.727201,1.165468,1.753397,184.3199
270.2978: 1.701888,1.174115,1.74698,199.2954
270.52: 1.670772,1.182766,1.732693,217.2308
270.7422: 1.64109,1.173682,1.71647,234.4653
270.9644: 1.554984,1.175085,1.67985,258.4813
271.1867: 1.405517,1.187525,1.665413,265.7416
271.4089: 1.251596,1.16837,1.686368,260.1808
271.6311: 1.104982,1.104748,1.694279,242.0507
271.8533: 0.9397382,1.028627,1.692798,238.1441
272.0756: 0.7604208,0.975618,1.708889,236.5329
272.2978: 0.5753048,0.9553745,1.695171,232.6997
272.52: 0.3759836,0.9585719,1.697738,225.6335
272.7422: 0.156108,0.9629919,1.723097,240.2711
272.9644: -0.06949089,0.9558119,1.696355,259.6432
273.1867: -0.2741008,0.9360809,1.712958,269.7413
273.4089: -0.46731,0.9501172,1.719652,276.2648
273.6311: -0.6725516,0.9962569,1.716829,278.9512
273.8533: -0.8880174,1.023478,1.739874,279.5502
274.0756: -1.113878,1.013989,1.727541,274.4175
274.2978: -1.332261,0.9773091,1.733503,263.9183
274.52: -1.534058,0.9681404,1.746927,257.8726
274.7422: -1.763404,0.9801638,1.71117,250.7713
274.9644: -1.992504,0.9627573,1.704962,227.4728
275.1867: -2.166327,0.9012519,1.690372,206.1616
275.4089: -2.337177,0.8053788,1.676459,202.4753
275.6311: -2.467378,0.704596,1.688742,192.2144
275.8533: -2.589208,0.5926279,1.685462,182.3489
276.0756: -2.70566,0.4673147,1.692156,174.9349
276.2978: -2.771284,0.3035577,1.715442,177.7956
276.52: -2.782524,0.1108274,1.698334,179.8227
276.7422: -2.787157,-0.07648811,1.720925,182.0395
276.9644: -2.800354,-0.2665935,1.717044,183.1906
277.1867: -2.833404,-0.4812668,1.714746,182.1599
277.4089: -2.836346,-0.6871074,1.730263,185.9499
277.6311: -2.807855,-0.8911229,1.7086,188.6936
277.8533: -2.777224,-1.07456,1.716146,195.793
278.0756: -2.774112,-1.242722,1.714086,203.5184
278.2978: -2.806,-1.420499,1.692414,207.7439
278.52: -2.84083,-1.583307,1.701296,215.3312
Trial Result: Success object: Plant | Time Spent: 9.295382
Trial No.:10 Ends
Trial No.:20 Begins
User confirmed on object: Well, this maze officially starts.
296.1089: 1.685969,-2.032744,1.758453,85.55862
296.3311: 1.689387,-2.047869,1.766718,96.08319
296.5533: 1.711758,-2.069341,1.761511,102.0258
296.7756: 1.73682,-2.052526,1.744074,85.46857
296.9978: 1.738309,-1.976914,1.711508,34.22012
297.22: 1.75517,-1.930829,1.68728,8.623083
297.4422: 1.790284,-1.866757,1.640582,8.170608
297.6645: 1.822807,-1.737188,1.610283,12.7958
297.8867: 1.840444,-1.560586,1.621748,17.57833
298.1089: 1.896444,-1.403649,1.629932,20.91102
298.3311: 2.018036,-1.252415,1.622046,22.37488
298.5533: 2.176446,-1.109279,1.643168,21.59824
298.7756: 2.302084,-0.9740157,1.673897,17.75479
298.9978: 2.408844,-0.8197998,1.676887,12.67203
299.22: 2.495896,-0.6377904,1.694171,9.172978
299.4422: 2.558019,-0.4693667,1.712661,359.0459
299.6645: 2.628492,-0.2814043,1.694092,350.1815
299.8867: 2.684731,-0.07321328,1.711657,340.7759
300.1089: 2.696045,0.1297012,1.71115,338.705
300.3311: 2.683045,0.3485479,1.700728,340.4593
300.5533: 2.685775,0.5401497,1.715819,342.2074
300.7756: 2.703447,0.7484436,1.698913,344.2691
300.9978: 2.73875,0.9624178,1.702395,341.7924
301.22: 2.741035,1.164109,1.715124,341.6862
301.4422: 2.719168,1.37063,1.690446,342.9306
301.6645: 2.705854,1.571673,1.696439,349.6895
301.8867: 2.712807,1.772482,1.694095,353.2574
302.1089: 2.744007,2.008438,1.676173,352.6103
302.3311: 2.747335,2.227538,1.695443,352.5863
302.5533: 2.689203,2.425174,1.678205,338.2053
302.7756: 2.583195,2.584415,1.657846,312.3812
302.9978: 2.494009,2.698251,1.655411,280.1739
303.22: 2.428788,2.819016,1.634164,258.7798
303.4422: 2.365051,2.930853,1.659925,243.121
303.6645: 2.283226,2.976573,1.665174,229.6959
303.8867: 2.206774,2.981919,1.663331,223.2779
304.1089: 2.117387,2.988799,1.676689,217.729
Trial Result: Success object: Piano | Time Spent: 8.351185
Trial No.:20 Ends
Trial No.:5 Begins
User confirmed on object: Table, this maze officially starts.
320.1422: -2.002393,2.007244,1.730594,93.52006
320.3644: -1.998608,1.994652,1.74715,93.62258
320.5867: -1.990989,1.977429,1.74927,93.01528
320.8089: -1.976861,1.961901,1.742244,95.0457
321.0311: -1.952285,1.936768,1.70711,103.1069
321.2533: -1.914952,1.881,1.681397,125.2018
321.4756: -1.892406,1.789606,1.671485,138.0867
321.6978: -1.873502,1.64143,1.651547,134.6021
321.92: -1.835399,1.467711,1.685424,115.4058
322.1422: -1.778699,1.353996,1.70152,100.6877
322.3644: -1.682759,1.267794,1.698984,98.07365
322.5867: -1.537982,1.209434,1.694298,94.17406
322.8089: -1.365218,1.160618,1.718726,90.39891
323.0311: -1.187395,1.10504,1.722404,87.09821
323.2533: -0.9892975,1.021094,1.711991,91.61736
323.4756: -0.782276,0.9723426,1.728639,95.31332
323.6978: -0.5808284,0.9732897,1.722651,98.13023
323.92: -0.3793609,1.004725,1.70815,98.69817
324.1422: -0.1820667,1.015044,1.722805,99.78843
324.3644: 0.02295229,0.996056,1.698797,100.1109
324.5867: 0.2349361,0.96074,1.707334,99.03087
324.8089: 0.4320145,0.9586089,1.72007,100.7359
325.0311: 0.6297876,0.9762211,1.692551,102.7766
325.2533: 0.8047485,0.9918983,1.704392,108.9692
325.4756: 0.9630134,0.9808971,1.696089,115.0731
325.6978: 1.136925,0.9405412,1.676226,117.4117
325.92: 1.29407,0.9002412,1.684431,122.444
Trial Result: Success object: Bookshelf | Time Spent: 6.118601
Trial No.:5 Ends
Trial No.:23 Begins
User confirmed on object: Chair, this maze officially starts.
338.2867: 0.8489596,-3.222372,1.746884,1.302331
338.5089: 0.844366,-3.217906,1.761894,13.90578
338.7311: 0.8557165,-3.213023,1.759301,23.2819
338.9533: 0.875304,-3.204564,1.74193,32.20138
339.1756: 0.9249502,-3.18638,1.679633,50.82812
339.3978: 1.005442,-3.161826,1.666353,58.12798
339.62: 1.142882,-3.113881,1.637459,49.79418
339.8422: 1.337186,-3.044243,1.640356,27.23204
340.0645: 1.505961,-2.952777,1.659685,21.43387
340.2867: 1.595697,-2.834651,1.672633,14.46847
340.5089: 1.634679,-2.676045,1.685255,9.234664
340.7311: 1.673154,-2.502251,1.712855,3.415394
340.9533: 1.737833,-2.337549,1.718405,359.1547
341.1756: 1.829127,-2.156138,1.711831,359.1586
341.3978: 1.882521,-1.969641,1.71568,2.436554
341.62: 1.913776,-1.762805,1.675991,11.06778
341.8422: 1.931052,-1.549507,1.666962,19.13971
342.0645: 1.988742,-1.373778,1.673512,19.67431
342.2867: 2.108578,-1.209937,1.649424,16.59846
342.5089: 2.281392,-1.025048,1.676074,8.855518
342.7311: 2.398728,-0.8501279,1.701077,4.931672
342.9533: 2.47835,-0.6803208,1.68261,4.035554
343.1756: 2.531723,-0.4954582,1.706638,3.813401
343.3978: 2.531723,-0.4954582,1.706638,3.813401
343.62: 2.636342,-0.06492719,1.674998,352.8418
343.8422: 2.630461,0.06678511,1.704071,351.882
344.0645: 2.6155,0.1245486,1.703778,353.4348
344.2867: 2.623978,0.1474502,1.697396,358.4357
344.5089: 2.647069,0.1334612,1.687273,3.956896
344.7311: 2.658764,0.1184956,1.68217,3.387218
344.9533: 2.616317,0.1201261,1.661997,323.6715
345.1756: 2.605872,0.121252,1.656253,294.3581
345.3978: 2.627046,0.1440311,1.654127,297.1942
345.62: 2.693326,0.2027741,1.661371,342.0613
345.8422: 2.751505,0.2291132,1.671139,14.21801
346.0645: 2.736242,0.2917027,1.679918,1.730023
346.2867: 2.699653,0.4100804,1.676813,349.7852
346.5089: 2.66121,0.5369135,1.69793,354.1054
346.7311: 2.640435,0.6554142,1.706832,356.8675
346.9533: 2.65287,0.7815176,1.685238,356.7786
347.1756: 2.70415,0.9604213,1.690474,355.2706
347.3978: 2.745429,1.14804,1.700529,351.4475
347.62: 2.748854,1.335473,1.692322,350.4376
347.8422: 2.734849,1.539505,1.684028,349.3862
348.0645: 2.727048,1.738935,1.692232,346.6546
348.2867: 2.733363,1.95104,1.670601,342.3462
348.5089: 2.746771,2.16561,1.68035,332.6228
348.7311: 2.715826,2.352345,1.686253,323.2569
348.9533: 2.644514,2.515799,1.660192,311.857
349.1756: 2.554735,2.643641,1.662949,296.8026
349.3978: 2.464414,2.743689,1.653205,266.4231
349.62: 2.388575,2.862653,1.648431,241.8727
349.8422: 2.303329,2.955987,1.686813,229.8467
350.0645: 2.231047,3.003836,1.692293,222.2296
350.2867: 2.149127,3.010819,1.70749,214.1338
350.5089: 2.070506,3.022079,1.716338,204.8032
Trial Result: Success object: Piano | Time Spent: 12.45713
Trial No.:23 Ends
Trial No.:7 Begins
User confirmed on object: Plant, this maze officially starts.
366.1756: -2.503416,-2.006539,1.77454,270.4206
366.3978: -2.498627,-2.017743,1.770905,272.1486
366.62: -2.511038,-2.012586,1.768449,272.7664
366.8422: -2.521961,-2.003834,1.762576,274.4975
367.0645: -2.538465,-1.967444,1.753151,288.3282
367.2867: -2.515521,-1.860737,1.722675,336.4936
367.5089: -2.449928,-1.741184,1.703252,13.87082
367.7311: -2.387819,-1.634196,1.695114,38.46489
367.9533: -2.373233,-1.53561,1.691594,51.90081
368.1756: -2.375027,-1.435323,1.675774,69.11162
368.3978: -2.387387,-1.32653,1.680177,83.34937
368.62: -2.371621,-1.24827,1.699396,90.2005
368.8422: -2.285989,-1.185747,1.706489,93.32773
369.0645: -2.129058,-1.148733,1.711485,91.07353
369.2867: -1.948607,-1.138533,1.743831,88.44409
369.5089: -1.7591,-1.128664,1.739684,88.38386
369.7311: -1.543531,-1.100294,1.719699,87.85546
369.9533: -1.333827,-1.087749,1.736887,87.1633
370.1756: -1.143289,-1.092244,1.738305,87.08206
370.3978: -0.9179739,-1.104902,1.72712,81.55184
370.62: -0.7127266,-1.095883,1.74179,76.2531
370.8422: -0.5118987,-1.072298,1.722138,75.8643
371.0645: -0.3089246,-1.037497,1.723941,80.89549
371.2867: -0.1196895,-1.021599,1.73702,84.66416
371.5089: 0.08669493,-1.022256,1.709316,85.35641
371.7311: 0.2961884,-1.037091,1.722014,87.31156
371.9533: 0.5032355,-1.042401,1.733824,89.67297
372.1756: 0.718503,-1.032962,1.711967,92.55853
372.3978: 0.9240055,-1.012675,1.731274,89.89181
372.62: 1.127932,-1.010539,1.72188,88.64771
372.8422: 1.354321,-1.028065,1.718658,83.92691
373.0645: 1.575922,-1.021528,1.730085,75.96407
373.2867: 1.794246,-0.9877555,1.706862,65.59734
373.5089: 1.988421,-0.9359016,1.70502,56.53842
373.7311: 2.161097,-0.8853035,1.708428,40.67426
373.9533: 2.351386,-0.8169711,1.684103,24.56424
374.1756: 2.504568,-0.7222079,1.700035,13.27933
374.3978: 2.590017,-0.591332,1.690912,9.782032
374.62: 2.637041,-0.4322967,1.695947,12.35875
374.8422: 2.685228,-0.2748398,1.706601,14.22277
375.0645: 2.744266,-0.0989112,1.688463,16.53496
375.2867: 2.814704,0.08447206,1.693671,16.56016
375.5089: 2.839721,0.2508054,1.694655,20.02916
375.7311: 2.827203,0.4046698,1.676728,26.65737
Trial Result: Success object: Trashcan | Time Spent: 9.951084
Trial No.:7 Ends
Trial No.:3 Begins
User confirmed on object: Piano, this maze officially starts.
393.7978: 1.819113,3.121782,1.695739,181.5964
394.02: 1.808596,3.111439,1.711855,185.0866
394.2422: 1.794199,3.104009,1.737479,185.3315
394.4644: 1.781589,3.108133,1.742206,187.5552
394.6867: 1.774423,3.109997,1.742939,190.2122
394.9089: 1.772974,3.095355,1.738829,186.891
395.1311: 1.821786,3.057676,1.703208,154.6105
395.3533: 1.926524,3.077568,1.655286,119.9845
395.5756: 2.072999,3.075186,1.632277,121.7055
395.7978: 2.218905,3.041507,1.630066,133.0653
396.02: 2.32317,2.946849,1.645736,160.4816
396.2422: 2.396724,2.818492,1.645166,178.1679
396.4644: 2.472002,2.676166,1.667994,182.3153
396.6867: 2.538018,2.525712,1.676402,187.0173
396.9089: 2.609466,2.348827,1.664404,191.5549
397.1311: 2.652228,2.168316,1.689688,198.8034
397.3533: 2.643148,1.979394,1.686128,201.4096
397.5756: 2.590765,1.781402,1.683688,203.772
397.7978: 2.557405,1.596197,1.701186,214.1077
398.02: 2.538509,1.423092,1.677787,237.1342
398.2422: 2.554357,1.272961,1.680414,262.4136
398.4644: 2.558264,1.099212,1.69066,265.1053
398.6867: 2.554641,0.8545153,1.683119,235.7054
398.9089: 2.580748,0.6053355,1.697332,198.4608
399.1311: 2.617893,0.3933828,1.69401,185.9229
399.3533: 2.646119,0.1847971,1.672175,190.7013
399.5756: 2.655287,-0.002228568,1.701203,201.5299
399.7978: 2.635216,-0.187936,1.696036,208.5025
400.02: 2.580956,-0.3704503,1.691846,212.0094
400.2422: 2.533155,-0.5394074,1.70187,224.9603
400.4644: 2.49803,-0.7073507,1.688849,234.9561
400.6867: 2.463281,-0.8543695,1.690112,232.3903
400.9089: 2.379693,-0.9973828,1.668797,212.8454
401.1311: 2.231724,-1.136707,1.666427,191.0976
401.3533: 2.095572,-1.287758,1.692942,181.3152
401.5756: 2.013149,-1.45502,1.696965,186.9633
401.7978: 1.970616,-1.635531,1.696526,199.3907
402.02: 1.925172,-1.81949,1.709579,204.1574
402.2422: 1.853452,-2.025643,1.6939,207.1996
402.4644: 1.766708,-2.222753,1.694867,214.2146
402.6867: 1.708931,-2.400987,1.696659,233.2556
402.9089: 1.672849,-2.57831,1.676273,254.5784
403.1311: 1.640051,-2.725445,1.704046,268.294
403.3533: 1.571763,-2.83377,1.711915,272.9563
403.5756: 1.413948,-2.907526,1.7023,275.1422
403.7978: 1.191378,-2.958388,1.727901,278.9172
404.02: 0.9807628,-3.015393,1.749327,284.1271
404.2422: 0.7611606,-3.078407,1.712843,285.7894
404.4644: 0.5491125,-3.1186,1.745366,285.9641
404.6867: 0.3328228,-3.117297,1.73166,285.8707
404.9089: 0.1032834,-3.087665,1.734181,283.3684
405.1311: -0.1186673,-3.086521,1.753137,286.096
405.3533: -0.3373012,-3.105381,1.716963,290.5591
405.5756: -0.5356573,-3.123597,1.726497,295.3164
405.7978: -0.7107546,-3.115898,1.729307,298.3106
406.02: -0.897755,-3.077734,1.701116,299.8126
406.2422: -1.066777,-3.040263,1.715638,302.5679
406.4644: -1.204536,-3.037374,1.715068,306.9638
Trial Result: Success object: Mailbox | Time Spent: 13.02649
Trial No.:3 Ends
Trial No.:22 Begins
User confirmed on object: Mailbox, this maze officially starts.
423.3422: -1.766141,-3.139174,1.77461,16.91489
423.5645: -1.763201,-3.122483,1.778298,14.16905
423.7867: -1.754681,-3.102669,1.776777,7.323978
424.0089: -1.705315,-3.075086,1.745076,16.93954
424.2311: -1.586578,-3.075294,1.706441,35.35894
424.4533: -1.417957,-3.091793,1.684971,43.76747
424.6756: -1.237245,-3.09669,1.71169,46.81103
424.8978: -1.099662,-3.067739,1.70257,51.65025
425.12: -0.9953178,-2.984234,1.691745,55.42413
425.3422: -0.9540004,-2.818616,1.701536,40.78429
425.5645: -0.9425554,-2.647642,1.70936,7.943573
425.7867: -0.8990253,-2.498287,1.700414,352.598
426.0089: -0.8306667,-2.35787,1.699715,349.4764
426.2311: -0.8038967,-2.201229,1.712157,349.1935
426.4533: -0.8117774,-2.018828,1.70334,355.8729
426.6756: -0.8101302,-1.837031,1.699743,18.74742
426.8978: -0.7724974,-1.666067,1.699032,41.43869
427.12: -0.7086341,-1.504538,1.686423,50.84801
427.3422: -0.6429321,-1.353485,1.703248,58.84978
427.5645: -0.5963659,-1.205586,1.689264,65.08789
427.7867: -0.5454075,-1.084618,1.701574,66.27578
428.0089: -0.442316,-0.9830947,1.686311,58.20589
428.2311: -0.2968649,-0.9034977,1.67848,47.09603
428.4533: -0.1347313,-0.8588728,1.699156,63.38317
428.6756: -0.03071724,-0.8554919,1.705915,105.3983
428.8978: 0.006191381,-0.8049955,1.702457,118.022
429.12: 0.03592864,-0.6966367,1.703439,98.57965
429.3422: 0.01794923,-0.503769,1.692588,44.10019
429.5645: -0.02207485,-0.3644515,1.694711,8.130816
429.7867: -0.004533214,-0.2315841,1.687563,359.8802
430.0089: 0.04457518,-0.09366851,1.6899,0.4394574
430.2311: 0.06722724,0.04377287,1.687191,9.411025
430.4533: 0.07838875,0.190802,1.670777,27.84656
430.6756: 0.07031781,0.3587146,1.677916,45.65243
430.8978: 0.08619847,0.5143979,1.693328,60.44521
431.12: 0.1400424,0.6426913,1.680685,74.19613
431.3422: 0.2292955,0.7525593,1.690731,84.66655
431.5645: 0.3120872,0.8672765,1.682514,95.4185
431.7867: 0.3860466,0.9554548,1.679157,104.6743
432.0089: 0.4997162,0.9792519,1.678592,110.2408
432.2311: 0.6564687,0.9521503,1.677496,113.3309
432.4533: 0.8230652,0.9291782,1.709311,112.7227
432.6756: 0.9727702,0.9278802,1.701771,113.3242
432.8978: 1.12455,0.943787,1.683506,119.384
433.12: 1.272592,0.9527259,1.698469,123.7112
Trial Result: Success object: Bookshelf | Time Spent: 10.0286
Trial No.:22 Ends
Trial No.:16 Begins
User confirmed on object: Wheelbarrow, this maze officially starts.
444.6534: 0.2982069,-0.03407506,1.760124,271.6044
444.8756: 0.2772474,-0.02634183,1.765574,276.1908
445.0978: 0.2540582,0.003613243,1.760465,285.111
445.32: 0.2425023,0.03700297,1.748604,296.1063
445.5422: 0.212381,0.0355412,1.709658,285.6039
445.7645: 0.1765252,-0.04036344,1.689645,237.4559
445.9867: 0.1703826,-0.1002078,1.666018,205.3136
446.2089: 0.1600629,-0.1810282,1.657232,204.296
446.4311: 0.1433683,-0.3045374,1.675391,225.6487
446.6534: 0.09879114,-0.423099,1.695876,246.6576
446.8756: 0.01759767,-0.561726,1.691953,251.1907
447.0978: -0.09993786,-0.6864846,1.695686,252.5145
447.32: -0.215393,-0.7884151,1.718798,260.6447
447.5422: -0.3514917,-0.8954428,1.706159,268.8446
447.7645: -0.4993986,-0.972363,1.738682,272.1774
447.9867: -0.669576,-0.9872943,1.732495,269.5482
448.2089: -0.8552532,-0.9666098,1.733255,264.4107
448.4311: -1.043936,-0.9695233,1.743507,264.1592
448.6534: -1.247576,-0.9951326,1.716503,258.4955
448.8756: -1.453042,-1.025198,1.727046,254.1822
449.0978: -1.640404,-1.027894,1.728558,251.1599
449.32: -1.843557,-1.010216,1.707712,245.7333
449.5422: -2.033318,-1.010909,1.7271,238.305
449.7645: -2.186903,-1.061475,1.729726,230.4107
449.9867: -2.318839,-1.156894,1.726392,228.6637
450.2089: -2.427588,-1.251628,1.732909,225.2075
450.4311: -2.539616,-1.341057,1.722613,223.4192
450.6534: -2.665146,-1.413934,1.7169,222.4136
450.8756: -2.752852,-1.49765,1.729957,222.6638
Trial Result: Success object: Plant | Time Spent: 6.463522
Trial No.:16 Ends
Trial No.:18 Begins
User confirmed on object: Harp, this maze officially starts.
466.5756: 1.732808,-1.106677,1.717821,2.015263
466.7978: 1.737872,-1.076494,1.719873,5.364904
467.02: 1.760831,-1.06288,1.723011,7.47209
467.2422: 1.780637,-1.082823,1.757923,5.529046
467.4644: 1.813488,-1.105762,1.767329,359.4028
467.6867: 1.90303,-1.12897,1.754425,353.8191
467.9089: 2.06155,-1.125271,1.722053,13.7472
468.1311: 2.196965,-1.108267,1.705865,37.85179
468.3533: 2.285415,-1.025884,1.686211,40.10936
468.5756: 2.330951,-0.8886547,1.693716,28.7146
468.7978: 2.379837,-0.759878,1.691121,12.18805
469.02: 2.469392,-0.6269542,1.669736,0.9964819
469.2422: 2.580191,-0.4897425,1.686469,355.775
469.4644: 2.653159,-0.3270821,1.702372,357.7366
469.6867: 2.682446,-0.1505386,1.692126,358.3979
469.9089: 2.695669,0.01376879,1.694635,3.725922
470.1311: 2.706517,0.1728026,1.681458,352.8654
470.3533: 2.687042,0.331929,1.662725,309.6575
470.5756: 2.666151,0.4632512,1.682268,283.0818
470.7978: 2.617925,0.6160136,1.681922,299.9065
471.02: 2.499171,0.7016609,1.682022,281.754
471.2422: 2.355022,0.7784351,1.702668,272.2736
471.4644: 2.19843,0.8525975,1.700921,264.8501
471.6867: 2.010013,0.9551961,1.693826,263.783
471.9089: 1.806592,1.031597,1.716149,264.5977
472.1311: 1.592135,1.049111,1.711167,267.6376
472.3533: 1.371794,1.027496,1.707062,269.7808
472.5756: 1.186164,1.016088,1.733467,268.6269
472.7978: 0.97726,1.014647,1.706124,261.2267
473.02: 0.758289,1.009939,1.71039,244.5646
473.2422: 0.5435586,0.9934019,1.718504,241.5778
473.4644: 0.3062514,0.9786488,1.693559,261.6861
473.6867: 0.1039516,0.9750768,1.710709,279.8251
473.9089: -0.09876902,0.975586,1.698517,284.1674
474.1311: -0.3222776,1.00426,1.697358,285.9415
474.3533: -0.5321512,1.007593,1.710902,290.2829
474.5756: -0.7421785,1.001169,1.69403,293.2458
474.7978: -0.9333744,0.9999633,1.693087,300.8111
475.02: -1.100872,1.026619,1.694434,317.2748
475.2422: -1.264802,1.094924,1.659281,335.1804
475.4644: -1.418545,1.172068,1.671948,347.5262
475.6867: -1.553258,1.198985,1.677832,356.3434
475.9089: -1.745138,1.151686,1.658958,320.7213
476.1311: -1.913654,0.9711764,1.665186,238.3806
476.3533: -1.984723,0.8836299,1.663659,189.7843
476.5756: -2.123016,0.8656083,1.651284,181.2332
476.7978: -2.299121,0.8663819,1.653961,174.1142
477.02: -2.422027,0.8359927,1.676538,168.4505
477.2422: -2.463622,0.7727436,1.68456,163.3829
477.4644: -2.461145,0.6932792,1.675233,158.7454
477.6867: -2.470819,0.6005206,1.685667,157.4529
Trial Result: Success object: Telescope | Time Spent: 11.47211
Trial No.:18 Ends
Trial No.:19 Begins
User confirmed on object: Well, this maze officially starts.
491.5978: 1.726866,-1.974397,1.766407,92.46108
491.82: 1.74574,-1.990751,1.770842,92.40807
492.0422: 1.763047,-2.036998,1.765398,100.5149
492.2645: 1.783685,-2.057329,1.748968,97.86729
492.4867: 1.791542,-1.993616,1.714695,48.78677
492.7089: 1.754164,-1.942539,1.687463,354.6538
492.9311: 1.752742,-1.872871,1.676335,345.4394
493.1534: 1.740781,-1.782441,1.668959,341.0994
493.3756: 1.744533,-1.732605,1.673581,339.5164
493.5978: 1.777982,-1.701449,1.652622,335.2234
493.82: 1.781374,-1.643614,1.619188,321.4461
494.0422: 1.734874,-1.544827,1.601103,311.3732
494.2645: 1.63692,-1.404754,1.624888,306.9412
494.4867: 1.544268,-1.305881,1.625686,294.0621
494.7089: 1.443709,-1.206881,1.623143,287.0989
494.9311: 1.324262,-1.096534,1.619888,276.3382
495.1534: 1.185868,-1.037837,1.637551,269.2891
495.3756: 1.033112,-1.013411,1.679736,277.7606
495.5978: 0.8696162,-1.018003,1.696339,285.7794
495.82: 0.7026662,-1.004274,1.713364,293.5952
496.0422: 0.5215244,-0.973987,1.703435,297.1743
496.2645: 0.3236899,-0.9350961,1.712553,292.8343
496.4867: 0.1267061,-0.9479053,1.724359,283.1102
496.7089: -0.07098842,-0.9923591,1.706518,271.8126
496.9311: -0.2683466,-1.027427,1.71361,270.7366
497.1534: -0.4604126,-1.022787,1.726394,272.89
497.3756: -0.6784111,-0.9863924,1.70097,272.337
497.5978: -0.9015892,-0.962068,1.720716,268.406
497.82: -1.117462,-0.9754857,1.720813,268.6492
498.0422: -1.342482,-1.004205,1.702943,273.4082
498.2645: -1.545715,-0.9954783,1.721814,287.7134
498.4867: -1.749783,-0.9577856,1.692617,301.4728
498.7089: -1.958627,-0.8972837,1.698227,307.272
498.9311: -2.158711,-0.8473295,1.703022,325.6809
499.1534: -2.343072,-0.8103908,1.681936,345.1657
499.3756: -2.472365,-0.7486666,1.714531,356.3563
499.5978: -2.543012,-0.6277351,1.708108,5.216552
499.82: -2.569928,-0.4435892,1.715246,9.494905
500.0422: -2.606934,-0.2565807,1.722746,14.17688
500.2645: -2.6459,-0.06114071,1.710058,17.27213
500.4867: -2.680805,0.1386477,1.70104,25.22268
500.7089: -2.676944,0.3232576,1.72217,33.13165
500.9311: -2.621287,0.5020825,1.696841,37.41751
501.1534: -2.529027,0.6764612,1.706884,41.40162
501.3756: -2.457929,0.8347082,1.717002,46.07117
501.5978: -2.39187,0.9934618,1.695782,47.24361
501.82: -2.331522,1.144116,1.693708,50.66049
502.0422: -2.258396,1.26929,1.697599,49.4506
502.2645: -2.147992,1.388549,1.679991,47.19749
502.4867: -1.994472,1.500396,1.687142,49.126
502.7089: -1.889299,1.582917,1.692596,50.14058
Trial Result: Success object: Table | Time Spent: 11.45052
Trial No.:19 Ends
Trial No.:2 Begins
User confirmed on object: Stove, this maze officially starts.
519.72: -2.488381,3.05872,1.727284,258.6427
519.9423: -2.493299,3.056883,1.732449,261.4587
520.1644: -2.503585,3.044763,1.732352,262.4222
520.3867: -2.516809,3.039453,1.726095,259.1944
520.6089: -2.523892,3.028097,1.710779,231.4622
520.8311: -2.470061,3.011658,1.6851,172.5072
521.0533: -2.393135,3.063454,1.668916,124.8534
521.2756: -2.335612,3.07972,1.664335,111.8064
521.4978: -2.240836,3.084103,1.661849,107.9469
521.72: -2.113462,3.094465,1.674412,105.416
521.9423: -1.983085,3.087791,1.677089,103.1746
522.1644: -1.852643,3.051579,1.679689,101.1758
522.3867: -1.71373,2.994839,1.692593,99.72775
522.6089: -1.555624,2.961563,1.700679,100.431
522.8311: -1.369411,2.972031,1.67891,103.3876
523.0533: -1.164817,3.007145,1.681755,109.8853
523.2756: -0.9821818,2.997376,1.694942,117.4728
523.4978: -0.7966413,2.947119,1.658113,125.301
523.72: -0.6275439,2.88254,1.674793,135.8761
523.9423: -0.4692472,2.828613,1.672179,148.2452
524.1644: -0.3043151,2.769085,1.65968,163.8525
524.3867: -0.1690124,2.695518,1.683297,173.7552
524.6089: -0.09173436,2.567829,1.680259,175.932
524.8311: -0.07101612,2.378789,1.686535,171.9504
525.0533: -0.05483112,2.190097,1.704966,172.2562
525.2756: -0.0346164,2.005724,1.701657,179.2138
525.4978: -0.004333498,1.818475,1.690313,184.2263
525.72: 0.0009144377,1.639273,1.7007,185.0302
525.9423: -0.03201735,1.44051,1.681617,189.2376
526.1644: -0.07886831,1.235341,1.685912,190.5346
526.3867: -0.08472601,1.048846,1.6989,191.3671
526.6089: -0.06165907,0.8699634,1.67496,192.3638
526.8311: -0.03289051,0.7086697,1.68351,199.0874
527.0533: -0.03296063,0.5727751,1.684163,205.4636
527.2756: -0.06201305,0.4340908,1.678059,210.4554
Trial Result: Success object: Wheelbarrow | Time Spent: 7.87496
Trial No.:2 Ends
Trial No.:11 Begins
User confirmed on object: Trashcan, this maze officially starts.
542.5867: 2.544455,0.9602022,1.750226,84.74068
542.8089: 2.55419,0.9628327,1.750846,84.02789
543.0311: 2.565018,0.9370631,1.749026,86.90398
543.2534: 2.576979,0.8828896,1.731485,112.2236
543.4756: 2.565449,0.8607818,1.699477,165.6262
543.6978: 2.531196,0.9038028,1.672325,215.8112
543.92: 2.479862,0.9752536,1.669942,247.4492
544.1422: 2.418316,1.049405,1.682349,270.126
544.3644: 2.341739,1.096066,1.686988,276.4849
544.5867: 2.217988,1.118361,1.699455,273.9185
544.8089: 2.059457,1.108051,1.722135,272.5158
545.0311: 1.880644,1.065334,1.71124,270.9637
545.2534: 1.704691,1.017427,1.727755,272.9803
545.4756: 1.521254,1.012762,1.732016,272.2685
545.6978: 1.323765,1.036954,1.714521,264.8029
545.92: 1.121352,1.049974,1.729813,259.9923
546.1422: 0.9026755,1.049675,1.706988,264.8864
546.3644: 0.6883893,1.044364,1.70732,278.0101
546.5867: 0.5107763,1.048586,1.710887,286.335
546.8089: 0.3058776,1.062304,1.684582,288.5247
547.0311: 0.08943172,1.060465,1.690674,277.253
547.2534: -0.1158444,1.027591,1.696684,264.9382
547.4756: -0.3291305,0.9966412,1.672737,265.3076
547.6978: -0.5264903,0.9974213,1.682763,279.6331
547.92: -0.7206843,1.026135,1.67224,295.3562
548.1422: -0.9264967,1.074678,1.678704,300.2496
548.3644: -1.123171,1.091998,1.680818,307.485
548.5867: -1.310918,1.10976,1.657906,328.4169
548.8089: -1.475919,1.109414,1.662096,344.3749
549.0311: -1.638035,1.120609,1.662323,345.4944
549.2534: -1.867392,1.146168,1.65078,311.2858
549.4756: -2.084603,1.105078,1.667708,253.7805
549.6978: -2.208096,1.034928,1.66368,208.3996
549.92: -2.301749,0.9704535,1.645942,184.0413
550.1422: -2.407335,0.8893247,1.663669,176.5865
550.3644: -2.505201,0.8196788,1.669917,161.2876
550.5867: -2.601882,0.7801784,1.67492,147.5814
550.8089: -2.652594,0.7333673,1.686155,140.529
551.0311: -2.662998,0.6660278,1.681588,138.0548
551.2534: -2.643102,0.5906709,1.694727,138.3806
Trial Result: Success object: Telescope | Time Spent: 9.051115
Trial No.:11 Ends
Trial No.:21 Begins
User confirmed on object: Mailbox, this maze officially starts.
565.82: -1.792279,-3.160156,1.774627,8.192795
566.0422: -1.790106,-3.146788,1.780565,9.235617
566.2645: -1.766599,-3.127197,1.774929,9.617965
566.4867: -1.688336,-3.112326,1.744686,32.48281
566.7089: -1.538962,-3.135209,1.701913,68.98826
566.9312: -1.396285,-3.153898,1.699557,84.13411
567.1533: -1.281755,-3.120151,1.70257,81.03667
567.3755: -1.207059,-3.002269,1.663575,39.81231
567.5978: -1.149324,-2.877101,1.63244,14.80039
567.82: -1.068611,-2.745894,1.64645,13.04315
568.0422: -0.9816682,-2.60866,1.647498,10.4299
568.2645: -0.8946617,-2.468874,1.654118,6.269536
568.4867: -0.8523613,-2.311985,1.675461,4.961761
568.7089: -0.8454525,-2.131574,1.664608,7.863444
568.9312: -0.8357767,-1.94005,1.693489,20.59287
569.1533: -0.7948501,-1.751107,1.695964,29.82162
569.3755: -0.7240582,-1.572209,1.686167,38.64647
569.5978: -0.6591963,-1.425077,1.702693,57.00995
569.82: -0.6142313,-1.284848,1.691466,74.87901
570.0422: -0.5699476,-1.156335,1.705207,81.755
570.2645: -0.4743214,-1.082472,1.710421,83.3648
570.4867: -0.3385299,-1.042113,1.702946,82.0132
570.7089: -0.2185149,-0.9754568,1.719577,68.01867
570.9312: -0.1688923,-0.8479141,1.6856,26.45623
571.1533: -0.1436115,-0.7085652,1.656914,5.034715
571.3755: -0.1157755,-0.5490861,1.672067,6.515245
571.5978: -0.08368174,-0.3984483,1.671778,6.280303
571.82: -0.01697507,-0.2182783,1.654981,10.507
572.0422: 0.05982899,-0.02402952,1.677032,17.52149
572.2645: 0.09408794,0.1461001,1.678036,25.41808
572.4867: 0.1104352,0.3301489,1.651642,39.32653
572.7089: 0.1191927,0.5196134,1.66657,58.78421
572.9312: 0.1723141,0.6632152,1.684536,75.74142
573.1533: 0.2675617,0.7510729,1.678996,85.34792
573.3755: 0.4121303,0.7994565,1.685716,89.82808
573.5978: 0.5591102,0.8507081,1.697194,93.86092
573.82: 0.7244771,0.9007162,1.707693,91.48735
574.0422: 0.9035083,0.9502889,1.707384,88.38899
574.2645: 1.0811,0.9688765,1.722046,90.26841
574.4867: 1.266337,0.9557178,1.705347,92.13258
574.7089: 1.458538,0.9193907,1.705185,90.55794
574.9312: 1.637973,0.9165049,1.715109,91.27738
575.1533: 1.806356,0.9466493,1.692449,86.96702
575.3755: 1.964172,0.9896635,1.688282,90.51449
575.5978: 2.105719,1.017721,1.693998,92.17958
575.82: 2.254542,1.023462,1.678936,91.55029
576.0422: 2.41877,1.001093,1.69028,87.84726
576.2645: 2.546722,0.9994669,1.698518,87.65451
Trial Result: Success object: Trashcan | Time Spent: 10.71605
Trial No.:21 Ends
Trial No.:9 Begins
User confirmed on object: Bookshelf, this maze officially starts.
593.8644: 1.753075,1.136746,1.743669,185.1336
594.0867: 1.753963,1.1405,1.751407,189.6293
594.3089: 1.730729,1.139502,1.750526,201.632
594.5311: 1.697874,1.144774,1.737365,218.7193
594.7534: 1.664739,1.15502,1.69956,241.9045
594.9756: 1.651676,1.143636,1.690289,248.8484
595.1978: 1.633329,1.121191,1.688825,255.8366
595.42: 1.56363,1.10926,1.675336,270.4592
595.6422: 1.408825,1.123455,1.656512,277.1597
595.8644: 1.250026,1.130403,1.669466,281.4677
596.0867: 1.089065,1.105211,1.673586,282.1293
596.3089: 0.9184089,1.064518,1.662928,285.2571
596.5311: 0.7554193,1.047484,1.691826,288.8445
596.7534: 0.6012943,1.082237,1.681811,297.0925
596.9756: 0.4632704,1.177016,1.67227,311.5861
597.1978: 0.3368364,1.27668,1.649649,331.3585
597.42: 0.2075936,1.377741,1.610523,347.6024
597.6422: 0.110255,1.48609,1.621105,354.2368
597.8644: 0.07399786,1.64242,1.625138,358.5136
598.0867: 0.0789187,1.835243,1.635062,352.0392
598.3089: 0.05826518,2.018003,1.654522,344.5218
598.5311: 0.01364009,2.202432,1.644635,335.8148
598.7534: -0.05975562,2.385697,1.65979,327.8571
598.9756: -0.1326092,2.539601,1.66395,309.134
599.1978: -0.2041449,2.704009,1.652469,289.8908
599.42: -0.2930216,2.842075,1.67691,274.8122
599.6422: -0.4298521,2.924478,1.691349,268.2632
599.8644: -0.5908242,2.971092,1.694985,266.9255
600.0867: -0.7566257,3.008002,1.707113,265.8167
600.3089: -0.9556477,3.051515,1.691303,264.0931
600.5311: -1.167793,3.106479,1.701026,260.0642
600.7534: -1.380091,3.12649,1.715337,260.6724
600.9756: -1.58627,3.123339,1.68707,264.0498
601.1978: -1.767548,3.118637,1.697438,265.61
601.42: -1.977554,3.119818,1.684089,266.0944
601.6422: -2.175014,3.127351,1.682736,264.6625
601.8644: -2.328211,3.117103,1.694019,265.0696
602.0867: -2.463884,3.090193,1.674217,265.6692
602.3089: -2.571045,3.058409,1.681598,267.2267
Trial Result: Success object: Stove | Time Spent: 8.718124
Trial No.:9 Ends
Trial No.:6 Begins
User confirmed on object: Table, this maze officially starts.
621.3644: -1.998672,2.095562,1.739258,97.3933
621.5867: -1.986464,2.088868,1.744651,100.4048
621.8089: -1.978227,2.048237,1.742857,113.6213
622.0311: -1.980837,2.009907,1.736155,127.5255
622.2534: -1.970786,1.968435,1.704107,141.3577
622.4756: -1.975208,1.903596,1.679272,161.5196
622.6978: -2.003473,1.781295,1.65437,171.5121
622.92: -2.012616,1.638812,1.655808,174.7568
623.1422: -1.946508,1.50765,1.641474,155.1795
623.3644: -1.823808,1.413107,1.620544,120.7412
623.5867: -1.686395,1.322399,1.623983,113.6703
623.8089: -1.576031,1.247661,1.639773,108.546
624.0311: -1.436832,1.1555,1.645641,103.3162
624.2534: -1.290043,1.059487,1.659779,101.7575
624.4756: -1.126284,1.015941,1.68201,101.3204
624.6978: -0.945573,1.013685,1.668802,103.8276
624.92: -0.766548,1.001127,1.686654,117.1187
625.1422: -0.6108165,0.9469538,1.686188,134.1731
625.3644: -0.4613519,0.8593266,1.681057,144.2258
625.5867: -0.3340241,0.7695495,1.688648,157.1845
625.8089: -0.2160921,0.6697717,1.690903,169.7131
626.0311: -0.1061256,0.5612754,1.682954,180.0475
626.2534: -0.0454833,0.4409005,1.688905,189.983
626.4756: -0.04104037,0.2865269,1.677236,192.078
626.6978: -0.05691087,0.1105706,1.677314,180.6587
626.92: -0.01702231,-0.04907491,1.644524,149.1046
627.1422: 0.02094499,-0.2080888,1.626141,143.442
627.3644: 0.06864244,-0.361577,1.636944,142.9624
627.5867: 0.09409526,-0.5065147,1.647543,136.7458
627.8089: 0.03368472,-0.6781793,1.646863,157.8723
628.0311: -0.1204522,-0.8278053,1.668693,198.3515
628.2534: -0.2397734,-0.9233035,1.672149,221.6236
628.4756: -0.3229378,-1.02327,1.658199,227.7051
628.6978: -0.4064803,-1.123196,1.657971,221.4087
628.92: -0.5355726,-1.233025,1.641742,208.7688
629.1422: -0.6627079,-1.349954,1.661795,185.4795
629.3644: -0.7377796,-1.472221,1.679514,173.3182
629.5867: -0.7704087,-1.608073,1.684409,171.4846
629.8089: -0.7722486,-1.774741,1.697926,171.1616
630.0311: -0.7768897,-1.955313,1.697264,167.812
630.2534: -0.7902503,-2.152246,1.673338,158.2904
630.4756: -0.7930841,-2.351771,1.679137,136.9881
630.6978: -0.7452257,-2.515074,1.691144,113.6862
630.92: -0.6666268,-2.644394,1.678626,93.65522
631.1422: -0.5733399,-2.763534,1.693919,85.47228
631.3644: -0.4704224,-2.886251,1.700064,76.26969
631.5867: -0.3509416,-3.025923,1.685435,67.31618
631.8089: -0.2274984,-3.109207,1.708863,61.20716
632.0311: -0.09404482,-3.120313,1.704785,55.5081
632.2534: 0.0536749,-3.073075,1.708311,50.93678
632.4756: 0.1860622,-3.033484,1.716144,45.64408
632.6978: 0.3137512,-3.015315,1.705673,39.7262
632.92: 0.4504315,-3.013245,1.702311,29.99467
Trial Result: Success object: Chair | Time Spent: 11.88319
Trial No.:6 Ends
Trial No.:14 Begins
User confirmed on object: Telescope, this maze officially starts.
654.9534: -2.708157,0.0924764,1.752368,101.9908
655.1756: -2.711794,0.09250972,1.759367,105.3272
655.3978: -2.710555,0.09036809,1.762314,106.7706
655.62: -2.704213,0.07297683,1.760528,114.0392
655.8422: -2.70209,0.0134694,1.731741,132.6137
656.0645: -2.734902,-0.1136636,1.707935,139.0073
656.2867: -2.763829,-0.2745338,1.70176,138.511
656.5089: -2.751264,-0.4124862,1.695768,140.9262
656.7311: -2.681078,-0.5187364,1.685569,131.3219
656.9534: -2.557956,-0.5951012,1.702136,113.1853
657.1756: -2.444276,-0.6708827,1.708226,96.44341
657.3978: -2.328701,-0.7674618,1.70484,90.38457
657.62: -2.211496,-0.8856816,1.714892,89.56233
657.8422: -2.06412,-0.9641637,1.720182,95.86848
658.0645: -1.888805,-0.9893606,1.706842,106.8528
658.2867: -1.700137,-0.994429,1.70493,128.5114
658.5089: -1.536939,-1.012386,1.710673,143.0358
658.7311: -1.372231,-1.05075,1.686627,149.7466
658.9534: -1.209611,-1.108066,1.693342,162.7559
659.1756: -1.036362,-1.116313,1.69534,171.6142
659.3978: -0.805406,-1.059191,1.682844,143.8253
659.62: -0.5903137,-0.960686,1.702746,95.57842
659.8422: -0.3998972,-0.9314637,1.698101,76.76709
660.0645: -0.187546,-0.968899,1.696043,77.01273
660.2867: 0.01713851,-0.9959356,1.721155,79.57075
660.5089: 0.2016051,-1.004598,1.715466,93.03583
660.7311: 0.3838359,-0.9896187,1.705688,103.4738
660.9534: 0.5517702,-0.9754549,1.722104,109.8196
661.1756: 0.7031122,-0.9586537,1.707856,102.6575
661.3978: 0.7889555,-0.8843819,1.69035,52.57086
661.62: 0.7154262,-0.8243932,1.696925,337.7707
661.8422: 0.6145326,-0.8313198,1.692004,300.5106
662.0645: 0.4743705,-0.8085003,1.69089,298.1716
662.2867: 0.3071368,-0.771403,1.692164,302.9903
662.5089: 0.2012675,-0.709352,1.690598,309.27
662.7311: 0.1255411,-0.6015078,1.674616,309.1581
662.9534: 0.04853385,-0.439651,1.67627,306.2566
663.1756: -0.008777585,-0.3257405,1.686132,304.5928
Trial Result: Success object: Wheelbarrow | Time Spent: 8.540909
Trial No.:14 Ends
Trial No.:8 Begins
User confirmed on object: Plant, this maze officially starts.
680.9312: -2.549349,-2.037565,1.771065,280.4446
681.1533: -2.558735,-2.0395,1.777682,280.5938
681.3755: -2.571538,-2.018978,1.774689,284.2847
681.5978: -2.573427,-1.977822,1.764686,302.889
681.82: -2.551487,-1.926032,1.739869,341.6485
682.0422: -2.519708,-1.895105,1.72196,13.76475
682.2645: -2.492363,-1.852667,1.721193,21.10735
682.4867: -2.48135,-1.77976,1.714913,20.30971
682.7089: -2.493272,-1.668603,1.70658,25.0577
682.9312: -2.50874,-1.544182,1.689715,41.83557
683.1533: -2.538404,-1.422088,1.704726,60.6602
683.3755: -2.529979,-1.320444,1.715961,73.49059
683.5978: -2.449355,-1.244989,1.714474,84.93612
683.82: -2.309555,-1.201147,1.724807,89.87548
684.0422: -2.162183,-1.158363,1.742675,91.23996
684.2645: -1.993437,-1.112311,1.741023,89.44774
684.4867: -1.811245,-1.06292,1.738624,90.31384
684.7089: -1.633763,-1.048184,1.755618,89.21812
684.9312: -1.444569,-1.065567,1.731711,90.32182
685.1533: -1.245989,-1.089505,1.7405,87.84819
685.3755: -1.05185,-1.076272,1.746693,86.33385
685.5978: -0.848704,-1.040979,1.718335,84.94646
685.82: -0.6546027,-1.010134,1.734425,86.53952
686.0422: -0.4654313,-1.009538,1.734222,87.15367
686.2645: -0.2654843,-1.038832,1.719473,83.83282
686.4867: -0.0781762,-1.045287,1.731492,81.8159
686.7089: 0.1072424,-1.021509,1.723108,81.67759
686.9312: 0.2943573,-0.9771661,1.716653,83.58306
687.1533: 0.4753995,-0.9529476,1.72595,82.80766
687.3755: 0.6663564,-0.9568029,1.704452,79.88013
687.5978: 0.8520583,-0.9730061,1.708191,72.58277
687.82: 1.019758,-0.9516637,1.715249,64.53541
688.0422: 1.164545,-0.9087642,1.686646,57.15319
688.2645: 1.28985,-0.8731457,1.692855,53.55692
Trial Result: Success object: Harp | Time Spent: 7.762777
Trial No.:8 Ends
Trial No.:24 Begins
User confirmed on object: Chair, this maze officially starts.
701.4756: 0.7987655,-3.147383,1.762406,11.34082
701.6978: 0.8013376,-3.134782,1.76664,11.21633
701.92: 0.8252839,-3.114485,1.758524,12.75876
702.1422: 0.888458,-3.097281,1.741167,31.32707
702.3644: 1.00186,-3.113241,1.704645,48.20522
702.5867: 1.154407,-3.132497,1.692885,49.50739
702.8089: 1.302215,-3.132404,1.707813,47.35068
703.0311: 1.404393,-3.073925,1.714747,31.64124
703.2534: 1.483398,-2.959468,1.710008,14.16815
703.4756: 1.562944,-2.813419,1.719425,8.14476
703.6978: 1.644533,-2.685033,1.724548,7.082975
703.92: 1.747009,-2.535851,1.712259,7.856158
704.1422: 1.853795,-2.380849,1.718378,7.076271
704.3644: 1.902474,-2.202348,1.727364,3.342964
704.5867: 1.902083,-2.010552,1.696306,359.0069
704.8089: 1.902552,-1.816795,1.706818,6.920585
705.0311: 1.936277,-1.652465,1.713647,12.53868
705.2534: 2.008265,-1.50714,1.700519,15.37725
705.4756: 2.10365,-1.357193,1.70577,21.55032
705.6978: 2.195255,-1.214694,1.707619,29.55832
705.92: 2.273213,-1.059749,1.696005,30.90686
706.1422: 2.343666,-0.9106876,1.71323,27.75619
706.3644: 2.434294,-0.7778687,1.70488,20.81644
706.5867: 2.55051,-0.6450155,1.700576,15.33129
706.8089: 2.645708,-0.4983646,1.710493,12.6153
707.0311: 2.687167,-0.336427,1.7145,13.80238
707.2534: 2.684758,-0.1652955,1.696855,16.5021
707.4756: 2.685629,-0.004690707,1.707906,21.93944
707.6978: 2.717311,0.1555937,1.690159,25.3748
707.92: 2.775205,0.3101223,1.68915,28.64926
708.1422: 2.808478,0.4566809,1.69112,34.29113
708.3644: 2.819161,0.5830305,1.678797,41.82664
708.5867: 2.804327,0.702117,1.675039,53.43757
Trial Result: Success object: Trashcan | Time Spent: 7.363234
Trial No.:24 Ends
Trial No.:17 Begins
User confirmed on object: Harp, this maze officially starts.
731.9978: 1.775364,-1.205616,1.764093,1.777085
732.22: 1.764782,-1.200369,1.768698,1.867156
732.4423: 1.770493,-1.191705,1.764285,5.621836
732.6645: 1.786005,-1.18167,1.747786,12.95069
732.8867: 1.768631,-1.149624,1.716329,358.8008
733.1089: 1.689503,-1.138466,1.690646,306.1103
733.3311: 1.611269,-1.167303,1.680694,270.7065
733.5533: 1.498019,-1.191875,1.681021,271.7286
733.7756: 1.365,-1.20051,1.695357,281.6471
733.9978: 1.219061,-1.154183,1.699973,290.0196
734.22: 1.065679,-1.073088,1.690705,293.0103
734.4423: 0.9051048,-1.00655,1.712681,291.5241
734.6645: 0.7280275,-0.9744202,1.709882,295.1739
734.8867: 0.5396106,-0.9568974,1.687791,308.0265
735.1089: 0.3912075,-0.8899015,1.706596,324.4451
735.3311: 0.2938159,-0.7724364,1.691737,337.4459
735.5533: 0.2261868,-0.6334368,1.693542,348.0812
735.7756: 0.1602174,-0.4961962,1.70712,355.8092
735.9978: 0.07968927,-0.3434828,1.694846,353.4327
736.22: 0.008533848,-0.1876673,1.714118,351.2176
736.4423: -0.004485078,-0.01732611,1.72303,348.2782
736.6645: 0.02312143,0.1696754,1.704001,343.1409
736.8867: 0.02687628,0.3490505,1.715273,332.8053
737.1089: -0.002996396,0.5182303,1.709205,324.8027
737.3311: -0.02591625,0.6988608,1.695998,340.7921
737.5533: 0.01333755,0.8409249,1.711255,17.0745
737.7756: 0.07721809,0.8996044,1.692153,53.03944
737.9978: 0.1198038,0.9258367,1.694766,82.33055
738.22: 0.1316698,0.9655315,1.683268,102.4532
738.4423: 0.1695593,0.9967374,1.683907,109.7725
738.6645: 0.2764433,0.9987551,1.676975,106.2449
738.8867: 0.45213,0.9989479,1.678511,76.5272
739.1089: 0.600052,0.9764124,1.710032,78.20124
739.3311: 0.722383,0.9702764,1.692532,85.33865
739.5533: 0.7818329,0.9695871,1.711879,87.45688
739.7756: 0.7807096,0.9673212,1.701385,73.22678
739.9978: 0.7116257,1.021124,1.685646,26.24709
740.22: 0.5411936,1.057718,1.691045,338.8223
740.4423: 0.3690085,1.079304,1.677816,313.4596
740.6645: 0.2111774,1.141253,1.682621,312.5125
740.8867: 0.117862,1.279713,1.685535,327.9982
741.1089: 0.1038615,1.469754,1.653373,348.8972
741.3311: 0.1154561,1.680986,1.67196,355.2272
741.5533: 0.07706094,1.883596,1.69338,354.9845
741.7756: 0.01263397,2.092135,1.665507,349.0423
741.9978: -0.06428779,2.285855,1.673633,338.0591
742.22: -0.1195654,2.480208,1.668215,324.7794
742.4423: -0.1814221,2.679935,1.661537,307.1064
742.6645: -0.2891513,2.796612,1.692504,280.8828
742.8867: -0.4252328,2.861715,1.6905,265.8939
743.1089: -0.6028092,2.916142,1.702053,263.7273
743.3311: -0.7925192,2.971813,1.715719,262.1824
743.5533: -1.00193,3.045683,1.690341,262.0224
743.7756: -1.214911,3.104448,1.713632,261.6411
743.9978: -1.431007,3.103312,1.715421,263.3568
744.22: -1.64184,3.073085,1.693037,264.8874
744.4423: -1.833477,3.060176,1.712526,266.8026
744.6645: -2.026357,3.065936,1.68837,266.4478
744.8867: -2.203905,3.07914,1.690924,264.7721
745.1089: -2.347067,3.066496,1.697718,267.3553
745.3311: -2.460631,3.035995,1.676945,268.9736
745.5533: -2.536283,3.013357,1.686302,270.4922
Trial Result: Success object: Stove | Time Spent: 13.91607
Trial No.:17 Ends
