Participant ID: 420
Maze Mode: testing
Trial No.:4 Begins
User confirmed on object: Piano, this maze officially starts.
91.88445: 1.901127,3.173093,1.869292,183.4059
92.10667: 1.899168,3.176826,1.878023,182.0773
92.32889: 1.894916,3.18767,1.899017,179.2998
92.55112: 1.867871,3.194802,1.901023,188.8772
92.77334: 1.826296,3.205961,1.894653,205.8875
92.99556: 1.798856,3.221491,1.891099,215.729
93.21778: 1.805382,3.217606,1.891186,206.4373
93.44: 1.852635,3.198406,1.887842,176.5292
93.66222: 1.861232,3.180754,1.881099,169.563
93.88445: 1.872567,3.155798,1.856681,159.2594
94.10667: 1.913128,3.123571,1.818486,147.0766
94.32889: 2.011102,3.082864,1.815167,143.7466
94.55112: 2.164993,3.021591,1.826488,150.2742
94.77334: 2.309558,2.943379,1.854609,157.254
94.99556: 2.40468,2.805273,1.863687,164.8073
95.21778: 2.479388,2.598909,1.843278,169.0258
95.44: 2.539535,2.367915,1.87624,177.2954
95.66222: 2.616134,2.153419,1.884984,187.4457
95.88445: 2.704097,1.889822,1.878945,198.6736
96.10667: 2.736983,1.631518,1.915114,204.7125
96.32889: 2.749812,1.354405,1.873453,195.1233
96.55112: 2.728348,1.041536,1.890257,190.6932
96.77334: 2.750313,0.7411169,1.910764,189.8273
96.99556: 2.789994,0.3932593,1.877414,191.5231
97.21778: 2.752126,0.1260762,1.91948,202.3956
97.44: 2.665213,-0.1431301,1.874645,212.4151
97.66222: 2.574718,-0.4033156,1.880431,215.294
97.88445: 2.496807,-0.6504437,1.912609,214.1534
98.10667: 2.387675,-0.8743923,1.72101,209.8121
98.32889: 2.272774,-1.074984,1.741164,192.1358
98.55112: 2.161927,-1.273211,1.699892,170.4634
98.77334: 2.024362,-1.473849,1.711237,154.879
98.99556: 1.968642,-1.714943,1.71523,155.8095
99.21778: 1.990213,-1.988721,1.693704,156.8374
99.44: 1.988387,-2.22777,1.733793,161.4695
99.66222: 1.886927,-2.442023,1.703647,208.4099
99.88445: 1.778095,-2.592752,1.695821,260.6379
100.1067: 1.730485,-2.753237,1.721907,278.4512
100.3289: 1.669079,-2.908933,1.732725,289.7461
100.5511: 1.594109,-3.029661,1.739237,300.9172
100.7733: 1.472045,-3.059711,1.721826,305.8885
100.9956: 1.263452,-3.040801,1.705294,288.1061
101.2178: 1.046461,-3.018467,1.735479,278.5007
101.44: 0.8280429,-3.05496,1.723269,278.0804
101.6622: 0.531587,-3.119277,1.722053,280.6316
101.8844: 0.2507164,-3.126479,1.756092,282.5429
102.1067: -0.04483205,-3.092413,1.709166,285.9661
102.3289: -0.376075,-3.048352,1.723821,288.0917
102.5511: -0.681324,-3.07213,1.746138,287.312
102.7733: -1.016215,-3.106094,1.706341,289.7044
102.9956: -1.318558,-3.089188,1.746368,296.0001
103.2178: -1.591822,-3.041195,1.710775,299.6725
103.44: -1.885502,-2.952961,1.704959,308.273
103.6622: -2.125469,-2.863299,1.732894,329.3867
103.8844: -2.349363,-2.745888,1.700396,350.6313
104.1067: -2.494931,-2.578228,1.723144,9.167349
104.3289: -2.569426,-2.353107,1.6798,13.09383
104.5511: -2.598521,-2.058032,1.693947,12.77576
104.7733: -2.645231,-1.782328,1.729606,14.04536
104.9956: -2.691307,-1.466512,1.682103,16.52625
105.2178: -2.702075,-1.152424,1.720403,18.86162
105.44: -2.672779,-0.8652918,1.704816,18.37193
105.6622: -2.618544,-0.5286843,1.69262,16.68214
105.8844: -2.617549,-0.2289586,1.728202,16.04982
106.1067: -2.624422,0.07667051,1.680882,22.47314
106.3289: -2.581339,0.3606544,1.711945,34.9548
106.5511: -2.476339,0.5765698,1.702837,41.57626
106.7733: -2.316102,0.8061295,1.693338,45.66905
106.9956: -2.201511,1.07619,1.721587,29.20986
107.2178: -2.116865,1.347503,1.683322,9.385275
107.44: -2.014064,1.603444,1.697362,356.203
107.6622: -1.931053,1.828112,1.713861,332.5852
107.8844: -1.867306,2.045128,1.685855,313.0865
108.1067: -1.850517,2.24746,1.706257,313.0655
108.3289: -1.761753,2.468631,1.678153,36.57064
108.5511: -1.745244,2.606229,1.689039,75.29745
108.7733: -1.66427,2.726179,1.692471,90.85757
108.9956: -1.480357,2.833001,1.669222,100.1955
109.2178: -1.26237,2.935503,1.684454,103.83
109.44: -1.062634,3.042044,1.692516,104.0813
109.6622: -0.8136027,3.156811,1.67838,105.1617
109.8844: -0.5736694,3.209741,1.716524,107.4314
110.1067: -0.3388081,3.208579,1.691303,105.6642
110.3289: -0.05345057,3.168963,1.698666,104.4459
110.5511: 0.2071382,3.178514,1.728716,97.89342
110.7733: 0.4892448,3.194163,1.688864,91.23024
110.9956: 0.7619563,3.169073,1.721371,99.64934
111.2178: 0.9842284,3.108563,1.735124,111.4832
111.44: 1.176423,3.043928,1.667558,118.6992
111.6622: 1.217523,3.03731,1.705395,132.6418
111.8844: 1.143918,3.020997,1.709633,169.9455
112.1067: 0.9599535,2.990069,1.716056,201.5934
112.3289: 0.7020414,2.931843,1.694198,211.6994
112.5511: 0.4303988,2.828815,1.690423,213.676
112.7733: 0.291595,2.700695,1.718077,198.6931
112.9956: 0.188254,2.534619,1.689348,188.904
113.2178: 0.08769824,2.351686,1.706172,182.1782
113.44: 0.01684978,2.154254,1.710263,168.366
113.6622: -0.06614644,1.92654,1.703434,169.7309
113.8844: -0.07867397,1.715805,1.728652,178.1429
114.1067: 0.01764567,1.505463,1.698686,152.941
114.3289: 0.1113354,1.344904,1.714564,124.9011
114.5511: 0.0868154,1.158975,1.731058,149.5038
114.7733: -0.02621296,0.9821356,1.701697,202.3993
114.9956: -0.06398649,0.8156049,1.711501,203.7798
115.2178: -0.06376631,0.7176147,1.726668,207.0711
115.44: -0.100035,0.7364139,1.727832,246.3692
115.6622: -0.08571905,0.8193015,1.725347,288.7151
115.8844: -0.06530748,0.820526,1.726496,294.3904
116.1067: -0.05564886,0.6893606,1.718446,254.6956
116.3289: 0.004308532,0.508929,1.699229,203.7191
116.5511: -0.01739898,0.3198012,1.673458,179.6116
116.7733: -0.02794852,0.12311,1.684858,155.0011
116.9956: 0.009538637,-0.07281331,1.695323,143.4533
117.2178: 0.06952536,-0.3055604,1.687555,136.431
117.44: 0.09216756,-0.4844045,1.708534,126.3478
117.6622: 0.07212454,-0.6202587,1.709663,107.9034
117.8844: 0.00917741,-0.7632732,1.719312,93.68056
118.1067: -0.0292719,-0.8633089,1.731401,89.6626
118.3289: -0.01966685,-0.9204144,1.727186,86.94038
118.5511: 0.05241542,-0.9514557,1.70952,85.59968
118.7733: 0.3010437,-0.9098888,1.685962,81.59884
118.9956: 0.6036921,-0.8200947,1.7099,79.60489
119.2178: 0.8240691,-0.80573,1.712878,73.97704
Trial Result: Success object: Harp | Time Spent: 27.60943
Trial No.:4 Ends
Trial No.:18 Begins
User confirmed on object: Harp, this maze officially starts.
139.1956: 1.712241,-1.295315,1.76534,356.4058
139.4178: 1.718346,-1.323123,1.795068,357.6031
139.64: 1.756046,-1.335632,1.791354,2.778024
139.8622: 1.786535,-1.328979,1.789251,354.9126
140.0844: 1.71865,-1.334443,1.749626,300.582
140.3067: 1.652585,-1.331829,1.737562,285.5289
140.5289: 1.52367,-1.313994,1.724945,282.7783
140.7511: 1.353363,-1.287291,1.7201,288.1052
140.9733: 1.190657,-1.22819,1.74692,291.8039
141.1956: 1.009772,-1.124895,1.735949,290.9035
141.4178: 0.8104628,-0.980966,1.719928,289.442
141.64: 0.6266764,-0.8896721,1.748603,286.6031
141.8622: 0.4371489,-0.8078719,1.711801,306.9796
142.0844: 0.2559248,-0.7007122,1.706586,341.5828
142.3067: 0.1576203,-0.5308524,1.720377,355.3912
142.5289: 0.1187836,-0.2851134,1.692671,357.6862
142.7511: 0.08463515,-0.02315707,1.720946,353.7309
142.9733: 0.004118841,0.2099444,1.710335,330.6054
143.1956: -0.08871036,0.4557737,1.700292,303.8861
143.4178: -0.113699,0.6669638,1.73294,284.2187
143.64: -0.1032551,0.9046183,1.699907,274.959
143.8622: -0.03137563,1.214992,1.721062,328.4127
144.0844: 0.006240441,1.439788,1.726379,1.32592
144.3067: -0.01966529,1.675693,1.699045,6.493037
144.5289: -0.06048911,1.916855,1.716669,2.001859
144.7511: -0.08132903,2.137722,1.703389,338.2144
144.9733: -0.07070208,2.376442,1.680343,315.7223
145.1956: -0.08432882,2.574692,1.708638,295.6309
145.4178: -0.1400424,2.712347,1.702751,275.8895
145.64: -0.2192548,2.833051,1.69885,263.4662
145.8622: -0.2664439,2.919153,1.719049,246.5453
146.0844: -0.2441435,2.949492,1.721874,187.5222
146.3067: -0.1770096,3.07255,1.720124,119.4253
146.5289: -0.1851507,3.136484,1.714487,99.72388
146.7511: -0.138775,3.133177,1.734969,98.57841
146.9733: 0.003823608,3.123902,1.731203,98.03644
147.1956: 0.2267957,3.151577,1.728205,101.5083
147.4178: 0.4315201,3.164234,1.740443,103.3762
147.64: 0.6659064,3.143929,1.695998,104.1883
147.8622: 0.9377404,3.1,1.705915,104.0788
148.0844: 1.170778,3.104595,1.745605,107.8741
148.3067: 1.444626,3.119002,1.69824,116.1387
148.5289: 1.717914,3.101367,1.729549,129.723
148.7511: 1.944613,3.015045,1.72107,140.5318
148.9733: 2.185155,2.855501,1.700732,147.6781
149.1956: 2.360177,2.697125,1.726684,166.5481
149.4178: 2.516867,2.515714,1.710247,188.4919
149.64: 2.683213,2.297104,1.724081,195.1082
149.8622: 2.748575,2.054206,1.737426,201.2684
150.0844: 2.762414,1.760458,1.698078,201.3844
150.3067: 2.777612,1.454634,1.736334,195.8897
150.5289: 2.813126,1.146976,1.70566,189.3501
150.7511: 2.831501,0.8031139,1.716358,190.6408
150.9733: 2.784789,0.518006,1.751946,192.1496
151.1956: 2.692526,0.2026315,1.704214,197.1849
151.4178: 2.594724,-0.1086913,1.741551,202.6481
151.64: 2.51945,-0.4141924,1.722618,204.7864
151.8622: 2.413441,-0.7334466,1.720348,197.8875
152.0844: 2.271222,-0.9733032,1.733662,183.6104
152.3067: 2.099503,-1.218292,1.696708,172.1162
152.5289: 1.977237,-1.482272,1.739451,170.9556
152.7511: 1.94345,-1.753367,1.709443,167.4695
152.9733: 1.937231,-2.031661,1.725876,154.3429
153.1956: 1.916722,-2.263369,1.745184,136.051
153.4178: 1.853384,-2.519011,1.713711,138.6927
153.64: 1.668433,-2.726763,1.730989,220.9083
153.8622: 1.568392,-2.834661,1.729443,271.6204
154.0844: 1.465815,-2.997773,1.722799,283.2226
154.3067: 1.289051,-3.073474,1.721036,298.6357
154.5289: 1.01674,-3.115485,1.686934,288.8922
154.7511: 0.7328374,-3.133882,1.735752,284.0236
154.9733: 0.4715705,-3.16685,1.733178,283.2895
155.1956: 0.1699198,-3.187457,1.73343,283.5252
155.4178: -0.09571479,-3.130104,1.770066,294.46
155.64: -0.3411967,-3.035019,1.713077,310.9844
155.8622: -0.5217087,-2.916478,1.726974,337.5032
156.0844: -0.6719065,-2.787973,1.738178,345.8198
156.3067: -0.8050056,-2.613277,1.732156,351.6009
156.5289: -0.8339686,-2.378806,1.723386,349.5221
156.7511: -0.8221911,-2.079831,1.687332,337.6332
156.9733: -0.83567,-1.792055,1.715684,323.042
157.1956: -0.9004859,-1.571796,1.709928,306.7378
157.4178: -0.9764597,-1.362803,1.689161,285.4826
157.64: -0.9310451,-1.190392,1.728478,290.7831
157.8622: -0.665374,-1.053972,1.728637,21.41853
158.0844: -0.4255556,-1.002892,1.714134,42.93488
158.3067: -0.2758177,-0.8977506,1.737134,27.10431
158.5289: -0.2159592,-0.7673213,1.737196,1.273052
158.7511: -0.1522914,-0.5559907,1.728349,0.7740685
158.9733: -0.1205378,-0.3719524,1.733734,340.7964
159.1956: -0.04697432,-0.1542397,1.699755,342.2183
159.4178: 0.05889685,0.124504,1.703847,345.1966
159.64: 0.05707457,0.3590098,1.744082,335.5595
159.8622: -0.0374075,0.546507,1.699696,296.4133
160.0844: -0.0926341,0.7572191,1.720155,279.871
160.3067: -0.09203486,1.011633,1.74046,298.8537
160.5289: -0.01261285,1.296095,1.707631,351.6786
160.7511: 0.0271963,1.538656,1.720737,10.88884
160.9733: 0.008566052,1.766387,1.719706,19.22608
161.1956: -0.06628326,2.026866,1.700257,353.9816
161.4178: -0.1122176,2.245372,1.723637,323.1143
161.64: -0.1012787,2.457834,1.701924,304.6078
161.8622: -0.07191862,2.681361,1.695866,285.0133
162.0844: -0.08353116,2.83301,1.721738,272.0322
162.3067: -0.1045992,2.972831,1.729722,306.5544
162.5289: -0.02173441,2.980959,1.719186,61.77076
162.7511: -0.09957115,2.894456,1.723731,106.0995
162.9733: -0.1533674,2.881801,1.722364,106.3863
163.1956: -0.1728062,2.904289,1.726722,100.9608
163.4178: -0.1587047,2.966105,1.735271,88.69595
163.64: -0.1993805,3.119667,1.716518,7.168694
163.8622: -0.4117342,3.10033,1.699944,292.0246
164.0844: -0.6499548,3.066466,1.686683,269.7631
164.3067: -0.8499153,3.067041,1.711032,258.3668
164.5289: -1.043431,3.105764,1.688252,244.4023
164.7511: -1.302447,3.206024,1.685553,255.1796
164.9733: -1.525935,3.206129,1.727302,254.6901
165.1956: -1.704597,3.087708,1.694705,216.3392
165.4178: -1.837698,2.979494,1.686821,183.1099
165.64: -1.962648,2.893034,1.706628,165.8723
165.8622: -2.099581,2.778274,1.694725,156.3899
166.0844: -2.158746,2.635655,1.704837,177.3741
166.3067: -2.100151,2.471712,1.668382,185.8454
166.5289: -1.996179,2.245234,1.690436,197.3652
166.7511: -2.000646,2.051644,1.711979,214.7366
166.9733: -2.055156,1.857538,1.679021,222.7329
167.1956: -2.139707,1.615853,1.689502,223.9233
167.4178: -2.191702,1.397427,1.718012,203.8704
167.64: -2.280564,1.149169,1.685627,183.1745
167.8622: -2.394189,0.9247476,1.710066,179.388
168.0844: -2.493297,0.7212677,1.698552,168.339
168.3067: -2.594951,0.5102662,1.68755,150.4491
Trial Result: Success object: Telescope | Time Spent: 29.53112
Trial No.:18 Ends
Trial No.:3 Begins
User confirmed on object: Piano, this maze officially starts.
182.3178: 1.758659,3.238683,1.762478,175.6432
182.54: 1.746823,3.274935,1.783482,179.392
182.7622: 1.719693,3.277771,1.780125,187.03
182.9845: 1.735202,3.255417,1.762975,172.1392
183.2067: 1.822528,3.213393,1.739824,152.1932
183.4289: 1.971814,3.145667,1.712086,146.6281
183.6511: 2.181378,3.053395,1.700577,151.1061
183.8733: 2.337514,2.930857,1.719667,157.9758
184.0956: 2.433823,2.744993,1.70361,166.7131
184.3178: 2.493364,2.477003,1.696754,181.2178
184.54: 2.559667,2.242876,1.738273,191.9208
184.7622: 2.639433,1.985925,1.705774,198.288
184.9845: 2.735387,1.689614,1.726081,187.2068
185.2067: 2.77909,1.43416,1.743665,165.9468
185.4289: 2.734721,1.130911,1.701343,179.1274
185.6511: 2.701194,0.825412,1.742172,193.4617
185.8733: 2.731792,0.5202331,1.719258,198.0662
186.0956: 2.761648,0.1944231,1.723547,206.4199
186.3178: 2.709394,-0.06224171,1.768947,218.3181
186.54: 2.620546,-0.3337835,1.712394,217.5626
186.7622: 2.518774,-0.6024346,1.738447,205.712
186.9845: 2.40767,-0.8553318,1.725988,192.1635
187.2067: 2.266358,-1.120683,1.720007,185.7802
187.4289: 2.143622,-1.350738,1.741769,173.5495
187.6511: 2.005734,-1.607456,1.700832,169.9208
187.8733: 1.911618,-1.86948,1.731546,158.4531
188.0956: 1.898103,-2.113923,1.715259,144.4482
188.3178: 1.880306,-2.408386,1.713299,153.3891
188.54: 1.720803,-2.630749,1.740854,227.0104
188.7622: 1.595437,-2.762638,1.706174,265.2672
188.9845: 1.438502,-2.911769,1.708308,282.5331
189.2067: 1.298897,-3.043553,1.74242,293.1115
189.4289: 1.104783,-3.204435,1.735332,284.1041
189.6511: 0.8869135,-3.301191,1.75591,284.0481
189.8733: 0.6307086,-3.330809,1.729969,282.8034
190.0956: 0.3138718,-3.304702,1.72434,278.6995
190.3178: 0.041682,-3.283474,1.764387,284.1653
190.54: -0.2901562,-3.260478,1.71637,287.2889
190.7622: -0.6005099,-3.208426,1.745684,294.5941
190.9845: -0.8488075,-3.120829,1.72672,299.9303
191.2067: -1.126967,-3.002292,1.697467,303.5465
Trial Result: Success object: Mailbox | Time Spent: 9.185053
Trial No.:3 Ends
Trial No.:1 Begins
User confirmed on object: Stove, this maze officially starts.
204.04: -2.453746,3.025383,1.767201,266.4553
204.2622: -2.453135,3.065522,1.765532,282.3075
204.4845: -2.496711,3.109231,1.763721,284.0862
204.7067: -2.516839,3.028664,1.753794,206.6525
204.9289: -2.444669,3.040877,1.721217,135.1172
205.1511: -2.434736,3.044285,1.718905,116.2535
205.3733: -2.404652,2.996263,1.722064,115.0422
205.5956: -2.302313,2.918684,1.710971,121.653
205.8178: -2.174121,2.794312,1.710735,158.7985
206.04: -2.078118,2.643208,1.712601,165.0715
206.2622: -2.034964,2.422168,1.667631,159.883
206.4845: -2.001601,2.169281,1.68009,147.3427
206.7067: -1.937475,1.971959,1.725427,141.597
206.9289: -1.831548,1.746955,1.687782,133.0008
207.1511: -1.719414,1.532105,1.704485,122.3399
207.3733: -1.60388,1.345528,1.707842,109.9146
207.5956: -1.453447,1.155332,1.688086,97.91299
207.8178: -1.25674,1.062351,1.721315,95.57504
208.04: -1.008234,1.020846,1.686982,101.9622
208.2622: -0.744576,0.9576546,1.710905,116.6577
208.4845: -0.559071,0.8435729,1.711828,143.3916
208.7067: -0.354609,0.6942886,1.692409,154.0358
208.9289: -0.2156224,0.5413221,1.722848,168.9785
209.1511: -0.07988178,0.3623496,1.709613,175.1833
209.3733: -0.005255459,0.1590405,1.710624,200.9818
209.5956: -0.03372177,-0.03533738,1.699898,229.2461
209.8178: -0.1004722,-0.2945108,1.698096,225.4988
210.04: -0.1729095,-0.5261928,1.729638,223.5516
210.2622: -0.2615801,-0.7550425,1.724727,220.4185
210.4845: -0.3802995,-0.9769694,1.73727,213.5908
210.7067: -0.5286872,-1.169617,1.709297,190.8513
210.9289: -0.7342536,-1.363627,1.685003,175.7594
211.1511: -0.8427724,-1.59849,1.7135,167.8702
211.3733: -0.8530735,-1.875865,1.683742,159.6081
211.5956: -0.8487911,-2.155966,1.709379,148.6747
211.8178: -0.8513611,-2.389133,1.710508,131.8274
212.04: -0.849255,-2.636277,1.68733,112.4858
212.2622: -0.7848301,-2.813052,1.726985,94.66933
212.4845: -0.6511319,-2.931571,1.713288,83.05489
212.7067: -0.4504347,-3.020016,1.722238,79.47287
212.9289: -0.249364,-3.105359,1.733453,88.38731
213.1511: 0.01403846,-3.188589,1.69868,94.19567
213.3733: 0.2781027,-3.201551,1.717534,81.80608
213.5956: 0.4458552,-3.117087,1.740175,57.30823
213.8178: 0.5629511,-3.054325,1.720504,48.33308
214.04: 0.6382158,-3.065158,1.754517,54.1258
214.2622: 0.7225451,-3.093117,1.75604,53.87123
214.4845: 0.8177477,-3.10462,1.754252,52.61383
214.7067: 0.8102584,-3.086136,1.725779,53.87011
214.9289: 0.9059826,-3.053852,1.742112,57.23292
215.1511: 1.107322,-3.012253,1.707644,57.8273
215.3733: 1.350028,-2.953932,1.727829,54.04767
215.5956: 1.502969,-2.855409,1.747358,50.83532
215.8178: 1.659043,-2.710564,1.699965,48.22255
216.04: 1.820635,-2.574028,1.707551,45.31188
Trial Result: Success object: Well | Time Spent: 12.29461
Trial No.:1 Ends
Trial No.:9 Begins
User confirmed on object: Bookshelf, this maze officially starts.
227.54: 1.69697,1.310236,1.786245,181.6998
227.7622: 1.678473,1.317271,1.779844,193.5348
227.9845: 1.636461,1.318013,1.762929,218.7706
228.2067: 1.586638,1.336592,1.727834,254.4808
228.4289: 1.54413,1.335618,1.715065,271.8738
228.6511: 1.455064,1.30329,1.714608,271.1066
228.8733: 1.32176,1.240952,1.710922,245.6626
229.0956: 1.154646,1.160814,1.715782,237.5717
229.3178: 0.9430205,1.043225,1.695252,239.4745
229.54: 0.7149665,0.9302247,1.706794,240.3828
229.7622: 0.5087683,0.8741269,1.730314,231.7343
229.9845: 0.2898294,0.8011777,1.692263,207.0853
230.2067: 0.1553812,0.6644799,1.729556,179.4462
230.4289: 0.09599163,0.4733778,1.706592,169.5489
230.6511: 0.04777543,0.2087919,1.722595,181.974
230.8733: -0.0396676,-0.01554255,1.746184,200.1324
231.0956: -0.1247273,-0.2550494,1.698665,211.4595
231.3178: -0.1983434,-0.4995928,1.722682,217.2215
231.54: -0.2696847,-0.6936667,1.724995,239.6441
231.7622: -0.3838107,-0.8595654,1.708616,262.5806
231.9845: -0.5796773,-0.9014794,1.710771,274.3602
232.2067: -0.8602889,-0.9066442,1.688746,275.3421
232.4289: -1.124038,-0.9356018,1.73879,269.2988
232.6511: -1.384866,-0.9958241,1.706431,254.0116
232.8733: -1.67198,-1.036664,1.720539,247.8705
233.0956: -1.909286,-1.034105,1.74345,238.4384
233.3178: -2.16086,-0.9279116,1.699387,282.3206
233.54: -2.283235,-0.7960212,1.701891,356.7509
233.7622: -2.443193,-0.6918298,1.7236,13.73502
233.9845: -2.607871,-0.5326126,1.714983,18.96857
234.2067: -2.69233,-0.3215405,1.728391,17.31081
234.4289: -2.718841,-0.05395692,1.67699,18.6486
234.6511: -2.700998,0.1730829,1.71586,37.18473
234.8733: -2.696825,0.3902279,1.714343,46.42349
235.0956: -2.688636,0.647633,1.712304,46.73617
235.3178: -2.594208,0.8383774,1.733045,49.19341
235.54: -2.450499,0.994411,1.689951,43.95219
235.7622: -2.282728,1.163423,1.699661,31.43378
235.9845: -2.212804,1.323242,1.731797,18.13914
236.2067: -2.164501,1.46591,1.726565,18.56298
236.4289: -2.054695,1.487372,1.7269,69.25319
236.6511: -2.155161,1.286587,1.738006,157.6046
236.8733: -2.338288,1.175628,1.712211,195.2914
237.0956: -2.43923,1.102597,1.69814,201.2254
237.3178: -2.401508,1.081903,1.70645,183.1721
237.54: -2.191522,1.194792,1.728733,117.1198
237.7622: -2.105588,1.452653,1.705057,42.32541
237.9845: -2.031664,1.574199,1.703112,23.31094
238.2067: -1.956769,1.652169,1.694927,356.1451
238.4289: -1.889811,1.761377,1.692461,336.1227
238.6511: -1.900796,1.94861,1.6646,320.0794
238.8733: -1.947443,2.179503,1.677303,309.5142
239.0956: -1.903501,2.385697,1.719047,334.5317
239.3178: -1.730407,2.524539,1.690717,58.10007
239.54: -1.621431,2.663271,1.689678,76.48994
239.7622: -1.554023,2.735204,1.730016,104.5697
239.9845: -1.583185,2.752312,1.695642,182.5633
240.2067: -1.677119,2.871169,1.716483,241.6473
240.4289: -1.827348,2.9885,1.725042,270.1354
240.6511: -2.035406,3.093104,1.703379,271.6606
240.8733: -2.207394,3.132502,1.712456,266.9683
241.0956: -2.373672,3.111975,1.689831,267.0885
241.3178: -2.547254,3.05851,1.694167,267.2295
Trial Result: Success object: Stove | Time Spent: 14.03748
Trial No.:9 Ends
Trial No.:16 Begins
User confirmed on object: Wheelbarrow, this maze officially starts.
254.24: 0.2368382,-0.02900907,1.767488,271.5861
254.4622: 0.2366032,-0.0651303,1.783849,282.6408
254.6844: 0.2186225,-0.08426888,1.772695,297.6941
254.9067: 0.1963724,-0.05977385,1.75357,315.9564
255.1289: 0.1943452,0.009618363,1.739844,341.5554
255.3511: 0.2095369,0.09145058,1.738721,359.8621
255.5733: 0.2175922,0.199497,1.735812,2.520921
255.7956: 0.1707267,0.2786696,1.739915,329.5168
256.0178: 0.1105307,0.1447825,1.745322,245.5714
256.24: 0.1533604,0.008517686,1.727341,204.6888
256.4622: 0.2035489,-0.118354,1.710486,166.2896
256.6844: 0.1834099,-0.2254001,1.705498,140.3394
256.9067: 0.08509341,-0.3739862,1.693806,128.483
257.1289: -0.02116517,-0.5349901,1.708207,124.6842
257.3511: -0.1063346,-0.7125598,1.725785,152.4676
257.5733: -0.2524312,-0.8504701,1.700909,214.9221
257.7956: -0.3773488,-0.9483094,1.715217,218.0941
258.0178: -0.5468103,-1.073674,1.681011,199.923
258.24: -0.696506,-1.219359,1.700936,183.5153
258.4622: -0.7547945,-1.412817,1.714348,176.6608
258.6844: -0.7762027,-1.673586,1.707576,171.4355
258.9067: -0.8026748,-1.924531,1.736631,162.9798
259.1289: -0.8385503,-2.184792,1.698909,147.3686
259.3511: -0.8592865,-2.481198,1.673106,124.9906
259.5733: -0.7764388,-2.687941,1.716221,107.1379
259.7956: -0.6060117,-2.818083,1.700946,87.84261
260.0178: -0.389855,-2.931844,1.71322,80.8779
260.24: -0.1931712,-3.037458,1.729812,85.66145
260.4622: 0.0547017,-3.143892,1.702271,87.16374
260.6844: 0.3260382,-3.188751,1.730746,82.85704
260.9067: 0.5995581,-3.139249,1.712072,76.48103
261.1289: 0.8874747,-3.075261,1.725348,83.59879
261.3511: 1.127491,-3.069723,1.762564,87.96847
261.5733: 1.382723,-3.040818,1.710165,70.97296
261.7956: 1.586989,-2.986618,1.743712,42.99035
262.0178: 1.701151,-2.910818,1.747521,16.01233
262.24: 1.778481,-2.85158,1.735763,353.0759
262.4622: 1.85723,-2.832694,1.756648,343.5875
262.6844: 1.934069,-2.841754,1.761568,328.0734
262.9067: 1.963502,-2.841189,1.740832,308.7559
263.1289: 1.844407,-2.878577,1.745183,298.2509
263.3511: 1.550138,-2.996413,1.70563,281.4716
263.5733: 1.233078,-3.102776,1.739747,273.6642
263.7956: 0.9582206,-3.101445,1.73874,277.5965
264.0178: 0.6380761,-3.046287,1.711084,279.5685
264.24: 0.3334187,-3.047916,1.766277,282.628
264.4622: 0.003320876,-3.084291,1.708053,285.4728
264.6844: -0.3256364,-3.098074,1.742612,291.8211
264.9067: -0.6019552,-3.05753,1.736779,292.0358
265.1289: -0.9229225,-2.973896,1.722236,288.5046
265.3511: -1.24369,-2.936971,1.763175,285.9457
265.5733: -1.572074,-2.928914,1.706657,290.0629
265.7956: -1.897623,-2.899571,1.728852,298.1072
266.0178: -2.164881,-2.801126,1.716988,299.6491
266.24: -2.481622,-2.607003,1.647793,297.2409
Trial Result: Success object: Plant | Time Spent: 12.43844
Trial No.:16 Ends
Trial No.:8 Begins
User confirmed on object: Plant, this maze officially starts.
280.7733: -2.571589,-2.07183,1.786245,298.6276
280.9956: -2.568891,-2.043615,1.770929,332.8387
281.2178: -2.590126,-2.059505,1.790805,318.7649
281.44: -2.574601,-2.042085,1.791226,325.4136
281.6622: -2.46391,-2.009493,1.76004,27.01363
281.8845: -2.442776,-2.054102,1.750023,51.07294
282.1067: -2.446459,-2.113726,1.71962,81.37702
282.3289: -2.437196,-2.237146,1.735312,101.3772
282.5511: -2.416377,-2.360342,1.739383,107.8204
282.7733: -2.427008,-2.450657,1.740164,115.3641
282.9956: -2.464911,-2.494497,1.725986,119.5459
283.2178: -2.476614,-2.540294,1.737844,110.4439
283.44: -2.444005,-2.619847,1.74369,91.30589
283.6622: -2.34816,-2.783165,1.727943,84.46398
283.8845: -2.18974,-2.926964,1.738296,84.04533
284.1067: -1.972561,-2.975485,1.699342,79.53607
284.3289: -1.675282,-2.98797,1.714775,82.26373
284.5511: -1.4131,-3.054773,1.76552,82.92321
284.7733: -1.112152,-3.139304,1.705061,81.57637
284.9956: -0.7786391,-3.212487,1.737779,78.90948
285.2178: -0.4695259,-3.208702,1.748993,77.66491
285.44: -0.1281012,-3.184305,1.730576,77.7817
285.6622: 0.1832047,-3.181568,1.770154,74.33387
285.8845: 0.5114014,-3.188715,1.715888,69.21722
286.1067: 0.8418736,-3.166182,1.737846,61.26868
286.3289: 1.093357,-3.054768,1.738253,45.57486
286.5511: 1.327449,-2.901146,1.713335,22.59446
286.7733: 1.509569,-2.776076,1.740984,0.806053
286.9956: 1.701332,-2.628704,1.718802,359.7965
287.2178: 1.852121,-2.431901,1.73128,359.1576
287.44: 1.866536,-2.188586,1.707927,353.3665
287.6622: 1.829956,-1.883945,1.707224,351.8872
287.8845: 1.849385,-1.647615,1.751636,354.3872
288.1067: 1.872935,-1.410106,1.697219,352.8149
288.3289: 1.888048,-1.159652,1.719528,349.8187
Trial Result: Success object: Harp | Time Spent: 7.829374
Trial No.:8 Ends
Trial No.:2 Begins
User confirmed on object: Stove, this maze officially starts.
300.84: -2.464701,2.958002,1.761142,267.9745
301.0622: -2.426741,2.978621,1.772819,272.662
301.2845: -2.460567,3.031033,1.765789,275.3645
301.5067: -2.479473,2.998951,1.759331,221.5458
301.7289: -2.414472,2.990552,1.713372,150.281
301.9511: -2.372085,2.979053,1.707098,122.3094
302.1733: -2.285321,2.917114,1.700991,107.7587
302.3956: -2.14943,2.823152,1.699312,103.4208
302.6178: -2.047306,2.646208,1.715047,129.7511
302.84: -2.029437,2.432662,1.687711,160.4275
303.0622: -2.005357,2.172125,1.679689,161.8966
303.2845: -1.929768,1.950913,1.719189,148.5295
303.5067: -1.810596,1.718056,1.678428,130.2057
303.7289: -1.675987,1.47709,1.687807,117.6746
303.9511: -1.540562,1.292555,1.706209,99.90939
304.1733: -1.371738,1.098027,1.678399,85.68523
304.3956: -1.169176,0.9932482,1.721956,86.8903
304.6178: -0.9102657,0.9584883,1.68287,95.08131
304.84: -0.6176108,0.9376699,1.717449,106.1452
305.0622: -0.3984516,0.875987,1.726646,129.5946
305.2845: -0.138265,0.8397325,1.703682,126.7859
305.5067: 0.1490248,0.8743321,1.737231,110.5259
305.7289: 0.450708,0.951875,1.693779,102.7579
305.9511: 0.7627301,1.037,1.71876,96.93064
306.1733: 1.020784,1.059205,1.740729,87.83698
306.3956: 1.30725,1.042349,1.700017,86.62843
306.6178: 1.588185,1.038173,1.724104,80.09762
306.84: 1.849376,1.06327,1.708762,61.83813
307.0622: 2.121741,1.065071,1.696134,50.36068
307.2845: 2.334262,0.9044228,1.731198,102.5054
307.5067: 2.435503,0.7095823,1.693402,155.0604
307.7289: 2.523693,0.5211025,1.70513,183.1737
307.9511: 2.604052,0.3393491,1.716693,199.8553
308.1733: 2.682159,0.08978165,1.700625,207.1048
308.3956: 2.679459,-0.1437964,1.737991,210.4956
308.6178: 2.59364,-0.3486712,1.703798,222.3687
308.84: 2.436704,-0.559155,1.705442,240.5075
309.0622: 2.303855,-0.7575284,1.733876,244.3052
309.2845: 2.208198,-1.034348,1.695089,189.0901
309.5067: 2.03261,-1.207227,1.722693,196.2056
309.7289: 1.834922,-1.198087,1.71974,291.0829
309.9511: 1.792144,-1.253749,1.718539,328.9417
310.1733: 1.733831,-1.459339,1.753437,299.3044
310.3956: 1.766744,-1.748338,1.740762,248.5279
310.6178: 1.870274,-2.004707,1.742989,186.9005
310.84: 1.888789,-2.195456,1.734303,158.6275
311.0622: 1.844446,-2.405941,1.705426,135.6821
311.2845: 1.689356,-2.631553,1.739953,190.1242
311.5067: 1.534036,-2.723677,1.733842,263.7686
311.7289: 1.436807,-2.858929,1.719396,285.8101
311.9511: 1.292216,-2.948085,1.742546,291.4867
312.1733: 1.084033,-2.996268,1.70531,287.0875
312.3956: 0.827829,-2.997436,1.731771,284.8872
312.6178: 0.5815682,-3.020151,1.753481,281.6372
312.84: 0.3023204,-3.048414,1.717912,280.623
313.0622: 0.04396743,-3.040377,1.754878,282.3076
313.2845: -0.1881685,-2.987735,1.739229,282.6546
313.5067: -0.4241413,-2.884121,1.723817,292.0618
313.7289: -0.5719168,-2.743125,1.744459,334.2648
313.9511: -0.7226042,-2.613943,1.737031,349.5092
314.1733: -0.8089712,-2.45253,1.733356,0.3635207
314.3956: -0.8037726,-2.248896,1.702598,3.09907
314.6178: -0.7894628,-1.976448,1.700806,344.3015
314.84: -0.8581906,-1.754283,1.733047,316.0671
315.0622: -0.9642592,-1.556361,1.703387,301.4338
315.2845: -1.082172,-1.369874,1.714115,290.6171
315.5067: -1.209005,-1.212832,1.72358,276.7096
315.7289: -1.387998,-1.037889,1.700387,269.7206
315.9511: -1.599431,-0.9523234,1.733941,256.9103
316.1733: -1.827753,-0.8848053,1.70487,290.7355
316.3956: -2.069881,-0.8478413,1.706328,324.3516
316.6178: -2.263879,-0.7656727,1.729511,341.8473
316.84: -2.414769,-0.6139005,1.690904,357.4045
317.0622: -2.523532,-0.4300596,1.69531,17.49936
317.2845: -2.620942,-0.2546567,1.713163,28.33928
317.5067: -2.731222,-0.02214292,1.699445,31.19009
317.7289: -2.742071,0.1942282,1.730542,39.15753
317.9511: -2.655721,0.4113421,1.691543,44.939
318.1733: -2.498976,0.6321693,1.695989,56.38251
318.3956: -2.375832,0.7932101,1.72539,89.53601
318.6178: -2.249805,1.042787,1.694148,83.53127
318.84: -2.161816,1.331839,1.719091,31.80494
319.0622: -2.07445,1.552098,1.70927,359.3044
319.2845: -1.949894,1.776116,1.692626,339.2711
319.5067: -1.892143,1.998258,1.713857,315.325
319.7289: -1.874472,2.230005,1.684148,310.5637
319.9511: -1.749321,2.488799,1.695799,30.99196
320.1733: -1.647735,2.577785,1.712798,85.91044
320.3956: -1.528727,2.702031,1.680458,98.6428
320.6178: -1.369082,2.838672,1.697435,100.1269
320.84: -1.205035,2.987042,1.708866,99.83141
321.0622: -1.002892,3.146102,1.69086,103.4268
321.2845: -0.7942932,3.251704,1.720996,107.2302
321.5067: -0.576107,3.278192,1.704349,108.8095
321.7289: -0.2938266,3.241498,1.699102,108.0219
321.9511: -0.02692982,3.235559,1.72734,105.9228
322.1733: 0.2569039,3.253037,1.689316,93.86333
322.3956: 0.5502747,3.228081,1.71426,99.10139
322.6178: 0.7968468,3.15976,1.726707,109.7776
322.84: 1.073696,3.087358,1.695702,111.5275
323.0622: 1.35164,3.039711,1.73075,110.5853
323.2845: 1.63595,3.02352,1.707803,114.9383
323.5067: 1.938109,2.992772,1.697512,130.9186
323.7289: 2.149261,2.873646,1.729404,154.3651
323.9511: 2.319712,2.699956,1.686294,164.3024
324.1733: 2.458876,2.488193,1.696723,172.365
324.3956: 2.565233,2.291376,1.71968,191.7901
324.6178: 2.683071,2.053077,1.702559,199.6345
324.84: 2.690556,1.840076,1.737852,212.7436
325.0622: 2.606569,1.641911,1.699675,226.2186
325.2845: 2.455559,1.438059,1.70207,234.8348
325.5067: 2.31872,1.267749,1.734376,241.0539
325.7289: 2.141941,1.135249,1.709132,266.9213
325.9511: 1.916282,1.04723,1.734267,282.8735
326.1733: 1.664421,1.025798,1.696648,275.8247
326.3956: 1.344245,1.036618,1.694534,263.2769
326.6178: 1.062838,0.9825646,1.730826,249.4755
326.84: 0.778291,0.8960344,1.685288,240.2296
327.0622: 0.5491494,0.8287897,1.725163,233.0951
327.2845: 0.3315552,0.7536757,1.719872,225.3716
327.5067: 0.09143694,0.6568282,1.696046,219.2639
Trial Result: Success object: Wheelbarrow | Time Spent: 26.90923
Trial No.:2 Ends
Trial No.:5 Begins
User confirmed on object: Table, this maze officially starts.
347.7622: -2.07729,2.089092,1.762913,104.5673
347.9845: -2.089943,2.080674,1.761558,113.7783
348.2067: -2.048716,2.062732,1.749224,116.3676
348.4289: -2.045562,1.974995,1.722802,149.8935
348.6511: -2.08423,1.867697,1.701851,183.3837
348.8734: -2.103917,1.726622,1.690148,193.576
349.0956: -2.128935,1.564458,1.681015,195.9457
349.3178: -2.145948,1.398254,1.701256,194.6071
349.54: -2.209442,1.248552,1.683872,192.1527
349.7622: -2.33659,1.086596,1.636936,185.7468
349.9845: -2.522225,0.8813631,1.643574,175.5873
350.2067: -2.614924,0.6758572,1.699329,169.5334
350.4289: -2.666232,0.4418259,1.671979,165.473
350.6511: -2.717036,0.1807832,1.698556,165.3661
350.8734: -2.78005,-0.05525547,1.718456,179.7209
351.0956: -2.807302,-0.322713,1.685358,177.2936
351.3178: -2.693175,-0.5363963,1.725376,135.7885
351.54: -2.528397,-0.6843213,1.697056,110.9078
351.7622: -2.319298,-0.819509,1.705166,96.84849
351.9845: -2.112643,-0.9427049,1.716093,92.74435
352.2067: -1.84979,-1.053762,1.68414,94.03091
352.4289: -1.568413,-1.099808,1.728401,91.70475
352.6511: -1.27938,-1.059121,1.699322,84.21242
352.8734: -0.9581751,-0.9923434,1.714478,79.13586
353.0956: -0.6753052,-0.9825391,1.746667,77.85876
353.3178: -0.3637026,-0.9854102,1.694709,80.67118
353.54: -0.05331401,-0.9805619,1.73153,81.66464
353.7622: 0.2407416,-0.9567124,1.718841,84.53031
353.9845: 0.5545921,-0.9413016,1.719143,98.24581
354.2067: 0.8143162,-0.9722959,1.752892,112.2376
354.4289: 1.103383,-1.001248,1.705098,107.6422
354.6511: 1.411351,-1.003459,1.732195,82.65327
354.8734: 1.682112,-0.9676797,1.732209,61.35036
355.0956: 1.964181,-0.9227948,1.69704,46.42942
355.3178: 2.196919,-0.86332,1.716039,28.62756
355.54: 2.423026,-0.7468818,1.688119,18.4985
355.7622: 2.598934,-0.5708717,1.70106,4.066549
355.9845: 2.63847,-0.355014,1.70795,343.4513
356.2067: 2.638524,-0.09452096,1.698629,334.6618
356.4289: 2.637546,0.1203418,1.728859,324.8074
356.6511: 2.604583,0.3470246,1.697006,312.3898
356.8734: 2.539784,0.5937052,1.698074,300.0065
357.0956: 2.369608,0.7329708,1.730332,281.5806
357.3178: 2.138081,0.7875686,1.685669,258.145
357.54: 1.961833,0.8013189,1.696906,228.1036
Trial Result: Success object: Bookshelf | Time Spent: 10.15112
Trial No.:5 Ends
Trial No.:6 Begins
User confirmed on object: Table, this maze officially starts.
371.7289: -2.134719,1.924948,1.753157,87.97977
371.9511: -2.163398,1.920637,1.76622,92.54688
372.1733: -2.162704,1.908325,1.753718,103.3175
372.3956: -2.151138,1.898537,1.751806,115.0413
372.6178: -2.09719,1.92662,1.746721,100.4891
372.84: -2.040313,2.018328,1.719588,68.33676
373.0622: -1.988019,2.163669,1.696337,55.96869
373.2845: -1.910982,2.377824,1.685259,62.33811
373.5067: -1.811382,2.581707,1.68394,78.86331
373.7289: -1.674094,2.70281,1.685604,91.58076
373.9511: -1.462116,2.811445,1.654901,95.09396
374.1733: -1.232329,2.920493,1.686896,98.59849
374.3956: -1.028437,3.032209,1.698535,98.91856
374.6178: -0.7729601,3.165877,1.691915,100.1226
374.84: -0.5170479,3.228373,1.730353,100.9023
375.0622: -0.2494857,3.232714,1.689116,100.4149
375.2845: 0.04324728,3.2,1.703311,100.3282
375.5067: 0.2910297,3.20098,1.737846,99.9663
375.7289: 0.5572073,3.208341,1.70068,99.40273
375.9511: 0.7830464,3.183021,1.71809,103.401
376.1733: 0.9442276,3.135297,1.742971,99.28824
376.3956: 1.060506,3.139143,1.731891,54.35614
376.6178: 0.9123776,3.15183,1.741066,323.5289
376.84: 0.7031165,3.091314,1.728058,286.1014
377.0622: 0.4538935,3.038395,1.709445,267.7027
377.2845: 0.2192727,3.071284,1.729655,261.9538
377.5067: -0.05099334,3.176192,1.675335,261.9227
377.7289: -0.3307811,3.254276,1.709429,258.3738
377.9511: -0.6059777,3.230583,1.713346,252.5227
378.1733: -0.918487,3.169222,1.702274,251.3248
378.3956: -1.194637,3.15614,1.741388,256.0334
378.6178: -1.46888,3.142993,1.688656,253.7381
378.84: -1.684605,3.013379,1.710035,218.369
379.0622: -1.760275,2.814657,1.711436,193.5571
379.2845: -1.797149,2.550237,1.691991,185.9307
379.5067: -1.805255,2.323479,1.719033,155.382
379.7289: -1.86042,2.068427,1.677883,149.4374
379.9511: -2.01407,1.774347,1.701616,188.7079
380.1733: -2.112428,1.522348,1.712415,203.4426
380.3956: -2.21122,1.23045,1.695994,197.2985
380.6178: -2.328943,0.9827383,1.736086,178.3772
380.84: -2.476917,0.7382898,1.670336,165.4256
381.0622: -2.649335,0.4413052,1.710083,171.1577
381.2845: -2.700392,0.1192363,1.703802,171.2234
381.5067: -2.72493,-0.244591,1.704821,184.0183
381.7289: -2.768072,-0.5547434,1.752105,188.6938
381.9511: -2.799703,-0.901564,1.692303,179.8934
382.1733: -2.808316,-1.261298,1.732839,168.2965
382.3956: -2.752785,-1.597921,1.71997,158.4533
382.6178: -2.682862,-1.962957,1.708353,150.6125
382.84: -2.628361,-2.27373,1.739211,137.6705
383.0622: -2.524579,-2.584692,1.67647,122.3909
383.2845: -2.331954,-2.813467,1.715905,100.6585
383.5067: -2.067323,-2.914189,1.691687,83.05994
383.7289: -1.791064,-2.956243,1.710495,45.88469
383.9511: -1.57902,-3.018544,1.731546,15.55779
384.1733: -1.224579,-3.155588,1.704697,59.45857
384.3956: -0.9012607,-3.221802,1.748526,74.59917
384.6178: -0.5852098,-3.163878,1.705749,72.02457
384.84: -0.2552815,-3.074611,1.719982,69.81752
385.0622: 0.01339584,-3.035128,1.742412,61.01604
385.2845: 0.3139067,-2.9804,1.696938,46.25487
Trial Result: Success object: Chair | Time Spent: 13.87241
Trial No.:6 Ends
Trial No.:12 Begins
User confirmed on object: Trashcan, this maze officially starts.
399.0178: 2.471103,1.042677,1.780302,100.5317
399.24: 2.481865,1.014035,1.770048,112.6234
399.4622: 2.461044,0.915611,1.758136,149.802
399.6844: 2.34654,0.8236328,1.727503,213.7004
399.9067: 2.298203,0.7366154,1.717637,228.0855
400.1289: 2.308196,0.6607121,1.745488,229.6179
400.3511: 2.443835,0.4771999,1.721337,188.2812
400.5733: 2.557342,0.2456034,1.702199,193.633
400.7956: 2.609383,-0.01070361,1.726595,203.0613
401.0178: 2.552784,-0.2543174,1.709071,212.3926
401.24: 2.416321,-0.517025,1.696268,223.7337
401.4622: 2.306652,-0.6919556,1.741258,255.5971
401.6844: 2.208231,-0.9077774,1.714684,262.8615
401.9067: 2.096402,-1.060323,1.740347,268.3128
402.1289: 1.952354,-1.135278,1.748012,272.5616
402.3511: 1.767487,-1.153603,1.725695,278.929
402.5733: 1.578032,-1.141363,1.736415,275.3752
402.7956: 1.346066,-1.108168,1.704435,280.1028
403.0178: 1.052434,-1.067482,1.719134,294.1002
403.24: 0.7980651,-1.01017,1.745167,286.2337
403.4622: 0.5137737,-0.9328036,1.694,271.4941
403.6844: 0.228619,-0.9059861,1.730705,256.931
403.9067: -0.04792813,-0.9564281,1.709776,253.2111
404.1289: -0.3550878,-1.029582,1.725109,251.9765
404.3511: -0.6303366,-1.050288,1.751235,245.4579
404.5733: -0.9421669,-1.012453,1.702743,258.6751
404.7956: -1.25384,-0.9890871,1.728776,260.8937
405.0178: -1.535599,-1.027363,1.722046,250.5342
405.24: -1.824092,-1.077493,1.706666,241.4295
405.4622: -2.064707,-1.129919,1.728144,218.6027
405.6844: -2.289708,-1.205895,1.686869,185.6866
405.9067: -2.488719,-1.307858,1.702007,167.8765
406.1289: -2.593028,-1.470957,1.706047,160.7236
406.3511: -2.651395,-1.72262,1.68165,157.1001
406.5733: -2.68577,-1.960033,1.713865,147.23
406.7956: -2.701892,-2.195883,1.708162,133.6409
407.0178: -2.711309,-2.500067,1.65706,115.9286
407.24: -2.682752,-2.73589,1.62308,101.7233
407.4622: -2.629717,-2.799593,1.609714,91.78489
407.6844: -2.572136,-2.621899,1.674473,65.93653
407.9067: -2.656837,-2.219659,1.72753,13.79568
408.1289: -2.732444,-1.896088,1.744189,3.722904
408.3511: -2.724718,-1.635729,1.708487,12.23863
408.5733: -2.681267,-1.322234,1.69285,7.052741
408.7956: -2.679201,-1.03726,1.738327,10.81503
409.0178: -2.722173,-0.7099599,1.687749,12.99276
409.24: -2.743649,-0.3653225,1.726532,17.2447
409.4622: -2.690389,-0.07782076,1.720382,23.17387
409.6844: -2.586448,0.2367729,1.691506,29.61648
409.9067: -2.496931,0.5117614,1.739739,37.53923
410.1289: -2.40879,0.8063967,1.694551,37.45262
410.3511: -2.294219,1.079719,1.713612,44.15731
410.5733: -2.143904,1.275257,1.699423,50.82769
410.7956: -1.948581,1.479954,1.660913,55.97233
Trial Result: Success object: Table | Time Spent: 12.06074
Trial No.:12 Ends
Trial No.:20 Begins
User confirmed on object: Well, this maze officially starts.
426.3511: 1.950782,-2.295042,1.767498,47.55433
426.5733: 1.926304,-2.279222,1.799507,43.44509
426.7956: 1.906865,-2.277194,1.799963,48.31197
427.0178: 1.89925,-2.260921,1.797251,47.93095
427.24: 1.871853,-2.219339,1.797671,23.77388
427.4622: 1.91326,-2.255955,1.794474,81.64287
427.6844: 1.885158,-2.223211,1.794919,94.08172
427.9067: 1.861098,-2.178875,1.797242,101.4632
428.1289: 1.843899,-2.088778,1.789919,60.43456
428.3511: 1.75682,-2.067375,1.760921,4.278494
428.5733: 1.743905,-2.191424,1.732491,334.3338
428.7956: 1.708451,-2.386461,1.729164,276.5295
429.0178: 1.621384,-2.588995,1.74397,261.0497
429.24: 1.459568,-2.78967,1.718643,269.9307
429.4622: 1.272522,-2.922245,1.753113,281.8112
429.6844: 1.033249,-3.011284,1.69931,281.8875
429.9067: 0.7246612,-3.044169,1.709993,281.8016
430.1289: 0.4547521,-3.081305,1.757285,285.0257
430.3511: 0.1301317,-3.112626,1.715755,283.9027
430.5733: -0.1701499,-3.070911,1.756196,292.5648
430.7956: -0.407841,-2.962458,1.732149,319.6703
431.0178: -0.5840703,-2.835686,1.697935,340.2471
431.24: -0.7189401,-2.680876,1.7535,348.3347
431.4622: -0.841112,-2.478496,1.730591,351.5933
431.6844: -0.861917,-2.240651,1.742059,351.9129
431.9067: -0.8577087,-1.9511,1.678616,340.8253
432.1289: -0.9069541,-1.669929,1.713752,317.8607
432.3511: -1.051312,-1.472662,1.715296,299.762
432.5733: -1.234248,-1.307707,1.704072,286.3156
432.7956: -1.418076,-1.157536,1.728178,271.6855
433.0178: -1.655988,-1.013326,1.697038,256.123
433.24: -1.911773,-0.8552556,1.71234,275.6379
433.4622: -2.096231,-0.7248651,1.698591,332.5615
433.6844: -2.326711,-0.6445894,1.677378,353.2654
433.9067: -2.456836,-0.4729513,1.715328,6.674531
434.1289: -2.496177,-0.2142273,1.663827,16.14814
434.3511: -2.510266,0.07361618,1.701224,21.6128
434.5733: -2.512836,0.3474326,1.695657,27.89724
434.7956: -2.471486,0.6708097,1.68875,35.41875
435.0178: -2.360662,0.9282362,1.727862,36.6274
435.24: -2.208873,1.204417,1.663641,24.0917
435.4622: -2.067896,1.502976,1.699463,2.745256
435.6844: -2.001203,1.791469,1.690916,0.4398305
435.9067: -1.889066,2.115614,1.669689,36.76421
436.1289: -1.732431,2.356119,1.702754,67.45242
436.3511: -1.546047,2.58272,1.649557,74.29142
436.5733: -1.319485,2.756296,1.673498,91.9267
436.7956: -1.117193,2.884814,1.705725,111.6356
437.0178: -0.8605148,3.074059,1.694713,108.8738
437.24: -0.6196144,3.175615,1.741542,108.7238
437.4622: -0.3579538,3.215238,1.688034,106.5222
437.6844: -0.04612103,3.215611,1.710723,107.6018
437.9067: 0.2344861,3.242686,1.723872,110.3778
438.1289: 0.5436907,3.265482,1.681802,113.6856
438.3511: 0.8049628,3.220832,1.724325,123.2154
438.5733: 1.015771,3.140454,1.698856,131.0908
Trial Result: Success object: Piano | Time Spent: 12.58259
Trial No.:20 Ends
Trial No.:11 Begins
User confirmed on object: Trashcan, this maze officially starts.
454.14: 2.561925,1.043631,1.771648,101.2553
454.3622: 2.54001,1.033736,1.782694,108.101
454.5844: 2.542488,1.015361,1.783111,110.4956
454.8067: 2.54029,0.9720438,1.769585,130.1853
455.0289: 2.482912,0.9107967,1.737896,180.1107
455.2511: 2.466381,0.8517214,1.733505,192.2845
455.4734: 2.46011,0.7654408,1.737427,194.5116
455.6956: 2.469007,0.6408002,1.735439,192.001
455.9178: 2.513163,0.44527,1.720441,194.4086
456.14: 2.606055,0.1832258,1.701434,197.0986
456.3622: 2.611399,-0.07681227,1.734164,203.6317
456.5844: 2.519081,-0.3321466,1.699051,208.9115
456.8067: 2.382621,-0.5907627,1.708591,207.0548
457.0289: 2.2566,-0.8566087,1.718852,188.7686
457.2511: 2.113922,-1.155818,1.693319,177.4868
457.4734: 1.979745,-1.395464,1.727097,177.7686
457.6956: 1.848225,-1.637038,1.709518,174.8853
457.9178: 1.772842,-1.895008,1.726357,161.9363
458.14: 1.788882,-2.155965,1.718155,146.6917
458.3622: 1.735719,-2.465012,1.706596,189.8514
458.5844: 1.554026,-2.639561,1.723369,259.478
458.8067: 1.344065,-2.805315,1.678357,280.7789
459.0289: 1.133832,-2.938121,1.71895,299.8589
459.2511: 0.8985793,-3.09534,1.720508,296.933
459.4734: 0.6279687,-3.241612,1.715271,295.2901
459.6956: 0.4111235,-3.278958,1.770876,294.1856
459.9178: 0.1721646,-3.23998,1.711526,295.4639
460.14: -0.09187183,-3.116565,1.726079,302.0231
460.3622: -0.3162025,-2.974731,1.7276,323.0646
460.5844: -0.5610356,-2.78574,1.69554,335.627
460.8067: -0.6878055,-2.5252,1.729983,351.1155
461.0289: -0.7330718,-2.232266,1.679936,355.7459
461.2511: -0.7981794,-1.927022,1.712249,343.0664
461.4734: -0.8813701,-1.680039,1.726869,337.2953
461.6956: -0.850844,-1.41903,1.692376,21.82766
461.9178: -0.7195868,-1.2617,1.728096,41.75203
462.14: -0.5237603,-1.10965,1.681494,34.15093
462.3622: -0.3040897,-0.9330466,1.707386,22.32435
462.5844: -0.2021491,-0.7043835,1.720166,5.584192
462.8067: -0.1255916,-0.3991103,1.700687,352.1141
463.0289: -0.0385362,-0.1122241,1.732496,347.6914
463.2511: 0.02569607,0.1810355,1.697948,341.5644
463.4734: 0.0540905,0.4914716,1.696008,320.2777
463.6956: 0.02431449,0.7706472,1.730009,321.3239
463.9178: -0.01119514,1.086429,1.697658,345.2548
464.14: -0.02053443,1.389136,1.731075,353.0133
464.3622: -0.006529719,1.657388,1.687343,352.1694
464.5844: 0.01930521,1.978832,1.691365,341.1163
464.8067: -0.02242718,2.222558,1.719217,324.5584
465.0289: -0.113922,2.487207,1.680233,305.7107
465.2511: -0.2012755,2.687367,1.704961,289.0973
465.4734: -0.3051811,2.839651,1.698689,267.7568
465.6956: -0.4285606,3.013726,1.68883,256.603
465.9178: -0.6072106,3.102202,1.714379,256.8176
466.14: -0.8635136,3.129138,1.669828,261.1784
466.3622: -1.143839,3.128567,1.712138,266.5836
466.5844: -1.379884,3.140422,1.729034,263.2591
466.8067: -1.62313,3.12449,1.673356,239.5653
467.0289: -1.708452,3.044764,1.715074,184.1314
467.2511: -1.715155,2.998625,1.71339,158.9634
467.4734: -1.733357,2.922757,1.716229,155.3633
467.6956: -1.761468,2.814149,1.703007,179.3447
467.9178: -1.820743,2.728679,1.706975,192.1389
468.14: -1.936777,2.646413,1.695518,190.0392
468.3622: -2.0962,2.570473,1.687014,189.5182
468.5844: -2.200936,2.533526,1.655037,190.0982
468.8067: -2.220084,2.527559,1.653517,189.7959
469.0289: -2.11599,2.558635,1.689047,179.587
469.2511: -1.95311,2.608655,1.690783,174.1218
469.4734: -1.918904,2.587392,1.696837,185.7254
469.6956: -1.999121,2.477741,1.664461,188.55
469.9178: -2.10948,2.29495,1.698877,190.2234
470.14: -2.134424,2.098437,1.711533,188.4368
470.3622: -2.122982,1.848226,1.68947,187.2239
470.5844: -2.181064,1.612496,1.715856,190.2128
470.8067: -2.30406,1.409583,1.689329,187.8636
471.0289: -2.468456,1.195373,1.657516,182.055
471.2511: -2.550966,1.032002,1.672064,178.1985
471.4734: -2.540503,0.8936688,1.674378,162.2741
Trial Result: Success object: Telescope | Time Spent: 17.71306
Trial No.:11 Ends
Trial No.:15 Begins
User confirmed on object: Wheelbarrow, this maze officially starts.
480.9734: 0.3841719,-0.1890081,1.772234,276.679
481.1956: 0.4186788,-0.1799863,1.77609,284.8263
481.4178: 0.4220311,-0.1586616,1.768711,292.3262
481.64: 0.4189395,-0.1145728,1.76626,298.0172
481.8622: 0.4418596,-0.02665734,1.761768,319.5266
482.0844: 0.5117939,0.07157108,1.735299,349.9514
482.3067: 0.5097433,0.181418,1.720076,353.317
482.5289: 0.3954469,0.3340587,1.678051,350.2546
482.7511: 0.2186409,0.5482706,1.699674,347.8106
482.9734: 0.1462144,0.7716628,1.741952,353.1709
483.1956: 0.1214368,1.026327,1.698998,358.2764
483.4178: 0.1092756,1.33252,1.701818,356.4211
483.64: 0.07126531,1.606988,1.727736,354.559
483.8622: 0.01715928,1.915006,1.681062,343.5633
484.0844: -0.006156996,2.186796,1.718701,326.0355
484.3067: 0.009069385,2.431944,1.691643,310.1469
484.5289: 0.01248,2.661281,1.684718,300.0576
484.7511: -0.1132941,2.785657,1.704149,286.7347
484.9734: -0.3702031,2.850699,1.67284,277.3157
485.1956: -0.6413779,2.900347,1.703494,271.9051
485.4178: -0.8884408,2.979455,1.703159,267.1776
485.64: -1.190396,3.081449,1.671383,265.5733
485.8622: -1.460069,3.098344,1.725187,263.2326
486.0844: -1.696914,3.036792,1.694947,259.2843
486.3067: -1.881949,2.914791,1.699817,228.4924
486.5289: -1.905866,2.863806,1.722752,161.9968
486.7511: -1.967717,2.944191,1.683408,111.1508
486.9734: -2.026289,2.920758,1.689284,107.0826
487.1956: -2.040288,2.74529,1.660008,147.8722
487.4178: -1.953607,2.543739,1.653585,162.5406
487.64: -1.87947,2.328247,1.713281,169.4517
487.8622: -1.871505,2.11446,1.687424,186.3245
488.0844: -1.912075,1.829425,1.671814,197.1318
488.3067: -1.946389,1.612287,1.701608,207.5808
488.5289: -2.013757,1.31849,1.670868,211.2551
488.7511: -2.137941,1.060684,1.710959,209.0958
488.9734: -2.299783,0.8143154,1.657263,195.1219
489.1956: -2.509652,0.5420106,1.675301,184.4953
489.4178: -2.57786,0.2402388,1.701656,174.7022
489.64: -2.590519,-0.1212373,1.685814,172.1638
489.8622: -2.656264,-0.4506928,1.745924,183.5819
490.0844: -2.739352,-0.7767462,1.692904,185.8022
490.3067: -2.802787,-1.135113,1.710558,174.7876
490.5289: -2.773438,-1.464519,1.729891,163.8401
490.7511: -2.722864,-1.825787,1.699302,156.3741
490.9734: -2.686243,-2.146268,1.732153,142.248
491.1956: -2.603178,-2.473834,1.666349,117.309
491.4178: -2.461756,-2.742076,1.680115,93.71361
491.64: -2.254547,-2.826299,1.707212,69.09138
491.8622: -2.061876,-2.854626,1.666716,40.5255
Trial Result: Success object: Mailbox | Time Spent: 11.11604
Trial No.:15 Ends
Trial No.:21 Begins
User confirmed on object: Mailbox, this maze officially starts.
505.2733: -1.901411,-3.184493,1.791327,14.35816
505.4956: -1.87876,-3.192041,1.793476,25.38172
505.7178: -1.816047,-3.199098,1.785003,24.39876
505.94: -1.649694,-3.276348,1.760375,54.77126
506.1622: -1.477553,-3.392994,1.734183,84.85597
506.3845: -1.322879,-3.401405,1.737455,84.75342
506.6067: -1.114907,-3.317693,1.702991,79.51553
506.8289: -0.8985682,-3.233174,1.723071,73.28794
507.0511: -0.7398639,-3.217532,1.749177,64.97946
507.2733: -0.6288573,-3.155916,1.728317,23.0286
507.4956: -0.6424283,-3.049825,1.734867,347.3001
507.7178: -0.761834,-2.886765,1.711112,340.0243
507.94: -0.8871505,-2.685108,1.731517,346.3017
508.1622: -0.906886,-2.473293,1.740176,349.4218
508.3845: -0.8735686,-2.187538,1.687898,344.6936
508.6067: -0.8631392,-1.879301,1.700231,331.552
508.8289: -0.9767931,-1.626817,1.706166,312.8474
509.0511: -1.133765,-1.41083,1.69056,296.294
509.2733: -1.271758,-1.245389,1.722106,277.531
509.4956: -1.448061,-1.092166,1.694699,254.9948
509.7178: -1.653998,-0.96263,1.707222,244.4725
509.94: -1.88357,-0.9354992,1.689656,232.464
510.1622: -2.191709,-0.8773006,1.671552,266.1082
510.3845: -2.353372,-0.7015057,1.706141,344.5067
510.6067: -2.454011,-0.5691278,1.683054,19.5455
510.8289: -2.555624,-0.4043995,1.687074,30.60285
511.0511: -2.645088,-0.2173872,1.715414,29.89179
511.2733: -2.720863,0.02444726,1.699826,33.19648
511.4956: -2.700769,0.257299,1.728906,38.29936
511.7178: -2.584146,0.4965208,1.681436,38.99716
511.94: -2.416478,0.7520026,1.696205,33.55
512.1622: -2.317264,0.9986937,1.718928,23.12466
512.3845: -2.213469,1.287597,1.684243,15.39319
512.6067: -2.113755,1.541456,1.722763,2.250545
512.8289: -2.015382,1.790059,1.6891,341.7705
513.0511: -1.906461,2.048567,1.683637,322.0305
513.2733: -1.86565,2.260826,1.713431,304.9159
513.4955: -1.793086,2.51635,1.685041,338.8608
513.7178: -1.620627,2.67637,1.697074,72.82938
513.94: -1.501108,2.775404,1.704286,106.1594
514.1622: -1.299941,2.90191,1.678456,105.9101
514.3845: -1.084603,3.02619,1.704019,102.0522
514.6067: -0.8573965,3.158109,1.686322,101.0676
514.8289: -0.5868868,3.284752,1.697233,101.738
515.0511: -0.3461227,3.304243,1.737462,103.9942
515.2733: -0.07019846,3.264815,1.690514,104.5019
515.4955: 0.2311353,3.214771,1.725871,102.2073
515.7178: 0.5250862,3.222002,1.716285,101.3283
515.94: 0.857554,3.230109,1.712034,102.1238
516.1622: 1.133549,3.170356,1.747223,106.3975
516.3845: 1.417998,3.065934,1.695689,109.9246
516.6067: 1.701045,2.934378,1.709031,118.0223
516.8289: 1.945909,2.847821,1.70954,137.9653
517.0511: 2.211559,2.747478,1.676299,158.0459
517.2733: 2.408604,2.588969,1.709484,166.9873
517.4955: 2.522003,2.347753,1.670704,162.8899
517.7178: 2.627954,2.036403,1.692957,150.7397
517.94: 2.751876,1.825726,1.729436,144.6969
Trial Result: Success object: Trashcan | Time Spent: 13.08305
Trial No.:21 Ends
Trial No.:19 Begins
User confirmed on object: Well, this maze officially starts.
526.1511: 1.612474,-2.092752,1.787225,90.54661
526.3734: 1.615101,-2.10447,1.78895,97.13527
526.5956: 1.635034,-2.143381,1.777507,112.2109
526.8178: 1.611257,-2.26585,1.748855,161.9902
527.04: 1.493286,-2.366624,1.713023,227.6764
527.2622: 1.442395,-2.470247,1.698946,248.1217
527.4844: 1.441479,-2.596837,1.712027,261.6859
527.7067: 1.432623,-2.75516,1.700502,281.0744
527.9289: 1.412668,-2.935804,1.701167,292.8318
528.1511: 1.414337,-2.941682,1.721833,313.4925
528.3734: 1.558271,-2.775651,1.76966,8.160913
528.5956: 1.712449,-2.59836,1.749114,27.6892
528.8178: 1.802421,-2.432454,1.750163,35.14233
529.04: 1.769242,-2.218496,1.723873,16.87445
529.2622: 1.72225,-1.987224,1.71399,22.6441
529.4844: 1.797233,-1.804906,1.745854,35.61895
529.7067: 1.944729,-1.612562,1.693679,30.74645
529.9289: 2.142183,-1.386643,1.714984,18.80099
530.1511: 2.26594,-1.157917,1.734869,8.487206
530.3734: 2.39345,-0.8731352,1.696041,3.770612
530.5956: 2.516704,-0.6095043,1.73035,4.036541
530.8178: 2.60746,-0.3403696,1.707554,351.5154
531.04: 2.698138,-0.03307287,1.702559,339.6295
531.2622: 2.685027,0.263095,1.725001,320.4177
531.4844: 2.619026,0.5573341,1.686764,292.0708
531.7067: 2.595545,0.80237,1.734124,267.8783
531.9289: 2.615224,1.063552,1.716224,262.272
532.1511: 2.680645,1.416099,1.717698,295.5837
532.3734: 2.712006,1.7175,1.729054,324.1231
532.5956: 2.655443,2.006918,1.683157,321.6791
532.8178: 2.592314,2.279576,1.707508,308.8151
533.04: 2.510014,2.533665,1.683429,285.3707
533.2622: 2.401595,2.780077,1.6622,267.4126
533.4844: 2.224539,2.91658,1.71095,258.1531
533.7067: 1.96347,3.020081,1.677763,259.3886
533.9289: 1.69961,3.098907,1.724507,260.7003
534.1511: 1.410022,3.180231,1.706381,257.7796
534.3734: 1.091107,3.278043,1.690306,256.5433
534.5956: 0.8001745,3.289312,1.739028,255.1126
534.8178: 0.4796752,3.243934,1.693074,253.1634
535.04: 0.1530787,3.21177,1.730059,255.2336
535.2622: -0.1493595,3.216409,1.718603,254.995
535.4844: -0.48732,3.23294,1.686434,252.6091
535.7067: -0.7656857,3.192988,1.737899,249.8781
535.9289: -1.049014,3.131649,1.687354,252.5455
536.1511: -1.319769,3.059778,1.705889,249.1391
536.3734: -1.49876,2.943398,1.707811,198.4414
536.5956: -1.708323,2.864565,1.676678,180.1087
536.8178: -1.791341,2.721729,1.706343,159.454
537.04: -1.79423,2.559928,1.671434,136.6604
537.2622: -1.80194,2.41347,1.683932,114.1783
Trial Result: Success object: Table | Time Spent: 11.39573
Trial No.:19 Ends
Trial No.:14 Begins
User confirmed on object: Telescope, this maze officially starts.
547.2067: -2.935064,-0.04803761,1.767543,90.08515
547.4289: -2.920648,-0.04082246,1.777041,91.70616
547.6511: -2.884084,-0.0715355,1.767767,94.72175
547.8734: -2.887398,-0.2067216,1.739356,141.2183
548.0956: -2.916779,-0.3507529,1.713518,169.0746
548.3178: -2.904811,-0.5132498,1.70456,175.309
548.54: -2.812068,-0.6617007,1.726834,173.1582
548.7622: -2.561873,-0.7466977,1.693741,122.3606
548.9844: -2.298784,-0.8141516,1.718657,99.83389
549.2067: -2.083104,-0.8987781,1.734073,79.87341
549.4289: -1.820415,-1.025137,1.691614,80.50456
549.6511: -1.53949,-1.109205,1.735636,79.69458
549.8734: -1.261565,-1.073588,1.711414,71.79829
550.0956: -0.9384284,-1.005064,1.708955,63.16764
550.3178: -0.6616198,-0.983822,1.738433,51.56785
550.54: -0.3561318,-0.9887367,1.691324,50.63308
550.7622: -0.03744057,-1.023068,1.721155,72.0824
550.9844: 0.2272118,-0.9848646,1.729855,77.0987
551.2067: 0.5236327,-0.9472075,1.719307,94.8818
551.4289: 0.7740788,-0.9784279,1.754077,123.5558
551.6511: 1.034991,-1.007465,1.706346,129.5764
551.8734: 1.309113,-1.05869,1.719628,133.0856
552.0956: 1.582863,-1.036439,1.746591,111.1516
552.3178: 1.861943,-0.9604458,1.704031,67.74548
552.54: 2.080066,-0.9205395,1.720633,38.41531
552.7622: 2.278427,-0.8961448,1.712008,15.26425
552.9844: 2.48153,-0.8338925,1.707646,6.645479
553.2067: 2.570899,-0.660071,1.708305,352.4034
553.4289: 2.603896,-0.3741184,1.691456,344.5548
553.6511: 2.626195,-0.1141671,1.727288,336.6898
553.8734: 2.635301,0.151305,1.702266,324.8074
554.0956: 2.643886,0.4520052,1.690754,308.8517
554.3178: 2.597963,0.7089757,1.731104,289.8601
554.54: 2.549286,0.962633,1.692422,271.9651
554.7622: 2.563419,1.269792,1.728996,295.527
554.9844: 2.669255,1.561954,1.710597,332.0465
555.2067: 2.748546,1.849548,1.694263,326.1813
555.4289: 2.742716,2.109046,1.720623,314.3862
555.6511: 2.660998,2.37763,1.681073,299.2327
555.8734: 2.55987,2.627409,1.687391,280.1081
556.0956: 2.469111,2.819828,1.712539,263.8788
556.3178: 2.359768,3.008828,1.687236,250.6759
556.54: 2.203823,3.116549,1.719383,246.4298
556.7622: 1.958366,3.159755,1.672865,248.8596
556.9844: 1.679733,3.177346,1.717226,256.1629
557.2067: 1.388685,3.212625,1.716113,258.9316
557.4289: 1.037251,3.268641,1.677886,258.6449
557.6511: 0.7047445,3.260026,1.730367,255.6712
557.8734: 0.3712773,3.194538,1.6863,255.1059
558.0956: 0.02044393,3.147607,1.721176,257.5459
558.3178: -0.2925333,3.152499,1.71874,255.237
558.54: -0.6410139,3.168306,1.682441,252.228
558.7622: -0.941206,3.132383,1.741235,252.3367
558.9844: -1.238759,3.06967,1.687693,252.8974
559.2067: -1.466363,2.945385,1.711233,207.4774
559.4289: -1.620464,2.873554,1.707861,165.2434
559.6511: -1.786559,2.779123,1.69753,157.6642
559.8734: -1.851763,2.610516,1.673934,175.3429
560.0956: -1.851989,2.349463,1.674915,195.2234
560.3178: -1.896494,2.113593,1.714347,200.4339
560.54: -2.004193,1.877991,1.657835,200.0657
560.7622: -2.180382,1.580492,1.664912,195.4505
560.9844: -2.278858,1.304027,1.7015,187.0311
561.2067: -2.367519,0.9787351,1.661728,184.4305
561.4289: -2.467426,0.7091051,1.720477,180.4194
561.6511: -2.586294,0.4522108,1.68482,176.2703
561.8734: -2.734709,0.1683508,1.703445,177.3335
562.0956: -2.772059,-0.107268,1.724759,178.4395
562.3178: -2.693339,-0.3860977,1.690285,143.5304
562.54: -2.64845,-0.5811267,1.736478,112.476
562.7622: -2.628181,-0.7770103,1.727468,94.08189
562.9844: -2.655427,-1.037363,1.728049,96.81158
563.2067: -2.700199,-1.317106,1.750563,135.4888
563.4289: -2.740767,-1.580094,1.714563,175.4451
563.6511: -2.749707,-1.840419,1.724202,193.9247
563.8734: -2.745337,-2.09281,1.726292,173.6612
564.0956: -2.713734,-2.357493,1.685305,125.0832
564.3178: -2.614718,-2.564335,1.731765,99.03559
564.54: -2.428102,-2.720334,1.680908,86.08517
564.7622: -2.195082,-2.86104,1.708773,77.34859
564.9844: -1.988524,-2.985191,1.729785,71.41592
565.2067: -1.725657,-3.109204,1.68182,60.53493
565.4289: -1.464443,-3.143154,1.71884,42.20868
565.6511: -1.229374,-3.072436,1.695422,23.90019
565.8734: -0.9729323,-2.992347,1.713081,13.57552
566.0956: -0.6800905,-3.025481,1.738989,51.91724
566.3178: -0.3938911,-3.0922,1.710219,72.9899
566.54: -0.0978528,-3.127235,1.743286,75.3081
566.7622: 0.1930325,-3.110432,1.72785,82.42846
566.9844: 0.5166327,-3.064795,1.726479,82.78945
567.2067: 0.7913014,-3.034539,1.756365,71.17448
567.4289: 1.078242,-3.015023,1.703195,60.68779
567.6511: 1.360091,-2.954142,1.723301,43.63532
567.8734: 1.517862,-2.771574,1.734817,22.91061
568.0956: 1.639613,-2.526024,1.715947,8.083025
568.3178: 1.744398,-2.322503,1.741718,357.8057
568.54: 1.832988,-2.089646,1.702634,344.8503
568.7622: 1.882045,-1.816598,1.706251,330.0914
568.9844: 1.765658,-1.601417,1.706882,310.8568
569.2067: 1.555627,-1.413133,1.69221,293.909
569.4289: 1.376071,-1.258986,1.738425,284.0425
569.6511: 1.16048,-1.103241,1.708596,289.5854
569.8734: 0.9122635,-0.9397686,1.710362,296.0844
570.0956: 0.6707889,-0.8669978,1.72159,301.4502
570.3178: 0.3714348,-0.8100357,1.638853,304.9182
570.54: 0.0843253,-0.7007985,1.640675,307.8288
Trial Result: Success object: Wheelbarrow | Time Spent: 23.57804
Trial No.:14 Ends
Trial No.:22 Begins
User confirmed on object: Mailbox, this maze officially starts.
584.5623: -1.751013,-3.21493,1.791655,4.328766
584.7845: -1.770605,-3.221315,1.789833,13.7462
585.0067: -1.77705,-3.197647,1.767498,21.64911
585.2289: -1.700961,-3.196135,1.749628,61.54597
585.4511: -1.601006,-3.211449,1.72705,88.96114
585.6733: -1.432254,-3.2003,1.712665,90.7097
585.8956: -1.288798,-3.182731,1.728668,86.73694
586.1178: -1.206562,-3.177218,1.738808,87.31998
586.34: -1.140893,-3.111954,1.724312,61.15164
586.5623: -1.150085,-2.965179,1.735986,14.98538
586.7845: -1.115905,-2.788463,1.709242,1.759122
587.0067: -1.03947,-2.597196,1.731637,356.791
587.2289: -0.9240532,-2.399904,1.741688,356.5974
587.4511: -0.8067586,-2.144716,1.711906,352.1211
587.6733: -0.7614223,-1.908342,1.742301,346.4455
587.8956: -0.7362453,-1.651788,1.711616,9.432755
588.1178: -0.7023,-1.377373,1.722757,25.11405
588.34: -0.571375,-1.162795,1.737714,34.04674
588.5623: -0.3845894,-0.9462472,1.685631,27.37478
588.7845: -0.1913424,-0.7065457,1.718972,16.10341
589.0067: -0.1422161,-0.4628395,1.721633,358.1195
589.2289: -0.1278633,-0.1818789,1.703789,343.8609
589.4511: -0.05413037,0.08405444,1.742606,357.5866
589.6733: 0.01813073,0.3553337,1.704627,7.612667
589.8956: 0.08093659,0.6644061,1.706873,6.475189
590.1178: 0.1522526,0.8894455,1.734442,56.04062
590.34: 0.1327104,1.071625,1.704939,102.4402
590.5623: 0.08957002,1.355289,1.731872,92.00368
590.7845: 0.08356945,1.579024,1.73284,89.14149
591.0067: 0.105056,1.734639,1.673079,106.2068
591.2289: 0.0677217,1.805151,1.721653,129.7708
591.4511: 0.04559789,1.773893,1.718441,142.2489
591.6733: 0.05065448,1.606686,1.703426,139.5022
591.8956: 0.09586596,1.33387,1.676584,137.8533
592.1178: 0.2420346,1.153774,1.699678,129.991
592.34: 0.4729304,1.10237,1.662327,116.0698
592.5623: 0.7535224,1.070015,1.668121,118.9966
592.7845: 0.9461117,0.9986221,1.713299,118.2115
Trial Result: Success object: Bookshelf | Time Spent: 8.585144
Trial No.:22 Ends
Trial No.:17 Begins
User confirmed on object: Harp, this maze officially starts.
605.3511: 1.831816,-1.293458,1.78381,354.3003
605.5734: 1.839772,-1.306168,1.784477,358.018
605.7956: 1.852319,-1.314326,1.776695,10.14394
606.0178: 1.869236,-1.319824,1.766319,27.34874
606.24: 1.911501,-1.316391,1.755048,51.28757
606.4622: 1.992323,-1.328974,1.737108,81.66221
606.6844: 2.095307,-1.357354,1.722327,111.3506
606.9067: 2.246433,-1.241355,1.72905,80.77194
607.1289: 2.30517,-1.009837,1.693244,16.38686
607.3511: 2.414985,-0.7854327,1.70171,5.950232
607.5734: 2.558675,-0.6098946,1.735305,1.956741
607.7956: 2.73444,-0.4145118,1.702091,4.913531
608.0178: 2.795895,-0.1981713,1.743241,349.2583
608.24: 2.773582,0.05037542,1.69763,334.4422
608.4622: 2.742312,0.3605813,1.728379,336.8408
608.6844: 2.79656,0.6749288,1.745911,345.1758
608.9067: 2.870802,1.026481,1.688873,347.4718
609.1289: 2.882455,1.367306,1.741819,344.874
609.3511: 2.807028,1.690171,1.697521,336.8145
609.5734: 2.705355,2.036586,1.706596,328.9925
609.7956: 2.616145,2.33998,1.707131,309.4206
610.0178: 2.469086,2.648047,1.648777,279.9916
610.24: 2.257768,2.854031,1.702911,255.8015
610.4622: 1.986016,2.956094,1.670285,247.221
610.6844: 1.664528,3.058647,1.711178,258.9677
610.9067: 1.37738,3.179558,1.717329,266.8443
611.1289: 1.046639,3.304574,1.679379,266.3262
611.3511: 0.7205138,3.320288,1.735818,256.3004
611.5734: 0.3765123,3.247658,1.693102,251.2672
611.7956: 0.0175406,3.201961,1.738161,257.9426
612.0178: -0.3150023,3.228698,1.715535,267.5081
612.24: -0.6827811,3.255143,1.695141,267.0737
612.4622: -1.019255,3.215513,1.744706,260.6537
612.6844: -1.36682,3.1545,1.694619,259.4649
612.9067: -1.688683,3.135823,1.742429,262.9772
613.1289: -1.984211,3.149603,1.70755,263.9742
613.3511: -2.290058,3.167827,1.683638,263.6605
613.5734: -2.518572,3.136669,1.731531,263.8637
Trial Result: Success object: Stove | Time Spent: 8.574587
Trial No.:17 Ends
Trial No.:13 Begins
User confirmed on object: Telescope, this maze officially starts.
624.4067: -3.107334,-0.0177399,1.754383,91.01579
624.6289: -3.094493,-0.01411802,1.770245,95.00175
624.8511: -3.074462,-0.02565675,1.764706,105.2698
625.0734: -3.06585,-0.09971841,1.730554,141.3058
625.2956: -3.082726,-0.2089669,1.713023,174.9534
625.5178: -3.062234,-0.3672229,1.694868,183.3435
625.74: -3.017492,-0.5452735,1.704633,183.5326
625.9622: -2.907072,-0.6879261,1.727787,178.7442
626.1844: -2.71598,-0.8313382,1.704207,168.4528
626.4067: -2.571781,-0.9368918,1.721589,176.3119
626.6289: -2.519959,-1.0116,1.735434,196.1364
626.8511: -2.531604,-1.12499,1.738644,205.1025
627.0734: -2.597714,-1.312815,1.721313,199.7672
627.2956: -2.689037,-1.561929,1.724618,179.8208
627.5178: -2.711517,-1.774939,1.740223,166.0259
627.74: -2.690716,-2.031708,1.701709,157.5712
627.9622: -2.656091,-2.277156,1.729293,139.6169
628.1844: -2.606281,-2.510448,1.708296,119.1193
628.4067: -2.529827,-2.747528,1.674997,100.6466
628.6289: -2.354191,-2.859086,1.716391,79.79111
628.8511: -2.109625,-2.920574,1.697623,70.39632
629.0734: -1.8458,-3.008426,1.741037,78.57498
629.2956: -1.581614,-3.119954,1.710356,80.48229
629.5178: -1.270893,-3.26052,1.699436,81.0633
629.74: -0.9775883,-3.293622,1.754092,77.13869
629.9622: -0.6635286,-3.283431,1.7087,75.75517
630.1844: -0.3448806,-3.28585,1.76387,77.52931
630.4067: -0.03380158,-3.299201,1.730442,75.7301
630.6289: 0.3125087,-3.306088,1.725543,72.2888
630.8511: 0.6017179,-3.229002,1.771618,66.78677
631.0734: 0.8892834,-3.104352,1.724408,60.90691
631.2956: 1.153477,-2.992273,1.76477,55.0274
631.5178: 1.397081,-2.887103,1.741334,51.43218
631.74: 1.637936,-2.758955,1.733685,44.54655
631.9622: 1.776405,-2.601753,1.764385,39.97508
Trial Result: Success object: Well | Time Spent: 7.929586
Trial No.:13 Ends
Trial No.:10 Begins
User confirmed on object: Bookshelf, this maze officially starts.
640.54: 1.690331,1.196696,1.788437,189.1703
640.7622: 1.671042,1.15596,1.778235,211.7364
640.9844: 1.598103,1.140095,1.733184,254.3731
641.2067: 1.500645,1.160724,1.712504,288.6653
641.4289: 1.369725,1.1679,1.706621,297.5408
641.6511: 1.182026,1.1128,1.723576,261.1488
641.8734: 0.974932,1.084822,1.700589,254.8689
642.0956: 0.706275,1.050241,1.704634,260.4985
642.3178: 0.4535824,1.096763,1.735396,274.1417
642.54: 0.1912833,1.173558,1.690757,273.2834
642.7623: -0.07008409,1.225013,1.719698,267.0987
642.9844: -0.3208746,1.182457,1.711392,263.2025
643.2067: -0.6070738,1.104983,1.717841,264.4456
643.4289: -0.8629611,1.090405,1.755361,265.9299
643.6511: -1.143241,1.107143,1.707633,265.7322
643.8734: -1.439184,1.118555,1.717859,256.2882
644.0956: -1.699191,1.041744,1.728203,235.7845
644.3178: -1.978965,0.9507049,1.683484,219.7139
644.54: -2.224981,0.8469761,1.686013,198.7275
644.7623: -2.39938,0.681688,1.680824,172.8331
644.9844: -2.57507,0.5018643,1.696659,161.7779
645.2067: -2.666173,0.2981954,1.723971,169.9845
645.4289: -2.718297,0.04169328,1.696535,184.7716
645.6511: -2.74623,-0.230108,1.737349,186.7416
645.8734: -2.787993,-0.5055243,1.709465,185.9227
646.0956: -2.861387,-0.8173407,1.695672,191.5063
646.3178: -2.8718,-1.076949,1.727243,197.229
646.54: -2.840817,-1.356941,1.688706,199.8819
Trial Result: Success object: Plant | Time Spent: 6.241819
Trial No.:10 Ends
Trial No.:23 Begins
User confirmed on object: Chair, this maze officially starts.
660.74: 0.8028053,-3.299668,1.784569,1.801195
660.9622: 0.81985,-3.283554,1.789205,11.87156
661.1844: 0.9058807,-3.263482,1.779964,35.6312
661.4067: 1.046301,-3.26533,1.757334,64.72341
661.6289: 1.200542,-3.2569,1.741791,79.82915
661.8511: 1.32489,-3.120298,1.747023,50.65489
662.0734: 1.444327,-2.911435,1.696088,25.955
662.2956: 1.584574,-2.688008,1.731309,14.14591
662.5178: 1.724537,-2.513545,1.74849,1.545623
662.74: 1.909671,-2.283224,1.722128,0.8463995
662.9622: 2.020431,-2.024771,1.750146,353.3223
663.1844: 2.00039,-1.782931,1.72172,322.0439
663.4067: 1.986084,-1.520454,1.71676,301.0747
663.6289: 2.12285,-1.247559,1.751546,340.6297
663.8511: 2.320355,-1.015736,1.702333,4.642832
664.0734: 2.487525,-0.7609267,1.712957,2.380688
664.2956: 2.548727,-0.4782842,1.728215,12.05149
664.5178: 2.547725,-0.1521273,1.710245,7.258633
664.74: 2.5782,0.1306213,1.761883,1.397252
664.9622: 2.634256,0.427897,1.708249,355.7047
665.1844: 2.719012,0.755168,1.725278,356.3142
665.4067: 2.710824,1.047436,1.751796,349.7583
665.6289: 2.693499,1.371415,1.710961,350.6714
665.8511: 2.686103,1.668535,1.755172,346.9124
666.0734: 2.687757,1.966921,1.71102,334.6655
666.2956: 2.698832,2.288042,1.689221,317.5237
666.5178: 2.597062,2.526853,1.713234,293.0595
666.74: 2.426816,2.689286,1.670119,268.014
666.9622: 2.275248,2.805748,1.697153,246.2893
667.1844: 2.132764,2.884847,1.709935,221.5288
Trial Result: Success object: Piano | Time Spent: 6.663996
Trial No.:23 Ends
Trial No.:24 Begins
User confirmed on object: Chair, this maze officially starts.
682.7734: 1.01075,-3.172805,1.785787,353.9534
682.9955: 1.024157,-3.157043,1.780423,349.1786
683.2178: 1.014777,-3.123852,1.782955,344.4821
683.44: 0.983133,-3.117319,1.773556,348.4143
683.6622: 0.8696866,-3.162661,1.769999,338.023
683.8845: 0.6839136,-3.251289,1.750051,308.308
684.1067: 0.4879782,-3.3118,1.757365,287.2045
684.3289: 0.2708306,-3.276652,1.697896,278.8597
684.5511: 0.01961354,-3.189006,1.732958,281.4873
684.7734: -0.2327236,-3.167112,1.733068,286.3245
684.9955: -0.5541878,-3.176797,1.721709,291.4281
685.2178: -0.8403671,-3.138021,1.763118,293.183
685.44: -1.134369,-3.058418,1.710424,293.2714
685.6622: -1.45626,-2.970221,1.725727,292.6021
685.8845: -1.740429,-2.929885,1.735005,298.1927
686.1067: -2.043988,-2.86777,1.704841,315.0557
686.3289: -2.269323,-2.730934,1.744101,341.2448
686.5511: -2.424431,-2.539912,1.699893,359.5177
686.7734: -2.547276,-2.314764,1.704091,8.294993
686.9955: -2.656813,-2.097733,1.736858,18.14909
687.2178: -2.785035,-1.829677,1.701945,16.48883
687.44: -2.858031,-1.560087,1.743945,16.60939
687.6622: -2.845815,-1.289392,1.71476,17.39259
687.8845: -2.790062,-0.9668199,1.712958,16.50743
688.1067: -2.786414,-0.6576251,1.747868,14.05839
688.3289: -2.795514,-0.331283,1.702348,11.62482
688.5511: -2.753432,-0.01566844,1.740281,17.9598
688.7734: -2.641373,0.2333173,1.728317,30.50657
688.9955: -2.494096,0.5074005,1.707665,35.44911
689.2178: -2.363558,0.7315472,1.740351,65.94141
689.44: -2.257827,0.9721658,1.709785,91.19983
689.6622: -2.168589,1.31079,1.726073,46.59785
689.8845: -2.087189,1.572443,1.727435,4.560261
690.1067: -1.934509,1.826696,1.694048,342.4743
690.3289: -1.874873,2.054843,1.712028,306.5943
690.5511: -1.81609,2.313549,1.68811,321.0901
690.7734: -1.652903,2.560133,1.69547,50.09991
690.9955: -1.52362,2.699537,1.711644,87.5816
691.2178: -1.333589,2.840889,1.67545,95.50033
691.44: -1.115353,2.965528,1.706219,97.38543
691.6622: -0.8864557,3.101969,1.697332,101.1659
691.8845: -0.6043839,3.238326,1.705349,101.7274
692.1067: -0.3391517,3.272573,1.731173,105.0006
692.3289: -0.04174536,3.233153,1.68333,106.7429
692.5511: 0.2700863,3.196711,1.731269,103.4525
692.7734: 0.5775809,3.219931,1.706101,100.6592
692.9955: 0.9197527,3.239638,1.712361,102.627
693.2178: 1.196569,3.169316,1.744735,110.3914
693.44: 1.488815,3.042032,1.687025,115.6881
693.6622: 1.777424,2.921513,1.713708,118.6181
693.8845: 2.034874,2.861471,1.710402,126.8463
694.1067: 2.29456,2.751042,1.69576,141.1542
694.3289: 2.449024,2.584697,1.74106,161.2514
694.5511: 2.534929,2.378907,1.699747,163.6178
694.7734: 2.613262,2.109604,1.720058,156.3943
694.9955: 2.724827,1.919392,1.74733,145.6383
695.2178: 2.844721,1.728167,1.719316,145.2968
Trial Result: Success object: Trashcan | Time Spent: 12.67258
Trial No.:24 Ends
Trial No.:7 Begins
User confirmed on object: Plant, this maze officially starts.
708.4622: -2.582813,-2.045236,1.784774,279.5888
708.6844: -2.599522,-2.014136,1.772754,302.8148
708.9067: -2.559248,-1.927942,1.744608,358.2217
709.1289: -2.501739,-1.859277,1.722299,33.67762
709.3511: -2.463666,-1.717498,1.708302,37.37897
709.5734: -2.428267,-1.530446,1.699203,29.16063
709.7956: -2.430004,-1.33373,1.708955,26.56473
710.0178: -2.334721,-1.194165,1.703001,48.81665
710.24: -2.120894,-1.178927,1.696401,81.41405
710.4622: -1.848054,-1.170425,1.69848,88.32091
710.6844: -1.583322,-1.128981,1.746126,82.31561
710.9067: -1.279589,-1.095371,1.70028,75.29449
711.1289: -0.9791605,-1.080752,1.742489,75.53687
711.3511: -0.6796423,-1.088386,1.711473,77.58475
711.5734: -0.3355853,-1.131761,1.70901,80.08166
711.7956: -0.02519019,-1.122707,1.751628,79.60326
712.0178: 0.3131623,-1.099077,1.713027,79.02202
712.24: 0.6547897,-1.092729,1.755115,78.40652
712.4622: 0.9940891,-1.10192,1.718474,77.87067
712.6844: 1.357748,-1.118065,1.705048,72.29272
712.9067: 1.6826,-1.053446,1.733689,60.74151
713.1289: 2.002569,-0.9328686,1.683715,43.29694
713.3511: 2.247252,-0.8115075,1.725526,29.49754
713.5734: 2.466448,-0.6659266,1.700561,22.16532
713.7956: 2.682372,-0.4941846,1.702913,18.01502
714.0178: 2.751961,-0.2610196,1.699669,16.70512
714.24: 2.77738,0.05168904,1.657986,16.65392
Trial Result: Success object: Trashcan | Time Spent: 6.175161
Trial No.:7 Ends
