Participant ID: 421
Maze Mode: testing
Participant ID: 421
Maze Mode: testing
Trial No.:11 Begins
User confirmed on object: Trashcan, this maze officially starts.
25.81778: 2.474895,1.006613,1.700634,85.29636
26.04: 2.487136,1.009401,1.698914,85.53539
26.26222: 2.50199,1.007616,1.702238,86.04857
26.48445: 2.514234,0.9973199,1.70791,86.80009
26.70667: 2.513576,0.9893883,1.711755,84.58272
26.92889: 2.507161,0.9857285,1.711275,83.89835
27.15111: 2.500427,0.9842619,1.711145,85.66544
27.37333: 2.495856,0.987271,1.710928,84.60992
27.59556: 2.490107,0.9895602,1.710121,83.41502
27.81778: 2.48197,0.9910802,1.710219,83.41203
28.04: 2.473983,0.9902368,1.710375,84.50914
28.26222: 2.469033,0.986015,1.709864,87.95514
28.48445: 2.479155,0.9684081,1.699911,121.5975
28.70667: 2.495699,0.9742109,1.694617,159.7261
28.92889: 2.51809,0.9887033,1.68409,177.6707
29.15111: 2.538656,1.003255,1.671611,181.0107
29.37333: 2.579563,0.9950363,1.667363,164.7217
29.59556: 2.64714,1.010728,1.668892,118.1664
29.81778: 2.659669,0.9557741,1.666212,113.1942
30.04: 2.643137,0.8175874,1.6521,151.5794
30.26222: 2.655538,0.6707833,1.672047,167.0688
30.48445: 2.695175,0.5017889,1.65925,173.2394
30.70667: 2.758198,0.3013122,1.659728,183.8065
30.92889: 2.771123,0.1047425,1.688655,193.5535
31.15111: 2.736314,-0.1028772,1.669714,199.0095
31.37333: 2.674822,-0.3144354,1.692444,203.4367
31.59556: 2.62371,-0.5278368,1.68822,210.7052
31.81778: 2.57025,-0.7386038,1.670745,219.6846
32.04: 2.464105,-0.8990276,1.687639,223.629
32.26222: 2.305656,-1.001112,1.669129,222.1524
32.48444: 2.126624,-1.085334,1.689929,202.6253
32.70667: 2.006961,-1.212812,1.694981,180.9753
32.92889: 1.941517,-1.381611,1.672507,167.4962
33.15111: 1.900832,-1.578794,1.678224,155.8963
33.37333: 1.843496,-1.756161,1.69842,152.9726
33.59555: 1.800393,-1.90842,1.682467,143.317
33.81778: 1.765591,-2.034929,1.699577,144.7757
34.04: 1.70071,-2.181558,1.689897,180.9519
34.26222: 1.658832,-2.303624,1.678279,221.1466
34.48444: 1.655482,-2.24343,1.680395,278.4379
34.70667: 1.731125,-2.078234,1.671685,315.0404
34.92889: 1.775834,-1.890369,1.681569,319.5448
35.15111: 1.751893,-1.674434,1.650499,310.2512
35.37333: 1.638212,-1.449192,1.64663,304.0958
35.59555: 1.484834,-1.266258,1.673382,287.9797
35.81778: 1.303049,-1.10354,1.648945,282.0892
36.04: 1.053233,-1.008805,1.660366,282.1989
36.26222: 0.7653183,-1.014735,1.633738,275.7001
36.48444: 0.4833466,-1.021619,1.673493,273.3605
36.70667: 0.1990569,-1.004448,1.637799,275.0189
36.92889: -0.0475274,-0.989302,1.652278,280.7791
37.15111: -0.2246774,-0.9418989,1.658431,320.367
37.37333: -0.3115281,-0.9242361,1.649436,359.5042
37.59556: -0.3477637,-0.9317211,1.655405,16.33158
37.81778: -0.3329272,-0.9554033,1.659563,52.22477
38.04: -0.3274078,-0.9738264,1.658994,67.94828
38.26222: -0.2911189,-0.9604762,1.652516,69.69184
38.48444: -0.2003827,-0.9200127,1.641869,61.7604
38.70667: -0.1420387,-0.8122603,1.645832,25.56272
38.92889: -0.104869,-0.674723,1.632428,1.746246
39.15111: -0.07822501,-0.4465102,1.598146,357.5632
39.37333: -0.0571656,-0.1833606,1.638576,1.068082
39.59556: -0.0001642173,0.06267582,1.630623,15.35509
39.81778: 0.05977503,0.2912889,1.623778,32.64087
40.04: 0.09357636,0.4882872,1.646249,47.72403
40.26222: 0.1250925,0.6746901,1.620944,62.7634
40.48444: 0.2096588,0.8195418,1.635538,77.94548
40.70667: 0.367892,0.8993663,1.612339,89.0161
40.92889: 0.6063679,0.9275706,1.628754,93.13833
41.15111: 0.8144431,0.9588908,1.655177,90.63908
41.37333: 0.9977617,0.9780087,1.626753,99.63933
41.59556: 1.12969,0.997542,1.626473,102.4772
41.81778: 1.217522,0.9978812,1.655704,105.1976
42.04: 1.346657,1.007141,1.656807,95.73783
42.26222: 1.522229,1.005463,1.640132,81.15615
42.48444: 1.724046,0.9822131,1.625998,68.44334
42.70667: 1.918405,0.9935027,1.665351,48.95852
42.92889: 2.078023,1.056009,1.658275,32.33846
43.15111: 2.248784,1.175358,1.661707,28.5757
43.37333: 2.404326,1.313046,1.670895,12.52332
43.59556: 2.556478,1.480191,1.640054,0.4544096
43.81778: 2.683807,1.685214,1.66347,348.1284
44.04: 2.699214,1.910301,1.650869,332.4258
44.26222: 2.654289,2.149214,1.64384,321.3168
44.48444: 2.582333,2.364147,1.658474,297.0991
44.70667: 2.49546,2.5926,1.627072,284.9337
44.92889: 2.372384,2.777705,1.648667,266.3826
45.15111: 2.230661,2.882765,1.624371,242.0185
45.37333: 2.008955,2.984483,1.632807,247.3398
45.59556: 1.763522,3.072553,1.639735,255.1837
45.81778: 1.499099,3.14418,1.610464,256.7459
46.04: 1.225091,3.154942,1.635839,255.6757
46.26222: 0.9562445,3.081964,1.600439,246.3751
46.48444: 0.7045214,2.966681,1.617583,231.265
46.70667: 0.4621342,2.849138,1.598759,217.0727
46.92889: 0.2455598,2.704453,1.595258,200.7041
47.15111: 0.1070206,2.524453,1.612619,186.493
47.37333: 0.02846139,2.27519,1.592241,183.2435
47.59556: -0.02470604,2.002566,1.617425,182.4217
47.81778: -0.08836138,1.728959,1.585994,187.2148
48.04: -0.179723,1.505793,1.60734,214.4003
48.26222: -0.294744,1.327794,1.594225,242.0058
48.48444: -0.4603395,1.162214,1.593214,253.554
48.70667: -0.6969967,1.088775,1.562474,258.9333
48.92889: -0.9933385,1.079816,1.591452,256.5276
49.15111: -1.272991,1.037059,1.604364,250.0759
49.37333: -1.576875,0.9672968,1.566992,244.5941
49.59556: -1.877871,0.9108365,1.594227,227.5277
49.81778: -2.169761,0.8562518,1.539902,198.0571
50.04: -2.413686,0.7697172,1.566654,170.9995
50.26222: -2.57697,0.6212353,1.551703,157.5466
50.48444: -2.678339,0.4312617,1.572891,145.6066
50.70667: -2.730292,0.2838511,1.599153,118.4186
Trial Result: Success object: Telescope | Time Spent: 25.25505
Trial No.:11 Ends
Trial No.:8 Begins
User confirmed on object: Plant, this maze officially starts.
76.52889: -2.486403,-1.990866,1.662293,264.5986
76.75111: -2.477835,-1.992206,1.661891,266.4713
76.97334: -2.463412,-1.980027,1.658991,274.4553
77.19556: -2.456252,-1.972281,1.655503,280.8945
77.41778: -2.473664,-1.958365,1.647054,298.3813
77.64: -2.5109,-1.927015,1.633118,332.451
77.86222: -2.541927,-1.8888,1.617883,359.403
78.08445: -2.569015,-1.818158,1.607887,9.912371
78.30667: -2.584154,-1.717432,1.610725,13.04046
78.52889: -2.582381,-1.604838,1.614922,31.24419
78.75111: -2.574583,-1.46558,1.589158,56.01472
78.97334: -2.559408,-1.311467,1.588203,72.59882
79.19556: -2.467449,-1.199539,1.591848,80.16953
79.41778: -2.266509,-1.148716,1.571467,80.16322
79.64: -2.007908,-1.141868,1.606656,79.13237
79.86222: -1.76139,-1.11923,1.621129,77.088
80.08445: -1.479275,-1.082917,1.600152,79.01698
80.30667: -1.220891,-1.064606,1.6381,77.94659
80.52889: -0.9456512,-1.06185,1.602765,76.57445
80.75111: -0.6646342,-1.05461,1.641498,76.00902
80.97334: -0.3848512,-1.015862,1.625324,81.65252
81.19556: -0.09000857,-0.9451972,1.631698,85.69317
81.41778: 0.2299238,-0.9407314,1.622999,82.62708
81.64: 0.5581058,-0.9883106,1.632555,74.38754
81.86222: 0.8154486,-0.9760488,1.674343,65.75843
82.08445: 1.037743,-0.944898,1.650723,58.4738
82.30667: 1.214661,-0.9608008,1.683108,44.49928
82.52889: 1.374309,-0.9970611,1.688272,26.45721
Trial Result: Success object: Harp | Time Spent: 6.275799
Trial No.:8 Ends
Trial No.:18 Begins
User confirmed on object: Harp, this maze officially starts.
88.97334: 1.642252,-1.195604,1.708769,354.6372
89.19556: 1.645096,-1.204462,1.708136,356.5674
89.41778: 1.651698,-1.21687,1.701442,359.7755
89.64: 1.653001,-1.224198,1.689959,359.7175
89.86222: 1.613937,-1.205582,1.684109,331.8912
90.08445: 1.533837,-1.183666,1.676661,286.8365
90.30667: 1.418999,-1.135866,1.659955,271.9509
90.52889: 1.231962,-1.088708,1.638253,274.9353
90.75111: 1.026942,-1.041441,1.669337,274.9432
90.97334: 0.8111095,-0.9765091,1.639195,269.9353
91.19556: 0.5953015,-0.9291147,1.663661,260.7181
91.41778: 0.3576329,-0.9453257,1.642755,255.8723
91.64: 0.09959638,-1.006197,1.646234,249.0086
91.86222: -0.1591018,-1.047631,1.650427,229.562
92.08445: -0.4320419,-1.034049,1.621316,220.1063
92.30667: -0.7177701,-1.023551,1.644298,221.916
92.52889: -1.027462,-1.025688,1.608539,242.7359
92.75111: -1.333849,-1.038115,1.632878,252.4886
92.97334: -1.628505,-1.031036,1.596606,244.2822
93.19556: -1.907223,-1.026877,1.599144,228.1391
93.41778: -2.140932,-1.075875,1.601019,203.6461
93.64: -2.35396,-1.142718,1.581395,187.983
93.86222: -2.516476,-1.197214,1.613055,164.0856
94.08445: -2.588498,-1.186729,1.604333,98.3874
94.30667: -2.691351,-1.091492,1.605617,38.0665
94.52889: -2.731397,-0.9885312,1.597688,25.44473
94.75111: -2.734589,-0.820071,1.583594,25.53014
94.97334: -2.712299,-0.6793621,1.601418,29.69036
95.19556: -2.67501,-0.5689136,1.593394,32.70169
95.41778: -2.647333,-0.4713657,1.601593,36.12755
Trial Result: Success object: Telescope | Time Spent: 6.717894
Trial No.:18 Ends
Trial No.:21 Begins
User confirmed on object: Mailbox, this maze officially starts.
125.6622: -1.711004,-3.225826,1.671576,354.7094
125.8844: -1.713241,-3.232442,1.67282,353.3883
126.1067: -1.717196,-3.242169,1.669456,353.439
126.3289: -1.723934,-3.243714,1.66687,352.9156
126.5511: -1.732797,-3.241739,1.661464,351.926
126.7733: -1.733217,-3.234116,1.656337,356.1135
126.9956: -1.696014,-3.217389,1.661098,28.52204
127.2178: -1.669445,-3.183724,1.651051,48.93148
127.44: -1.591118,-3.157619,1.643627,64.42457
127.6622: -1.447292,-3.146472,1.619292,67.57147
127.8844: -1.243521,-3.165122,1.626281,66.46308
128.1067: -1.085526,-3.123141,1.652167,45.19928
128.3289: -1.005843,-2.990325,1.637122,13.92735
128.5511: -0.9452851,-2.766412,1.623025,8.328633
128.7733: -0.8956764,-2.51483,1.648162,5.98261
128.9956: -0.8313402,-2.249683,1.624695,6.921001
129.2178: -0.7773218,-1.991291,1.632263,10.40884
129.44: -0.7509699,-1.741092,1.643352,19.69864
129.6622: -0.7145011,-1.504136,1.604537,41.46494
129.8844: -0.6150386,-1.312449,1.630195,78.74845
130.1067: -0.4457374,-1.164894,1.605438,92.78902
130.3289: -0.2602217,-1.011959,1.649085,67.68496
130.5511: -0.1740576,-0.8182804,1.646886,19.09789
130.7733: -0.1103623,-0.5809101,1.613337,3.889704
130.9956: -0.05308481,-0.3119054,1.639873,351.5922
131.2178: 0.01704736,-0.05103394,1.63618,350.9843
131.44: 0.09726416,0.1992493,1.630519,7.647621
131.6622: 0.1601166,0.419978,1.6322,34.87022
131.8844: 0.2113509,0.6098011,1.608412,63.09764
132.1067: 0.3077734,0.7454716,1.629388,89.33062
132.3289: 0.4793723,0.8363885,1.600186,93.12222
132.5511: 0.7407153,0.878221,1.635061,83.07346
132.7733: 1.000394,0.9105693,1.655714,75.71432
132.9956: 1.301668,0.9424379,1.619445,78.33197
133.2178: 1.58967,0.9482472,1.66445,83.00919
133.44: 1.879693,0.9425867,1.635389,84.81803
133.6622: 2.140128,0.9619274,1.668945,81.42694
133.8844: 2.348797,1.007881,1.67135,82.02802
134.1067: 2.515653,1.051959,1.659024,85.23846
134.3289: 2.614188,1.066232,1.687485,87.2813
Trial Result: Success object: Trashcan | Time Spent: 8.929226
Trial No.:21 Ends
Trial No.:9 Begins
User confirmed on object: Bookshelf, this maze officially starts.
155.8844: 1.774707,1.223921,1.707543,178.1087
156.1067: 1.766082,1.233032,1.702718,185.4955
156.3289: 1.747003,1.244126,1.697674,197.3301
156.5511: 1.723466,1.236696,1.691828,208.3939
156.7733: 1.63765,1.210779,1.680547,244.4288
156.9956: 1.496742,1.198623,1.652398,272.035
157.2178: 1.285566,1.202148,1.620047,278.2501
157.44: 1.066346,1.184583,1.644738,275.2611
157.6622: 0.8358822,1.123969,1.611956,276.5003
157.8844: 0.5786718,1.076665,1.60708,289.165
158.1067: 0.380804,1.153127,1.627077,316.2859
158.3289: 0.2316281,1.296437,1.587786,333.8076
158.5511: 0.1348208,1.459628,1.61193,344.2744
158.7733: 0.04992474,1.666742,1.585104,349.8969
158.9956: -0.02183511,1.902642,1.590556,347.9726
159.2178: -0.0167547,2.155191,1.581695,341.8531
159.44: -0.009914981,2.436774,1.56282,316.374
159.6622: -0.09957104,2.643591,1.60133,285.3552
159.8844: -0.2811273,2.776594,1.569174,268.1907
160.1067: -0.506793,2.895624,1.587408,268.6818
160.3289: -0.7557821,3.005476,1.569448,267.068
160.5511: -1.019399,3.078668,1.568743,264.632
160.7733: -1.27383,3.081181,1.571422,262.7659
160.9956: -1.538709,3.047344,1.551612,265.039
161.2178: -1.776523,3.045095,1.578722,265.2126
161.44: -1.996135,3.054371,1.543672,262.773
161.6622: -2.186998,3.039192,1.568203,260.0634
161.8844: -2.350717,3.003428,1.553233,259.87
162.1067: -2.472818,2.990618,1.562576,259.3094
162.3289: -2.560307,3.002675,1.567521,256.386
Trial Result: Success object: Stove | Time Spent: 6.730061
Trial No.:9 Ends
Trial No.:22 Begins
User confirmed on object: Mailbox, this maze officially starts.
186.04: -1.734749,-3.244112,1.655398,351.1059
186.2622: -1.72657,-3.259441,1.649702,353.5554
186.4845: -1.71814,-3.265191,1.6455,358.5944
186.7067: -1.697403,-3.22062,1.650586,15.12265
186.9289: -1.657007,-3.156806,1.653906,32.73479
187.1511: -1.585364,-3.097,1.654369,39.75974
187.3733: -1.445756,-3.044128,1.628809,37.67247
187.5956: -1.233222,-2.984528,1.611023,25.80488
187.8178: -1.06975,-2.875133,1.64178,20.16557
188.04: -0.9866271,-2.695244,1.614164,20.24678
188.2622: -0.9486713,-2.44321,1.631002,17.6563
188.4845: -0.8831997,-2.194198,1.650514,15.33982
188.7067: -0.8044559,-1.934399,1.622478,15.19009
188.9289: -0.7404524,-1.676605,1.652601,13.96831
189.1511: -0.6639291,-1.429319,1.609633,24.29788
189.3733: -0.546919,-1.19391,1.62177,38.95709
189.5956: -0.3673117,-0.9851937,1.597263,38.93783
189.8178: -0.1613491,-0.7802117,1.615511,30.12007
190.04: -0.05636595,-0.5435789,1.629604,16.9139
190.2622: -0.0367985,-0.2650157,1.596607,16.43044
190.4845: -0.02157189,0.02084268,1.633814,21.3302
190.7067: 0.03625205,0.2771986,1.614932,33.71983
190.9289: 0.1313574,0.5155759,1.603186,63.36833
191.1511: 0.2272333,0.6992843,1.622666,86.86329
191.3733: 0.3736547,0.8838962,1.596214,93.44579
191.5956: 0.5737965,1.012945,1.61686,103.9436
191.8178: 0.7963959,1.03769,1.604004,111.8907
192.04: 1.025584,1.017353,1.624686,118.6772
192.2622: 1.210551,1.019449,1.644803,128.333
192.4845: 1.402393,1.023056,1.619698,144.5311
192.7067: 1.57442,1.01868,1.64239,159.8429
Trial Result: Success object: Bookshelf | Time Spent: 6.974083
Trial No.:22 Ends
Trial No.:1 Begins
User confirmed on object: Stove, this maze officially starts.
208.5511: -2.485569,3.049674,1.570994,259.3124
208.7733: -2.47231,3.069264,1.572145,264.4805
208.9956: -2.464397,3.090344,1.57343,271.546
209.2178: -2.467313,3.07848,1.575505,259.9767
209.44: -2.434414,3.009611,1.573937,213.4827
209.6622: -2.334325,2.943545,1.554138,166.5966
209.8844: -2.206623,2.877597,1.534099,136.9273
210.1067: -2.108255,2.763956,1.539898,135.8546
210.3289: -2.026921,2.579842,1.524381,145.1644
210.5511: -1.950359,2.321709,1.532093,148.5191
210.7733: -1.863446,2.075223,1.56853,149.2269
210.9956: -1.758046,1.818238,1.544086,144.8984
211.2178: -1.647786,1.568532,1.571981,143.2367
211.44: -1.496928,1.351054,1.56457,131.0875
211.6622: -1.300651,1.173731,1.579304,108.6282
211.8844: -1.058232,1.076155,1.581455,101.8598
212.1067: -0.7722183,1.026625,1.578987,111.0977
212.3289: -0.5483592,0.9411431,1.621865,126.0103
212.5511: -0.3443845,0.8152359,1.588392,137.1717
212.7733: -0.1682475,0.6538742,1.616317,150.9325
212.9956: -0.03454479,0.4514311,1.612603,160.6409
213.2178: 0.08268968,0.2163423,1.612556,164.0893
213.44: 0.119549,-0.02612528,1.635074,162.3117
213.6622: 0.11654,-0.2747614,1.614735,146.0447
213.8844: 0.141083,-0.5064889,1.650707,123.1455
214.1067: 0.2418941,-0.6939815,1.642205,116.0806
214.3289: 0.4294131,-0.844807,1.632461,112.9149
214.5511: 0.6385783,-0.9643237,1.659709,110.4819
214.7733: 0.8811622,-1.059287,1.646659,111.231
214.9956: 1.112631,-1.127221,1.678673,113.0361
215.2178: 1.342867,-1.196476,1.655435,118.1544
215.44: 1.56004,-1.288823,1.660458,124.2505
215.6622: 1.697399,-1.427152,1.678384,125.4851
215.8844: 1.796371,-1.598008,1.663895,117.1599
216.1067: 1.880608,-1.72874,1.698654,107.0192
Trial Result: Success object: Well | Time Spent: 7.973831
Trial No.:1 Ends
Trial No.:24 Begins
User confirmed on object: Chair, this maze officially starts.
234.5845: 0.8324991,-3.125344,1.688716,354.363
234.8067: 0.8349758,-3.13555,1.716966,356.8329
235.0289: 0.8421751,-3.157537,1.720058,355.7343
235.2511: 0.852497,-3.177573,1.705961,356.2236
235.4733: 0.8549311,-3.175681,1.692412,355.2076
235.6956: 0.8510253,-3.162259,1.696104,354.0598
235.9178: 0.8061047,-3.142561,1.706166,341.1692
236.14: 0.7749691,-3.116958,1.706121,348.0983
236.3622: 0.8741127,-3.072927,1.693587,27.6117
236.5845: 1.082162,-3.054698,1.645908,49.71178
236.8067: 1.36291,-3.012795,1.627744,41.99623
237.0289: 1.547286,-2.873026,1.659223,16.44818
237.2511: 1.661322,-2.643059,1.635471,8.943909
237.4733: 1.765845,-2.395939,1.686952,7.713058
237.6956: 1.876405,-2.127629,1.66043,6.86345
237.9178: 1.975028,-1.840889,1.691934,4.862188
238.14: 2.05163,-1.550559,1.671812,9.352639
238.3622: 2.147608,-1.26015,1.668704,18.36027
238.5845: 2.304471,-1.005413,1.672803,19.59666
238.8067: 2.483691,-0.748253,1.65975,14.74119
239.0289: 2.581289,-0.4786711,1.688782,13.40602
239.2511: 2.604963,-0.2140938,1.655598,19.5617
239.4733: 2.642336,0.01859445,1.690584,23.35927
239.6956: 2.725128,0.2088282,1.661418,23.91733
239.9178: 2.788836,0.3693499,1.683586,24.18733
Trial Result: Success object: Trashcan | Time Spent: 5.752045
Trial No.:24 Ends
Trial No.:14 Begins
User confirmed on object: Telescope, this maze officially starts.
256.6844: -2.857486,0.00371729,1.592682,76.41061
256.9067: -2.868494,0.004956884,1.612527,78.175
257.1289: -2.884529,-0.004751063,1.616698,80.1451
257.3511: -2.894852,-0.0233954,1.619371,84.47108
257.5733: -2.895538,-0.0349349,1.623624,84.74491
257.7956: -2.87777,0.007536953,1.618785,65.73325
258.0178: -2.864198,0.1163458,1.599476,40.91079
258.24: -2.823876,0.2828939,1.574739,39.95686
258.4622: -2.760384,0.5112104,1.568789,46.42443
258.6844: -2.626186,0.6781486,1.572723,62.49944
258.9067: -2.420669,0.7775751,1.549364,76.06043
259.1289: -2.193488,0.8570644,1.574665,82.47644
259.3511: -1.932384,0.9218934,1.548252,85.52624
259.5733: -1.645261,0.9625304,1.5671,91.18921
259.7956: -1.365004,0.9464046,1.586355,94.73284
260.0178: -1.086698,0.916278,1.580152,98.2419
260.24: -0.8465239,0.9076209,1.610477,108.381
260.4622: -0.6179174,0.9164391,1.586712,121.0919
260.6844: -0.3971373,0.9326174,1.615772,120.53
260.9067: -0.1891391,0.9508735,1.613043,96.71598
261.1289: -0.05437821,1.000754,1.614572,39.90134
261.3511: -0.007065157,1.028094,1.631148,14.94728
261.5733: 0.08019529,1.03595,1.637724,42.03386
261.7956: 0.1309199,0.8687292,1.632807,127.9955
262.0178: 0.0713785,0.6828306,1.612788,168.4988
262.24: 0.04556444,0.4488611,1.603507,181.1026
262.4622: 0.02936748,0.239455,1.62673,204.1575
262.6844: 0.02461303,0.0769631,1.594593,232.7799
262.9067: 0.01370084,0.006048433,1.63718,262.3008
263.1289: 0.02513019,-0.01815457,1.639702,272.4836
Trial Result: Success object: Wheelbarrow | Time Spent: 6.685711
Trial No.:14 Ends
Trial No.:10 Begins
User confirmed on object: Bookshelf, this maze officially starts.
278.4511: 1.697639,1.308424,1.694445,171.6131
278.6733: 1.690207,1.300594,1.688995,177.3586
278.8956: 1.664605,1.292006,1.684624,188.7776
279.1178: 1.644369,1.26959,1.682941,199.609
279.34: 1.611363,1.240982,1.67555,217.2866
279.5622: 1.545349,1.224576,1.665783,243.2936
279.7845: 1.430916,1.219176,1.647324,251.5238
280.0067: 1.247839,1.227127,1.618621,244.4064
280.2289: 1.069535,1.219815,1.644455,237.6372
280.4511: 0.8872114,1.160887,1.628789,235.362
280.6733: 0.6713105,1.052105,1.613736,237.32
280.8956: 0.487236,0.9478039,1.634103,230.8068
281.1178: 0.3055461,0.8040473,1.603561,217.4264
281.34: 0.1505346,0.6091202,1.622189,200.416
281.5622: 0.08247599,0.3745091,1.612411,193.3338
281.7845: 0.06986415,0.1037674,1.60735,198.9884
282.0067: 0.0304682,-0.1374612,1.646325,205.3717
282.2289: -0.05109485,-0.3694562,1.622353,215.11
282.4511: -0.1691121,-0.5688112,1.633445,231.9729
282.6733: -0.3074624,-0.7463582,1.626869,245.8412
282.8956: -0.495506,-0.9152033,1.614965,253.1203
283.1178: -0.7375236,-0.9813009,1.627545,259.9469
283.34: -1.004747,-0.9734846,1.603123,259.2157
283.5622: -1.261851,-0.970486,1.639199,253.5005
283.7845: -1.508722,-0.9959056,1.611819,253.8711
284.0067: -1.769716,-1.042123,1.610924,255.1718
284.2289: -2.011763,-1.084301,1.617559,247.6075
284.4511: -2.254973,-1.157976,1.583841,237.1864
284.6733: -2.442397,-1.289596,1.607274,229.3813
284.8956: -2.556146,-1.454766,1.592363,229.6089
285.1178: -2.639917,-1.625926,1.594541,235.0027
285.34: -2.693569,-1.707686,1.61203,240.2231
285.5622: -2.717927,-1.74205,1.611288,241.1367
Trial Result: Success object: Plant | Time Spent: 7.340935
Trial No.:10 Ends
Trial No.:4 Begins
User confirmed on object: Piano, this maze officially starts.
301.84: 1.768273,3.270685,1.646179,158.3444
302.0622: 1.744856,3.260346,1.655604,172.9048
302.2845: 1.713817,3.242597,1.661067,189.6768
302.5067: 1.68402,3.218132,1.660899,206.4095
302.7289: 1.647197,3.187028,1.659431,228.1859
302.9511: 1.605612,3.151983,1.663157,244.7037
303.1733: 1.577784,3.110837,1.651136,230.2919
303.3956: 1.693651,3.060038,1.640427,181.5045
303.6178: 1.919615,3.056351,1.603917,146.0187
303.84: 2.184459,3.025044,1.593421,144.7303
304.0622: 2.36002,2.911787,1.620737,157.5363
304.2845: 2.480384,2.710391,1.58791,163.7175
304.5067: 2.553185,2.490241,1.626489,174.0161
304.7289: 2.615918,2.257913,1.632073,187.9308
304.9511: 2.670517,1.997687,1.631979,198.2004
305.1733: 2.643428,1.753801,1.665011,210.7989
305.3956: 2.563634,1.542004,1.639864,233.5847
305.6178: 2.4819,1.370457,1.665629,256.087
305.84: 2.400773,1.223783,1.664527,267.9612
306.0622: 2.358926,1.133089,1.675445,281.235
306.2845: 2.351936,1.042995,1.697187,260.93
306.5067: 2.437753,0.8783227,1.690874,201.4531
306.7289: 2.578497,0.6942014,1.664221,171.9542
306.9511: 2.697433,0.4571303,1.668249,175.2925
307.1733: 2.746917,0.2058924,1.675676,190.4332
307.3956: 2.745092,-0.0586138,1.665709,200.439
307.6178: 2.721904,-0.2894267,1.69662,220.228
307.84: 2.683279,-0.530896,1.660086,246.7504
308.0622: 2.617891,-0.7415171,1.687938,268.2789
308.2845: 2.517299,-0.8821809,1.683597,279.2114
308.5067: 2.403283,-0.9601606,1.676308,293.4742
308.7289: 2.288861,-1.016328,1.700987,304.9057
Trial Result: Success object: Harp | Time Spent: 7.184946
Trial No.:4 Ends
Trial No.:19 Begins
User confirmed on object: Well, this maze officially starts.
324.6844: 1.637489,-2.020979,1.731477,84.44587
324.9067: 1.630727,-2.024571,1.729906,90.20717
325.1289: 1.633911,-2.028127,1.726636,96.16897
325.3511: 1.650705,-2.024971,1.729088,92.21172
325.5733: 1.669961,-1.957115,1.718683,56.17991
325.7956: 1.619675,-1.846184,1.689615,359.0269
326.0178: 1.566246,-1.740329,1.67162,324.4365
326.24: 1.545973,-1.591463,1.657099,312.7271
326.4622: 1.526441,-1.401409,1.636537,302.8377
326.6844: 1.461672,-1.224581,1.663509,292.306
326.9067: 1.331028,-1.138337,1.658917,288.2488
327.1289: 1.125701,-1.123404,1.630404,289.1046
327.3511: 0.8796469,-1.124328,1.65965,291.6015
327.5733: 0.6671066,-1.062307,1.662891,298.0071
327.7956: 0.4593832,-0.9345804,1.632809,305.0531
328.0178: 0.2932166,-0.7836109,1.651982,321.8683
328.24: 0.1435534,-0.5787595,1.626692,333.7349
328.4622: 0.03690192,-0.3476398,1.636044,342.4365
328.6844: 0.000995622,-0.1032289,1.616391,344.7376
328.9067: -0.01367258,0.1565747,1.627842,340.0577
329.1289: -0.07793292,0.3806438,1.646099,326.7747
329.3511: -0.2038424,0.5775142,1.604277,315.149
329.5733: -0.3679737,0.7348607,1.617295,295.2555
329.7956: -0.5797273,0.868943,1.598762,286.3312
330.0178: -0.8086362,0.9632858,1.617882,280.4635
330.24: -1.045395,1.020273,1.603079,293.352
330.4622: -1.28499,1.068116,1.585122,320.1418
330.6844: -1.45255,1.168069,1.60065,345.8208
330.9067: -1.579693,1.30564,1.570533,359.2458
331.1289: -1.677727,1.446805,1.584541,12.1149
331.3511: -1.747394,1.566643,1.579579,33.95986
331.5733: -1.818033,1.700334,1.558881,55.53277
331.7956: -1.855839,1.82219,1.58139,69.88757
Trial Result: Success object: Table | Time Spent: 7.408508
Trial No.:19 Ends
Trial No.:3 Begins
User confirmed on object: Piano, this maze officially starts.
349.7178: 1.688109,3.287282,1.64562,171.502
349.94: 1.681949,3.295691,1.643691,176.7066
350.1622: 1.664901,3.281471,1.6485,191.5358
350.3845: 1.628279,3.238248,1.654376,219.8038
350.6067: 1.550102,3.210871,1.643051,247.3759
350.8289: 1.419968,3.200408,1.622922,259.7582
351.0511: 1.232118,3.218512,1.59545,260.7507
351.2733: 1.019702,3.236598,1.627916,260.2294
351.4956: 0.7776669,3.211861,1.596133,259.8838
351.7178: 0.4944399,3.159947,1.600841,262.0542
351.94: 0.2167575,3.147665,1.617591,261.1271
352.1622: -0.0801371,3.162263,1.580469,256.8439
352.3845: -0.3687159,3.162941,1.613901,252.2193
352.6067: -0.6566535,3.125392,1.573856,247.9816
352.8289: -0.939821,3.066055,1.575289,248.0879
353.0511: -1.217592,2.98467,1.567226,247.5085
353.2733: -1.468709,2.820099,1.555171,224.1607
353.4956: -1.618874,2.597273,1.565008,194.8646
353.7178: -1.740782,2.33244,1.553139,191.702
353.94: -1.864354,2.070749,1.590154,195.5256
354.1622: -1.99262,1.785265,1.550255,197.2912
354.3845: -2.105047,1.498531,1.580565,198.7627
354.6067: -2.207323,1.213085,1.566542,198.607
354.8289: -2.312728,0.9293485,1.568804,188.4045
355.0511: -2.431226,0.6718434,1.575231,178.6226
355.2733: -2.555899,0.398006,1.565829,180.2635
355.4956: -2.604859,0.1086635,1.588928,181.7443
355.7178: -2.601798,-0.1933974,1.559023,181.1111
355.94: -2.605904,-0.4640773,1.604442,175.9225
356.1622: -2.63135,-0.7336743,1.582632,171.6457
356.3845: -2.674642,-1.015602,1.608392,169.9264
356.6067: -2.680324,-1.300036,1.608279,171.0717
356.8289: -2.664593,-1.603706,1.591866,172.8456
357.0511: -2.66134,-1.885296,1.618525,163.7651
357.2733: -2.653431,-2.169661,1.584881,146.8451
357.4956: -2.590916,-2.426609,1.615983,117.2619
357.7178: -2.477876,-2.631065,1.59822,93.08137
357.94: -2.33541,-2.812133,1.600604,78.77396
358.1622: -2.187615,-2.93612,1.628752,57.96241
358.3845: -2.046913,-3.020358,1.615706,30.19064
358.6067: -1.973721,-3.050922,1.650546,14.52105
358.8289: -1.916682,-3.067808,1.637531,8.299996
Trial Result: Success object: Mailbox | Time Spent: 9.46228
Trial No.:3 Ends
Trial No.:6 Begins
User confirmed on object: Table, this maze officially starts.
372.5844: -2.022288,2.007179,1.611755,87.54695
372.8067: -2.027356,2.000211,1.611773,92.88236
373.0289: -2.026848,1.979655,1.610135,104.7505
373.2511: -2.015637,1.9666,1.60684,112.8565
373.4733: -2.011816,1.910181,1.602059,136.8529
373.6956: -2.061035,1.803495,1.587471,166.3581
373.9178: -2.144931,1.663436,1.564913,187.098
374.14: -2.215487,1.503412,1.574302,198.9536
374.3622: -2.268472,1.297153,1.550946,200.1207
374.5844: -2.335282,1.071747,1.571778,200.1295
374.8067: -2.434251,0.8342524,1.57108,195.4902
375.0289: -2.550188,0.5811461,1.563711,189.1802
375.2511: -2.613755,0.3196813,1.587985,180.0655
375.4733: -2.637567,0.04745338,1.562625,179.0023
375.6956: -2.652926,-0.2168132,1.593679,179.4079
375.9178: -2.674889,-0.4793274,1.582509,175.4072
376.14: -2.704274,-0.7577582,1.593416,172.104
376.3622: -2.701015,-1.025283,1.60556,170.0351
376.5844: -2.683722,-1.304517,1.587776,171.0679
376.8067: -2.684502,-1.57346,1.618196,169.6238
377.0289: -2.704797,-1.848213,1.590158,164.7297
377.2511: -2.698769,-2.123304,1.613446,151.4987
377.4733: -2.626357,-2.355888,1.606731,130.3756
377.6956: -2.509776,-2.561288,1.594601,111.1563
377.9178: -2.365008,-2.732452,1.613561,90.15343
378.14: -2.161276,-2.908247,1.59702,82.38231
378.3622: -1.897928,-3.024747,1.629979,79.86759
378.5844: -1.59142,-3.066629,1.60528,81.06026
378.8067: -1.298585,-3.094225,1.656055,83.84931
379.0289: -1.000252,-3.135034,1.635059,81.13501
379.2511: -0.6974008,-3.168883,1.657258,74.70753
379.4733: -0.4334244,-3.149595,1.678218,67.2979
379.6956: -0.171593,-3.106735,1.654291,65.41379
379.9178: 0.05408939,-3.079186,1.696136,54.98972
380.14: 0.2735917,-3.05541,1.667419,38.8932
380.3622: 0.4334353,-3.034894,1.698369,26.44722
Trial Result: Success object: Chair | Time Spent: 8.185163
Trial No.:6 Ends
Trial No.:5 Begins
User confirmed on object: Table, this maze officially starts.
394.8734: -2.072054,2.110877,1.609464,93.87746
395.0956: -2.07568,2.106539,1.607895,97.01845
395.3178: -2.065993,2.091634,1.608987,100.2136
395.54: -2.031911,2.094504,1.603453,95.71799
395.7622: -1.985667,2.093199,1.579674,106.1894
395.9845: -1.949064,1.995664,1.567154,135.3184
396.2067: -1.920705,1.813997,1.538592,144.3035
396.4289: -1.893554,1.575088,1.545989,134.9141
396.6511: -1.813166,1.410363,1.577268,117.8427
396.8734: -1.651473,1.299052,1.563465,109.8594
397.0956: -1.434453,1.227195,1.577125,104.9912
397.3178: -1.225928,1.171969,1.587402,95.33314
397.54: -0.9931343,1.109525,1.57844,94.65657
397.7622: -0.7706249,1.077471,1.613852,94.45858
397.9845: -0.5410782,1.059863,1.594827,97.58324
398.2067: -0.2884529,1.061104,1.600324,98.73032
398.4289: -0.03095063,1.025764,1.621848,100.88
398.6511: 0.2357774,0.9690497,1.604341,99.17474
398.8734: 0.4815162,0.9505243,1.639539,98.63369
399.0956: 0.7096211,0.9672576,1.629265,101.1049
399.3178: 0.9199074,0.9930876,1.632154,106.5783
399.54: 1.084506,0.9849422,1.651363,110.9545
399.7622: 1.212865,0.9694381,1.654171,114.4077
Trial Result: Success object: Bookshelf | Time Spent: 5.308449
Trial No.:5 Ends
Trial No.:13 Begins
User confirmed on object: Telescope, this maze officially starts.
416.5844: -2.903731,0.07401878,1.614657,74.16801
416.8067: -2.906644,0.06055869,1.614048,82.67999
417.0289: -2.900375,0.02490604,1.619572,94.77243
417.2511: -2.898635,-0.006031858,1.6222,101.959
417.4734: -2.884061,0.01507771,1.618984,87.56786
417.6956: -2.86456,0.1140036,1.601571,60.61485
417.9178: -2.836649,0.2746483,1.577543,43.21665
418.14: -2.769246,0.4793773,1.564046,44.23717
418.3622: -2.630279,0.6400318,1.572212,57.36416
418.5844: -2.414076,0.7388428,1.541612,75.91539
418.8067: -2.177934,0.8131028,1.577563,84.98822
419.0289: -1.930269,0.8838699,1.571778,87.62654
419.2511: -1.649973,0.9412623,1.572199,90.64075
419.4734: -1.383208,0.9321946,1.601031,94.09713
419.6956: -1.105977,0.8822871,1.592718,97.52773
419.9178: -0.83786,0.8370148,1.625897,101.1697
420.14: -0.5639779,0.7855196,1.583515,112.5861
420.3622: -0.3340738,0.6686459,1.605126,140.4617
420.5844: -0.2072515,0.4974453,1.607189,159.0579
420.8067: -0.1362839,0.2639239,1.618174,161.3763
421.0289: -0.06710289,0.02788476,1.639643,159.6082
421.2511: 0.01478839,-0.2295581,1.601556,158.0811
421.4734: 0.1200769,-0.4749698,1.623485,150.2315
421.6956: 0.2716534,-0.6845,1.633715,129.6681
421.9178: 0.4776858,-0.8736359,1.624537,112.0285
422.14: 0.7194604,-0.9813309,1.656405,100.4186
422.3622: 0.9908029,-1.020858,1.625292,104.7158
422.5844: 1.259123,-1.064173,1.661109,113.8998
422.8067: 1.467097,-1.168753,1.666145,119.8868
423.0289: 1.666432,-1.323127,1.641933,114.0895
423.2511: 1.826973,-1.444278,1.69977,113.4333
423.4734: 1.9242,-1.486478,1.701956,116.1704
423.6956: 1.954247,-1.493115,1.704358,118.3633
Trial Result: Success object: Well | Time Spent: 7.329786
Trial No.:13 Ends
Trial No.:7 Begins
User confirmed on object: Plant, this maze officially starts.
436.1289: -2.507035,-2.012621,1.656991,259.4173
436.3511: -2.510793,-2.001224,1.656158,269.4928
436.5733: -2.524371,-1.978075,1.657961,277.9688
436.7956: -2.53065,-1.922483,1.646162,311.3079
437.0178: -2.517567,-1.919003,1.627434,353.1754
437.24: -2.518693,-1.956252,1.615109,19.22354
437.4622: -2.498541,-2.002384,1.615996,37.43501
437.6844: -2.479691,-2.012429,1.62014,47.24336
437.9067: -2.472909,-2.014066,1.615474,79.00995
438.1289: -2.508875,-2.075583,1.616079,128.1608
438.3511: -2.585685,-2.180047,1.608716,158.4975
438.5733: -2.626734,-2.357389,1.572332,153.7868
438.7956: -2.601706,-2.563183,1.590469,115.9759
439.0178: -2.504317,-2.703401,1.589923,86.38654
439.24: -2.355724,-2.810963,1.587971,75.20326
439.4622: -2.210367,-2.897177,1.634238,54.29492
439.6844: -2.023358,-3.011649,1.608918,49.03642
439.9067: -1.806285,-3.099291,1.636294,54.71612
440.1289: -1.575001,-3.120031,1.614339,60.87444
440.3511: -1.296427,-3.068798,1.626315,75.88026
440.5733: -1.000494,-3.057611,1.646732,79.43507
440.7956: -0.6651857,-3.090734,1.63711,76.90197
441.0178: -0.3506413,-3.09073,1.689715,76.35877
441.24: -0.01349201,-3.065263,1.656475,79.22522
441.4622: 0.3158205,-3.063257,1.699566,81.45802
441.6844: 0.6416624,-3.092336,1.664308,72.44292
441.9067: 0.9539262,-3.092445,1.703315,59.67224
442.1289: 1.233368,-3.019865,1.675892,56.5143
442.3511: 1.468084,-2.874043,1.677206,44.1633
442.5733: 1.655774,-2.680695,1.688634,19.17122
442.7956: 1.812715,-2.443765,1.690838,8.432058
443.0178: 1.882912,-2.182433,1.6884,2.925885
443.24: 1.917125,-1.87561,1.643902,6.816557
443.4622: 1.991001,-1.580444,1.681121,17.25958
443.6844: 2.13845,-1.341574,1.669897,24.61715
443.9067: 2.34166,-1.091552,1.671742,18.91864
444.1289: 2.477415,-0.8431748,1.714521,10.66703
444.3511: 2.57577,-0.5815174,1.675506,12.41766
444.5733: 2.662226,-0.3305671,1.704164,17.47581
444.7956: 2.763198,-0.08834143,1.684303,16.07099
445.0178: 2.848482,0.147859,1.688258,12.84307
445.24: 2.865958,0.3465238,1.705812,17.01062
445.4622: 2.837664,0.5217276,1.675458,27.53333
Trial Result: Success object: Trashcan | Time Spent: 9.551804
Trial No.:7 Ends
Trial No.:2 Begins
User confirmed on object: Stove, this maze officially starts.
461.7178: -2.550777,3.08813,1.583401,260.4491
461.94: -2.536793,3.092462,1.584099,258.7792
462.1622: -2.518072,3.069374,1.587999,246.7881
462.3845: -2.43334,2.997326,1.579457,213.6496
462.6067: -2.248536,2.932425,1.555421,169.103
462.8289: -2.060772,2.889279,1.533834,139.3102
463.0511: -1.921774,2.815181,1.551694,127.2145
463.2733: -1.819611,2.665323,1.540226,131.0067
463.4956: -1.756975,2.47942,1.566549,142.3492
463.7178: -1.718868,2.271907,1.559619,153.9339
463.94: -1.673893,2.022208,1.544204,156.528
464.1622: -1.643613,1.786937,1.58693,153.4313
464.3845: -1.615454,1.532699,1.55686,145.6241
464.6067: -1.544543,1.307553,1.573355,126.4655
464.8289: -1.390736,1.174871,1.586957,107.966
465.0511: -1.159656,1.092886,1.579699,104.2667
465.2733: -0.9405955,1.026368,1.606015,102.092
465.4956: -0.7041998,0.9555125,1.589726,103.1191
465.7178: -0.498126,0.8761749,1.614727,113.5239
465.94: -0.3240751,0.7585408,1.604413,147.3087
466.1622: -0.1793438,0.6322429,1.602242,179.7092
466.3845: -0.09975866,0.4889451,1.616756,204.1484
466.6067: -0.07045766,0.3604087,1.610671,218.7149
466.8289: -0.04673802,0.2654548,1.625579,233.9479
467.0511: -0.0250526,0.1823811,1.62745,251.3976
467.2733: -0.01256373,0.09196244,1.63846,260.4933
467.4956: -0.000872354,0.03881153,1.634434,267.9709
467.7178: 0.03718633,0.02507689,1.654189,270.9432
467.94: 0.06006636,0.009631556,1.660084,269.0955
468.1622: 0.06584197,-0.000505507,1.656113,269.3958
468.3845: 0.1053554,-0.003294596,1.66878,271.3577
468.6067: 0.1573094,-0.006528955,1.67199,270.6438
468.8289: 0.2105386,-0.002052693,1.675115,268.5786
469.0511: 0.2264405,0.03904653,1.658562,277.1243
469.2733: 0.2350802,0.1076935,1.653584,286.2023
469.4956: 0.2324899,0.1879663,1.659515,293.9117
469.7178: 0.2047655,0.2248873,1.657698,279.3723
469.94: 0.1673777,0.226204,1.641394,245.2625
470.1622: 0.1184294,0.2634955,1.649888,234.4478
470.3845: 0.0810378,0.301289,1.661273,231.1679
Trial Result: Success object: Wheelbarrow | Time Spent: 8.939625
Trial No.:2 Ends
Trial No.:12 Begins
User confirmed on object: Trashcan, this maze officially starts.
481.4734: 2.464757,1.034281,1.717197,87.44556
481.6956: 2.459306,1.013544,1.718017,95.58971
481.9178: 2.48771,1.001676,1.713159,111.8868
482.14: 2.530493,0.9723404,1.708633,136.8731
482.3622: 2.508897,0.8923457,1.6861,181.3139
482.5844: 2.431612,0.9043248,1.672199,237.8116
482.8067: 2.421445,0.9750613,1.664885,291.5743
483.0289: 2.380912,1.001597,1.659301,302.6612
483.2511: 2.248983,1.036181,1.622632,287.098
483.4734: 2.061661,1.087661,1.62939,271.8937
483.6956: 1.862966,1.067795,1.652095,266.1454
483.9178: 1.613181,0.9966028,1.612274,270.158
484.14: 1.351188,0.9597092,1.655449,275.0696
484.3622: 1.075749,0.9545441,1.623219,256.6953
484.5844: 0.7834383,0.9715109,1.638855,245.0245
484.8067: 0.4933942,0.9476815,1.629918,252.6455
485.0289: 0.1801716,0.9070764,1.606938,273.211
485.2511: -0.09559137,0.9085708,1.643998,284.2929
485.4734: -0.3871881,0.9236671,1.593422,285.3774
485.6956: -0.6647501,0.9349965,1.623914,286.0811
485.9178: -0.9359201,0.9459264,1.597661,294.4604
486.14: -1.20636,0.9822012,1.596348,304.0515
486.3622: -1.415956,1.081714,1.599102,320.6578
486.5844: -1.564261,1.221023,1.578394,346.2222
486.8067: -1.675222,1.359758,1.588283,10.20227
487.0289: -1.779147,1.499617,1.553331,23.16106
487.2511: -1.829814,1.630637,1.574789,44.33046
487.4734: -1.832134,1.741455,1.567125,59.31919
Trial Result: Success object: Table | Time Spent: 6.341312
Trial No.:12 Ends
Trial No.:15 Begins
User confirmed on object: Wheelbarrow, this maze officially starts.
498.6289: 0.2587902,0.0392351,1.67592,263.4875
498.8511: 0.2586285,0.04923309,1.677064,268.3099
499.0733: 0.2391383,0.07444526,1.668068,281.614
499.2956: 0.2100212,0.1410078,1.657921,310.9051
499.5178: 0.1717157,0.2411332,1.638609,324.4181
499.74: 0.1154165,0.3826914,1.60598,311.9105
499.9622: 0.06393196,0.5573971,1.61613,295.5174
500.1844: -0.0250812,0.7020068,1.627262,286.6839
500.4067: -0.1872039,0.8012151,1.600601,284.5577
500.6289: -0.4016507,0.8677236,1.609491,285.9254
500.8511: -0.6099367,0.9339784,1.611207,285.1749
501.0733: -0.8353676,0.9990703,1.591287,283.5395
501.2956: -1.045825,1.036221,1.618984,281.5395
501.5178: -1.258767,1.064509,1.593074,297.1544
501.74: -1.469454,1.099766,1.587641,321.0351
501.9622: -1.608166,1.193112,1.595524,337.6404
502.1844: -1.703494,1.362813,1.571274,344.7004
502.4067: -1.732429,1.561925,1.577627,10.07256
502.6289: -1.753282,1.720525,1.584927,33.09983
502.8511: -1.830165,1.915369,1.561274,20.11917
503.0733: -1.941901,2.125778,1.574841,338.9391
503.2956: -2.005668,2.323792,1.556134,307.1646
503.5178: -2.050984,2.510508,1.52962,285.9669
503.74: -2.063951,2.522374,1.565622,232.6469
503.9622: -1.990239,2.45364,1.544137,179.3036
504.1844: -1.942846,2.287828,1.523862,165.787
504.4067: -1.95201,2.073243,1.564535,177.6117
504.6289: -2.005089,1.850716,1.533717,185.8464
504.8511: -2.115314,1.589183,1.570824,186.2706
505.0733: -2.205118,1.318797,1.571208,188.1836
505.2956: -2.291708,1.030007,1.564594,188.8168
505.5178: -2.407303,0.7480956,1.57769,186.0359
505.74: -2.54466,0.4455812,1.567262,181.4072
505.9622: -2.614861,0.1114419,1.586282,175.3523
506.1844: -2.625058,-0.2453045,1.561277,177.5889
506.4067: -2.645772,-0.5819213,1.606814,180.9643
506.6289: -2.686078,-0.9177871,1.580029,177.6261
506.8511: -2.692409,-1.249159,1.612446,169.0513
507.0733: -2.663354,-1.581009,1.584821,168.614
507.2956: -2.641958,-1.891599,1.61527,161.6417
507.5178: -2.626604,-2.193598,1.587394,144.4099
507.74: -2.571899,-2.468792,1.608797,115.1637
507.9622: -2.441628,-2.648298,1.597407,86.65558
508.1844: -2.292622,-2.789677,1.604258,71.46583
508.4067: -2.141871,-2.885717,1.613521,45.69977
508.6289: -2.033515,-2.932435,1.638352,23.69807
508.8511: -1.965232,-2.949132,1.632319,15.65626
Trial Result: Success object: Mailbox | Time Spent: 10.47281
Trial No.:15 Ends
Trial No.:16 Begins
User confirmed on object: Wheelbarrow, this maze officially starts.
527.2289: 0.350083,0.001292769,1.67216,262.7126
527.4511: 0.3558021,0.006608672,1.67393,268.5123
527.6733: 0.3474127,0.01366302,1.675917,276.2821
527.8956: 0.3267373,0.01529912,1.674932,283.2473
528.1178: 0.2869324,0.03488312,1.674228,299.2383
528.34: 0.2471139,0.07931559,1.665751,320.2338
528.5623: 0.2349824,0.1464405,1.650436,346.453
528.7845: 0.2089621,0.2418217,1.636749,356.5161
529.0067: 0.1607203,0.411954,1.594963,350.8717
529.2289: 0.07208352,0.6543665,1.565077,322.5452
529.4511: -0.0340552,0.7634813,1.627378,284.9228
529.6733: -0.1232345,0.84781,1.612128,296.0933
529.8956: -0.05955767,0.9534817,1.612074,6.321069
530.1178: 0.1064523,0.9288524,1.620539,67.12144
530.34: 0.2894942,0.8857723,1.602258,87.48921
530.5623: 0.4993235,0.8879503,1.640524,91.61321
530.7845: 0.7274107,0.91765,1.612785,95.89849
531.0067: 0.8745011,0.8958582,1.595614,123.0596
531.2289: 0.8190689,0.8376657,1.618695,180.5384
531.4511: 0.7079445,0.7908559,1.623152,213.539
531.6733: 0.4898989,0.6923261,1.593355,222.4056
531.8956: 0.2609413,0.5662284,1.622954,217.0674
532.1178: 0.1518818,0.4309528,1.663372,212.0537
532.34: 0.09040423,0.2514949,1.637398,223.4862
532.5623: 0.04144344,0.08969523,1.686044,256.0763
532.7845: -0.00823672,-0.0927989,1.662877,266.6449
533.0067: -0.07838158,-0.3596972,1.639335,229.04
533.2289: -0.1539684,-0.5911518,1.646798,219.6931
533.4511: -0.2618522,-0.8071336,1.625969,225.3208
533.6733: -0.4053999,-0.9747229,1.661641,244.7231
533.8956: -0.5807873,-1.05924,1.635336,261.2148
534.1178: -0.8140584,-1.092002,1.640216,264.8236
534.34: -1.056447,-1.103822,1.63588,267.198
534.5623: -1.321419,-1.113194,1.607645,261.0173
534.7845: -1.558353,-1.123828,1.632909,247.2268
535.0067: -1.827688,-1.118982,1.592255,244.3148
535.2289: -2.093328,-1.155456,1.611404,235.8304
535.4511: -2.310884,-1.249374,1.607507,231.11
535.6733: -2.488122,-1.37639,1.606709,231.3598
535.8956: -2.635891,-1.508251,1.620344,227.8551
536.1178: -2.755373,-1.631756,1.598076,228.9346
536.34: -2.812787,-1.755514,1.618179,236.5492
Trial Result: Success object: Plant | Time Spent: 9.450552
Trial No.:16 Ends
Trial No.:20 Begins
User confirmed on object: Well, this maze officially starts.
551.3956: 1.647742,-1.989398,1.722699,80.94955
551.6178: 1.664812,-2.013676,1.728229,88.31608
551.84: 1.685163,-2.050967,1.728521,96.55236
552.0623: 1.702302,-2.076468,1.71718,105.1949
552.2845: 1.738684,-2.021757,1.700528,85.00047
552.5067: 1.737192,-1.877916,1.679455,38.7095
552.7289: 1.737033,-1.718018,1.65609,17.86539
552.9511: 1.782418,-1.534189,1.662082,18.3965
553.1733: 1.902241,-1.383427,1.667846,24.10571
553.3956: 2.100196,-1.239261,1.632263,23.38838
553.6178: 2.304219,-1.07835,1.666293,16.14969
553.84: 2.421951,-0.8959422,1.679933,11.98017
554.0623: 2.51159,-0.6669747,1.66575,11.20164
554.2845: 2.593414,-0.4408467,1.693632,357.3452
554.5067: 2.69213,-0.2028316,1.661145,345.1203
554.7289: 2.775252,0.05361976,1.683587,339.9828
554.9511: 2.774572,0.2757835,1.6827,319.8072
555.1733: 2.738117,0.5099492,1.653646,298.0319
555.3956: 2.701345,0.7442273,1.678295,283.9542
555.6178: 2.6727,0.9802992,1.634011,272.9835
555.84: 2.599535,1.135229,1.669801,260.4865
556.0623: 2.551226,1.296303,1.654785,295.3364
556.2845: 2.658173,1.498745,1.651079,339.1191
556.5067: 2.768981,1.735576,1.626228,350.7761
556.7289: 2.761805,1.982839,1.664825,335.5009
556.9511: 2.689534,2.240872,1.627058,332.7102
557.1733: 2.591649,2.455444,1.662042,309.5094
557.3956: 2.509579,2.653082,1.628536,273.9799
557.6178: 2.426804,2.828557,1.630719,246.5242
557.84: 2.329689,2.922618,1.632226,232.6624
558.0623: 2.22339,2.976224,1.655706,221.361
558.2845: 2.124197,2.998178,1.653746,200.7236
Trial Result: Success object: Piano | Time Spent: 7.229723
Trial No.:20 Ends
Trial No.:17 Begins
User confirmed on object: Harp, this maze officially starts.
572.8734: 1.789967,-1.184471,1.714152,349.1834
573.0956: 1.812177,-1.182687,1.716954,359.1178
573.3178: 1.856445,-1.181492,1.714611,16.15557
573.54: 1.915679,-1.190224,1.707074,39.87579
573.7622: 2.005724,-1.23339,1.684531,73.51031
573.9844: 2.099535,-1.292123,1.674011,100.8742
574.2067: 2.207414,-1.289483,1.684406,102.9336
574.4289: 2.326431,-1.201388,1.676959,69.95737
574.6511: 2.375301,-1.10383,1.691388,18.63752
574.8734: 2.394705,-1.049738,1.691757,350.7387
575.0956: 2.357313,-1.052809,1.694096,311.5943
575.3178: 2.289185,-1.134142,1.687127,262.5697
575.54: 2.207467,-1.19853,1.673111,243.522
575.7622: 2.112142,-1.254288,1.688208,224.0101
575.9844: 1.978576,-1.266771,1.674117,219.0429
576.2067: 1.766099,-1.212487,1.670251,246.5005
576.4289: 1.54141,-1.153419,1.689142,273.3541
576.6511: 1.296021,-1.127748,1.649035,285.7831
576.8734: 1.015717,-1.120748,1.655408,292.1133
577.0956: 0.7560788,-1.057521,1.661916,302.1357
577.3178: 0.5171049,-0.9515606,1.641905,306.2483
577.54: 0.3299557,-0.8277773,1.656108,317.0273
577.7622: 0.1802742,-0.6605684,1.624589,332.8792
577.9844: 0.09164532,-0.4446598,1.634869,352.7934
578.2067: 0.06218613,-0.192213,1.607472,357.8842
578.4289: 0.03300218,0.06885139,1.63925,345.6198
578.6511: -0.03771565,0.2936992,1.624803,322.9081
578.8734: -0.1277198,0.4999535,1.617789,302.6866
579.0956: -0.2130609,0.6962169,1.628254,290.8782
579.3178: -0.3280036,0.8687631,1.614812,281.7026
579.54: -0.499074,0.9632337,1.603147,277.9133
579.7622: -0.7317299,0.9887739,1.600196,273.387
579.9844: -0.9551463,1.031463,1.625185,277.0674
580.2067: -1.17584,1.115558,1.592051,289.0353
580.4289: -1.360666,1.23844,1.602606,311.0071
580.6511: -1.52624,1.390188,1.58094,324.6057
580.8734: -1.673709,1.578455,1.574372,333.8283
581.0956: -1.776564,1.800979,1.560673,327.5624
581.3178: -1.839543,2.052837,1.568679,315.4081
581.54: -1.93581,2.268642,1.584724,303.0212
581.7622: -2.077293,2.449091,1.55232,298.8082
581.9844: -2.223989,2.602085,1.575303,293.976
582.2067: -2.385968,2.741092,1.545694,285.6801
582.4289: -2.549467,2.835499,1.562413,275.5321
582.6511: -2.689325,2.880032,1.542679,269.9816
582.8734: -2.786033,2.916719,1.555691,267.0343
Trial Result: Success object: Stove | Time Spent: 10.29597
Trial No.:17 Ends
Trial No.:23 Begins
User confirmed on object: Chair, this maze officially starts.
600.2845: 0.815648,-3.207803,1.726108,1.842399
600.5067: 0.8119323,-3.228881,1.715305,7.020388
600.7289: 0.8219581,-3.24677,1.703214,16.5758
600.9511: 0.8536974,-3.232166,1.700433,29.3674
601.1733: 0.9241087,-3.173935,1.696512,37.29307
601.3956: 1.071476,-3.092659,1.669313,41.9474
601.6178: 1.289582,-2.992763,1.66606,33.93598
601.84: 1.459907,-2.846033,1.700694,11.37436
602.0623: 1.575153,-2.638316,1.661372,4.550202
602.2845: 1.66198,-2.386482,1.683126,7.455445
602.5067: 1.775051,-2.149313,1.687453,8.839817
602.7289: 1.909512,-1.891209,1.679768,7.57095
602.9511: 2.003168,-1.621532,1.708614,5.572327
603.1733: 2.092876,-1.340026,1.664428,12.54551
603.3956: 2.223231,-1.074327,1.69687,18.37922
603.6178: 2.389498,-0.8291794,1.664463,14.15322
603.84: 2.546721,-0.5674902,1.689509,2.436013
604.0623: 2.607469,-0.2994827,1.679035,345.4556
604.2845: 2.626875,-0.004979823,1.671514,335.6107
604.5067: 2.650766,0.2628025,1.683713,319.2021
604.7289: 2.677586,0.5333408,1.65402,296.328
604.9511: 2.677408,0.7764156,1.680773,278.3825
605.1733: 2.646627,1.041763,1.644712,280.743
605.3956: 2.62913,1.361736,1.666724,318.3401
605.6178: 2.674103,1.644269,1.659507,351.8005
605.84: 2.724699,1.926918,1.652912,6.004891
606.0623: 2.702334,2.176282,1.678493,358.0735
606.2845: 2.629928,2.413251,1.645944,346.4694
606.5067: 2.530306,2.621692,1.660196,328.0594
606.7289: 2.429772,2.811354,1.64332,295.4118
606.9511: 2.293143,2.954338,1.631763,255.001
607.1733: 2.143013,3.014144,1.63803,227.4295
607.3956: 1.996774,3.021025,1.610153,209.8452
607.6178: 1.878254,3.011257,1.654967,192.2518
607.84: 1.790494,2.996326,1.644119,174.5275
608.0623: 1.746636,2.998353,1.643256,167.2149
Trial Result: Success object: Piano | Time Spent: 7.995468
Trial No.:23 Ends
