Participant ID: 422
Maze Mode: testing
Trial No.:6 Begins
User confirmed on object: Table, this maze officially starts.
109.3978: -1.732552,1.943491,1.684728,85.42855
109.62: -1.739654,1.946023,1.68618,85.58485
109.8422: -1.766943,1.947523,1.73069,83.88245
110.0644: -1.821657,1.944165,1.762386,79.53185
110.2867: -1.850774,1.934174,1.759639,77.48873
110.5089: -1.876835,1.930238,1.753785,68.77239
110.7311: -1.920783,1.94921,1.748097,51.69037
110.9533: -1.952531,1.952886,1.745541,73.26981
111.1756: -1.980628,1.948575,1.746437,104.3364
111.3978: -2.007152,1.959289,1.747417,105.8042
111.62: -2.026105,1.947226,1.742575,104.4274
111.8422: -2.032299,1.91858,1.746582,105.7858
112.0644: -2.033778,1.896531,1.742873,108.7958
112.2867: -2.028207,1.89386,1.735365,124.2451
112.5089: -2.023423,1.885972,1.716479,160.3683
112.7311: -2.017872,1.862174,1.701029,176.9899
112.9533: -2.034217,1.797127,1.696379,183.111
113.1756: -2.067315,1.706413,1.691841,182.7768
113.3978: -2.058732,1.613976,1.693737,166.1945
113.62: -1.988536,1.529683,1.691556,130.5566
113.8422: -1.911104,1.433414,1.677583,119.9873
114.0644: -1.825814,1.327029,1.687191,110.722
114.2867: -1.741651,1.228341,1.690205,102.1367
114.5089: -1.658484,1.123783,1.679175,95.96045
114.7311: -1.567258,1.032606,1.688983,88.41904
114.9533: -1.446946,0.982079,1.684813,87.3851
115.1756: -1.292275,0.9877903,1.671948,89.86087
115.3978: -1.108892,1.008916,1.690734,94.31847
115.62: -0.9270766,0.9985303,1.707946,101.8718
115.8422: -0.7528073,0.9614586,1.687671,107.2122
116.0644: -0.599632,0.8729724,1.703049,130.0054
116.2867: -0.4520636,0.8131061,1.692039,152.3372
116.5089: -0.292686,0.7864041,1.667152,171.0953
116.7311: -0.1501286,0.748343,1.689769,187.6952
116.9533: -0.06115567,0.6502532,1.679221,195.5629
117.1756: -0.02663019,0.4667028,1.663348,195.4761
117.3978: -0.01122795,0.2626042,1.685259,189.1144
117.62: 0.005285446,0.06752655,1.680877,187.1741
117.8422: 0.05428484,-0.1300137,1.668603,180.6598
118.0644: 0.05702807,-0.3196603,1.696884,194.4864
118.2867: 0.01319826,-0.4988839,1.691477,214.0211
118.5089: -0.0661595,-0.6546364,1.6834,225.0948
118.7311: -0.1543517,-0.7828892,1.698611,236.0889
118.9533: -0.2563467,-0.9163043,1.684296,232.5249
119.1756: -0.3645504,-1.07005,1.687852,215.4287
119.3978: -0.4916368,-1.191638,1.682026,193.3561
119.62: -0.6356602,-1.265627,1.666258,178.318
119.8422: -0.7472118,-1.374099,1.68792,170.1366
120.0644: -0.8044257,-1.527738,1.667995,165.4995
120.2867: -0.8186864,-1.706138,1.694778,162.9448
120.5089: -0.8227372,-1.891314,1.688938,155.2813
120.7311: -0.8329705,-2.098676,1.663253,143.7838
120.9533: -0.8143291,-2.306322,1.68686,118.1164
121.1756: -0.7446699,-2.482637,1.673255,92.90627
121.3978: -0.639105,-2.63791,1.668779,82.94392
121.62: -0.5305986,-2.789104,1.680853,72.43012
121.8422: -0.4059705,-2.961332,1.656304,61.05257
122.0644: -0.2369268,-3.080811,1.683311,55.93241
122.2867: -0.05701013,-3.096131,1.671542,53.54755
122.5089: 0.134373,-3.046204,1.68249,43.15128
122.7311: 0.3409816,-3.004733,1.674843,31.59734
122.9533: 0.5253915,-2.968816,1.673616,24.17887
Trial Result: Success object: Chair | Time Spent: 13.91473
Trial No.:6 Ends
Trial No.:21 Begins
User confirmed on object: Mailbox, this maze officially starts.
146.1756: -1.719876,-2.874028,1.715887,1.574798
146.3978: -1.699152,-2.915249,1.726957,357.7498
146.62: -1.703089,-3.004183,1.749446,357.682
146.8422: -1.748008,-3.09737,1.749055,2.139923
147.0645: -1.801999,-3.16117,1.752502,0.7784357
147.2867: -1.798968,-3.1946,1.749861,1.233906
147.5089: -1.772748,-3.199662,1.749986,1.289159
147.7311: -1.755116,-3.193684,1.748023,2.415653
147.9533: -1.750241,-3.186061,1.747747,3.110969
148.1756: -1.752143,-3.17819,1.747827,3.218203
148.3978: -1.724668,-3.141153,1.735012,20.18151
148.62: -1.636502,-3.088175,1.705949,35.03713
148.8422: -1.481114,-3.050989,1.662761,40.26887
149.0645: -1.350132,-2.98307,1.675986,41.62044
149.2867: -1.235017,-2.879366,1.665258,33.80202
149.5089: -1.142105,-2.726375,1.664947,21.41999
149.7311: -1.069175,-2.578105,1.686549,8.760624
149.9533: -0.9773693,-2.422284,1.678264,3.4335
150.1756: -0.8772964,-2.271033,1.68128,1.915084
150.3978: -0.8280331,-2.093071,1.680808,6.503474
150.62: -0.8174738,-1.884656,1.651438,22.43684
150.8422: -0.8159547,-1.660227,1.678692,34.8343
151.0645: -0.7603291,-1.45848,1.677981,50.02721
151.2867: -0.646499,-1.297056,1.658711,63.27439
151.5089: -0.5090184,-1.168673,1.689794,74.78813
151.7311: -0.3435359,-1.062395,1.691967,79.67628
151.9533: -0.1877613,-0.9733112,1.689282,86.80857
152.1756: -0.0111635,-0.9248281,1.700417,86.7079
152.3978: 0.1210764,-0.8240893,1.656626,52.41338
152.62: 0.08942398,-0.6311638,1.670246,13.42966
152.8422: 0.02764494,-0.4353006,1.654699,3.222469
153.0645: 0.01067382,-0.2489303,1.682459,3.697296
153.2867: 0.02360716,-0.04300787,1.661998,5.961658
153.5089: 0.07756215,0.172394,1.68707,11.19073
153.7311: 0.1243279,0.3567906,1.691945,27.13613
153.9533: 0.1766522,0.5232658,1.666781,59.05393
154.1756: 0.2345099,0.6899049,1.697052,72.7439
154.3978: 0.3654174,0.8064638,1.681927,80.13543
154.62: 0.5568343,0.8600035,1.672778,85.03024
154.8422: 0.7444885,0.8980483,1.690724,89.06304
155.0645: 0.950587,0.9369043,1.667676,86.45789
155.2867: 1.170136,0.9703298,1.675773,83.29266
155.5089: 1.3845,0.9699849,1.695808,84.9912
155.7311: 1.606712,0.9480019,1.66712,85.03979
155.9533: 1.834032,0.9128182,1.691591,83.75016
156.1756: 2.057967,0.9159275,1.696532,84.04911
156.3978: 2.257439,0.9513474,1.67459,87.2373
156.62: 2.434726,0.9862208,1.705556,88.55792
156.8422: 2.581282,0.9903342,1.688838,85.96146
157.0645: 2.681684,0.9651828,1.695708,83.66248
Trial Result: Success object: Trashcan | Time Spent: 11.22727
Trial No.:21 Ends
Trial No.:15 Begins
User confirmed on object: Wheelbarrow, this maze officially starts.
177.2422: -0.006544476,0.0843752,1.749188,256.231
177.4644: 0.0001534391,0.1067711,1.746911,252.8665
177.6867: 0.02422214,0.1338826,1.748054,251.1052
177.9089: 0.04956321,0.1420186,1.749168,250.1088
178.1311: 0.09187646,0.07520883,1.740835,230.8697
178.3533: 0.1619536,-0.03850059,1.718951,196.9958
178.5756: 0.1872509,-0.1587306,1.705543,188.8802
178.7978: 0.178025,-0.2996128,1.692843,191.6439
179.02: 0.1128231,-0.4598284,1.675449,200.4289
179.2422: 0.01815854,-0.6113422,1.684915,208.235
179.4644: -0.0758167,-0.7418373,1.694455,219.3658
179.6867: -0.1883771,-0.8890086,1.679664,225.2405
179.9089: -0.3166583,-1.04765,1.696388,227.209
180.1311: -0.4535855,-1.195911,1.681994,211.3831
180.3533: -0.5950618,-1.342228,1.659431,190.5335
180.5756: -0.7303416,-1.486432,1.682308,173.8514
180.7978: -0.8086163,-1.669919,1.675009,169.2048
181.02: -0.8563939,-1.907736,1.679448,182.8825
181.2422: -0.9328323,-2.147265,1.693383,209.8818
181.4644: -1.023822,-2.364553,1.666105,238.9008
181.6867: -1.116182,-2.559069,1.677445,259.5179
181.9089: -1.198224,-2.714107,1.689744,282.1451
182.1311: -1.275602,-2.81781,1.653978,304.3276
182.3533: -1.388817,-2.837266,1.668323,322.28
Trial Result: Success object: Mailbox | Time Spent: 5.464123
Trial No.:15 Ends
Trial No.:20 Begins
User confirmed on object: Well, this maze officially starts.
209.8533: 2.012592,-2.004319,1.706952,87.01265
210.0756: 1.958913,-2.020376,1.740608,86.5644
210.2978: 1.924782,-2.028291,1.746869,84.31868
210.52: 1.911379,-2.049824,1.747639,91.68017
210.7422: 1.905636,-2.077579,1.747881,104.1124
210.9644: 1.899057,-2.09625,1.748598,109.9911
211.1867: 1.900391,-2.102177,1.747566,106.0995
211.4089: 1.912479,-2.045925,1.740978,60.67817
211.6311: 1.892274,-1.960249,1.720052,11.74252
211.8533: 1.883538,-1.876533,1.696794,356.2269
212.0756: 1.881425,-1.752741,1.683239,358.6078
212.2978: 1.880286,-1.633005,1.677541,355.065
212.52: 1.894714,-1.519618,1.66582,343.7052
212.7422: 1.912984,-1.419965,1.675974,320.6323
212.9644: 1.862468,-1.343602,1.671379,293.096
213.1867: 1.72866,-1.282635,1.651307,287.9027
213.4089: 1.533161,-1.239874,1.633132,289.6334
213.6311: 1.34501,-1.192931,1.687407,293.343
213.8533: 1.130621,-1.14724,1.674901,295.945
214.0756: 0.8983577,-1.080885,1.670618,296.095
214.2978: 0.6946245,-1.018657,1.700209,300.6078
214.52: 0.4862618,-0.924361,1.679308,313.0726
214.7422: 0.2974563,-0.7923077,1.680609,337.5505
214.9644: 0.1992634,-0.6237296,1.69111,356.1446
215.1867: 0.1597724,-0.4024208,1.672146,356.2733
215.4089: 0.1350588,-0.1700392,1.691894,354.1431
215.6311: 0.09519577,0.09313108,1.660468,352.9799
215.8533: 0.0576008,0.3595516,1.685365,357.2891
216.0756: 0.04055581,0.587645,1.70733,359.4761
216.2978: 0.03730121,0.8308179,1.678136,0.4928734
216.52: 0.03468578,1.076855,1.705108,359.2699
216.7422: 0.0106233,1.321224,1.690977,0.1442088
216.9644: -0.0357831,1.578551,1.677498,3.505985
217.1867: -0.05208566,1.825312,1.698928,9.376756
217.4089: -0.02937808,2.068371,1.671707,16.48867
217.6311: 0.03828752,2.290266,1.684057,34.12213
217.8533: 0.114429,2.486629,1.682869,67.60312
218.0756: 0.1763569,2.685518,1.657697,93.38572
218.2978: 0.2601585,2.865849,1.688255,109.1439
218.52: 0.4136791,2.995265,1.673029,110.7645
218.7422: 0.6185707,3.059791,1.674116,112.5542
218.9644: 0.8222107,3.08463,1.69862,118.439
219.1867: 1.024971,3.075161,1.676783,128.0711
219.4089: 1.233741,3.044082,1.683037,140.3294
219.6311: 1.4233,2.952057,1.681952,148.0026
219.8533: 1.565837,2.830631,1.657738,153.0492
Trial Result: Success object: Piano | Time Spent: 10.25076
Trial No.:20 Ends
Trial No.:18 Begins
User confirmed on object: Harp, this maze officially starts.
242.4422: 1.7385,-0.8447194,1.73752,358.0977
242.6644: 1.722035,-0.8805573,1.757497,0.318925
242.8867: 1.697217,-0.9273862,1.756549,2.855229
243.1089: 1.68962,-0.9801494,1.744444,7.289459
243.3311: 1.699494,-1.044186,1.734841,359.6434
243.5533: 1.711511,-1.098863,1.742124,347.9182
243.7756: 1.660038,-1.14931,1.715574,316.0878
243.9978: 1.597048,-1.198895,1.688146,284.3033
244.22: 1.504453,-1.225116,1.68501,276.2647
244.4422: 1.353782,-1.239522,1.67634,287.8383
244.6644: 1.194348,-1.236228,1.696635,294.0969
244.8867: 1.000177,-1.221171,1.678369,290.2523
245.1089: 0.7726472,-1.185059,1.686343,281.4453
245.3311: 0.5597347,-1.171589,1.71018,274.0028
245.5533: 0.3267564,-1.155081,1.683582,272.8343
245.7756: 0.07493933,-1.14955,1.708913,272.8913
245.9978: -0.1647762,-1.1196,1.70738,274.45
246.22: -0.4166138,-1.070783,1.686678,273.4039
246.4422: -0.6613979,-1.031245,1.711064,269.0336
246.6644: -0.9095513,-1.009603,1.694037,266.3095
246.8867: -1.170916,-1.006344,1.701742,267.1133
247.1089: -1.412318,-1.007095,1.704906,261.5068
247.3311: -1.662523,-1.005174,1.673141,251.9419
247.5533: -1.899155,-1.028814,1.696529,234.2774
247.7756: -2.118381,-1.099636,1.673719,216.4137
247.9978: -2.289382,-1.209201,1.665263,196.4533
248.22: -2.386562,-1.238744,1.68657,167.0372
248.4422: -2.471272,-1.1588,1.669917,122.123
248.6644: -2.575751,-0.9945571,1.670311,70.03733
248.8867: -2.669436,-0.7749932,1.67611,42.07834
249.1089: -2.722677,-0.526678,1.660985,29.43816
249.3311: -2.687179,-0.3280748,1.699858,38.03251
249.5533: -2.59591,-0.1606517,1.681992,61.72439
Trial Result: Success object: Telescope | Time Spent: 7.518671
Trial No.:18 Ends
Trial No.:9 Begins
User confirmed on object: Bookshelf, this maze officially starts.
267.5645: 1.814128,0.9552937,1.742422,189.4566
267.7867: 1.83229,0.9806702,1.746525,192.8589
268.0089: 1.832587,1.000039,1.742776,200.7543
268.2311: 1.810327,1.023735,1.746181,219.8181
268.4533: 1.793164,1.035418,1.749783,225.1362
268.6756: 1.74199,1.060509,1.750757,222.5759
268.8978: 1.662043,1.078895,1.747765,235.1752
269.12: 1.607111,1.136806,1.709012,284.1315
269.3422: 1.524923,1.154705,1.687017,284.8826
269.5645: 1.388427,1.18907,1.648841,276.4996
269.7867: 1.225351,1.197448,1.680503,262.9368
270.0089: 1.028585,1.177083,1.672943,266.3021
270.2311: 0.8384698,1.130676,1.667723,274.7889
270.4533: 0.6593637,1.144378,1.692016,294.6245
270.6756: 0.4742847,1.208051,1.667238,320.7491
270.8978: 0.3034573,1.310072,1.680489,335.8694
271.12: 0.1703569,1.448056,1.697207,350.7265
271.3422: 0.05223129,1.614769,1.668858,358.8771
271.5645: -0.01721089,1.818227,1.691017,1.500026
271.7867: -0.04218693,2.044802,1.657013,1.116938
272.0089: -0.07740483,2.274464,1.689306,341.5693
272.2311: -0.1577349,2.455588,1.68758,312.6016
272.4533: -0.249083,2.606503,1.668259,293.3079
272.6756: -0.3562607,2.750508,1.690993,286.6842
272.8978: -0.506609,2.872577,1.690156,271.8837
273.12: -0.674142,2.987537,1.672706,261.1737
273.3422: -0.8843507,3.044987,1.695428,259.2148
273.5645: -1.139924,3.045546,1.672521,263.687
273.7867: -1.382571,3.042548,1.700183,266.8358
274.0089: -1.630502,3.049295,1.684083,265.985
274.2311: -1.882549,3.063231,1.689639,264.7247
274.4533: -2.109367,3.041002,1.697689,264.483
274.6756: -2.339392,2.999155,1.667764,266.9052
274.8978: -2.540117,2.984601,1.696888,267.981
275.12: -2.699801,2.998268,1.666497,263.8627
Trial Result: Success object: Stove | Time Spent: 7.896172
Trial No.:9 Ends
Trial No.:13 Begins
User confirmed on object: Telescope, this maze officially starts.
292.92: -2.411304,-0.02797357,1.70039,89.17059
293.1422: -2.426909,-0.00261784,1.699678,90.90752
293.3644: -2.534639,-0.01489196,1.723493,87.83997
293.5867: -2.674425,-0.06508522,1.718951,84.3474
293.8089: -2.795437,-0.097555,1.741633,81.59103
294.0311: -2.874542,-0.08972104,1.741783,89.32793
294.2533: -2.9106,-0.06017739,1.750041,101.5744
294.4756: -2.91921,-0.03465817,1.742599,105.068
294.6978: -2.919742,-0.04043502,1.73663,109.1084
294.92: -2.878335,-0.1144575,1.705335,135.7608
295.1422: -2.824564,-0.2318219,1.668225,143.0692
295.3644: -2.742075,-0.3628268,1.668714,135.9685
295.5867: -2.612499,-0.5106952,1.625251,125.2076
295.8089: -2.453846,-0.6380949,1.661639,115.9946
296.0311: -2.300891,-0.7585613,1.68252,105.13
296.2533: -2.121965,-0.8839701,1.660887,97.95132
296.4756: -1.915574,-0.9747153,1.686885,91.98156
296.6978: -1.691988,-1.016279,1.668318,91.27544
296.92: -1.467071,-1.035343,1.697038,91.06491
297.1422: -1.238577,-1.070852,1.686519,90.89473
297.3644: -1.011454,-1.115896,1.699639,89.83374
297.5867: -0.7852749,-1.126957,1.708887,85.43404
297.8089: -0.5370075,-1.112253,1.686804,87.58953
298.0311: -0.2991812,-1.091928,1.710722,86.67654
298.2533: -0.06306632,-1.091716,1.686316,86.90275
298.4756: 0.1761285,-1.111482,1.701151,88.56516
298.6978: 0.410338,-1.101987,1.701644,91.07548
298.92: 0.6541919,-1.078202,1.681038,99.69988
299.1422: 0.8825138,-1.073318,1.708706,115.1664
299.3644: 1.105178,-1.08178,1.683748,120.4681
299.5867: 1.321612,-1.125074,1.686414,124.4841
299.8089: 1.521499,-1.18286,1.698109,127.8542
300.0311: 1.703059,-1.265377,1.678517,132.8949
300.2533: 1.833493,-1.388162,1.692824,134.8744
300.4756: 1.908682,-1.5517,1.656985,127.6055
300.6978: 1.974374,-1.710575,1.683106,114.2988
300.92: 2.044152,-1.815899,1.6493,106.0451
301.1422: 2.088446,-1.882253,1.656694,101.5512
Trial Result: Success object: Well | Time Spent: 8.441164
Trial No.:13 Ends
Trial No.:22 Begins
User confirmed on object: Mailbox, this maze officially starts.
317.5089: -1.747771,-2.801488,1.704995,3.670356
317.7311: -1.777821,-2.811635,1.702571,8.263535
317.9533: -1.782067,-2.903258,1.734274,8.394165
318.1756: -1.764541,-3.034082,1.736146,4.907683
318.3978: -1.738987,-3.132524,1.746439,7.408459
318.62: -1.762198,-3.186909,1.737657,2.458163
318.8422: -1.783657,-3.206569,1.744533,2.024543
319.0645: -1.727751,-3.192146,1.734153,28.88038
319.2867: -1.622772,-3.149916,1.711836,47.94197
319.5089: -1.46815,-3.087405,1.665483,50.27668
319.7311: -1.285367,-3.020314,1.669162,60.48218
319.9533: -1.146415,-2.910233,1.692349,57.93629
320.1756: -1.06061,-2.744713,1.661752,43.09095
320.3978: -1.02192,-2.554514,1.69444,19.38656
320.62: -0.9755751,-2.366668,1.699997,9.435233
320.8422: -0.9282878,-2.162359,1.689679,7.619452
321.0645: -0.8759727,-1.960549,1.699173,7.530179
321.2867: -0.8246583,-1.767821,1.709352,11.41359
321.5089: -0.7655951,-1.553827,1.676813,18.35591
321.7311: -0.6769083,-1.345416,1.693302,37.77929
321.9533: -0.5523885,-1.19122,1.696806,47.5258
322.1756: -0.392436,-1.078625,1.680277,52.65071
322.3978: -0.2448655,-0.9640083,1.697533,54.27253
322.62: -0.167867,-0.7936175,1.683587,23.82222
322.8422: -0.1318801,-0.6118923,1.674979,354.8164
323.0645: -0.07593283,-0.444055,1.68784,347.718
323.2867: -0.0001920387,-0.2566058,1.680275,349.7741
323.5089: 0.09071379,-0.06588048,1.692354,354.1727
323.7311: 0.1442499,0.1142416,1.698983,0.9873278
323.9533: 0.1638801,0.3035057,1.67771,11.27222
324.1756: 0.1570247,0.49264,1.690628,21.15629
324.3978: 0.1989766,0.6534417,1.706741,41.85215
324.62: 0.2737058,0.7736779,1.685331,72.00319
324.8422: 0.3588793,0.8626851,1.689305,91.18418
325.0645: 0.4520519,0.9340249,1.69856,102.0578
325.2867: 0.5727011,0.9976019,1.683871,109.0961
325.5089: 0.7120049,1.050269,1.691745,114.9795
325.7311: 0.8615634,1.057523,1.700055,120.6058
325.9533: 1.02889,1.015846,1.675651,121.9974
326.1756: 1.191052,0.9423596,1.70126,123.2256
326.3978: 1.336796,0.888186,1.701529,131.4121
326.62: 1.497349,0.8517275,1.678644,145.3535
326.8422: 1.649556,0.8269949,1.676402,160.3232
327.0645: 1.725658,0.7896726,1.682729,173.8169
Trial Result: Success object: Bookshelf | Time Spent: 9.940529
Trial No.:22 Ends
Trial No.:7 Begins
User confirmed on object: Plant, this maze officially starts.
350.4978: -3.070559,-2.009642,1.717823,277.028
350.72: -3.039661,-1.995286,1.751436,278.5369
350.9422: -2.996425,-1.96932,1.756288,271.9724
351.1645: -2.93053,-1.950156,1.750434,267.6639
351.3867: -2.821422,-1.975681,1.737954,272.4541
351.6089: -2.696383,-2.038363,1.734366,275.7635
351.8311: -2.618634,-2.059414,1.743917,273.7709
352.0533: -2.563829,-2.016749,1.74487,293.2548
352.2756: -2.485105,-1.964489,1.73461,341.9952
352.4978: -2.43355,-1.996979,1.732689,39.27698
352.72: -2.417926,-2.036525,1.721569,71.77944
352.9422: -2.382595,-2.040139,1.707334,65.40688
353.1645: -2.440994,-1.987804,1.688166,15.53041
353.3867: -2.431027,-1.939959,1.685791,359.8208
353.6089: -2.414845,-1.797787,1.672037,1.556847
353.8311: -2.43312,-1.584711,1.641584,7.538235
354.0533: -2.414371,-1.356391,1.686188,22.7497
354.2756: -2.321032,-1.20421,1.706392,54.2237
354.4978: -2.205501,-1.139169,1.712545,67.17815
354.72: -2.062158,-1.085587,1.714534,82.44125
354.9422: -1.907836,-1.02089,1.710421,96.26762
355.1645: -1.742408,-0.9386077,1.714907,101.5413
355.3867: -1.555323,-0.8898307,1.725302,98.23769
355.6089: -1.336182,-0.891992,1.697121,92.54517
355.8311: -1.104314,-0.9248421,1.711711,87.14629
356.0533: -0.8745223,-0.9284813,1.706118,85.87998
356.2756: -0.6341909,-0.9216616,1.696132,89.02051
356.4978: -0.4223947,-0.9227961,1.713146,88.52569
356.72: -0.2081202,-0.9296094,1.686661,81.11333
356.9422: -0.07150851,-0.8343083,1.703384,50.16588
357.1645: -0.06207652,-0.6800346,1.698703,18.37848
357.3867: -0.07902764,-0.50567,1.683781,13.49736
357.6089: -0.07229543,-0.310567,1.70016,11.7447
357.8311: -0.04217251,-0.08953498,1.689259,16.64667
358.0533: -0.0001652502,0.131649,1.7018,16.86136
358.2756: 0.04158123,0.3338186,1.710377,22.73325
358.4978: 0.1068756,0.5424216,1.675346,38.50415
358.72: 0.2314551,0.7075893,1.700958,64.83096
358.9422: 0.3955,0.8116897,1.687294,79.59902
359.1645: 0.5886904,0.8477082,1.703061,83.52384
359.3867: 0.7758842,0.8962912,1.704688,85.43872
359.6089: 0.986563,0.9662406,1.679509,81.80983
359.8311: 1.193132,1.027327,1.706059,80.63979
360.0533: 1.40808,1.044355,1.703589,86.71333
360.2756: 1.641199,1.032115,1.7,89.28253
360.4978: 1.854047,1.026592,1.708459,89.85994
360.72: 2.0611,1.029191,1.686696,90.46783
360.9422: 2.261543,1.034793,1.675249,90.16055
361.1645: 2.439125,1.026653,1.673886,88.74155
361.3867: 2.618844,1.004137,1.650242,87.01459
361.6089: 2.7882,0.9829504,1.660985,84.52084
361.8311: 2.891201,1.004661,1.664204,87.60242
Trial Result: Success object: Trashcan | Time Spent: 11.58343
Trial No.:7 Ends
Trial No.:5 Begins
User confirmed on object: Table, this maze officially starts.
387.3089: -1.695111,1.995088,1.737983,88.69038
387.5311: -1.706267,1.984227,1.743384,87.24654
387.7534: -1.722285,1.970755,1.74801,82.06394
387.9756: -1.764868,1.972972,1.743061,75.95258
388.1978: -1.836877,2.008995,1.734579,80.60176
388.42: -1.874155,2.051363,1.724287,87.3846
388.6422: -1.894668,2.057047,1.6891,94.12724
388.8644: -1.90654,2.045212,1.682849,97.51547
389.0867: -1.919961,1.985899,1.691519,111.5655
389.3089: -1.917577,1.917956,1.678688,134.2329
389.5311: -1.920194,1.839821,1.683057,170.5618
389.7534: -1.902204,1.714687,1.669248,169.2565
389.9756: -1.792286,1.606965,1.683368,126.4579
390.1978: -1.702498,1.509773,1.681242,102.7397
390.42: -1.59679,1.378756,1.668046,104.1029
390.6422: -1.467506,1.259107,1.687274,110.6996
390.8644: -1.328644,1.170279,1.690435,100.775
391.0867: -1.182246,1.068098,1.67628,92.42495
391.3089: -1.022199,1.003201,1.692051,84.94112
391.5311: -0.8341178,1.004248,1.680155,85.43389
391.7534: -0.6583773,1.060189,1.689386,87.96754
391.9756: -0.4849122,1.081471,1.698968,90.62234
392.1978: -0.284935,1.065258,1.675712,92.7201
392.42: -0.07493204,1.031008,1.690151,95.05376
392.6422: 0.116375,1.023387,1.691709,96.32812
392.8644: 0.3164568,1.04463,1.672828,100.6381
393.0867: 0.5164458,1.068444,1.699993,108.0893
393.3089: 0.715922,1.075512,1.695975,114.3352
393.5311: 0.921094,1.065751,1.67745,120.4309
393.7534: 1.103487,1.056248,1.684138,124.9148
393.9756: 1.282454,1.034475,1.672942,133.8802
394.1978: 1.447102,0.9994922,1.673985,145.0263
394.42: 1.554766,0.9247162,1.670113,160.5627
394.6422: 1.619231,0.8545014,1.658371,165.1501
Trial Result: Success object: Bookshelf | Time Spent: 7.764126
Trial No.:5 Ends
Trial No.:1 Begins
User confirmed on object: Stove, this maze officially starts.
412.9756: -2.958236,3.094393,1.675472,261.7553
413.1978: -2.954751,3.123366,1.717652,254.585
413.42: -2.895195,3.136161,1.735005,253.7607
413.6422: -2.78282,3.111359,1.737469,257.4413
413.8644: -2.684114,3.064763,1.732798,266.1133
414.0867: -2.625478,3.061359,1.735266,280.2602
414.3089: -2.601981,3.074694,1.739376,284.8107
414.5311: -2.611784,3.073532,1.740299,272.7906
414.7534: -2.61844,3.013287,1.724297,230.3864
414.9756: -2.528716,2.952267,1.703392,171.6386
415.1978: -2.40715,2.920447,1.695985,137.0956
415.42: -2.309134,2.838456,1.681689,130.4741
415.6422: -2.23509,2.723636,1.682464,137.112
415.8644: -2.178815,2.579483,1.667365,146.8674
416.0867: -2.163385,2.40386,1.697496,161.1848
416.3089: -2.115021,2.243668,1.700133,162.9789
416.5311: -2.03698,2.079047,1.680467,161.1297
416.7534: -1.941301,1.91833,1.699103,145.7088
416.9756: -1.861614,1.754387,1.692695,134.142
417.1978: -1.789326,1.563683,1.676655,123.4306
417.42: -1.6969,1.392397,1.69785,110.4542
417.6422: -1.554939,1.257963,1.683718,103.4536
417.8644: -1.379154,1.173448,1.696051,102.6913
418.0867: -1.200295,1.112187,1.705328,99.8612
418.3089: -0.9916602,1.048638,1.690488,99.28135
418.5311: -0.7660503,0.9892813,1.709211,100.7529
418.7534: -0.556247,0.9528161,1.711866,116.5341
418.9756: -0.3873903,0.9026483,1.691616,141.5431
419.1978: -0.2629522,0.7933997,1.702727,155.679
419.42: -0.1854822,0.6389456,1.69626,162.0196
419.6422: -0.12688,0.4770542,1.704661,177.0352
419.8644: -0.06095575,0.3123159,1.693364,186.8291
420.0867: 0.0197945,0.1321184,1.699042,181.7978
420.3089: 0.0624686,-0.06843279,1.695555,168.6234
420.5311: 0.09096688,-0.2582173,1.67197,132.2895
420.7534: 0.1107351,-0.4331045,1.699284,115.182
420.9756: 0.1946218,-0.611942,1.679931,110.6032
421.1978: 0.3563771,-0.7183388,1.681466,101.573
421.42: 0.512956,-0.8189895,1.693157,93.25211
421.6422: 0.688306,-0.9340646,1.679312,100.6586
421.8644: 0.8627333,-1.037161,1.700689,107.7107
422.0867: 1.06951,-1.10702,1.700187,109.5495
422.3089: 1.272612,-1.156497,1.67812,115.2748
422.5311: 1.470826,-1.238617,1.697838,120.9291
422.7534: 1.62056,-1.36571,1.67725,122.2238
422.9756: 1.73495,-1.532691,1.681702,119.5945
423.1978: 1.849219,-1.67173,1.691538,117.5062
423.42: 1.956635,-1.787064,1.665264,114.8577
423.6422: 2.054225,-1.889125,1.667951,112.1988
Trial Result: Success object: Well | Time Spent: 10.99453
Trial No.:1 Ends
Trial No.:24 Begins
User confirmed on object: Chair, this maze officially starts.
444.5422: 0.8750613,-2.741979,1.688762,353.6539
444.7645: 0.859895,-2.766227,1.694233,355.627
444.9867: 0.8534724,-2.808568,1.71653,358.6726
445.2089: 0.8573148,-2.865864,1.729841,354.7576
445.4311: 0.9103267,-2.940118,1.722882,351.4053
445.6534: 0.9701168,-3.004438,1.72179,346.0021
445.8756: 0.9890564,-3.07528,1.723626,342.8468
446.0978: 0.9683318,-3.117006,1.72638,330.4926
446.32: 0.9093893,-3.145508,1.722344,311.3225
446.5422: 0.8189248,-3.166906,1.721167,304.6078
446.7645: 0.7245761,-3.155265,1.705778,322.6898
446.9867: 0.7795122,-3.124017,1.714967,12.81429
447.2089: 0.9227136,-3.148481,1.707938,41.71422
447.4311: 1.088829,-3.164793,1.683555,49.35489
447.6534: 1.22539,-3.114623,1.691573,42.71638
447.8756: 1.35742,-3.002861,1.66133,30.39356
448.0978: 1.467766,-2.838726,1.677587,24.08461
448.32: 1.56566,-2.677531,1.694745,21.31561
448.5422: 1.679103,-2.495001,1.678811,18.8264
448.7645: 1.8197,-2.294777,1.680121,17.2138
448.9867: 1.917282,-2.07178,1.705443,13.89043
449.2089: 1.986218,-1.829259,1.674131,14.30924
449.4311: 2.05264,-1.573483,1.694781,19.85266
449.6534: 2.144559,-1.351933,1.7022,21.32761
449.8756: 2.289521,-1.130318,1.673796,18.42102
450.0978: 2.413051,-0.910218,1.704495,15.7731
450.32: 2.49305,-0.6725093,1.686277,16.12074
450.5422: 2.546192,-0.4270911,1.687473,23.75066
450.7645: 2.599335,-0.1911975,1.703455,25.97927
450.9867: 2.663057,0.04389949,1.67783,28.43279
451.2089: 2.724192,0.2650636,1.694441,34.18608
451.4311: 2.779427,0.4835485,1.675143,41.91819
451.6534: 2.825462,0.6893532,1.654427,59.07752
451.8756: 2.884084,0.8369604,1.676572,74.49126
Trial Result: Success object: Trashcan | Time Spent: 7.751457
Trial No.:24 Ends
Trial No.:3 Begins
User confirmed on object: Piano, this maze officially starts.
480.7311: 1.72423,2.751064,1.662469,172.1801
480.9533: 1.707355,2.765099,1.663992,168.632
481.1756: 1.689152,2.814347,1.692636,171.1398
481.3978: 1.707114,2.950117,1.727003,184.8386
481.62: 1.780608,3.085838,1.707411,193.6725
481.8422: 1.82764,3.172694,1.732689,191.1658
482.0645: 1.835772,3.216644,1.733285,187.9138
482.2867: 1.767244,3.239152,1.732074,223.8089
482.5089: 1.675982,3.239611,1.71023,238.3702
482.7311: 1.544577,3.219815,1.682813,247.6246
482.9533: 1.381628,3.16542,1.661107,249.9983
483.1756: 1.195879,3.071842,1.63414,256.3383
483.3978: 1.007952,2.999905,1.680099,262.8036
483.62: 0.8184491,2.905243,1.672086,232.7539
483.8422: 0.578607,2.854695,1.634798,213.4686
484.0645: 0.3469254,2.755987,1.670665,199.428
484.2867: 0.18601,2.599176,1.666657,188.9726
484.5089: 0.07624346,2.397557,1.654878,183.7103
484.7311: -0.009937979,2.20439,1.697191,180.8871
484.9533: -0.07102195,1.99518,1.685952,174.8892
485.1756: -0.1226106,1.777353,1.685586,171.7825
485.3978: -0.1328731,1.537594,1.688374,174.106
485.62: -0.1050609,1.273244,1.660604,176.7295
485.8422: -0.09915106,1.036062,1.68645,180.4037
486.0645: -0.09838019,0.7870367,1.667231,181.3815
486.2867: -0.1092347,0.5300107,1.68966,180.0049
486.5089: -0.09428133,0.2931223,1.700162,179.7538
486.7311: -0.06440626,0.04285491,1.673284,184.0784
486.9533: -0.06138637,-0.1909986,1.698324,193.7072
487.1756: -0.09297422,-0.4078529,1.688466,202.01
487.3978: -0.1747714,-0.6122694,1.68416,209.4825
487.62: -0.2941744,-0.8004343,1.700124,218.7277
487.8422: -0.4274278,-0.9787266,1.669298,222.6133
488.0645: -0.5481411,-1.158731,1.701121,216.3829
488.2867: -0.6697818,-1.332678,1.700133,195.3581
488.5089: -0.7873642,-1.490532,1.681381,183.1532
488.7311: -0.8549318,-1.691763,1.710002,181.4958
488.9533: -0.8711917,-1.931866,1.69697,189.5524
489.1756: -0.9225383,-2.159365,1.70374,211.906
489.3978: -1.002724,-2.38118,1.673949,222.8573
489.62: -1.124565,-2.543962,1.699898,251.4301
489.8422: -1.211836,-2.694223,1.676497,276.3489
490.0645: -1.275684,-2.835242,1.66894,298.385
490.2867: -1.36675,-2.919404,1.666114,319.2589
490.5089: -1.500804,-2.940388,1.649714,326.4237
490.7311: -1.602001,-2.921123,1.662706,345.3062
490.9533: -1.705751,-2.897491,1.643349,357.519
Trial Result: Success object: Mailbox | Time Spent: 10.47209
Trial No.:3 Ends
Trial No.:11 Begins
User confirmed on object: Trashcan, this maze officially starts.
508.5422: 2.97608,0.921331,1.683587,83.54338
508.7645: 2.979762,0.9156296,1.695568,85.45622
508.9867: 2.927685,0.9273868,1.725866,88.83337
509.2089: 2.818093,0.9833511,1.73522,95.97056
509.4311: 2.731884,1.059703,1.726597,99.31423
509.6534: 2.659558,1.10136,1.738845,97.9974
509.8756: 2.58666,1.085422,1.735752,102.4607
510.0978: 2.513753,1.030295,1.749917,128.0906
510.32: 2.440055,1.010271,1.728005,199.4637
510.5422: 2.417814,1.036959,1.718032,236.1985
510.7645: 2.321066,1.086097,1.714379,254.2351
510.9867: 2.177027,1.145312,1.697199,270.0956
511.2089: 2.017917,1.156242,1.699037,268.8878
511.4311: 1.83402,1.11699,1.671997,267.2104
511.6534: 1.634705,1.036589,1.691959,271.0267
511.8756: 1.416316,0.9907914,1.711313,270.8425
512.0978: 1.165073,0.9837493,1.68351,269.654
512.32: 0.908376,1.007816,1.708555,268.62
512.5422: 0.6476041,1.021333,1.698885,268.8177
512.7645: 0.3636199,1.024605,1.700385,271.6842
512.9867: 0.09620603,1.046409,1.714487,274.3373
513.2089: -0.1762851,1.077309,1.678059,272.611
513.4312: -0.4631691,1.099382,1.703747,266.2488
513.6533: -0.7338789,1.084795,1.684946,266.8388
513.8755: -0.9975455,1.045238,1.699659,266.3986
514.0978: -1.233572,1.01896,1.704416,262.8359
514.32: -1.490781,0.9880918,1.673123,247.1847
514.5422: -1.75284,0.9469392,1.701513,230.6485
514.7645: -1.981463,0.8683574,1.665046,208.2852
514.9867: -2.174134,0.7625077,1.670482,191.0583
515.2089: -2.329543,0.6506271,1.658541,168.6379
515.4312: -2.49791,0.5338908,1.654625,147.4059
515.6533: -2.572705,0.3844825,1.671031,133.1233
515.8755: -2.565629,0.2270876,1.642793,125.5546
516.0978: -2.526608,0.12343,1.649995,105.3135
516.32: -2.503057,0.04040208,1.639048,93.38937
Trial Result: Success object: Telescope | Time Spent: 8.063387
Trial No.:11 Ends
Trial No.:12 Begins
User confirmed on object: Trashcan, this maze officially starts.
531.12: 2.812464,1.027617,1.731225,93.27876
531.3422: 2.801155,1.018321,1.739621,92.32059
531.5645: 2.771228,1.004895,1.748988,107.7964
531.7867: 2.744711,1.037286,1.743993,127.6997
532.0089: 2.721409,1.08336,1.745396,147.9942
532.2311: 2.701384,1.091398,1.743475,149.6917
532.4534: 2.629321,1.042594,1.733808,166.1054
532.6756: 2.536773,0.9825135,1.707859,198.2004
532.8978: 2.46142,0.9486429,1.7104,231.5688
533.12: 2.418747,0.9339752,1.690087,262.1827
533.3422: 2.323643,0.959401,1.680214,278.5659
533.5645: 2.172151,0.9965425,1.658084,281.6066
533.7867: 2.018567,1.02482,1.704305,278.2923
534.0089: 1.848255,1.047982,1.713909,274.5085
534.2311: 1.64904,1.048606,1.701532,276.1013
534.4534: 1.450258,1.047422,1.7215,277.1268
534.6756: 1.244078,1.047952,1.710602,276.5067
534.8978: 1.018041,1.061132,1.70998,274.3463
535.12: 0.7837688,1.053068,1.719553,273.2221
535.3422: 0.5290754,1.024579,1.688073,274.4863
535.5645: 0.2782705,0.995391,1.709529,277.594
535.7867: 0.03537622,0.993611,1.702958,281.7727
536.0089: -0.2299724,1.009658,1.694562,281.811
536.2311: -0.4833716,1.011562,1.705061,284.0845
536.4534: -0.7492167,0.9975258,1.678286,287.8097
536.6756: -1.019202,1.018923,1.708872,302.3481
536.8978: -1.222516,1.084745,1.686797,322.1342
537.12: -1.383567,1.179994,1.682983,339.6409
537.3422: -1.51774,1.27369,1.680115,4.252415
537.5645: -1.645857,1.363498,1.655333,22.48077
537.7867: -1.726363,1.462193,1.678635,33.65152
538.0089: -1.757075,1.567977,1.656569,46.02923
538.2311: -1.745214,1.669889,1.665982,53.19165
538.4534: -1.723465,1.76786,1.667828,64.62139
538.6756: -1.735336,1.864059,1.687818,78.76215
538.8978: -1.803745,1.935571,1.746794,86.54386
Trial Result: Success object: Table | Time Spent: 8.196589
Trial No.:12 Ends
Trial No.:17 Begins
User confirmed on object: Harp, this maze officially starts.
554.9312: 1.746986,-0.8370366,1.708072,353.2206
555.1533: 1.718268,-0.8716695,1.735329,357.79
555.3755: 1.710206,-0.9311379,1.735167,1.659929
555.5978: 1.742833,-1.024556,1.724797,0.8538181
555.82: 1.800403,-1.108954,1.73145,4.851583
556.0422: 1.812288,-1.178033,1.732086,11.03263
556.2645: 1.762037,-1.22672,1.732765,4.336506
556.4867: 1.625337,-1.268278,1.701873,331.3192
556.7089: 1.455054,-1.308461,1.689812,295.9597
556.9312: 1.265135,-1.293219,1.668674,288.5089
557.1533: 1.029542,-1.229087,1.662671,291.2239
557.3755: 0.8140991,-1.158984,1.683682,295.6437
557.5978: 0.6110629,-1.06187,1.67568,303.6972
557.82: 0.3988299,-0.9158616,1.675344,319.5401
558.0422: 0.2465793,-0.7061166,1.687398,340.6534
558.2645: 0.1442407,-0.4610211,1.661008,348.3653
558.4867: 0.08735529,-0.1850249,1.691313,352.9456
558.7089: 0.04725173,0.1327848,1.650227,356.5468
558.9312: 0.03308459,0.4535875,1.695842,359.3629
559.1533: 0.03823844,0.7680023,1.684919,359.5388
559.3755: 0.06633489,1.073484,1.692228,355.6267
559.5978: 0.07750565,1.378066,1.706973,355.501
559.82: 0.06227771,1.70942,1.680965,356.0688
560.0422: 0.04704171,2.004503,1.703872,351.7008
560.2645: 0.03304549,2.291923,1.651013,344.6468
560.4867: -0.0960886,2.548929,1.685633,297.9434
560.7089: -0.2555,2.71591,1.650421,275.5721
560.9312: -0.4596853,2.862947,1.677408,276.2
561.1533: -0.6835664,2.973248,1.674185,271.6943
561.3755: -0.9371466,3.075114,1.672984,267.7869
561.5978: -1.203542,3.118887,1.698192,265.8161
561.82: -1.491749,3.119549,1.668455,267.0032
562.0422: -1.76511,3.106618,1.704434,265.4952
562.2645: -2.039348,3.091626,1.663622,265.6387
562.4867: -2.300124,3.07916,1.673924,262.4197
562.7089: -2.518821,3.071883,1.675016,258.8816
562.9312: -2.703475,3.042018,1.641106,267.3874
563.1533: -2.831934,3.03598,1.679658,268.6275
Trial Result: Success object: Stove | Time Spent: 8.507008
Trial No.:17 Ends
Trial No.:2 Begins
User confirmed on object: Stove, this maze officially starts.
576.5645: -2.789586,3.208647,1.730582,261.8778
576.7867: -2.772617,3.180295,1.737693,264.9793
577.0089: -2.750507,3.134594,1.73429,250.6826
577.2311: -2.736801,3.106044,1.720679,222.184
577.4534: -2.700686,3.072084,1.700372,189.7909
577.6756: -2.605091,3.016313,1.695587,160.5921
577.8978: -2.485692,2.952324,1.679813,141.5841
578.12: -2.379032,2.868414,1.701338,131.1782
578.3422: -2.272055,2.738249,1.694755,131.429
578.5645: -2.155127,2.554584,1.694961,132.3956
578.7867: -2.047971,2.362466,1.714022,141.2018
579.0089: -1.936337,2.172333,1.694599,151.915
579.2311: -1.810065,1.982471,1.698866,164.2031
579.4534: -1.714635,1.774516,1.710525,173.8094
579.6756: -1.609569,1.553782,1.66801,149.9862
579.8978: -1.490622,1.375166,1.689452,117.8818
580.12: -1.34123,1.240579,1.673332,102.8771
580.3422: -1.147325,1.135682,1.690628,100.99
580.5645: -0.9398456,1.03557,1.712314,99.91161
580.7867: -0.7221153,0.9427338,1.687332,99.23513
581.0089: -0.5157073,0.8657456,1.707732,93.65713
581.2311: -0.3020774,0.8352137,1.69808,91.9017
581.4534: -0.07341044,0.8420779,1.670977,96.20461
581.6756: 0.07391061,0.8029381,1.687717,109.4091
581.8978: 0.07998629,0.6870914,1.671672,139.8323
582.12: -0.01798294,0.5482025,1.677972,164.003
582.3422: -0.1091372,0.396768,1.677407,188.302
582.5645: -0.1580542,0.2995648,1.690603,212.6877
582.7867: -0.1542923,0.2141475,1.683532,232.0105
Trial Result: Success object: Wheelbarrow | Time Spent: 6.519409
Trial No.:2 Ends
Trial No.:23 Begins
User confirmed on object: Chair, this maze officially starts.
611.72: 0.8880524,-2.796948,1.75705,353.3319
611.9423: 0.8835131,-2.820713,1.759456,359.3673
612.1644: 0.8956889,-2.86169,1.761885,19.3803
612.3867: 0.893097,-2.896453,1.761758,37.1193
612.6089: 0.8819271,-2.917461,1.762528,42.13516
612.8311: 0.8705004,-2.906129,1.759366,33.53423
613.0533: 0.9077439,-2.866703,1.755139,35.23761
613.2756: 1.00083,-2.820081,1.720145,42.65962
613.4978: 1.11061,-2.829676,1.700675,46.96965
613.72: 1.243657,-2.818596,1.678909,44.54704
613.9423: 1.369745,-2.733778,1.665275,33.64322
614.1644: 1.493117,-2.596671,1.65611,17.59875
614.3867: 1.619842,-2.466593,1.695658,11.59239
614.6089: 1.747015,-2.303342,1.703134,7.539791
614.8311: 1.87057,-2.122421,1.691701,10.28587
615.0533: 1.958145,-1.902564,1.688089,14.78763
615.2756: 2.009396,-1.634403,1.667148,20.29206
615.4978: 2.090241,-1.382124,1.699137,20.05105
615.72: 2.230106,-1.143809,1.668555,16.32784
615.9423: 2.398106,-0.8941762,1.68325,8.052232
616.1644: 2.492119,-0.62901,1.697709,0.9361978
616.3867: 2.536812,-0.3377119,1.669687,1.630983
616.6089: 2.557958,-0.07073791,1.715731,358.6356
616.8311: 2.582693,0.2077129,1.684493,353.8101
617.0533: 2.611655,0.498027,1.709637,352.0426
617.2756: 2.623518,0.7810452,1.709189,350.4825
617.4978: 2.623114,1.087217,1.691514,349.825
617.72: 2.621802,1.371513,1.703651,349.0636
617.9423: 2.628621,1.664303,1.666767,347.8853
618.1644: 2.612153,1.939112,1.703449,340.0669
618.3867: 2.562124,2.21133,1.674424,335.2036
618.6089: 2.447082,2.444549,1.665697,309.6948
618.8311: 2.324574,2.594819,1.652714,267.0887
619.0533: 2.236151,2.744851,1.620183,242.1658
619.2756: 2.135912,2.829162,1.669483,225.7417
Trial Result: Success object: Piano | Time Spent: 7.974297
Trial No.:23 Ends
Trial No.:14 Begins
User confirmed on object: Telescope, this maze officially starts.
636.2422: -2.3995,-0.0765742,1.703816,84.26901
636.4645: -2.432036,-0.116038,1.737549,80.63797
636.6867: -2.504228,-0.145604,1.735887,78.72817
636.9089: -2.654205,-0.1259682,1.726492,82.58839
637.1311: -2.811015,-0.06768887,1.71168,90.1299
637.3533: -2.915496,-0.04953055,1.724883,88.05972
637.5756: -2.972288,-0.09295947,1.737346,86.45284
637.7978: -2.982661,-0.1316047,1.726653,90.98348
638.02: -2.983954,-0.1477794,1.706329,118.0155
638.2422: -2.9619,-0.1870223,1.694929,131.3605
638.4645: -2.89229,-0.2839949,1.674491,135.7524
638.6867: -2.777411,-0.4301901,1.63651,125.6898
638.9089: -2.625074,-0.5543401,1.67782,112.2733
639.1311: -2.445948,-0.6611302,1.663983,101.339
639.3533: -2.232089,-0.7324789,1.663358,95.27684
639.5756: -2.037345,-0.8016452,1.711643,93.5035
639.7978: -1.803461,-0.8733822,1.67876,87.25888
640.02: -1.541814,-0.9563577,1.707337,79.4044
640.2422: -1.281281,-0.9892862,1.712773,73.27755
640.4645: -1.011432,-0.9829326,1.682835,77.76913
640.6867: -0.7583092,-0.9728524,1.709271,80.58061
640.9089: -0.4981246,-0.981033,1.681641,79.645
641.1311: -0.2476283,-0.9851438,1.699175,72.45248
641.3533: -0.08204598,-0.8942751,1.702668,33.77577
641.5756: -0.003785037,-0.7920822,1.66669,355.8545
641.7978: 0.05348734,-0.7143543,1.687682,327.203
642.02: 0.0959504,-0.6287221,1.669566,311.4365
642.2422: 0.0964438,-0.5140595,1.674359,304.0871
642.4645: 0.0267118,-0.4046914,1.656518,298.2904
642.6867: -0.07598948,-0.3010071,1.660499,296.113
Trial Result: Success object: Wheelbarrow | Time Spent: 6.81889
Trial No.:14 Ends
Trial No.:8 Begins
User confirmed on object: Plant, this maze officially starts.
659.8644: -3.08369,-2.031759,1.69232,276.9471
660.0867: -3.01285,-2.009003,1.716848,273.4266
660.3089: -2.902086,-1.994959,1.729434,271.3129
660.5311: -2.750435,-2.01655,1.732555,277.9236
660.7534: -2.62522,-2.075896,1.726252,284.635
660.9756: -2.537692,-2.110007,1.735469,296.1463
661.1978: -2.475392,-2.121268,1.730925,299.9234
661.42: -2.448421,-2.110022,1.732398,303.2721
661.6422: -2.422239,-2.064224,1.734629,316.4604
661.8644: -2.387506,-2.017003,1.718967,348.091
662.0867: -2.364321,-2.018142,1.713836,26.92132
662.3089: -2.363739,-2.048806,1.703114,64.57835
662.5311: -2.348483,-2.102762,1.690069,81.45975
662.7534: -2.359528,-2.124934,1.694847,89.98828
662.9756: -2.434746,-2.053954,1.685996,75.13133
663.1978: -2.504553,-1.926489,1.690183,38.66288
663.42: -2.52423,-1.792835,1.695861,24.60032
663.6422: -2.488671,-1.611974,1.671235,23.17758
663.8644: -2.434536,-1.414206,1.687214,19.99746
664.0867: -2.355727,-1.241099,1.692539,31.81894
664.3089: -2.245538,-1.126069,1.694493,68.94633
664.5311: -2.110792,-1.062354,1.712675,91.43255
664.7534: -1.931667,-1.038506,1.693529,100.1726
664.9756: -1.727855,-1.013105,1.706964,101.0622
665.1978: -1.501872,-0.9760612,1.692808,101.7663
665.42: -1.2833,-0.9363313,1.712875,102.8228
665.6422: -1.074125,-0.9230368,1.716417,100.8032
665.8644: -0.8317589,-0.9380404,1.693093,99.68126
666.0867: -0.5816833,-0.9524943,1.710717,91.03457
666.3089: -0.3376946,-0.9536564,1.701323,87.43047
666.5311: -0.09401314,-0.9435105,1.697369,89.35884
666.7534: 0.1236074,-0.9412282,1.706488,84.96725
666.9756: 0.3605344,-0.9476843,1.678185,79.4269
667.1978: 0.5957939,-0.9407297,1.694693,66.91276
667.42: 0.8175095,-0.8898382,1.689993,59.04906
667.6422: 1.02069,-0.8069227,1.674595,60.24017
667.8644: 1.197261,-0.7292596,1.677531,51.75246
668.0867: 1.365325,-0.6901315,1.648047,35.47496
Trial Result: Success object: Harp | Time Spent: 8.551588
Trial No.:8 Ends
Trial No.:4 Begins
User confirmed on object: Piano, this maze officially starts.
678.5867: 1.717636,2.819403,1.747033,184.9796
678.8089: 1.711436,2.853472,1.742664,192.3254
679.0311: 1.673854,2.953441,1.726947,206.5778
679.2534: 1.644393,3.070707,1.725659,213.7897
679.4756: 1.646788,3.156034,1.733811,216.5614
679.6978: 1.672721,3.182937,1.746039,207.4255
679.92: 1.75361,3.166923,1.729436,164.4436
680.1422: 1.888308,3.202736,1.729034,134.8813
680.3644: 2.057528,3.228554,1.713601,121.6259
680.5867: 2.223275,3.174232,1.720306,127.4269
680.8089: 2.353642,3.040255,1.698509,151.9269
681.0311: 2.461161,2.868014,1.700261,164.0441
681.2534: 2.545009,2.708473,1.708391,176.1541
681.4756: 2.630402,2.517266,1.68566,183.4786
681.6978: 2.699109,2.302633,1.703357,193.5635
681.92: 2.710109,2.084433,1.704962,202.0925
682.1422: 2.67767,1.867743,1.698084,197.4335
682.3644: 2.659554,1.651872,1.710823,191.383
682.5867: 2.646713,1.41456,1.688677,188.1625
682.8089: 2.642297,1.170273,1.714665,189.7586
683.0311: 2.630718,0.9200388,1.715526,188.0793
683.2534: 2.60718,0.6555918,1.69719,185.238
683.4756: 2.600176,0.3912957,1.712161,184.5598
683.6978: 2.607223,0.1251603,1.679293,189.9642
683.92: 2.595582,-0.1232818,1.712145,200.0264
684.1422: 2.534149,-0.3378526,1.689993,223.4189
684.3644: 2.44865,-0.5049525,1.686744,247.973
684.5867: 2.358268,-0.6552808,1.684453,275.5639
684.8089: 2.273409,-0.7961501,1.661712,294.8911
685.0311: 2.166234,-0.8737606,1.683915,314.312
685.2534: 2.050906,-0.889697,1.662383,323.0316
Trial Result: Success object: Harp | Time Spent: 7.073782
Trial No.:4 Ends
Trial No.:10 Begins
User confirmed on object: Bookshelf, this maze officially starts.
704.0645: 1.658708,0.7760241,1.73102,177.8979
704.2867: 1.626506,0.8068165,1.736166,174.4021
704.5089: 1.631581,0.9078426,1.737972,177.4564
704.7311: 1.678442,1.036392,1.724026,187.5799
704.9534: 1.728088,1.133862,1.73597,197.2211
705.1756: 1.727032,1.19882,1.736908,203.5999
705.3978: 1.692243,1.230414,1.739423,203.0682
705.62: 1.624148,1.232991,1.72854,213.672
705.8422: 1.504189,1.243061,1.706852,233.5771
706.0645: 1.35767,1.243875,1.710376,254.68
706.2867: 1.183953,1.208381,1.693149,261.864
706.5089: 1.002983,1.132793,1.692114,258.7891
706.7311: 0.7953269,1.078434,1.702023,251.4482
706.9534: 0.5441557,1.063403,1.674526,248.3201
707.1756: 0.2867521,1.070667,1.704398,248.8542
707.3978: 0.01780843,1.051022,1.689453,257.4734
707.62: -0.2610281,1.008842,1.690002,260.7086
707.8422: -0.5167704,1.004844,1.703604,261.0776
708.0645: -0.789512,1.016177,1.684986,257.5621
708.2867: -1.049835,1.020222,1.713053,254.0055
708.5089: -1.309399,1.001535,1.68585,251.3279
708.7311: -1.57075,0.951344,1.696288,244.7536
708.9534: -1.823265,0.8905348,1.682374,233.1981
709.1756: -2.086891,0.8184255,1.647986,213.8537
709.3978: -2.289853,0.7117393,1.680902,199.2132
709.62: -2.462233,0.5451472,1.651162,192.4849
709.8422: -2.581919,0.3519489,1.679976,187.3528
710.0645: -2.683517,0.140472,1.677795,188.6961
710.2867: -2.774866,-0.09820668,1.666844,187.513
710.5089: -2.814374,-0.3405774,1.698684,187.3796
710.7311: -2.822402,-0.5920624,1.667043,190.95
710.9534: -2.82978,-0.8472283,1.694702,196.6055
711.1756: -2.863437,-1.082302,1.685131,203.285
711.3978: -2.918532,-1.314403,1.670175,203.6472
711.62: -2.963711,-1.512255,1.691298,214.2526
711.8422: -2.995265,-1.702853,1.641792,232.9046
Trial Result: Success object: Plant | Time Spent: 8.15122
Trial No.:10 Ends
Trial No.:16 Begins
User confirmed on object: Wheelbarrow, this maze officially starts.
725.1756: -0.1550061,0.05149332,1.728739,265.6171
725.3978: -0.09788273,0.005055074,1.722593,270.7259
725.62: -0.01041515,-0.02356128,1.717084,276.6465
725.8422: 0.1517464,-0.01965756,1.710159,278.6262
726.0645: 0.297305,0.0107801,1.722687,281.1698
726.2867: 0.3931666,0.008019436,1.730966,285.472
726.5089: 0.4366496,-0.02402288,1.735783,288.8433
726.7311: 0.4211352,-0.02723766,1.720706,291.9695
726.9534: 0.3644411,-0.05783749,1.695592,256.524
727.1756: 0.3477634,-0.179721,1.683408,220.5325
727.3978: 0.3089765,-0.3501844,1.652417,218.5181
727.62: 0.1879475,-0.5260037,1.670694,246.1592
727.8422: -0.008274414,-0.6591504,1.660129,256.9131
728.0645: -0.2861223,-0.7462109,1.673355,255.6172
728.2867: -0.582803,-0.8290826,1.69869,254.9117
728.5089: -0.9190096,-0.9072824,1.66844,255.5018
728.7311: -1.257079,-0.9641551,1.726409,257.5632
728.9534: -1.592242,-1.008469,1.675272,249.9755
729.1756: -1.926467,-1.083704,1.705755,237.7461
729.3978: -2.21547,-1.210858,1.682343,232.6227
729.62: -2.451564,-1.362828,1.695719,232.338
729.8422: -2.655933,-1.499521,1.694349,231.59
730.0645: -2.841712,-1.617165,1.661733,227.2419
Trial Result: Success object: Plant | Time Spent: 5.31982
Trial No.:16 Ends
Trial No.:19 Begins
User confirmed on object: Well, this maze officially starts.
741.1311: 2.092225,-2.083164,1.741677,99.15829
741.3533: 2.050388,-2.138051,1.741405,98.18151
741.5756: 1.99314,-2.21306,1.747652,94.77673
741.7978: 1.945259,-2.223053,1.745555,75.70897
742.02: 1.860973,-2.164975,1.737333,35.56202
742.2422: 1.710385,-2.102192,1.719057,350.1484
742.4645: 1.567855,-2.039791,1.700554,326.325
742.6867: 1.489181,-1.940104,1.698935,321.4966
742.9089: 1.485504,-1.784824,1.675827,341.1258
743.1311: 1.514022,-1.578584,1.642915,357.8342
743.3533: 1.482458,-1.322703,1.6512,339.856
743.5756: 1.336035,-1.18394,1.66765,295.7993
743.7978: 1.169579,-1.094499,1.656348,285.7431
744.02: 0.97791,-1.021491,1.676219,280.0113
744.2422: 0.7977581,-0.9656785,1.684535,272.7755
744.4645: 0.5878243,-0.8963657,1.670306,269.9407
744.6867: 0.3752734,-0.8623884,1.691412,266.1254
744.9089: 0.138181,-0.8845505,1.677406,268.4335
745.1311: -0.09898429,-0.9453642,1.693659,271.4735
745.3533: -0.3284839,-0.9755328,1.708429,274.4056
745.5756: -0.5848287,-0.9923793,1.680337,277.2467
745.7978: -0.8517255,-1.008916,1.70766,276.8597
746.02: -1.133963,-1.035059,1.677874,278.4005
746.2422: -1.421861,-1.045658,1.695577,283.2394
746.4645: -1.68207,-0.9897863,1.690879,295.6794
746.6867: -1.928545,-0.8822216,1.66581,312.1942
746.9089: -2.154548,-0.7670767,1.670345,328.9148
747.1311: -2.35862,-0.6366266,1.640433,350.2663
747.3533: -2.491897,-0.4851324,1.672346,15.61443
747.5756: -2.59418,-0.3028896,1.645226,21.7455
747.7978: -2.643082,-0.07517275,1.655585,21.39742
748.02: -2.68414,0.1543052,1.651921,27.00903
748.2422: -2.698578,0.3953381,1.643981,33.87824
748.4645: -2.641292,0.6083541,1.665366,41.71058
748.6867: -2.537867,0.8167001,1.643823,45.85394
748.9089: -2.410721,1.005943,1.672806,48.52531
749.1311: -2.273864,1.194932,1.664071,51.75519
749.3533: -2.133612,1.38141,1.669745,59.37596
749.5756: -1.99361,1.526196,1.687459,65.84116
749.7978: -1.850819,1.6657,1.662544,65.78182
750.02: -1.728314,1.797021,1.676416,68.99079
Trial Result: Success object: Table | Time Spent: 9.31847
Trial No.:19 Ends
