Participant ID: 423
Maze Mode: testing
Participant ID: 423
Maze Mode: testing
Trial No.:14 Begins
User confirmed on object: Telescope, this maze officially starts.
39.85111: -2.806046,-0.08114307,1.541164,76.49193
40.07333: -2.818318,-0.07679096,1.54455,76.53208
40.29556: -2.85607,-0.07663392,1.560759,74.18056
40.51778: -2.909718,-0.08803618,1.577902,71.72365
40.74: -2.959969,-0.08372752,1.575305,73.35142
40.96222: -3.025488,-0.02774193,1.561503,64.93621
41.18444: -3.090411,0.007068427,1.571738,73.85937
41.40667: -3.136386,-0.005346698,1.575315,91.2681
41.62889: -3.160176,-0.01443471,1.579602,95.55128
41.85111: -3.171135,-0.005222291,1.577273,93.94295
42.07333: -3.17946,-0.0002010958,1.576035,92.4259
42.29556: -3.187881,-0.001846017,1.573771,91.87268
42.51778: -3.188585,-0.001152305,1.570205,90.74732
42.74: -3.183552,-0.002874922,1.5681,89.47946
42.96222: -3.180827,-0.008806156,1.568682,91.58218
43.18444: -3.17834,-0.0162307,1.567089,93.46757
43.40667: -3.17029,-0.01442459,1.565378,90.61131
43.62889: -3.154588,-0.007442973,1.561051,78.87277
43.85111: -3.139878,-0.002821061,1.546625,51.59161
44.07333: -3.128131,-0.04504755,1.542129,44.04968
44.29556: -3.111813,-0.1044268,1.542402,57.4857
44.51778: -3.104423,-0.1682757,1.543562,85.87318
44.74: -3.122447,-0.1878184,1.542058,106.7633
44.96222: -3.147017,-0.1602254,1.541143,122.3695
45.18444: -3.16514,-0.1451366,1.534565,132.2468
45.40667: -3.19469,-0.173131,1.533243,138.5424
45.62889: -3.224127,-0.248035,1.529863,135.1804
45.85111: -3.258718,-0.340137,1.521464,129.9722
46.07333: -3.271806,-0.4158512,1.527392,128.872
46.29556: -3.233111,-0.4832444,1.518131,127.1846
46.51778: -3.152599,-0.5394032,1.510842,126.242
46.74: -3.052152,-0.6017984,1.52552,122.0417
46.96222: -2.975577,-0.6656924,1.520068,119.5432
47.18444: -2.89813,-0.7399788,1.511453,115.7501
47.40667: -2.812581,-0.847941,1.507268,106.5584
47.62889: -2.719476,-0.9567459,1.53226,102.1793
47.85111: -2.601121,-1.020876,1.533318,100.8354
48.07333: -2.450134,-1.036039,1.516999,103.3472
48.29556: -2.28726,-1.024095,1.544009,104.6086
48.51778: -2.144265,-1.0504,1.545453,106.3971
48.74: -2.011176,-1.106176,1.531029,108.2093
48.96222: -1.88871,-1.158233,1.540561,108.3316
49.18444: -1.76499,-1.166285,1.539989,109.0213
49.40667: -1.617847,-1.132746,1.522541,118.887
49.62889: -1.451557,-1.087117,1.549655,125.92
49.85111: -1.327926,-1.106222,1.553732,135.2829
50.07333: -1.253418,-1.193969,1.539608,147.6873
50.29556: -1.208935,-1.297108,1.547292,157.8672
50.51778: -1.157156,-1.380672,1.553556,161.2588
50.74: -1.082848,-1.469688,1.543584,167.4805
50.96222: -0.9768152,-1.564376,1.557518,167.751
51.18444: -0.9139844,-1.684594,1.559819,167.327
51.40667: -0.9075865,-1.81771,1.546849,165.6528
51.62889: -0.9463468,-1.947036,1.550887,155.628
51.85111: -0.9707168,-2.057462,1.556983,147.5816
52.07333: -0.951922,-2.16577,1.548963,141.9893
52.29556: -0.8939426,-2.257968,1.542964,137.5451
52.51778: -0.8569568,-2.348666,1.555736,131.2741
52.74: -0.8419918,-2.444034,1.558648,125.8882
52.96222: -0.8356544,-2.569569,1.552037,114.5326
53.18444: -0.8377843,-2.693896,1.556123,103.1743
53.40667: -0.8318421,-2.759863,1.557503,93.50315
53.62889: -0.7993842,-2.795697,1.56219,88.09621
53.85111: -0.7235111,-2.812993,1.552536,86.50739
54.07333: -0.6343404,-2.798454,1.559057,86.87882
54.29556: -0.5475346,-2.802413,1.562612,88.26488
54.51778: -0.459402,-2.840879,1.561136,86.93207
54.74: -0.3666469,-2.932013,1.550816,82.46278
54.96222: -0.2788597,-3.044097,1.564533,81.34913
55.18444: -0.2006464,-3.113584,1.570463,81.99538
55.40667: -0.1108992,-3.144981,1.569566,82.58304
55.62889: 0.00657875,-3.128423,1.557645,80.53188
55.85111: 0.1612667,-3.100918,1.574936,76.6659
56.07333: 0.3060573,-3.10457,1.57801,74.55292
56.29556: 0.4495202,-3.128551,1.562777,68.74266
56.51778: 0.607236,-3.167657,1.575767,63.80545
56.74: 0.7428514,-3.171554,1.577796,59.41261
56.96222: 0.8626374,-3.136274,1.560136,58.5275
57.18444: 0.9661126,-3.068836,1.574744,56.19076
57.40667: 1.081435,-3.029862,1.5814,55.75401
57.62889: 1.21529,-3.009181,1.576448,50.84635
57.85111: 1.383233,-3.013723,1.56715,44.00113
58.07333: 1.504388,-2.999223,1.579688,26.83946
58.29556: 1.570577,-2.952086,1.580492,8.554869
58.51778: 1.59042,-2.879727,1.575424,4.38498
58.74: 1.619272,-2.8006,1.583773,12.19313
58.96222: 1.680941,-2.755552,1.578681,38.26105
59.18444: 1.722283,-2.710021,1.577579,38.51193
59.40667: 1.768292,-2.668177,1.578678,31.35565
59.62889: 1.840437,-2.629451,1.580385,27.52289
59.85111: 1.904544,-2.58896,1.576436,20.53455
60.07333: 1.939562,-2.535217,1.574484,11.64106
60.29556: 1.934548,-2.450055,1.564572,11.43655
60.51778: 1.885267,-2.339516,1.563357,17.29476
60.74: 1.827046,-2.214371,1.581384,21.99033
60.96222: 1.800332,-2.108193,1.581085,20.44514
61.18444: 1.816099,-2.010476,1.569917,11.11433
61.40667: 1.858634,-1.901261,1.563076,344.4895
61.62889: 1.896123,-1.80722,1.571014,319.3504
61.85111: 1.913023,-1.723516,1.571894,313.1585
62.07333: 1.919014,-1.626363,1.559341,334.4855
62.29556: 1.921902,-1.554147,1.561742,18.28685
62.51778: 1.916351,-1.514619,1.569835,59.55792
62.74: 1.919532,-1.471042,1.566666,78.93774
62.96222: 1.938895,-1.372899,1.562589,58.81332
63.18444: 1.908576,-1.26168,1.575003,353.9044
63.40667: 1.88252,-1.243248,1.569597,310.9724
63.62889: 1.872743,-1.249389,1.569173,292.5962
63.85111: 1.830339,-1.238009,1.566376,278.9926
64.07333: 1.753632,-1.22311,1.560141,286.4452
64.29556: 1.642343,-1.262846,1.568308,295.0382
64.51778: 1.535403,-1.277764,1.584515,299.4725
64.74: 1.426899,-1.252686,1.579606,301.9148
64.96223: 1.307981,-1.183669,1.564144,300.567
65.18445: 1.189437,-1.104064,1.57046,299.5886
65.40667: 1.073279,-1.067838,1.571211,298.4605
65.62889: 0.9331718,-1.076058,1.550153,302.7763
65.85111: 0.7792672,-1.110689,1.57219,305.4944
66.07333: 0.6488869,-1.096602,1.571412,308.7443
66.29556: 0.5489547,-1.034996,1.560356,309.4664
66.51778: 0.4805529,-0.9285841,1.559914,309.2936
66.74: 0.4156636,-0.8317135,1.559071,309.9449
66.96223: 0.3419729,-0.7699401,1.559897,308.388
67.18445: 0.2511273,-0.7503906,1.553741,308.379
67.40667: 0.1493866,-0.7296451,1.571719,307.505
67.62889: 0.07681647,-0.6663079,1.567125,313.9019
67.85111: 0.04690519,-0.582865,1.557626,317.9315
68.07333: 0.04829535,-0.4743329,1.550827,311.6574
68.29556: 0.05515572,-0.3605751,1.551917,302.734
68.51778: 0.05327635,-0.2950355,1.557333,293.436
68.74: 0.05501221,-0.2748166,1.557917,290.4556
Trial Result: Success object: Wheelbarrow | Time Spent: 29.26346
Trial No.:14 Ends
Trial No.:13 Begins
User confirmed on object: Telescope, this maze officially starts.
103.9511: -2.79598,-0.04700694,1.54092,78.61494
104.1733: -2.808681,-0.04550359,1.555497,77.41103
104.3956: -2.868209,-0.03665856,1.568503,86.16683
104.6178: -2.964318,0.01802975,1.568825,95.69153
104.84: -3.047556,0.08649495,1.56581,100.2872
105.0622: -3.111785,0.1196613,1.571779,105.9378
105.2844: -3.149458,0.1226918,1.572926,104.8077
105.5067: -3.162447,0.1183845,1.571913,99.20284
105.7289: -3.171543,0.1219836,1.569074,91.83871
105.9511: -3.182936,0.1443791,1.563377,77.73146
106.1733: -3.197635,0.1793497,1.551057,57.58991
106.3956: -3.202641,0.1923584,1.548736,51.1177
106.6178: -3.187533,0.1818188,1.548234,60.57004
106.84: -3.166733,0.1457137,1.54465,84.95072
107.0622: -3.166065,0.1114183,1.542549,106.1323
107.2844: -3.181525,0.07636818,1.538531,116.7293
107.5067: -3.209769,0.02154647,1.535129,126.9673
107.7289: -3.239607,-0.01922379,1.523612,143.1459
107.9511: -3.233535,-0.01369877,1.522558,151.7512
108.1733: -3.196939,0.01415654,1.519501,153.1339
108.3956: -3.168931,0.00924943,1.520202,150.7793
108.6178: -3.141685,-0.05691176,1.510846,146.23
108.84: -3.13622,-0.1771873,1.508303,136.6199
109.0622: -3.119984,-0.2782594,1.52159,128.6937
109.2844: -3.070185,-0.3501523,1.522568,122.8186
109.5067: -2.980918,-0.3910309,1.514136,119.8381
109.7289: -2.879008,-0.4316584,1.536875,115.7749
109.9511: -2.785359,-0.4979665,1.540949,117.6902
110.1733: -2.681538,-0.577399,1.532413,115.5106
110.3956: -2.564664,-0.6893934,1.52886,108.5464
110.6178: -2.444312,-0.7702303,1.533995,101.4335
110.84: -2.307066,-0.7925334,1.518574,93.55518
111.0622: -2.172058,-0.7747918,1.524686,92.10704
111.2844: -2.0377,-0.7838972,1.539508,97.57779
111.5067: -1.91056,-0.817302,1.537143,101.1902
111.7289: -1.776088,-0.8866386,1.533831,98.48658
111.9511: -1.653924,-0.9470775,1.540633,94.63794
112.1733: -1.526001,-0.9714326,1.537607,93.22803
112.3956: -1.381838,-0.9526287,1.539623,93.70473
112.6178: -1.235177,-0.9474673,1.557106,93.1785
112.84: -1.090882,-0.9850378,1.550869,96.24685
113.0622: -0.9539696,-1.058234,1.546416,94.95625
113.2844: -0.8184617,-1.107961,1.553895,93.26511
113.5067: -0.6892786,-1.11127,1.547045,90.25372
113.7289: -0.5528487,-1.061091,1.541682,88.62052
113.9511: -0.3973569,-1.011371,1.565785,87.58087
114.1733: -0.2356547,-1.019317,1.558466,94.25733
114.3956: -0.08396465,-1.067192,1.547741,94.76929
114.6178: 0.05635934,-1.09549,1.562087,94.8507
114.84: 0.1898268,-1.085201,1.559559,96.80128
115.0622: 0.3349705,-1.03307,1.552481,101.509
115.2844: 0.492472,-0.983804,1.575523,105.6439
115.5067: 0.6425753,-0.9940308,1.569352,111.7462
115.7289: 0.7886087,-1.052114,1.5594,112.3525
115.9511: 0.9254203,-1.094862,1.569612,111.3171
116.1733: 1.070141,-1.110786,1.56012,113.6724
116.3956: 1.229454,-1.111054,1.558244,120.4088
116.6178: 1.374959,-1.143095,1.575523,125.7091
116.84: 1.506745,-1.223906,1.565672,128.6807
117.0622: 1.60744,-1.338802,1.566497,124.0795
117.2844: 1.690381,-1.421837,1.570439,120.1577
117.5067: 1.769184,-1.474258,1.559787,120.2534
117.7289: 1.845383,-1.495366,1.568951,119.1465
117.9511: 1.902478,-1.552268,1.571565,120.6626
118.1733: 1.926205,-1.639558,1.564676,116.6006
118.3956: 1.92231,-1.729349,1.560824,111.6678
118.6178: 1.921071,-1.781188,1.562998,106.0988
Trial Result: Success object: Well | Time Spent: 15.04935
Trial No.:13 Ends
Trial No.:24 Begins
User confirmed on object: Chair, this maze officially starts.
145.6511: 0.8148383,-3.089976,1.579817,357.4933
145.8733: 0.8220043,-3.121921,1.591844,357.1617
146.0956: 0.8226573,-3.169725,1.594943,1.086376
146.3178: 0.7799031,-3.263161,1.595159,10.7756
146.54: 0.711553,-3.354929,1.593958,13.75267
146.7622: 0.6777607,-3.432689,1.606869,13.35691
146.9845: 0.686087,-3.480081,1.606454,18.68581
147.2067: 0.7287011,-3.504205,1.603103,31.3769
147.4289: 0.7668218,-3.526323,1.591985,43.63794
147.6511: 0.7405246,-3.513547,1.591588,22.23208
147.8733: 0.6893504,-3.508445,1.584451,340.1777
148.0956: 0.7088912,-3.519568,1.578132,313.1545
148.3178: 0.7715526,-3.508113,1.569397,310.6799
148.54: 0.8091215,-3.514692,1.569389,309.8224
148.7622: 0.8035728,-3.509579,1.570449,309.8118
148.9845: 0.7427054,-3.495788,1.565908,303.4846
149.2067: 0.6404291,-3.519357,1.557587,300.088
149.4289: 0.5433514,-3.550235,1.573807,300.8819
149.6511: 0.4821882,-3.542754,1.575334,304.4734
149.8733: 0.4759532,-3.49751,1.576622,319.0605
150.0956: 0.5475885,-3.462793,1.567279,349.4168
150.3178: 0.6209108,-3.496058,1.555537,28.94585
150.54: 0.667549,-3.540022,1.546645,50.59792
150.7622: 0.7419852,-3.571712,1.548253,50.84935
150.9845: 0.8631661,-3.603556,1.549484,46.85114
151.2067: 0.9906478,-3.614229,1.565145,42.40746
151.4289: 1.088912,-3.566776,1.566292,34.31236
151.6511: 1.159741,-3.467449,1.551297,27.7634
151.8733: 1.224439,-3.349476,1.571438,23.18925
152.0956: 1.313528,-3.258693,1.583374,22.73669
152.3178: 1.431287,-3.169743,1.570102,19.94503
152.54: 1.574173,-3.07249,1.570428,16.0427
152.7622: 1.674664,-2.954813,1.57699,11.53597
152.9845: 1.726112,-2.815456,1.553668,10.4762
153.2067: 1.730156,-2.657067,1.568773,10.21159
153.4289: 1.755882,-2.504456,1.579684,12.35346
153.6511: 1.80418,-2.35262,1.561814,13.82186
153.8733: 1.871675,-2.199676,1.563734,15.036
154.0956: 1.888889,-2.046437,1.563654,13.88551
154.3178: 1.867457,-1.895262,1.54537,16.0899
154.54: 1.835461,-1.736957,1.571493,21.18489
154.7622: 1.867298,-1.603334,1.577369,29.62269
154.9845: 1.956194,-1.485345,1.560755,30.64058
155.2067: 2.069868,-1.39072,1.580025,25.14725
155.4289: 2.153649,-1.293467,1.587382,21.32655
155.6511: 2.226533,-1.183577,1.572671,23.93543
155.8733: 2.288713,-1.060205,1.595486,26.3305
156.0956: 2.380242,-0.9462816,1.600208,27.06417
156.3178: 2.495642,-0.8297045,1.58142,22.82327
156.54: 2.605832,-0.7149556,1.589831,19.3426
156.7622: 2.665941,-0.5888344,1.587661,15.78865
156.9845: 2.666698,-0.4423003,1.568216,17.6818
157.2067: 2.645873,-0.2827414,1.592706,19.63924
157.4289: 2.676831,-0.1351052,1.592267,27.13519
157.6511: 2.732488,0.001106152,1.575394,29.93677
157.8733: 2.784528,0.1265981,1.582234,29.2216
158.0956: 2.808082,0.2381088,1.582374,29.85064
158.3178: 2.795899,0.3619858,1.568875,39.62236
158.54: 2.755048,0.4999929,1.585427,48.09555
158.7622: 2.730877,0.5882244,1.588552,51.28027
158.9845: 2.72456,0.6209122,1.585284,51.26551
159.2067: 2.723135,0.6240501,1.585412,53.3698
Trial Result: Success object: Trashcan | Time Spent: 13.88309
Trial No.:24 Ends
Trial No.:10 Begins
User confirmed on object: Bookshelf, this maze officially starts.
196.1956: 1.840553,1.023307,1.591028,183.0265
196.4178: 1.855412,1.033203,1.596992,186.2689
196.64: 1.849093,1.093585,1.599353,188.5503
196.8622: 1.817413,1.173044,1.595996,185.1944
197.0844: 1.764344,1.253259,1.596397,183.5209
197.3067: 1.742947,1.301153,1.602484,185.0571
197.5289: 1.726232,1.337095,1.605807,193.8803
197.7511: 1.708895,1.370683,1.608934,201.9548
197.9733: 1.703793,1.362194,1.607857,198.2072
198.1956: 1.725749,1.341188,1.601311,174.3732
198.4178: 1.769157,1.330784,1.592162,154.442
198.64: 1.803926,1.312568,1.594814,151.4299
198.8622: 1.76178,1.300324,1.59259,180.99
199.0844: 1.688523,1.344759,1.584227,223.7784
199.3067: 1.672618,1.402777,1.573673,255.3473
199.5289: 1.691091,1.396955,1.581158,270.4403
199.7511: 1.70244,1.34806,1.579127,270.3638
199.9733: 1.711226,1.312669,1.572752,267.3992
200.1956: 1.669199,1.293622,1.572078,265.6367
200.4178: 1.566685,1.306079,1.560043,261.9652
200.64: 1.456151,1.328157,1.564413,260.1868
200.8622: 1.350066,1.305612,1.563173,260.8158
201.0844: 1.25608,1.22202,1.550802,262.9835
201.3067: 1.155476,1.126984,1.583253,265.1462
201.5289: 1.034249,1.081282,1.579432,265.9551
201.7511: 0.8836331,1.090869,1.563657,266.4828
201.9733: 0.728574,1.130658,1.573908,270.8908
202.1956: 0.5773977,1.123667,1.573899,271.2159
202.4178: 0.4114922,1.069275,1.551969,270.8204
202.64: 0.2402453,1.025412,1.575356,268.7545
202.8622: 0.06466958,1.039426,1.572171,272.2849
203.0844: -0.1101489,1.0964,1.550001,273.1091
203.3067: -0.2757182,1.133871,1.562427,270.9398
203.5289: -0.4363388,1.132876,1.553132,269.3359
203.7511: -0.598902,1.091364,1.550093,270.7355
203.9733: -0.7628286,1.083334,1.571609,276.5959
204.1956: -0.9299424,1.111835,1.556021,280.5561
204.4178: -1.094488,1.164848,1.551217,272.4379
204.64: -1.250052,1.185422,1.555622,263.1082
204.8622: -1.407451,1.177629,1.533558,255.9474
205.0844: -1.552997,1.131496,1.542889,250.2431
205.3067: -1.694107,1.120036,1.548642,245.8817
205.5289: -1.844349,1.132212,1.532472,236.8986
205.7511: -2.012414,1.168083,1.532416,221.901
205.9733: -2.15069,1.170886,1.536621,210.2322
206.1956: -2.270113,1.127409,1.519895,201.5961
206.4178: -2.349906,1.051353,1.529332,193.826
206.64: -2.437332,0.9833336,1.542616,187.0103
206.8622: -2.551564,0.9066294,1.53196,183.02
207.0844: -2.70835,0.8387145,1.533944,193.619
207.3067: -2.809726,0.7538307,1.539043,194.5538
207.5289: -2.850966,0.6514702,1.52923,191.751
207.7511: -2.843642,0.5115734,1.526217,187.1419
207.9733: -2.839855,0.3533527,1.54636,186.2769
208.1956: -2.881667,0.1970939,1.539412,188.7615
208.4178: -2.958914,0.0462708,1.532759,185.9671
208.64: -3.004606,-0.1037191,1.545867,184.1699
208.8622: -3.014054,-0.2555522,1.529586,185.7158
209.0844: -2.971685,-0.4293585,1.534376,185.8277
209.3067: -2.952362,-0.6066105,1.543669,185.3984
209.5289: -2.96947,-0.776834,1.522652,188.0948
209.7511: -3.005025,-0.9237882,1.519998,184.7952
209.9733: -3.012565,-1.054308,1.523154,187.827
210.1956: -2.978959,-1.185636,1.508821,195.1667
210.4178: -2.897875,-1.325618,1.524816,200.6952
210.64: -2.862855,-1.465293,1.536738,207.3638
210.8622: -2.884182,-1.553505,1.519348,214.5716
211.0844: -2.905836,-1.599074,1.524898,220.9827
Trial Result: Success object: Plant | Time Spent: 15.26911
Trial No.:10 Ends
Trial No.:20 Begins
User confirmed on object: Well, this maze officially starts.
237.6289: 1.927717,-2.036217,1.582343,86.9352
237.8511: 1.90702,-2.022769,1.589701,86.06995
238.0733: 1.89294,-1.994998,1.583065,85.00517
238.2956: 1.889392,-1.9832,1.571627,84.72949
238.5178: 1.862302,-1.993427,1.571742,85.73111
238.74: 1.810851,-2.036608,1.596757,82.48778
238.9622: 1.726549,-2.091423,1.619412,81.21049
239.1844: 1.675278,-2.107835,1.62247,82.94614
239.4067: 1.656093,-2.109844,1.619902,98.85052
239.6289: 1.64122,-2.102469,1.621562,110.5739
239.8511: 1.636213,-2.070187,1.620651,101.5499
240.0733: 1.640884,-2.020706,1.617338,76.37079
240.2956: 1.647397,-1.993738,1.606663,54.14545
240.5178: 1.654667,-1.997829,1.591728,33.75729
240.74: 1.683617,-2.050494,1.586169,20.75544
240.9622: 1.72283,-2.092346,1.580427,20.01549
241.1844: 1.739187,-2.098347,1.57667,21.4032
241.4067: 1.748462,-2.071612,1.570946,27.96338
241.6289: 1.69796,-2.010567,1.566975,26.89306
241.8511: 1.602816,-1.925186,1.576434,6.830034
242.0733: 1.556914,-1.830412,1.572383,353.0524
242.2956: 1.597123,-1.725685,1.558138,3.075625
242.5178: 1.679212,-1.638374,1.571029,18.73359
242.74: 1.71939,-1.54975,1.573887,24.36435
242.9622: 1.743715,-1.451547,1.566156,34.93096
243.1844: 1.730957,-1.364243,1.575267,44.12538
243.4067: 1.765952,-1.285877,1.578053,51.542
243.6289: 1.862547,-1.228919,1.567218,55.19315
243.8511: 2.011624,-1.193816,1.561862,47.65383
244.0733: 2.145711,-1.154759,1.579265,40.25729
244.2956: 2.244208,-1.081024,1.577168,35.52718
244.5178: 2.302388,-0.9633512,1.566851,31.01063
244.74: 2.364646,-0.847812,1.586916,23.28404
244.9622: 2.439632,-0.7391368,1.585054,17.21165
245.1844: 2.54716,-0.6294457,1.573568,11.5808
245.4067: 2.64249,-0.5158385,1.58619,6.893498
245.6289: 2.691092,-0.3843056,1.585771,1.48206
245.8511: 2.681765,-0.2477391,1.585482,359.2174
246.0733: 2.682645,-0.1245954,1.605051,0.04534796
246.2956: 2.704465,0.001018208,1.601723,0.1657424
246.5178: 2.754319,0.1499287,1.588436,352.6276
246.74: 2.773145,0.3001212,1.593545,336.0416
246.9622: 2.742031,0.4254239,1.583242,312.873
247.1844: 2.678082,0.5230468,1.575413,301.3377
247.4067: 2.63204,0.6163698,1.590582,289.237
247.6289: 2.605793,0.7160633,1.587502,279.0154
247.8511: 2.60601,0.8569221,1.578017,268.8797
248.0733: 2.617211,0.9889253,1.58355,272.3371
248.2956: 2.621312,1.094294,1.580069,293.6616
248.5178: 2.627324,1.17303,1.569773,332.4635
248.74: 2.622963,1.215139,1.583161,355.577
248.9622: 2.62974,1.298838,1.581612,0.845228
249.1844: 2.675791,1.425906,1.563964,0.4475635
249.4067: 2.75247,1.554143,1.574693,353.6134
249.6289: 2.782779,1.662279,1.579918,348.3792
249.8511: 2.760796,1.786704,1.559168,345.279
250.0733: 2.707669,1.908976,1.584022,340.6872
250.2956: 2.695228,2.041486,1.589072,339.8546
250.5178: 2.702122,2.181642,1.581145,335.7695
250.74: 2.728358,2.35485,1.568992,319.6358
250.9622: 2.730184,2.497993,1.580091,298.3132
251.1844: 2.699244,2.618327,1.572304,283.2025
251.4067: 2.643186,2.703823,1.568761,276.9522
251.6289: 2.585498,2.795472,1.579933,267.0563
251.8511: 2.521039,2.895489,1.573545,256.8079
252.0733: 2.456851,2.997455,1.570353,244.62
252.2956: 2.383782,3.030668,1.563107,234.556
252.5178: 2.317155,3.008924,1.540374,228.027
252.74: 2.259365,2.98757,1.559078,221.8229
252.9622: 2.197585,2.973016,1.5615,215.4788
253.1844: 2.115346,2.980935,1.563894,202.8638
253.4067: 2.028876,2.98638,1.561846,199.6631
253.6289: 1.984402,2.989289,1.562483,198.5934
253.8511: 1.968218,2.990223,1.56323,196.2902
Trial Result: Success object: Piano | Time Spent: 16.52599
Trial No.:20 Ends
Trial No.:22 Begins
User confirmed on object: Mailbox, this maze officially starts.
280.0178: -1.767171,-3.049477,1.559774,0.7650402
280.24: -1.768675,-3.089335,1.575696,2.983303
280.4622: -1.765913,-3.187889,1.595815,1.287898
280.6844: -1.731478,-3.28846,1.585405,357.2843
280.9067: -1.69706,-3.37372,1.577667,359.0698
281.1289: -1.699392,-3.433941,1.582208,359.2484
281.3511: -1.712077,-3.468002,1.584962,6.907577
281.5733: -1.683519,-3.50211,1.57373,33.27876
281.7956: -1.679325,-3.528718,1.550897,54.20867
282.0178: -1.710568,-3.518043,1.551307,61.35498
282.24: -1.714642,-3.517226,1.544149,68.83018
282.4622: -1.666249,-3.507252,1.544009,74.05206
282.6844: -1.574599,-3.487532,1.540309,64.07949
282.9067: -1.469878,-3.485373,1.54755,57.32474
283.1289: -1.381503,-3.453616,1.551622,56.07777
283.3511: -1.317292,-3.363389,1.536352,50.00247
283.5733: -1.281267,-3.243289,1.55513,34.29622
283.7956: -1.213767,-3.142121,1.559485,30.52514
284.0178: -1.128192,-3.02922,1.542211,24.24041
284.24: -1.015445,-2.914723,1.546023,18.77403
284.4622: -0.9493598,-2.786286,1.551427,15.84462
284.6844: -0.9312078,-2.637222,1.528044,14.95466
284.9067: -0.9574672,-2.467301,1.547587,14.80048
285.1289: -0.9436594,-2.314769,1.561707,21.65171
285.3511: -0.9074715,-2.164439,1.54658,25.97256
285.5733: -0.8517563,-2.01655,1.554041,27.60133
285.7956: -0.8254393,-1.875625,1.55614,28.76583
286.0178: -0.8313379,-1.730345,1.537473,38.21411
286.24: -0.8703107,-1.57176,1.552193,47.36292
286.4622: -0.8526222,-1.455158,1.56018,64.21553
286.6844: -0.7883358,-1.36379,1.546697,75.81551
286.9067: -0.6949888,-1.328127,1.552094,86.84183
287.1289: -0.6080856,-1.264206,1.557989,87.78375
287.3511: -0.5120198,-1.180201,1.545104,87.34999
287.5733: -0.4154165,-1.087847,1.564031,86.29326
287.7956: -0.2825342,-1.032162,1.56918,83.53246
288.0178: -0.1394498,-1.001555,1.549539,65.73391
288.24: -0.008364053,-1.019184,1.56115,49.37438
288.4622: 0.064754,-0.9972564,1.56663,21.70638
288.6844: 0.1732332,-0.9526033,1.555614,28.00281
288.9067: 0.2887195,-0.9111891,1.562896,57.29729
289.1289: 0.3780852,-0.8799267,1.573259,67.60046
289.3511: 0.3731622,-0.8109696,1.572168,25.08214
289.5733: 0.3145193,-0.7633067,1.563467,356.2573
289.7956: 0.1995012,-0.7056564,1.551578,354.1064
290.0178: 0.06892791,-0.6100328,1.551001,1.038781
290.24: -0.02749083,-0.5029621,1.566411,359.481
290.4622: -0.04865022,-0.380272,1.549763,13.35983
290.6844: -0.03350068,-0.2403599,1.55958,22.82339
290.9067: -0.05362016,-0.09613453,1.564103,25.1537
291.1289: -0.07956162,0.05044194,1.539431,35.79034
291.3511: -0.1244404,0.2187379,1.556824,46.46065
291.5733: -0.1056381,0.3752798,1.564233,59.52534
291.7956: -0.03555345,0.5049345,1.543324,70.17764
292.0178: 0.05135571,0.5966074,1.551162,78.93452
292.24: 0.1153698,0.6892812,1.558232,88.13955
292.4622: 0.173047,0.8014357,1.548131,100.7695
292.6844: 0.2399647,0.9257984,1.567344,104.8663
292.9067: 0.3397099,0.9931192,1.564195,108.4364
293.1289: 0.4683096,0.9952285,1.547604,108.6392
293.3511: 0.600856,0.969385,1.558035,109.5231
293.5733: 0.7325547,0.9726574,1.559162,112.5069
293.7956: 0.8834773,1.012641,1.544476,117.1557
294.0178: 1.042079,1.042688,1.572633,121.1092
294.24: 1.168167,1.009556,1.569246,135.046
294.4622: 1.253686,0.9574128,1.554997,139.3866
294.6844: 1.320208,0.9291166,1.560477,141.176
294.9067: 1.384287,0.9270521,1.560404,146.3019
Trial Result: Success object: Bookshelf | Time Spent: 15.25931
Trial No.:22 Ends
Trial No.:11 Begins
User confirmed on object: Trashcan, this maze officially starts.
312.6178: 2.656085,1.020175,1.601003,85.18073
312.84: 2.589098,1.043996,1.609154,89.79392
313.0622: 2.490899,1.088407,1.616721,99.79716
313.2845: 2.429092,1.124586,1.619945,104.7436
313.5067: 2.39813,1.144383,1.622287,103.8259
313.7289: 2.386727,1.111812,1.619743,117.7752
313.9511: 2.374782,1.054999,1.604744,140.6085
314.1733: 2.361781,0.9967853,1.598506,151.613
314.3956: 2.36562,0.9681115,1.592408,151.187
314.6178: 2.420302,1.014135,1.592785,114.2399
314.84: 2.446198,1.12148,1.590195,65.82623
315.0622: 2.440452,1.175645,1.582275,30.53259
315.2845: 2.476098,1.15698,1.584796,14.56403
315.5067: 2.526146,1.124064,1.580246,355.8854
315.7289: 2.478679,1.095743,1.576721,327.3013
315.9511: 2.409484,1.050812,1.570401,291.0762
316.1733: 2.398373,1.030148,1.577631,266.5094
316.3956: 2.42716,1.08048,1.583079,260.1083
316.6178: 2.42684,1.1187,1.580827,254.1823
316.84: 2.353244,1.143998,1.570248,260.2437
317.0622: 2.229986,1.106088,1.556468,268.7825
317.2845: 2.073765,1.051313,1.589574,269.4521
317.5067: 1.927039,1.051313,1.592985,273.0607
317.7289: 1.770482,1.088582,1.572586,273.9365
317.9511: 1.618695,1.116932,1.586597,271.4474
318.1733: 1.459643,1.097047,1.578687,264.981
318.3956: 1.289048,1.038243,1.561476,262.9262
318.6178: 1.120209,0.9923078,1.583039,263.2896
318.84: 0.9607988,1.003685,1.576791,268.2059
319.0622: 0.8048605,1.06953,1.565145,271.016
319.2845: 0.647255,1.124075,1.571381,274.694
319.5067: 0.4827402,1.129342,1.559588,274.2614
319.7289: 0.3080558,1.079675,1.554697,275.0352
319.9511: 0.1273603,1.056584,1.577268,277.927
320.1733: -0.05617599,1.063687,1.556151,282.1338
320.3956: -0.2326508,1.094985,1.554016,279.336
320.6178: -0.4018112,1.093398,1.560366,280.9954
320.84: -0.5780566,1.055158,1.5347,287.6163
321.0622: -0.7605391,0.9707414,1.550595,291.2238
321.2845: -0.9244729,0.948244,1.56234,301.6215
321.5067: -1.064683,0.9886547,1.540047,318.4981
321.7289: -1.174467,1.050501,1.540044,333.0424
321.9511: -1.30444,1.071224,1.543587,337.4625
322.1733: -1.438322,1.067546,1.527373,355.2974
322.3956: -1.609251,1.035077,1.540767,3.669954
322.6178: -1.771408,1.036112,1.549374,354.6631
322.84: -1.960208,1.048884,1.534714,303.4786
323.0622: -2.088117,1.067088,1.523842,250.5716
323.2845: -2.196502,1.110743,1.531467,220.2999
323.5067: -2.302454,1.108263,1.520525,196.7806
323.7289: -2.403502,1.055964,1.508561,183.7663
323.9511: -2.497022,1.005594,1.529367,173.4943
324.1733: -2.5977,0.9334213,1.519979,161.082
324.3956: -2.717512,0.8527067,1.519762,148.5773
324.6178: -2.784381,0.7531234,1.528558,141.7417
324.84: -2.789378,0.6535788,1.515615,136.8282
325.0622: -2.760022,0.5802345,1.528644,128.6912
325.2845: -2.744641,0.4882385,1.538991,125.3958
325.5067: -2.738349,0.381563,1.533487,118.2905
325.7289: -2.731435,0.2685919,1.537049,108.7671
325.9511: -2.713069,0.2141635,1.537117,103.4012
Trial Result: Success object: Telescope | Time Spent: 13.63815
Trial No.:11 Ends
Trial No.:18 Begins
User confirmed on object: Harp, this maze officially starts.
346.2733: 1.686531,-1.118208,1.59391,356.6265
346.4956: 1.675077,-1.149008,1.599037,1.350064
346.7178: 1.707397,-1.235609,1.612456,357.0262
346.94: 1.788781,-1.308377,1.602665,355.1445
347.1622: 1.843965,-1.356451,1.606668,359.7503
347.3845: 1.886919,-1.39209,1.600097,17.58624
347.6067: 1.935926,-1.425923,1.585118,37.59142
347.8289: 1.975683,-1.432391,1.579428,39.78268
348.0511: 2.005985,-1.409755,1.579622,34.56274
348.2733: 2.04519,-1.327714,1.570828,31.89816
348.4956: 2.066905,-1.212124,1.566352,33.98293
348.7178: 2.113556,-1.109416,1.586113,35.19762
348.94: 2.198017,-1.007216,1.583603,32.90426
349.1622: 2.327947,-0.912456,1.567231,24.34094
349.3845: 2.445863,-0.8082302,1.583538,14.0985
349.6067: 2.503261,-0.6683924,1.577325,4.815308
349.8289: 2.489311,-0.5184263,1.570726,359.3577
350.0511: 2.486611,-0.373895,1.598296,357.6257
350.2733: 2.515767,-0.221727,1.598411,359.0026
350.4956: 2.573679,-0.06186735,1.58448,357.8654
350.7178: 2.617424,0.08852118,1.594411,357.5082
350.94: 2.609273,0.268585,1.580798,351.745
351.1622: 2.523209,0.4343662,1.575398,328.3193
351.3845: 2.487797,0.5709009,1.585836,310.0833
351.6067: 2.490515,0.7159305,1.574878,302.7903
351.8289: 2.573522,0.9051881,1.581182,332.6333
352.0511: 2.634388,1.05117,1.58461,352.217
352.2733: 2.633434,1.205636,1.57003,354.5544
352.4956: 2.596836,1.379335,1.575457,355.7269
352.7178: 2.598135,1.545599,1.591503,356.1937
352.94: 2.635077,1.712783,1.571743,354.2013
353.1622: 2.69962,1.889928,1.58344,346.7455
353.3845: 2.714891,2.050576,1.58689,335.5448
353.6067: 2.683009,2.199927,1.560906,327.4572
353.8289: 2.612632,2.345781,1.579347,320.3857
354.0511: 2.570716,2.489567,1.586854,307.563
354.2733: 2.529269,2.644776,1.568365,288.8206
354.4956: 2.492743,2.808888,1.574813,274.1428
354.7178: 2.430467,2.924483,1.577999,267.2947
354.94: 2.333151,2.999708,1.565628,272.6007
355.1622: 2.193784,3.020718,1.576264,274.4261
355.3845: 2.0452,3.056509,1.590376,272.6504
355.6067: 1.878472,3.12161,1.568276,271.7237
355.8289: 1.705372,3.209811,1.566705,269.0231
356.0511: 1.52822,3.245635,1.575408,268.5674
356.2733: 1.337532,3.233658,1.543127,266.6428
356.4956: 1.141783,3.195482,1.568172,262.9671
356.7178: 0.954376,3.227221,1.573634,265.9904
356.94: 0.7702432,3.302023,1.543306,264.5377
357.1622: 0.5973386,3.374577,1.56763,263.9138
357.3845: 0.4381672,3.385839,1.56591,259.7701
357.6067: 0.2713844,3.348919,1.542757,259.7861
357.8289: 0.09590161,3.304276,1.565529,258.3902
358.0511: -0.08169094,3.307879,1.560883,261.6459
358.2733: -0.2628521,3.334586,1.538896,258.5398
358.4956: -0.4312196,3.33718,1.553934,250.8703
358.7178: -0.590855,3.297352,1.547215,244.9727
358.94: -0.7301493,3.236074,1.539328,254.8641
359.1622: -0.8654985,3.186391,1.562057,259.929
359.3845: -1.009908,3.148216,1.551676,254.8562
359.6067: -1.168459,3.12195,1.529138,230.1232
359.8289: -1.315376,3.102346,1.543303,213.2531
360.0511: -1.428575,3.045985,1.538946,205.3528
360.2733: -1.507197,2.924998,1.526093,202.6608
360.4956: -1.573035,2.786057,1.541534,186.362
360.7178: -1.676775,2.66746,1.542632,188.6487
360.94: -1.808263,2.546771,1.523506,192.8136
361.1622: -1.925072,2.41936,1.538085,195.8425
361.3845: -1.987115,2.280861,1.532689,195.0291
361.6067: -2.003984,2.1094,1.516478,195.231
361.8289: -1.996481,1.921365,1.544162,193.6708
362.0511: -2.046642,1.755356,1.544778,195.6914
362.2733: -2.144008,1.612877,1.519699,193.1005
362.4956: -2.245563,1.482405,1.535719,188.7402
362.7178: -2.304996,1.352824,1.536195,184.4521
362.94: -2.334311,1.197844,1.515972,183.5765
363.1622: -2.37312,1.050539,1.537475,179.3442
363.3845: -2.445854,0.9170279,1.5309,176.8022
363.6067: -2.542944,0.7956903,1.518985,167.1349
363.8289: -2.600663,0.6818776,1.530345,153.3261
364.0511: -2.604738,0.5825177,1.512124,141.6316
364.2733: -2.571834,0.5125439,1.508167,136.9605
364.4956: -2.555264,0.4492795,1.519254,131.8258
364.7178: -2.562764,0.3938919,1.519732,121.9095
Trial Result: Success object: Telescope | Time Spent: 18.73563
Trial No.:18 Ends
Trial No.:3 Begins
User confirmed on object: Piano, this maze officially starts.
387.1622: 1.749635,3.160102,1.562176,170.6516
387.3845: 1.727253,3.183525,1.579809,181.0742
387.6067: 1.715471,3.204323,1.580799,186.6558
387.8289: 1.779545,3.290364,1.592922,193.1689
388.0511: 1.868994,3.366937,1.597932,195.4055
388.2733: 1.917361,3.414051,1.604174,195.8791
388.4956: 1.925001,3.435042,1.605317,200.9004
388.7178: 1.886766,3.450428,1.587036,223.3135
388.94: 1.847534,3.492857,1.570444,251.847
389.1622: 1.841092,3.516774,1.568004,264.4727
389.3845: 1.848989,3.510026,1.569718,262.1167
389.6067: 1.885505,3.443728,1.571562,220.1936
389.8289: 1.945185,3.409988,1.571664,176.5922
390.0511: 1.941488,3.398207,1.573995,159.3927
390.2733: 1.889951,3.364096,1.571766,153.8648
390.4956: 1.853898,3.333952,1.565091,153.3222
390.7178: 1.895833,3.309804,1.562565,152.9197
390.94: 2.033204,3.304204,1.557153,155.3116
391.1622: 2.20349,3.302673,1.572075,152.4875
391.3845: 2.315598,3.293196,1.567575,150.3153
391.6067: 2.350315,3.262428,1.571372,154.457
391.8289: 2.354801,3.190343,1.571124,161.016
392.0511: 2.327295,3.103971,1.572517,165.5526
392.2733: 2.298075,3.035317,1.576361,181.9813
392.4956: 2.275368,3.029107,1.574057,214.9036
392.7178: 2.278504,3.072968,1.566577,252.0462
392.94: 2.263198,3.116722,1.556621,274.5516
393.1622: 2.201276,3.18347,1.54835,286.6154
393.3845: 2.1128,3.228359,1.554685,287.7597
393.6067: 1.997975,3.227982,1.553257,282.7662
393.8289: 1.874624,3.190581,1.536355,279.8632
394.0511: 1.739772,3.122689,1.569135,277.0616
394.2733: 1.630654,3.11018,1.579027,278.0989
394.4956: 1.526189,3.129603,1.578141,276.2693
394.7178: 1.421756,3.191282,1.570125,270.948
394.94: 1.316253,3.261324,1.577983,265.9207
395.1622: 1.196537,3.294119,1.57944,261.5712
395.3845: 1.056168,3.277873,1.55368,259.8605
395.6067: 0.9096301,3.220702,1.570761,255.9596
395.8289: 0.7735564,3.198177,1.573733,255.8486
396.0511: 0.6318327,3.182564,1.558605,245.6406
396.2733: 0.4725136,3.190283,1.540432,221.1402
396.4956: 0.3553116,3.188003,1.553056,206.6249
396.7178: 0.2663833,3.155088,1.552736,199.2407
396.94: 0.2087735,3.065007,1.5389,194.9261
397.1622: 0.1887006,2.934411,1.546408,190.6953
397.3845: 0.1506021,2.807188,1.564457,185.5856
397.6067: 0.08028154,2.673118,1.55519,184.9291
397.8289: -0.02873822,2.534047,1.54982,183.1951
398.0511: -0.09839275,2.387827,1.563385,178.3321
398.2733: -0.1194205,2.238841,1.555765,176.6395
398.4956: -0.09133039,2.073861,1.545128,181.8793
398.7178: -0.06935253,1.903445,1.570392,184.5256
398.94: -0.0923402,1.732437,1.563104,188.8872
399.1622: -0.1508149,1.577078,1.554838,187.2454
399.3845: -0.1789786,1.445352,1.563448,187.5819
399.6067: -0.1597414,1.322316,1.556098,184.4382
399.8289: -0.08496479,1.207183,1.557098,181.9829
400.0511: -0.02023465,1.091746,1.568245,182.9885
400.2733: 0.001477346,0.9919004,1.56677,186.6737
400.4956: -0.02210226,0.9007293,1.554306,189.378
400.7178: -0.07093221,0.8290216,1.552385,198.1177
400.94: -0.1026567,0.7845368,1.556391,217.4837
401.1622: -0.09791368,0.7778734,1.551661,246.95
401.3845: -0.06156686,0.7769073,1.549889,268.649
401.6067: -0.06195122,0.7670774,1.554059,274.2061
401.8289: -0.1231519,0.8183075,1.546973,272.5837
402.0511: -0.2306074,0.9349877,1.543974,271.5547
402.2733: -0.3544919,1.036994,1.55441,271.7753
402.4956: -0.4974161,1.090394,1.543654,268.2957
402.7178: -0.6527416,1.09447,1.528954,265.6689
402.94: -0.8150698,1.110374,1.556102,260.6864
403.1622: -0.980723,1.155995,1.547625,258.6681
403.3845: -1.153468,1.224247,1.530392,252.3387
403.6067: -1.315857,1.245496,1.543803,243.9178
403.8289: -1.472881,1.217767,1.523396,238.0262
404.0511: -1.627187,1.130606,1.524938,232.846
404.2733: -1.786802,1.064254,1.547248,228.1304
404.4956: -1.953205,1.01221,1.531748,222.3112
404.7178: -2.157233,0.977989,1.518278,213.0708
404.94: -2.321308,0.9129714,1.535897,201.6594
405.1622: -2.435345,0.7991534,1.517163,191.4695
405.3845: -2.499036,0.6394664,1.528374,184.9153
405.6067: -2.59037,0.492743,1.543409,180.5584
405.8289: -2.691321,0.3350441,1.520117,176.5387
406.0511: -2.819061,0.1699604,1.531818,177.4778
406.2733: -2.877458,0.005332744,1.539536,175.1542
406.4956: -2.881184,-0.180714,1.508533,171.3712
406.7178: -2.869768,-0.386274,1.544862,167.5778
406.94: -2.910018,-0.5932396,1.535955,166.9292
407.1622: -2.978039,-0.8045012,1.501287,162.633
407.3845: -3.00846,-1.004467,1.525874,157.0831
407.6067: -2.987943,-1.189651,1.51274,150.8119
407.8289: -2.923356,-1.375766,1.507827,149.9453
408.0511: -2.90375,-1.560321,1.53557,149.4133
408.2733: -2.904374,-1.748116,1.514354,147.5054
408.4956: -2.926701,-1.945374,1.523268,143.6709
408.7178: -2.894734,-2.101086,1.531342,137.0903
408.94: -2.820842,-2.247809,1.504868,130.8335
409.1622: -2.721204,-2.394044,1.504638,126.178
409.3845: -2.639403,-2.531143,1.516821,118.1055
409.6067: -2.553785,-2.66986,1.50849,99.6084
409.8289: -2.462882,-2.799327,1.532316,85.67199
410.0511: -2.354137,-2.862684,1.529529,69.49441
410.2733: -2.238274,-2.866415,1.526611,58.39545
410.4956: -2.143306,-2.868027,1.542947,48.49241
410.7178: -2.053025,-2.871717,1.541398,34.7756
410.94: -1.951374,-2.895511,1.536805,16.03294
411.1622: -1.87089,-2.92513,1.540872,6.34244
411.3845: -1.855148,-2.945088,1.544087,5.559011
411.6067: -1.862418,-2.95928,1.546835,4.624312
411.8289: -1.862275,-2.961839,1.54604,4.09186
412.0511: -1.865929,-2.956349,1.546659,1.840841
412.2733: -1.86605,-2.95027,1.546401,1.349015
412.4956: -1.864606,-2.953347,1.554996,4.386978
412.7178: -1.861342,-2.989113,1.583606,9.962128
412.94: -1.852542,-3.037956,1.594555,12.01453
413.1622: -1.842244,-3.072848,1.595985,15.30743
413.3845: -1.859107,-3.091434,1.576285,18.65978
413.6067: -1.907788,-3.096395,1.556195,16.30372
413.8289: -1.946049,-3.122037,1.546297,9.490294
414.0511: -1.927724,-3.176097,1.55172,4.455505
414.2733: -1.869633,-3.197506,1.55049,354.4586
414.4956: -1.805409,-3.180193,1.547984,348.3258
414.7178: -1.747297,-3.173386,1.547529,354.8329
414.94: -1.721036,-3.149947,1.542594,354.2321
415.1622: -1.723059,-3.111698,1.54311,352.1144
415.3845: -1.747829,-3.093227,1.547372,352.9705
415.6067: -1.772523,-3.089935,1.549561,355.2339
415.8289: -1.785252,-3.090588,1.553286,358.2632
416.0511: -1.797235,-3.091278,1.554581,358.8124
416.2733: -1.805687,-3.093054,1.554675,358.8409
416.4956: -1.809449,-3.095325,1.555119,358.8161
416.7178: -1.809444,-3.100824,1.556195,359.8239
416.94: -1.813599,-3.104268,1.55718,359.7159
Trial Result: Fail at object:  | Time Spent: 30
Trial No.:3 Ends
Trial No.:6 Begins
User confirmed on object: Table, this maze officially starts.
443.8511: -2.03856,2.005011,1.553252,81.87407
444.0733: -2.049436,2.012631,1.564902,86.10905
444.2956: -2.076104,2.006906,1.581686,100.4437
444.5178: -2.084557,2.022033,1.582079,105.7921
444.74: -2.088885,2.025692,1.580636,111.639
444.9622: -2.090171,2.0148,1.581745,114.1672
445.1844: -2.073505,1.99574,1.575134,120.9674
445.4067: -2.078591,1.925438,1.56107,143.4244
445.6289: -2.103832,1.83367,1.547204,157.92
445.8511: -2.110406,1.763825,1.529824,157.1203
446.0733: -2.069248,1.710545,1.525637,143.2249
446.2956: -1.991669,1.629796,1.508826,135.8968
446.5178: -1.881972,1.553103,1.509372,132.4615
446.74: -1.779186,1.462531,1.528311,126.8678
446.9622: -1.679727,1.354798,1.524548,122.8431
447.1844: -1.579095,1.216781,1.514016,115.416
447.4067: -1.467893,1.135094,1.52943,109.5421
447.6289: -1.324327,1.105935,1.508526,107.1327
447.8511: -1.144206,1.122987,1.523987,107.4639
448.0733: -0.9799062,1.104454,1.545722,108.5559
448.2956: -0.8194671,1.054151,1.532351,119.9116
448.5178: -0.6849942,0.9848992,1.534673,128.7972
448.74: -0.5544085,0.9474049,1.546702,133.2334
448.9622: -0.4127824,0.9155542,1.524537,149.7926
449.1844: -0.2710856,0.8894888,1.551253,163.2261
449.4067: -0.1803277,0.8103775,1.54721,174.5972
449.6289: -0.1420163,0.6858929,1.535641,178.6055
449.8511: -0.1277237,0.5510471,1.54626,181.4585
450.0733: -0.09267706,0.4198727,1.545671,184.9227
450.2956: -0.02872541,0.2767092,1.531712,190.2357
450.5178: 0.02206296,0.1275467,1.560787,193.1237
450.74: 0.004942439,-0.03129578,1.552694,199.2882
450.9622: -0.04770608,-0.1902267,1.545439,193.2011
451.1844: -0.01945864,-0.3372235,1.554641,151.2962
451.4067: 0.02882911,-0.454051,1.547717,121.3626
451.6289: 0.08628085,-0.5862879,1.551663,117.6296
451.8511: 0.1368984,-0.7234937,1.568207,113.6203
452.0733: 0.2070862,-0.8701781,1.540035,104.2953
452.2956: 0.3052594,-0.9899876,1.559289,98.00954
452.5178: 0.4371153,-1.042347,1.542891,97.18374
452.74: 0.6026689,-1.011974,1.549765,102.3273
452.9622: 0.7565181,-0.9845328,1.578509,108.2917
453.1844: 0.9017229,-0.9857239,1.576783,113.1566
453.4067: 1.065226,-1.039369,1.561996,118.0785
453.6289: 1.211319,-1.08839,1.570684,131.8067
453.8511: 1.357095,-1.109169,1.556956,143.6863
454.0733: 1.503507,-1.09619,1.571241,155.6007
454.2956: 1.604463,-1.141676,1.577654,172.0146
454.5178: 1.671469,-1.244496,1.559391,181.3051
454.74: 1.70203,-1.384342,1.566381,182.6599
454.9622: 1.737313,-1.510486,1.569573,185.444
455.1844: 1.78654,-1.646796,1.548967,191.8092
455.4067: 1.860372,-1.792201,1.568852,195.7568
455.6289: 1.874595,-1.95143,1.576379,204.8232
455.8511: 1.842914,-2.112848,1.550499,214.8781
456.0733: 1.799338,-2.264481,1.559557,219.9884
456.2956: 1.787399,-2.416345,1.556646,227.1007
456.5178: 1.802762,-2.564321,1.54348,245.6604
456.74: 1.801134,-2.682024,1.575647,265.7909
456.9622: 1.757772,-2.763812,1.574006,280.1576
457.1844: 1.677681,-2.803641,1.579626,287.1925
457.4067: 1.611287,-2.837451,1.579748,294.1839
457.6289: 1.533645,-2.895709,1.568878,302.9457
457.8511: 1.436149,-2.980065,1.569797,306.9049
458.0733: 1.333894,-3.009755,1.576476,313.6155
Trial Result: Success object: Chair | Time Spent: 14.55951
Trial No.:6 Ends
Trial No.:5 Begins
User confirmed on object: Table, this maze officially starts.
482.8289: -1.981941,2.033637,1.546503,81.20978
483.0511: -1.998419,2.029683,1.552007,86.09795
483.2733: -2.03313,2.018617,1.561395,99.45197
483.4956: -2.089834,2.030221,1.579885,106.64
483.7178: -2.13005,2.0541,1.581072,105.9055
483.94: -2.151096,2.067648,1.58213,103.2596
484.1622: -2.152156,2.071441,1.579351,102.9149
484.3845: -2.124532,2.092524,1.569815,90.21466
484.6067: -2.091964,2.120694,1.549858,65.7753
484.8289: -2.061316,2.121066,1.529305,55.53246
485.0511: -2.062696,2.184453,1.520756,57.44408
485.2733: -2.085709,2.31969,1.510232,64.02261
485.4956: -2.089615,2.456832,1.532432,68.81681
485.7178: -2.035202,2.560504,1.529088,76.71379
485.94: -1.929702,2.62869,1.517259,81.28464
486.1622: -1.824232,2.682094,1.52627,86.86965
486.3845: -1.730538,2.752428,1.535779,89.92092
486.6067: -1.62117,2.864035,1.514221,92.58804
486.8289: -1.502581,2.983726,1.544402,90.26909
487.0511: -1.364684,3.033826,1.546374,93.73858
487.2733: -1.201407,3.019653,1.528134,101.1054
487.4956: -1.052087,2.995936,1.542553,104.4329
487.7178: -0.9029111,3.01937,1.54287,100.3037
487.94: -0.7421772,3.084736,1.518008,99.17043
488.1622: -0.5729393,3.163866,1.551509,95.80639
488.3845: -0.4136721,3.174215,1.555219,102.0407
488.6067: -0.2496756,3.143746,1.542686,102.1961
488.8289: -0.09046698,3.120663,1.555845,99.63867
489.0511: 0.07505175,3.133851,1.547522,96.68133
489.2733: 0.2607684,3.183106,1.540651,98.00233
489.4956: 0.4516046,3.201556,1.568781,102.0275
489.7178: 0.6351831,3.175853,1.556406,108.1545
489.94: 0.8060389,3.116882,1.559475,108.1553
490.1622: 0.9647555,3.088569,1.569635,109.0116
490.3845: 1.132652,3.09961,1.5486,110.5447
490.6067: 1.315842,3.15029,1.563168,115.2098
490.8289: 1.495171,3.154344,1.57812,121.2725
491.0511: 1.674354,3.11814,1.556101,126.2202
491.2733: 1.833874,3.051657,1.567071,131.245
491.4956: 1.984492,3.021965,1.570955,136.4888
491.7178: 2.139424,3.02161,1.550877,145.7345
491.94: 2.303719,3.026914,1.582129,153.8727
492.1622: 2.420724,2.974522,1.580835,162.3417
492.3845: 2.458348,2.877803,1.565274,183.3618
492.6067: 2.488789,2.774723,1.573567,193.3077
492.8289: 2.545862,2.675265,1.574039,193.5283
493.0511: 2.630991,2.55821,1.555489,196.5248
493.2733: 2.718967,2.428073,1.583663,196.2339
493.4956: 2.734117,2.28672,1.584402,201.8541
493.7178: 2.691798,2.136744,1.567995,204.4624
493.94: 2.612412,1.991392,1.584793,205.2099
494.1622: 2.585463,1.837888,1.585279,206.3004
494.3845: 2.598846,1.668536,1.557331,209.0425
494.6067: 2.609974,1.509154,1.589965,211.7719
494.8289: 2.562156,1.378325,1.585456,217.2
495.0511: 2.46659,1.249522,1.562312,215.4775
495.2733: 2.36143,1.125531,1.576036,208.7929
495.4956: 2.30196,1.03175,1.581736,207.3988
495.7178: 2.292614,0.9903232,1.576277,213.6219
495.94: 2.281673,0.9722066,1.577755,217.5298
Trial Result: Success object: Bookshelf | Time Spent: 13.50466
Trial No.:5 Ends
Trial No.:16 Begins
User confirmed on object: Wheelbarrow, this maze officially starts.
520.5845: 0.184764,0.1767978,1.561741,254.6733
520.8067: 0.2366217,0.1784052,1.604081,253.7654
521.0289: 0.3066778,0.1820492,1.620622,257.1335
521.2511: 0.3340248,0.1855156,1.618475,269.3915
521.4733: 0.3400921,0.1923692,1.612957,283.353
521.6956: 0.341112,0.1921746,1.609672,287.9648
521.9178: 0.3258905,0.1919224,1.602661,289.958
522.14: 0.2845782,0.2110578,1.586601,297.4033
522.3622: 0.251112,0.2623008,1.56166,302.6513
522.5845: 0.2523299,0.3606206,1.554778,301.6243
522.8067: 0.2588896,0.4446253,1.561705,293.2212
523.0289: 0.2434561,0.4939379,1.568605,289.132
523.2511: 0.1877085,0.5475237,1.56457,285.2314
523.4733: 0.1000296,0.616815,1.551336,286.6937
523.6956: -0.008579245,0.6811075,1.568111,281.9742
523.9178: -0.08888102,0.7389416,1.583039,278.3245
524.14: -0.113327,0.7706766,1.574706,269.1036
524.3622: -0.1162114,0.8110717,1.574107,264.5564
524.5845: -0.1299923,0.8585042,1.572601,267.6865
524.8067: -0.1578833,0.9230377,1.560308,268.9095
525.0289: -0.2436401,0.9757831,1.548137,270.6931
525.2511: -0.3921962,0.9846171,1.535043,272.6497
525.4733: -0.5669171,0.9759277,1.554724,268.6545
525.6956: -0.7123029,1.0137,1.559828,273.4614
525.9178: -0.8779675,1.062645,1.533385,264.3877
526.14: -1.046268,1.124854,1.549112,264.5981
526.3622: -1.209715,1.152252,1.542537,263.3891
526.5845: -1.373716,1.122783,1.529698,258.1935
526.8067: -1.544377,1.096312,1.543186,246.9506
527.0289: -1.727047,1.111031,1.531971,240.6393
527.2511: -1.909537,1.153683,1.519902,228.5954
527.4733: -2.065364,1.156451,1.5354,218.3522
527.6956: -2.197896,1.097604,1.52141,207.9621
527.9178: -2.303941,0.99046,1.535207,200.6798
528.14: -2.416594,0.8985254,1.545964,189.9022
528.3622: -2.549992,0.8029439,1.528599,184.1755
528.5845: -2.704325,0.7040091,1.536051,192.6938
528.8067: -2.790545,0.5737914,1.535777,194.4079
529.0289: -2.809442,0.407517,1.511542,191.1766
529.2511: -2.798312,0.2364572,1.538036,185.3676
529.4733: -2.836887,0.08790335,1.538862,188.8857
529.6956: -2.912403,-0.06696627,1.515757,191.467
529.9178: -2.977409,-0.2217451,1.526901,190.3799
530.14: -2.991563,-0.3866047,1.521557,186.7022
530.3622: -2.965173,-0.558001,1.516598,187.8909
530.5845: -2.95422,-0.7286919,1.536983,188.882
530.8067: -2.989339,-0.8851554,1.526832,193.3387
531.0289: -3.058654,-1.020301,1.521619,191.578
531.2511: -3.083006,-1.146927,1.52852,189.3646
531.4733: -3.070711,-1.278386,1.510504,189.8511
531.6956: -3.008229,-1.408376,1.522802,197.4624
Trial Result: Success object: Plant | Time Spent: 11.45129
Trial No.:16 Ends
Trial No.:19 Begins
User confirmed on object: Well, this maze officially starts.
557.6844: 1.922686,-2.047623,1.587136,80.98515
557.9067: 1.892351,-2.038385,1.599246,84.72662
558.1289: 1.852936,-2.01856,1.605763,87.39712
558.3511: 1.794526,-2.004603,1.624928,89.91937
558.5734: 1.709017,-2.033907,1.62449,92.26707
558.7956: 1.639387,-2.09135,1.617157,93.15196
559.0178: 1.595965,-2.134761,1.62096,100.9913
559.24: 1.564055,-2.145158,1.619039,112.2856
559.4622: 1.559516,-2.126055,1.619428,112.0476
559.6844: 1.562111,-2.116725,1.612652,110.2336
559.9067: 1.56058,-2.100513,1.608637,104.1984
560.1289: 1.56228,-2.119184,1.599595,99.76188
560.3511: 1.559756,-2.189565,1.593143,106.1336
560.5734: 1.545202,-2.246016,1.582314,128.0922
560.7956: 1.53145,-2.241333,1.57746,147.147
561.0178: 1.56177,-2.205782,1.580066,142.4795
561.24: 1.624495,-2.142981,1.581428,91.03549
561.4622: 1.607679,-2.06537,1.57374,29.99818
561.6844: 1.549025,-1.998715,1.571782,356.772
561.9067: 1.505834,-1.911846,1.570815,346.3836
562.1289: 1.489587,-1.814075,1.570182,342.9651
562.3511: 1.491634,-1.682047,1.555515,334.7384
562.5734: 1.515811,-1.536437,1.54981,325.1122
562.7956: 1.47521,-1.407169,1.564919,310.6268
563.0178: 1.369606,-1.338314,1.550136,296.5841
563.24: 1.244334,-1.327495,1.578569,284.9915
563.4622: 1.133875,-1.288309,1.587292,283.5901
563.6844: 1.006983,-1.216362,1.574781,281.2314
563.9067: 0.8827188,-1.118066,1.577178,281.3536
564.1289: 0.7391868,-1.080887,1.577694,281.7616
564.3511: 0.5778686,-1.10866,1.549302,279.4689
564.5734: 0.412138,-1.165277,1.577213,274.7065
564.7956: 0.2586989,-1.156628,1.579589,276.3914
565.0178: 0.09924309,-1.103283,1.565614,273.7685
565.24: -0.05402558,-1.03342,1.580591,277.2307
565.4622: -0.2132535,-1.012096,1.576061,278.4128
565.6844: -0.390692,-1.038033,1.551789,279.8369
565.9067: -0.5705696,-1.055397,1.573751,278.2441
566.1289: -0.7464547,-1.014695,1.560454,281.1499
566.3511: -0.9268658,-0.9313362,1.542379,282.8475
566.5734: -1.100543,-0.8961874,1.555482,277.2047
566.7956: -1.278235,-0.902918,1.533041,272.555
567.0178: -1.461,-0.9309314,1.54719,278.5396
567.24: -1.634658,-0.9117919,1.554669,283.8087
567.4622: -1.803669,-0.8548639,1.529493,289.3488
567.6844: -1.937965,-0.7741369,1.539109,305.7307
567.9067: -2.072894,-0.7300209,1.533824,323.3381
568.1289: -2.242004,-0.7284251,1.516896,333.6413
568.3511: -2.389712,-0.695446,1.54687,346.7307
568.5734: -2.471999,-0.5976626,1.53412,1.679772
568.7956: -2.501342,-0.4564871,1.53166,7.895234
569.0178: -2.538126,-0.3259116,1.536821,11.35717
569.24: -2.592587,-0.176807,1.520691,17.06166
569.4622: -2.673036,-0.01445252,1.527332,21.8499
569.6844: -2.693376,0.1380172,1.544486,27.61274
569.9067: -2.656299,0.2880511,1.52887,33.25473
570.1289: -2.576421,0.4240238,1.538054,35.67
570.3511: -2.528592,0.5707008,1.539475,35.58943
570.5734: -2.502615,0.7362888,1.5149,37.0102
570.7956: -2.487613,0.9021946,1.546215,37.05276
571.0178: -2.410895,1.040752,1.54995,43.1009
571.24: -2.289551,1.17055,1.530339,47.1513
571.4622: -2.167621,1.283953,1.539106,48.8329
571.6844: -2.080603,1.418119,1.533077,49.45426
571.9067: -2.014511,1.557834,1.516739,55.8933
572.1289: -1.943744,1.667145,1.536816,62.33277
572.3511: -1.850137,1.734969,1.521724,67.49878
572.5734: -1.768594,1.755874,1.511537,66.66911
572.7956: -1.730029,1.786023,1.522027,67.73164
573.0178: -1.73395,1.808042,1.529647,72.59785
Trial Result: Success object: Table | Time Spent: 15.61596
Trial No.:19 Ends
Trial No.:17 Begins
User confirmed on object: Harp, this maze officially starts.
596.1511: 1.793497,-1.06394,1.583912,349.4276
596.3734: 1.789511,-1.101068,1.616355,352.8318
596.5956: 1.790429,-1.148056,1.634319,358.9545
596.8178: 1.791743,-1.168004,1.63572,4.702834
597.04: 1.810436,-1.175939,1.633956,19.3968
597.2622: 1.829491,-1.1863,1.630244,31.89782
597.4844: 1.834517,-1.189298,1.627602,33
597.7067: 1.80972,-1.16433,1.626032,10.47487
597.9289: 1.782007,-1.140352,1.610031,331.9842
598.1511: 1.769701,-1.134125,1.58972,300.8019
598.3734: 1.709803,-1.151992,1.572198,287.3088
598.5956: 1.598546,-1.21961,1.560241,286.7698
598.8178: 1.470787,-1.293993,1.576605,294.4419
599.04: 1.344398,-1.315282,1.57761,300.4726
599.2622: 1.194477,-1.282047,1.557539,301.4551
599.4844: 1.069067,-1.206885,1.56408,306.4424
599.7067: 0.9523559,-1.184961,1.577587,310.7831
599.9289: 0.8344162,-1.188482,1.55856,318.2501
600.1511: 0.7214386,-1.215646,1.5783,322.7218
600.3734: 0.6625233,-1.21919,1.579159,330.1283
600.5956: 0.6120426,-1.22074,1.573725,333.6857
600.8178: 0.5575579,-1.15531,1.565201,333.935
601.04: 0.5374167,-1.044595,1.558261,334.2842
601.2622: 0.5192901,-0.9315639,1.570579,343.7356
601.4844: 0.4473166,-0.8363034,1.568464,344.3111
601.7067: 0.3373459,-0.7502019,1.552756,345.7482
601.9289: 0.2206821,-0.6537326,1.574858,349.4434
602.1511: 0.1618899,-0.5338341,1.577307,354.658
602.3734: 0.1479109,-0.3903435,1.562184,358.4225
602.5956: 0.1764129,-0.2447503,1.571845,359.528
602.8178: 0.1668833,-0.09997182,1.572871,357.4671
603.04: 0.1201292,0.04128309,1.550574,357.7833
603.2622: 0.04019458,0.1740153,1.575586,357.8842
603.4844: 0.005581638,0.3120055,1.58096,0.1034927
603.7067: 0.0009218669,0.4602187,1.562812,354.3182
603.9289: -0.01096112,0.5860202,1.562788,319.3352
604.1511: -0.02894517,0.67822,1.566359,297.2039
604.3734: -0.06123579,0.7840644,1.559877,294.3695
604.5956: -0.1256605,0.8675148,1.568029,295.735
604.8178: -0.1880715,0.9443169,1.56621,295.9185
605.04: -0.2519991,1.025227,1.562575,292.5871
605.2622: -0.3165138,1.091801,1.553122,285.4255
605.4844: -0.4345846,1.107155,1.545925,279.1768
605.7067: -0.5942059,1.078019,1.526968,282.3965
605.9289: -0.7541506,1.044291,1.549088,295.8017
606.1511: -0.8896052,1.044206,1.552959,303.9535
606.3734: -1.024535,1.088052,1.539166,309.0403
606.5956: -1.148856,1.128715,1.54919,314.1628
606.8178: -1.284772,1.157406,1.535855,325.2519
607.04: -1.411257,1.158628,1.534309,348.4417
607.2622: -1.515821,1.188724,1.547187,3.817059
607.4844: -1.593711,1.273645,1.536799,10.51325
607.7067: -1.64557,1.401551,1.535061,358.7731
607.9289: -1.722581,1.517193,1.541324,337.5912
608.1511: -1.79955,1.641647,1.522466,334.596
608.3734: -1.899135,1.777407,1.536674,331.3064
608.5956: -1.947193,1.938232,1.536927,329.5215
608.8178: -1.958045,2.12215,1.513237,323.1495
609.04: -1.980246,2.279134,1.532563,313.7679
609.2622: -2.061481,2.401204,1.526802,302.4816
609.4844: -2.182622,2.479699,1.520955,294.9976
609.7067: -2.293254,2.550409,1.539029,291.5352
609.9289: -2.409367,2.632797,1.525894,289.1329
610.1511: -2.519209,2.736429,1.505722,284.875
610.3734: -2.627311,2.794361,1.50917,280.401
610.5956: -2.719734,2.805037,1.499467,276.8295
610.8178: -2.77806,2.79323,1.505949,278.4738
611.04: -2.814395,2.792161,1.509767,280.6206
Trial Result: Success object: Stove | Time Spent: 15.20354
Trial No.:17 Ends
Trial No.:4 Begins
User confirmed on object: Piano, this maze officially starts.
641.6733: 1.761434,2.99993,1.550429,173.6701
641.8956: 1.763089,3.004713,1.565711,173.3244
642.1178: 1.783396,3.072075,1.58307,179.3046
642.34: 1.836825,3.18126,1.599206,192.7862
642.5623: 1.896833,3.263817,1.601223,203.6645
642.7845: 1.927376,3.314744,1.609873,209.8576
643.0067: 1.941162,3.347908,1.61574,211.5146
643.2289: 1.95758,3.34868,1.613684,201.4102
643.4511: 1.992938,3.329745,1.599198,173.6601
643.6733: 1.996065,3.311238,1.586938,162.5214
643.8956: 1.959961,3.287124,1.57841,161.3042
644.1178: 1.959072,3.255369,1.567034,159.4094
644.34: 2.052463,3.246164,1.560762,163.4051
644.5623: 2.229549,3.248473,1.556137,165.3304
644.7845: 2.343821,3.221121,1.575333,169.3967
645.0067: 2.408591,3.12906,1.565935,175.1634
645.2289: 2.42328,2.988948,1.554977,177.7054
645.4511: 2.435077,2.854863,1.567203,183.2912
645.6733: 2.487062,2.72532,1.564352,186.091
645.8956: 2.580882,2.585036,1.561136,187.3992
646.1178: 2.627711,2.437657,1.590833,190.477
646.34: 2.613151,2.285855,1.579917,197.5888
646.5623: 2.555008,2.148174,1.580119,200.0379
646.7845: 2.533317,2.016391,1.588952,203.1198
647.0067: 2.547665,1.866167,1.57134,208.1349
647.2289: 2.601639,1.703552,1.580154,212.3408
647.4511: 2.59626,1.570928,1.598909,227.672
647.6733: 2.548223,1.459467,1.584388,242.6061
647.8956: 2.465499,1.373367,1.583641,246.0002
648.1178: 2.430221,1.269843,1.589108,227.7809
648.34: 2.480772,1.146986,1.583363,193.3265
648.5623: 2.553716,1.034931,1.574341,191.0601
648.7845: 2.647766,0.9041775,1.58432,194.8533
649.0067: 2.702196,0.7534199,1.591854,197.0964
649.2289: 2.692187,0.5879321,1.569918,200.0065
649.4511: 2.649679,0.4493561,1.57937,202.3805
649.6733: 2.648528,0.2960539,1.586682,201.6445
649.8956: 2.673285,0.1301816,1.560932,207.1234
650.1178: 2.70646,-0.03743377,1.586971,216.8212
650.34: 2.680562,-0.1912453,1.587857,226.384
650.5623: 2.609779,-0.3353598,1.566139,231.0161
650.7845: 2.5332,-0.4511744,1.579056,242.0446
651.0067: 2.474726,-0.5724121,1.571071,261.5973
651.2289: 2.43633,-0.733884,1.562703,276.0687
651.4511: 2.377959,-0.8497937,1.586823,288.3063
651.6733: 2.302672,-0.8764734,1.565081,306.3214
651.8956: 2.225166,-0.868901,1.5552,309.4576
652.1178: 2.155683,-0.8796136,1.55852,315.1042
652.34: 2.076084,-0.9228501,1.557015,332.2851
652.5623: 1.992717,-0.9607996,1.567842,338.3355
Trial Result: Success object: Harp | Time Spent: 11.27098
Trial No.:4 Ends
Trial No.:15 Begins
User confirmed on object: Wheelbarrow, this maze officially starts.
676.1178: 0.08861657,-0.1774197,1.559546,280.1119
676.34: 0.1074467,-0.1956351,1.579816,282.5874
676.5623: 0.2006613,-0.1883844,1.600838,279.2293
676.7845: 0.322543,-0.1356981,1.598329,277.5381
677.0067: 0.4216921,-0.07205859,1.601292,281.5062
677.2289: 0.4797615,-0.06089634,1.601514,284.5917
677.4511: 0.4917076,-0.1228945,1.602179,272.0488
677.6733: 0.4889825,-0.1871632,1.58515,242.0735
677.8956: 0.4794526,-0.17261,1.576175,236.6277
678.1178: 0.4506876,-0.1280639,1.568441,237.0276
678.34: 0.4276913,-0.1224564,1.550205,237.5881
678.5623: 0.4337786,-0.1871794,1.553056,233.2177
678.7845: 0.4627445,-0.3235718,1.540763,225.972
679.0067: 0.4627313,-0.4564672,1.571762,225.7496
679.2289: 0.3845761,-0.5561208,1.557959,229.604
679.4511: 0.2345845,-0.6178467,1.536054,230.6968
679.6733: 0.07630642,-0.6853548,1.549423,232.2929
679.8956: -0.03940103,-0.7790653,1.549874,229.9951
680.1178: -0.1596169,-0.8893293,1.534603,233.0791
680.34: -0.2909386,-0.9801565,1.561404,235.1141
680.5623: -0.4466414,-1.051487,1.54453,232.1362
680.7845: -0.5964016,-1.122372,1.545254,220.6626
681.0067: -0.6791294,-1.243299,1.553731,205.6842
681.2289: -0.7135024,-1.399122,1.529506,200.8516
681.4511: -0.7182194,-1.564929,1.560418,198.0263
681.6733: -0.7689544,-1.721676,1.567805,200.3398
681.8956: -0.8407069,-1.893702,1.544354,203.9795
682.1178: -0.9000275,-2.050039,1.553238,207.7259
682.34: -0.9142142,-2.216412,1.549523,212.8561
682.5623: -0.9055299,-2.408794,1.53086,228.656
682.7845: -0.9312369,-2.572349,1.561944,246.9005
683.0067: -1.019219,-2.668864,1.549562,264.3032
683.2289: -1.129922,-2.69865,1.541538,276.963
683.4511: -1.215864,-2.736483,1.555257,286.8053
683.6733: -1.302843,-2.79631,1.538454,299.497
683.8956: -1.391529,-2.860885,1.536084,310.7108
684.1178: -1.442036,-2.853492,1.53841,323.3679
Trial Result: Success object: Mailbox | Time Spent: 8.374411
Trial No.:15 Ends
Trial No.:8 Begins
User confirmed on object: Plant, this maze officially starts.
700.4622: -2.750228,-1.89154,1.535878,252.0157
700.6844: -2.693882,-1.9108,1.541162,260.7188
700.9067: -2.586257,-1.96635,1.560907,270.818
701.1289: -2.487651,-2.017659,1.575087,280.265
701.3511: -2.427836,-2.040891,1.588833,284.3834
701.5734: -2.397458,-2.040831,1.591993,284.6812
701.7956: -2.39269,-2.020443,1.592426,285.5138
702.0178: -2.40598,-2.007602,1.586682,277.9697
702.24: -2.442645,-2.034532,1.566895,247.2622
702.4622: -2.428483,-2.104004,1.553368,217.8577
702.6844: -2.362856,-2.166913,1.549892,186.4327
702.9067: -2.333679,-2.185915,1.551385,156.5549
703.1289: -2.36233,-2.184756,1.542281,129.4917
703.3511: -2.415478,-2.167113,1.538531,100.1174
703.5734: -2.439466,-2.093099,1.545548,77.13606
703.7956: -2.46433,-1.959337,1.552023,58.40818
704.0178: -2.479589,-1.794142,1.544645,39.41853
704.24: -2.465505,-1.691916,1.543548,32.7586
704.4622: -2.420338,-1.648926,1.52697,34.11925
704.6844: -2.3914,-1.614985,1.527131,26.77188
704.9067: -2.350486,-1.506574,1.512699,34.54698
705.1289: -2.294718,-1.367107,1.523006,64.36008
705.3511: -2.213907,-1.279023,1.542227,82.66618
705.5734: -2.091829,-1.249253,1.534394,93.40752
705.7956: -1.956253,-1.271053,1.545396,96.61068
706.0178: -1.828887,-1.254878,1.558225,92.81806
706.24: -1.68273,-1.208038,1.540764,89.12135
706.4622: -1.536354,-1.131627,1.553882,83.41109
706.6844: -1.385658,-1.124902,1.575316,83.35834
706.9067: -1.22703,-1.164792,1.556662,83.65916
707.1289: -1.085112,-1.213906,1.565673,81.55402
707.3511: -0.9384277,-1.20216,1.56853,77.7078
707.5734: -0.7846041,-1.135949,1.549036,73.55833
707.7956: -0.6234965,-1.071592,1.57259,72.05983
708.0178: -0.4553532,-1.064159,1.572176,77.3975
708.24: -0.2851359,-1.087293,1.563312,78.62043
708.4622: -0.133404,-1.081821,1.57823,76.96016
708.6844: 0.0335729,-1.032163,1.554585,73.58141
708.9067: 0.1980502,-0.9505665,1.573115,72.08823
709.1289: 0.3689524,-0.9200736,1.58287,74.01081
709.3511: 0.557731,-0.9159922,1.558439,73.89276
709.5734: 0.7317438,-0.9226687,1.570867,68.6628
709.7956: 0.887651,-0.8781985,1.564705,62.67804
710.0178: 1.013423,-0.8120521,1.557595,60.99413
710.24: 1.129216,-0.774747,1.568125,58.32932
710.4622: 1.254893,-0.7620398,1.551101,50.3391
710.6844: 1.37546,-0.7762944,1.54336,36.02293
Trial Result: Success object: Harp | Time Spent: 10.62977
Trial No.:8 Ends
Trial No.:9 Begins
User confirmed on object: Bookshelf, this maze officially starts.
722.6178: 1.693123,1.115552,1.572382,170.67
722.84: 1.701789,1.145365,1.593153,177.6631
723.0623: 1.735334,1.199876,1.618546,195.5084
723.2845: 1.786806,1.229364,1.626737,207.2436
723.5067: 1.841703,1.234175,1.624688,212.0892
723.7289: 1.87938,1.231213,1.621572,208.0332
723.9511: 1.863136,1.231724,1.613495,214.1815
724.1733: 1.807407,1.215548,1.600175,230.5654
724.3956: 1.711596,1.242111,1.575236,254.973
724.6178: 1.645954,1.271606,1.568081,268.5646
724.84: 1.572513,1.250885,1.56533,274.939
725.0623: 1.470128,1.161443,1.544235,276.2743
725.2845: 1.375082,1.048407,1.567298,272.3603
725.5067: 1.27078,1.015274,1.574813,279.6766
725.7289: 1.136907,1.026228,1.555625,284.3829
725.9511: 0.9992828,1.047642,1.565105,285.9406
726.1733: 0.8555421,1.022269,1.565853,284.8904
726.3956: 0.7104695,0.9484882,1.543781,280.7104
726.6178: 0.569968,0.8798803,1.574139,278.1997
726.84: 0.4184305,0.8749624,1.570043,282.3393
727.0623: 0.25436,0.9157364,1.547504,283.2209
727.2845: 0.1042614,0.9434943,1.560095,282.7668
727.5067: -0.05334986,0.9371805,1.546642,283.6274
727.7289: -0.2004151,0.8895677,1.549556,286.7258
727.9511: -0.3424164,0.8920237,1.567636,292.1709
728.1733: -0.4993374,0.9286697,1.549718,297.1947
728.3956: -0.6497521,0.9887801,1.547698,297.5277
728.6178: -0.8055848,0.9981878,1.550793,294.9442
728.84: -0.9655886,0.980501,1.522107,297.6439
729.0623: -1.118323,0.9666538,1.549035,305.9886
729.2845: -1.24185,1.030463,1.538695,324.2723
729.5067: -1.351076,1.130167,1.517017,330.9449
729.7289: -1.439081,1.204453,1.534611,331.7141
729.9511: -1.535626,1.279816,1.525306,337.7458
730.1733: -1.657912,1.34112,1.533676,341.7728
730.3956: -1.750487,1.436876,1.541945,344.2463
730.6178: -1.791319,1.589597,1.519387,344.8133
730.84: -1.775377,1.745013,1.528498,340.1911
731.0623: -1.806063,1.871236,1.534543,328.9496
731.2845: -1.874498,1.993497,1.519439,320.3245
731.5067: -1.967564,2.109058,1.537202,316.3082
731.7289: -2.023213,2.239541,1.542573,317.54
731.9511: -2.092184,2.384271,1.522307,312.2211
732.1733: -2.156175,2.531151,1.524779,303.1459
732.3956: -2.26002,2.641367,1.528038,295.1048
732.6178: -2.389929,2.707544,1.509398,290.7594
732.84: -2.510705,2.752135,1.528882,286.6327
733.0623: -2.618715,2.815914,1.523629,285.9905
733.2845: -2.715963,2.894225,1.504432,281.2576
733.5067: -2.792189,2.94549,1.504156,273.9246
733.7289: -2.838171,2.958759,1.498806,269.7857
Trial Result: Success object: Stove | Time Spent: 11.49413
Trial No.:9 Ends
Trial No.:1 Begins
User confirmed on object: Stove, this maze officially starts.
757.6956: -2.626511,3.047678,1.520887,259.7068
757.9178: -2.607485,3.03937,1.539446,267.1432
758.14: -2.548554,3.063334,1.560091,275.0174
758.3622: -2.479814,3.120473,1.563198,278.407
758.5845: -2.417668,3.180278,1.558745,278.6509
758.8067: -2.374907,3.196051,1.562313,277.632
759.0289: -2.367749,3.150251,1.559943,269.2432
759.2512: -2.36422,3.049968,1.534524,230.974
759.4733: -2.334543,3.017702,1.517246,184.728
759.6956: -2.337377,3.054722,1.508671,152.6736
759.9178: -2.32542,3.057117,1.509955,150.7253
760.14: -2.245671,3.038944,1.512246,159.4628
760.3622: -2.148339,3.007201,1.520425,170.8336
760.5845: -2.072896,2.928868,1.522091,175.8837
760.8067: -2.039487,2.795562,1.50185,175.9547
761.0289: -2.026731,2.655098,1.519412,176.9829
761.2512: -1.951095,2.525774,1.520864,167.8287
761.4733: -1.846063,2.416251,1.499776,165.5368
761.6956: -1.757013,2.297759,1.528032,165.5513
761.9178: -1.733218,2.147173,1.52683,166.2476
762.14: -1.750222,1.977669,1.50815,159.769
762.3622: -1.751078,1.817968,1.521821,157.2881
762.5845: -1.695842,1.661694,1.510498,153.9689
762.8067: -1.591244,1.523617,1.507879,152.7606
763.0289: -1.482725,1.41573,1.529152,141.3096
763.2512: -1.381192,1.303495,1.524355,130.9867
763.4733: -1.294039,1.197862,1.521472,122.2268
763.6956: -1.164366,1.14794,1.521215,112.2654
763.9178: -1.00594,1.160799,1.496663,111.3312
764.14: -0.8436742,1.188157,1.532426,115.1997
764.3622: -0.7076082,1.146583,1.536644,126.6793
764.5845: -0.5959936,1.062541,1.524796,139.4006
764.8067: -0.4849373,0.9936893,1.538637,146.977
765.0289: -0.3634438,0.9381573,1.532592,155.9579
765.2512: -0.2221753,0.8998288,1.534698,164.078
765.4733: -0.1267086,0.825265,1.552496,172.377
765.6956: -0.07682069,0.6912385,1.538536,176.9592
765.9178: -0.08200596,0.533801,1.541617,174.5234
766.14: -0.05125516,0.4009511,1.546977,170.8337
766.3622: 0.007626804,0.2581264,1.525573,167.707
766.5845: 0.08384943,0.1165659,1.54618,165.769
766.8067: 0.08906261,-0.04410715,1.553532,166.7775
767.0289: 0.06405754,-0.223029,1.527543,157.7362
767.2512: 0.05611518,-0.3976274,1.546604,143.8762
767.4733: 0.1176536,-0.5325731,1.551028,131.5853
767.6956: 0.2451657,-0.6329805,1.536354,123.2588
767.9178: 0.3602381,-0.7123965,1.568218,119.0773
768.14: 0.4666826,-0.8068584,1.567299,115.8082
768.3622: 0.5736831,-0.9225631,1.554112,112.8698
768.5845: 0.6994721,-0.99608,1.564136,109.2555
768.8067: 0.8567367,-1.01312,1.547663,104.7048
769.0289: 1.028317,-0.9742411,1.557184,106.4354
769.2512: 1.169007,-1.004787,1.574828,117.8151
769.4733: 1.303843,-1.085129,1.557641,125.6267
769.6956: 1.416371,-1.197898,1.5634,128.0901
769.9178: 1.534811,-1.273133,1.569344,127.0242
770.14: 1.661963,-1.319992,1.547417,127.976
770.3622: 1.780353,-1.355085,1.566174,129.2573
770.5845: 1.870124,-1.441376,1.565396,129.8744
770.8067: 1.923716,-1.561293,1.549066,125.0522
771.0289: 1.966406,-1.677554,1.557972,117.0353
771.2512: 2.0022,-1.733376,1.556366,110.555
Trial Result: Success object: Well | Time Spent: 13.92814
Trial No.:1 Ends
Trial No.:2 Begins
User confirmed on object: Stove, this maze officially starts.
790.3067: -2.780682,3.174746,1.498116,254.8011
790.5289: -2.763081,3.166108,1.502045,254.0144
790.7512: -2.724163,3.147983,1.52409,253.0494
790.9733: -2.679105,3.1186,1.542856,250.4292
791.1956: -2.643489,3.088952,1.554429,249.5512
791.4178: -2.62327,3.072467,1.56534,255.7087
791.64: -2.614938,3.075701,1.570193,271.7988
791.8622: -2.619513,3.078958,1.570106,275.0265
792.0845: -2.639068,3.087157,1.569683,269.1211
792.3067: -2.673569,3.083031,1.560993,250.6499
792.5289: -2.701521,3.043534,1.528755,215.347
792.7512: -2.637845,2.983903,1.516458,176.1351
792.9733: -2.584738,2.963071,1.513415,141.516
793.1956: -2.606092,2.928141,1.510857,129.2416
793.4178: -2.681083,2.882634,1.512216,131.8814
793.64: -2.713144,2.846515,1.508929,137.0732
793.8622: -2.683532,2.840266,1.50212,122.9417
794.0845: -2.607126,2.846783,1.496031,117.551
794.3067: -2.509158,2.897285,1.493631,123.4044
794.5289: -2.431183,2.924208,1.519128,138.7268
794.7512: -2.350347,2.891305,1.518427,155.1437
794.9733: -2.272002,2.806258,1.50358,158.4923
795.1956: -2.216031,2.713071,1.517862,153.4613
795.4178: -2.151462,2.654301,1.527749,145.8804
795.64: -2.072134,2.662091,1.528116,122.7536
795.8622: -2.004043,2.719496,1.529118,93.36911
796.0845: -1.971926,2.739158,1.531236,78.27331
796.3067: -1.956333,2.712213,1.529491,76.50836
796.5289: -1.973905,2.607569,1.526832,115.3178
796.7512: -2.052894,2.491696,1.522074,155.2271
796.9733: -2.088294,2.404723,1.514435,167.7183
797.1956: -2.03879,2.292019,1.504203,163.925
797.4178: -1.934729,2.183523,1.514239,160.833
797.64: -1.886794,2.062546,1.528124,158.0936
797.8622: -1.888298,1.916638,1.509759,157.3468
798.0845: -1.913803,1.760666,1.519326,148.6383
798.3067: -1.878492,1.627144,1.530523,138.2266
798.5289: -1.777327,1.520649,1.511689,132.0143
798.7512: -1.647493,1.447659,1.540421,125.7754
798.9733: -1.542504,1.355862,1.546382,124.4673
799.1956: -1.420778,1.234552,1.525246,123.8561
799.4178: -1.2923,1.123574,1.53486,122.0921
799.64: -1.132751,1.087983,1.529622,118.3321
799.8622: -0.9565192,1.103591,1.511972,123.4978
800.0845: -0.7856471,1.106617,1.54807,132.3447
800.3067: -0.6395919,1.054128,1.542803,142.1365
800.5289: -0.5132523,0.9730053,1.538324,136.8169
800.7512: -0.3781579,0.9170996,1.551313,123.5046
800.9733: -0.2448999,0.8408864,1.534255,137.797
801.1956: -0.1273849,0.7848842,1.554748,164.3579
801.4178: -0.04149232,0.7034466,1.56118,182.2675
801.64: 0.00450744,0.5813447,1.543738,191.7364
801.8622: -0.01643849,0.4614893,1.553588,197.8634
802.0845: -0.03066078,0.3554477,1.55538,211.2777
802.3067: -0.02331759,0.250048,1.539936,232.5352
802.5289: 0.01792165,0.1499642,1.556256,248.8861
802.7512: -0.002163712,0.1021015,1.544662,261.8516
802.9733: -0.06155593,0.1094302,1.508413,262.8631
803.1956: -0.1000204,0.1162252,1.508855,265.2365
803.4178: -0.1121691,0.09900887,1.504231,267.0121
Trial Result: Success object: Wheelbarrow | Time Spent: 13.41591
Trial No.:2 Ends
Trial No.:21 Begins
User confirmed on object: Mailbox, this maze officially starts.
822.8178: -1.713575,-3.032789,1.541303,348.5552
823.04: -1.732123,-3.070148,1.553079,354.4529
823.2623: -1.771414,-3.14819,1.567079,4.482284
823.4844: -1.826675,-3.238886,1.582644,12.80907
823.7067: -1.845307,-3.29228,1.590443,18.25423
823.9289: -1.876027,-3.315748,1.592913,17.07088
824.1511: -1.906041,-3.304134,1.58901,5.924557
824.3734: -1.917216,-3.277296,1.570962,358.6823
824.5956: -1.904512,-3.273166,1.568391,357.3453
824.8178: -1.834735,-3.278486,1.5674,10.70494
825.04: -1.709478,-3.296753,1.562721,34.52008
825.2623: -1.585763,-3.322867,1.556638,45.64611
825.4844: -1.514477,-3.333815,1.553727,48.96669
825.7067: -1.496777,-3.315689,1.551566,47.47469
825.9289: -1.480313,-3.260736,1.546087,41.07602
826.1511: -1.376913,-3.194323,1.537226,37.62711
826.3734: -1.223179,-3.123126,1.53545,33.24436
826.5956: -1.117039,-3.032373,1.548441,27.73812
826.8178: -1.053492,-2.896321,1.52957,22.4932
827.04: -1.034187,-2.745804,1.553812,19.40571
827.2623: -0.9745401,-2.609978,1.568603,20.15387
827.4844: -0.8926345,-2.462006,1.547312,22.24382
827.7067: -0.8191487,-2.325123,1.553977,20.53426
827.9289: -0.8060627,-2.174968,1.556486,18.65803
828.1511: -0.8362893,-2.009138,1.531912,22.2186
828.3734: -0.878819,-1.84056,1.554996,25.56368
828.5956: -0.8373299,-1.696761,1.551783,37.44926
828.8178: -0.736207,-1.595883,1.538324,52.16034
829.04: -0.6574359,-1.505255,1.552145,60.16319
829.2623: -0.5790921,-1.392595,1.545327,65.38467
829.4844: -0.5191782,-1.281653,1.548532,74.09173
829.7067: -0.4243312,-1.209424,1.567641,82.34621
829.9289: -0.2791265,-1.163131,1.547681,86.1097
830.1511: -0.1417376,-1.087851,1.558881,55.78151
830.3734: -0.06132957,-0.9775532,1.559849,19.76073
830.5956: 0.004809538,-0.8599261,1.545898,12.34857
830.8178: 0.05786064,-0.7410473,1.562528,7.665342
831.04: 0.1236461,-0.6123793,1.558938,3.528872
831.2623: 0.2064358,-0.4705039,1.547813,0.4051936
831.4844: 0.2269393,-0.3175527,1.55352,1.560327
831.7067: 0.1882801,-0.1481177,1.522784,5.893532
831.9289: 0.1014934,0.02140428,1.552087,9.894284
832.1511: 0.09257048,0.1744231,1.563325,22.38319
832.3734: 0.1399818,0.3098932,1.547163,39.64785
832.5956: 0.1874661,0.4322842,1.54875,47.17669
832.8178: 0.2194108,0.5542805,1.55582,56.81168
833.04: 0.2411307,0.697919,1.539616,69.50195
833.2623: 0.2942894,0.8212864,1.562031,78.84071
833.4844: 0.3991259,0.8828243,1.551483,92.95625
833.7067: 0.5454268,0.8877208,1.550225,97.47665
833.9289: 0.6948827,0.9070302,1.559658,96.29904
834.1511: 0.8536645,0.9618834,1.547259,90.73557
834.3734: 1.004434,1.040552,1.559854,88.56369
834.5956: 1.16669,1.071654,1.579519,90.17168
834.8178: 1.358995,1.07631,1.556975,92.02989
835.04: 1.546907,1.057405,1.566274,91.7389
835.2623: 1.724679,1.090617,1.571445,91.40532
835.4844: 1.901365,1.157113,1.552822,91.21973
835.7067: 2.064486,1.19568,1.584305,93.06327
835.9289: 2.235698,1.18847,1.572386,97.39595
836.1511: 2.399392,1.141351,1.565972,95.85229
836.3734: 2.540812,1.124906,1.57483,93.11546
836.5956: 2.666764,1.141411,1.559018,92.12183
836.8178: 2.753767,1.185363,1.567875,97.14541
837.04: 2.81701,1.198923,1.573011,100.995
Trial Result: Success object: Trashcan | Time Spent: 14.65983
Trial No.:21 Ends
Trial No.:7 Begins
User confirmed on object: Plant, this maze officially starts.
856.34: -2.724456,-2.067207,1.530706,256.0181
856.5623: -2.70053,-2.064917,1.548317,262.9627
856.7845: -2.643629,-2.038334,1.582053,286.1279
857.0067: -2.593311,-2.033977,1.592293,296.1226
857.2289: -2.563573,-2.036724,1.598263,295.274
857.4511: -2.55864,-2.035646,1.597242,293.2537
857.6733: -2.569766,-2.028316,1.598732,286.1835
857.8956: -2.606179,-2.022012,1.593453,274.0156
858.1178: -2.635684,-2.114971,1.576649,236.6515
858.34: -2.575729,-2.206273,1.552424,176.1983
858.5623: -2.561737,-2.207326,1.541517,134.4107
858.7845: -2.582775,-2.180651,1.528914,103.9644
859.0067: -2.581337,-2.075033,1.537591,76.9928
859.2289: -2.590598,-1.902317,1.541819,48.88486
859.4511: -2.576683,-1.749812,1.535868,34.33634
859.6733: -2.516484,-1.640778,1.536377,39.44382
859.8956: -2.401281,-1.546609,1.520587,51.26366
860.1178: -2.263893,-1.469487,1.523492,57.95295
860.34: -2.16327,-1.388066,1.544953,62.85108
860.5623: -2.057736,-1.288925,1.528876,72.27163
860.7845: -1.967397,-1.17125,1.550575,78.38985
861.0067: -1.82702,-1.115745,1.562109,88.92742
861.2289: -1.658942,-1.123,1.53713,94.38009
861.4511: -1.498088,-1.146995,1.560912,95.23026
861.6733: -1.342254,-1.119438,1.563665,89.71889
861.8956: -1.188778,-1.051786,1.542441,85.22767
862.1178: -1.035815,-0.9904193,1.570081,82.89463
862.34: -0.8770304,-0.9595619,1.563429,75.92616
862.5623: -0.7122031,-0.9626415,1.538977,63.1518
862.7845: -0.5544483,-0.9556991,1.553777,48.16422
863.0067: -0.4075491,-0.9160285,1.553466,52.28999
863.2289: -0.3020532,-0.8782356,1.559012,77.90412
863.4511: -0.2151141,-0.8457289,1.572095,91.43663
863.6733: -0.09834268,-0.8118428,1.567345,89.79951
863.8956: 0.004676477,-0.7131389,1.56335,46.84472
864.1178: 0.02102686,-0.5782109,1.548647,13.37649
864.34: -0.01941216,-0.4212188,1.534561,6.955774
864.5623: -0.04046224,-0.2666493,1.560244,17.21939
864.7845: -0.04815504,-0.1196841,1.556041,22.03387
865.0067: -0.02786624,0.0515142,1.53615,20.79161
865.2289: -0.0103253,0.2191395,1.553586,26.78232
865.4511: -0.01869521,0.3736249,1.536131,36.28627
865.6733: -0.04037429,0.5180622,1.538581,53.7249
865.8956: -0.01001262,0.6373309,1.553522,68.28979
866.1178: 0.0748114,0.7256863,1.541695,77.85284
866.34: 0.1856126,0.7830972,1.551752,83.31513
866.5623: 0.2881817,0.850391,1.562312,87.73123
866.7845: 0.4152489,0.9443055,1.543106,89.48268
867.0067: 0.5556514,1.028095,1.573169,87.45252
867.2289: 0.7345226,1.025186,1.565447,90.06437
867.4511: 0.9210311,0.9618636,1.551849,91.66066
867.6733: 1.082162,0.9254,1.576117,91.16132
867.8956: 1.250692,0.9353814,1.559702,87.70918
868.1178: 1.427127,0.9778421,1.570592,84.91273
868.34: 1.601328,0.9790888,1.584591,84.62498
868.5623: 1.78422,0.9574023,1.568655,86.74291
868.7845: 1.965615,0.9164516,1.574475,85.87981
869.0067: 2.129322,0.9256359,1.576607,80.53409
869.2289: 2.287775,0.9828841,1.55484,80.23727
869.4511: 2.421253,1.032958,1.578991,85.00243
869.6733: 2.538828,1.029304,1.578773,95.43061
869.8956: 2.640038,1.001114,1.570059,93.91635
870.1178: 2.731813,0.969048,1.568391,88.89619
870.34: 2.791903,0.9663404,1.570928,84.13763
870.5623: 2.814812,0.9714053,1.573552,84.38034
Trial Result: Success object: Trashcan | Time Spent: 14.49391
Trial No.:7 Ends
Trial No.:23 Begins
User confirmed on object: Chair, this maze officially starts.
889.4178: 0.7918551,-3.019835,1.560889,358.5779
889.64: 0.7946277,-3.030493,1.580014,3.579173
889.8622: 0.7493366,-3.082258,1.599203,18.47137
890.0845: 0.6666327,-3.131002,1.601979,27.18377
890.3067: 0.6207882,-3.15502,1.609218,28.53705
890.5289: 0.6183662,-3.182263,1.610728,40.36661
890.7512: 0.6239514,-3.200216,1.614769,47.31343
890.9733: 0.6231328,-3.204377,1.613304,48.52332
891.1956: 0.6367199,-3.20113,1.602817,51.07187
891.4178: 0.6640208,-3.203704,1.585435,55.53957
891.64: 0.6951073,-3.190497,1.576143,57.05448
891.8622: 0.7665757,-3.181085,1.57083,57.93535
892.0845: 0.8912203,-3.211605,1.566617,60.11969
892.3067: 1.021082,-3.229523,1.572748,59.67056
892.5289: 1.124464,-3.197638,1.570589,56.58672
892.7512: 1.210801,-3.105594,1.552735,49.28567
892.9733: 1.268015,-2.971502,1.575112,37.77161
893.1956: 1.353373,-2.861872,1.585385,30.66846
893.4178: 1.464998,-2.751481,1.571249,28.53573
893.64: 1.585064,-2.64318,1.568585,24.27793
893.8622: 1.646935,-2.510377,1.572652,20.93866
894.0845: 1.65713,-2.34081,1.547056,18.56624
894.3067: 1.639882,-2.160814,1.574295,16.68188
894.5289: 1.680393,-1.998693,1.575269,17.12511
894.7512: 1.773632,-1.847265,1.557025,21.80191
894.9733: 1.864493,-1.710854,1.57176,25.38114
895.1956: 1.934273,-1.559968,1.568361,24.92056
895.4178: 1.981887,-1.408852,1.569595,26.14538
895.64: 2.060252,-1.282288,1.584072,30.60903
895.8622: 2.199125,-1.156053,1.562945,33.37431
896.0845: 2.365613,-1.037616,1.564336,29.69163
896.3067: 2.452168,-0.9081731,1.576832,16.7509
896.5289: 2.488119,-0.7448552,1.554965,0.7600219
896.7512: 2.499953,-0.5883221,1.58098,356.0198
896.9733: 2.546276,-0.437643,1.583597,354.128
897.1956: 2.621113,-0.2639947,1.56187,351.9252
897.4178: 2.684171,-0.09022839,1.571504,349.8231
897.64: 2.681667,0.08616698,1.564331,340.1031
897.8622: 2.638277,0.2483768,1.558158,334.8114
898.0845: 2.599044,0.3891389,1.58237,325.8011
898.3067: 2.556676,0.5353584,1.572683,308.6289
898.5289: 2.517739,0.6922816,1.57514,284.1057
898.7512: 2.448233,0.8038673,1.581107,266.4517
898.9733: 2.343998,0.8496662,1.563426,254.3606
899.1956: 2.260469,0.8784757,1.582425,256.32
899.4178: 2.201432,0.9629147,1.583134,281.78
899.64: 2.236351,1.05003,1.581248,302.6703
899.8622: 2.31093,1.138486,1.580419,329.523
900.0845: 2.379907,1.183276,1.576779,2.062068
900.3067: 2.373372,1.199404,1.579695,16.1715
900.5289: 2.365129,1.233699,1.581081,18.873
900.7512: 2.406543,1.316855,1.569546,17.77067
900.9733: 2.506406,1.431129,1.564164,8.853443
901.1956: 2.593851,1.558998,1.580519,3.924676
901.4178: 2.626115,1.708513,1.572098,358.4237
901.64: 2.599223,1.860768,1.564867,350.7597
901.8622: 2.591934,2.012937,1.583995,345.1424
902.0845: 2.609326,2.173445,1.573981,339.5952
902.3067: 2.634686,2.348868,1.558792,325.8497
902.5289: 2.607811,2.500509,1.56881,304.4048
902.7512: 2.539392,2.615806,1.555249,285.264
902.9733: 2.459267,2.702253,1.559562,275.3864
903.1956: 2.387458,2.78494,1.571769,264.2756
903.4178: 2.318312,2.87316,1.560487,246.3881
903.64: 2.237541,2.933553,1.569335,234.2389
903.8622: 2.165628,2.926239,1.553485,224.732
904.0845: 2.122421,2.895765,1.559194,218.5291
904.3067: 2.071125,2.876361,1.564607,211.611
Trial Result: Success object: Piano | Time Spent: 15.24847
Trial No.:23 Ends
Trial No.:12 Begins
User confirmed on object: Trashcan, this maze officially starts.
924.7289: 2.72699,1.061469,1.568197,73.84413
924.9511: 2.676559,1.072013,1.603807,88.8315
925.1733: 2.620234,1.105746,1.6306,98.67752
925.3956: 2.600589,1.133939,1.632796,102.8685
925.6178: 2.590621,1.123444,1.631827,118.3477
925.84: 2.569609,1.097199,1.625976,141.3346
926.0623: 2.573643,1.096248,1.626322,139.7093
926.2845: 2.608831,1.135983,1.627113,109.3411
926.5067: 2.629096,1.171816,1.613246,74.80761
926.7289: 2.634142,1.158009,1.597537,43.76081
926.9511: 2.635996,1.119455,1.585146,12.18272
927.1733: 2.646025,1.092725,1.579292,9.993522
927.3956: 2.668612,1.063548,1.578959,32.19391
927.6178: 2.685822,1.022335,1.58141,73.66692
927.84: 2.656784,1.021812,1.578082,115.3939
928.0623: 2.61175,1.034258,1.569485,148.4927
928.2845: 2.517411,1.016693,1.574395,177.4653
928.5067: 2.432053,0.9835234,1.570517,191.888
928.7289: 2.407902,0.9551942,1.576725,192.755
928.9511: 2.421507,0.885461,1.572873,190.9103
929.1733: 2.431352,0.8340199,1.571896,210.9064
929.3956: 2.42836,0.8568056,1.57806,245.3124
929.6178: 2.424504,0.9153858,1.582684,269.057
929.84: 2.39702,0.9873678,1.582974,276.441
930.0623: 2.332673,1.045429,1.584017,273.8795
930.2845: 2.221226,1.077398,1.573709,271.1528
930.5067: 2.071483,1.060121,1.557094,273.8878
930.7289: 1.914286,1.032438,1.583555,272.0007
930.9511: 1.763803,1.062472,1.585577,274.928
931.1733: 1.603101,1.127097,1.562835,276.2251
931.3956: 1.44536,1.177498,1.574743,271.5722
931.6178: 1.273172,1.175962,1.562607,265.0871
931.84: 1.091476,1.138778,1.554663,264.2898
932.0623: 0.9234984,1.142594,1.57719,266.2397
932.2845: 0.7479176,1.17775,1.558286,269.7965
932.5067: 0.575538,1.228933,1.561978,270.1423
932.7289: 0.4064397,1.224211,1.568897,266.8851
932.9511: 0.2261958,1.176807,1.53614,267.0608
933.1733: 0.03696937,1.124877,1.561435,274.4373
933.3956: -0.140573,1.13377,1.559216,280.5986
933.6178: -0.3223829,1.171647,1.536354,281.5718
933.84: -0.4937407,1.181728,1.552813,281.024
934.0623: -0.6778175,1.134996,1.535499,273.9057
934.2845: -0.8500016,1.059428,1.542896,270.9384
934.5067: -1.013632,1.046356,1.560283,277.3718
934.7289: -1.174364,1.077426,1.540188,285.0786
934.9511: -1.289266,1.160825,1.537218,310.4596
935.1733: -1.432449,1.160391,1.54511,301.7354
935.3956: -1.591678,1.118054,1.525556,284.5422
935.6178: -1.684485,1.178555,1.541625,329.3622
935.84: -1.699448,1.253328,1.530215,10.72018
936.0623: -1.681473,1.31757,1.525636,25.64465
936.2845: -1.680896,1.395652,1.528542,29.30588
936.5067: -1.699519,1.499479,1.50695,38.56933
936.7289: -1.742887,1.627515,1.519929,44.91055
936.9511: -1.710431,1.727027,1.51949,56.18073
937.1733: -1.650709,1.768311,1.511808,60.85798
Trial Result: Success object: Table | Time Spent: 12.71595
Trial No.:12 Ends
