Participant ID: 424
Maze Mode: testing
Trial No.:1 Begins
User confirmed on object: Stove, this maze officially starts.
81.32: -2.348453,2.943551,1.58907,269.1698
81.54222: -2.357185,2.946121,1.590457,271.7593
81.76444: -2.360453,2.94154,1.590434,270.5425
81.98667: -2.361764,2.936565,1.590064,270.4512
82.20889: -2.363894,2.940413,1.589299,275.1076
82.43111: -2.370574,2.939789,1.587769,276.8686
82.65334: -2.372283,2.938297,1.588499,278.741
82.87556: -2.373263,2.930503,1.589253,275.9868
83.09778: -2.375297,2.925196,1.589621,275.0836
83.32: -2.376941,2.922233,1.589981,275.2271
83.54222: -2.378228,2.921576,1.590075,276.0359
83.76445: -2.383585,2.919802,1.587058,275.8993
83.98667: -2.397353,2.905623,1.584537,269.8296
84.20889: -2.40083,2.866813,1.585142,250.3779
84.43111: -2.382378,2.829943,1.576261,202.6396
84.65334: -2.366,2.876705,1.545091,153.6065
84.87556: -2.394732,2.929168,1.534594,138.6582
85.09778: -2.39604,2.96604,1.536009,125.2317
85.32: -2.359679,2.982833,1.541673,112.3737
85.54222: -2.278827,2.960965,1.547675,117.464
85.76445: -2.187178,2.90402,1.553509,141.3139
85.98667: -2.116578,2.834037,1.554424,158.4702
86.20889: -2.076835,2.734159,1.539076,167.0408
86.43111: -2.052308,2.586655,1.536567,168.919
86.65334: -2.018746,2.430252,1.562783,163.714
86.87556: -1.972414,2.29151,1.555664,161.5489
87.09778: -1.897838,2.137986,1.542849,159.4894
87.32: -1.800322,1.965451,1.563472,157.6901
87.54222: -1.730809,1.815635,1.569793,150.2712
87.76445: -1.674221,1.657633,1.549987,135.5049
87.98667: -1.630255,1.463269,1.544006,119.6814
88.20889: -1.57567,1.301996,1.568437,101.8371
88.43111: -1.48989,1.205448,1.56597,92.75019
88.65334: -1.339022,1.158834,1.542747,97.05134
88.87556: -1.146466,1.140646,1.568914,96.28618
89.09778: -0.9807054,1.108024,1.575793,93.71882
89.32: -0.8144262,1.053335,1.558269,96.06228
89.54222: -0.6277276,0.9905479,1.569592,95.34856
89.76445: -0.4505082,0.9631823,1.58321,92.16458
89.98667: -0.2820639,0.9652295,1.570168,94.76459
90.20889: -0.09943525,1.000552,1.573681,99.86491
90.43111: 0.05535477,1.013192,1.60333,109.5533
90.65334: 0.09997746,0.9528072,1.604107,144.758
90.87556: 0.0567739,0.8584988,1.587598,178.3468
91.09778: 0.01004716,0.7219434,1.576386,192.1243
91.32: -0.0239376,0.5793712,1.586123,193.9274
91.54222: -0.02163158,0.430908,1.577858,181.0984
91.76445: -0.005174982,0.2300708,1.550822,173.7283
91.98667: 0.01080695,-0.007894004,1.574605,161.4727
92.20889: 0.01462153,-0.2092602,1.583181,146.1113
92.43111: 0.01850877,-0.4192895,1.555199,128.6853
92.65334: 0.04767656,-0.6019379,1.590863,110.0142
92.87556: 0.1306225,-0.7124245,1.57567,98.867
93.09778: 0.2841876,-0.7704232,1.56727,95.4892
93.32: 0.450234,-0.8316563,1.591934,103.9424
93.54222: 0.6059158,-0.8925111,1.590427,107.835
93.76445: 0.7848147,-0.9658927,1.571979,110.4506
93.98667: 0.9937179,-1.043687,1.590062,110.3433
94.20889: 1.212526,-1.076051,1.592862,111.5113
94.43111: 1.427557,-1.088471,1.585521,121.6905
94.65334: 1.588245,-1.130139,1.60491,131.903
94.87556: 1.698156,-1.219337,1.595045,133.1161
95.09778: 1.792981,-1.339179,1.614112,130.6164
Trial Result: Success object: Well | Time Spent: 14.03821
Trial No.:1 Ends
Trial No.:23 Begins
User confirmed on object: Chair, this maze officially starts.
122.0422: 0.7861825,-3.390365,1.60924,356.1575
122.2645: 0.7886816,-3.386348,1.615999,359.3477
122.4867: 0.8002567,-3.38116,1.619297,10.85248
122.7089: 0.8015752,-3.375272,1.617965,16.29622
122.9311: 0.8021308,-3.369861,1.616152,18.67472
123.1533: 0.8038475,-3.3668,1.614943,19.6874
123.3756: 0.8140549,-3.356055,1.602915,28.20842
123.5978: 0.8232183,-3.329453,1.569246,44.66436
123.82: 0.8779083,-3.310414,1.557097,55.9455
124.0422: 1.000855,-3.289538,1.55407,48.37439
124.2645: 1.151933,-3.259909,1.550174,30.04096
124.4867: 1.255865,-3.199573,1.578857,22.4423
124.7089: 1.337082,-3.091312,1.561623,17.97132
124.9311: 1.410682,-2.921979,1.564478,17.23992
125.1533: 1.489582,-2.757606,1.593175,14.53981
125.3756: 1.593513,-2.606969,1.58423,12.85849
125.5978: 1.731456,-2.427597,1.56389,12.17428
125.82: 1.861629,-2.229747,1.592276,11.40394
126.0422: 1.927725,-2.034513,1.583377,12.45379
126.2645: 1.960023,-1.798531,1.553512,19.25637
126.4867: 1.99908,-1.555724,1.598869,25.382
126.7089: 2.074926,-1.364596,1.596748,26.5633
126.9311: 2.207163,-1.1823,1.576338,19.34142
127.1533: 2.33958,-1.007985,1.620272,15.17257
127.3756: 2.411707,-0.8310267,1.610136,11.80556
127.5978: 2.455609,-0.6208712,1.58516,8.991091
127.82: 2.498341,-0.3968284,1.621096,6.351377
128.0422: 2.57612,-0.1904727,1.612286,2.050609
128.2645: 2.690039,0.03798468,1.583936,357.1536
128.4867: 2.763882,0.2630468,1.626871,352.8868
128.7089: 2.769691,0.4838918,1.598318,351.5723
128.9311: 2.732927,0.7420688,1.602083,353.4829
129.1533: 2.726766,0.971872,1.634769,356.7235
129.3756: 2.751817,1.208833,1.595262,356.2337
129.5978: 2.798215,1.469818,1.609941,349.0537
129.82: 2.79465,1.696225,1.629578,345.4695
130.0422: 2.752463,1.926807,1.593607,344.4504
130.2645: 2.679735,2.15812,1.621842,342.8255
130.4867: 2.607374,2.359876,1.620068,321.2096
130.7089: 2.530977,2.567662,1.59586,290.1069
130.9311: 2.452242,2.766819,1.621325,268.1949
131.1533: 2.366078,2.881196,1.623968,251.2226
131.3756: 2.278872,2.932631,1.631056,240.0104
Trial Result: Success object: Piano | Time Spent: 9.728714
Trial No.:23 Ends
Trial No.:14 Begins
User confirmed on object: Telescope, this maze officially starts.
154.8867: -3.064356,0.04707637,1.588178,91.62444
155.1089: -3.061874,0.04037786,1.587545,91.35647
155.3311: -3.061637,0.03786154,1.586675,91.98315
155.5533: -3.058581,0.03663865,1.585664,93.18633
155.7756: -3.051523,0.03710112,1.585261,93.85204
155.9978: -3.046914,0.04196911,1.584609,93.44152
156.22: -3.045915,0.04616431,1.584161,93.27738
156.4422: -3.033256,0.0314572,1.574741,105.193
156.6644: -2.99773,0.004536238,1.540743,128.2381
156.8867: -2.957628,-0.05609999,1.527751,137.3559
157.1089: -2.914474,-0.1939523,1.516026,132.0863
157.3311: -2.870704,-0.3831282,1.513524,116.3373
157.5533: -2.795378,-0.5139517,1.542144,109.1702
157.7756: -2.653215,-0.599813,1.516039,106.1748
157.9978: -2.46399,-0.6696028,1.539542,107.1236
158.22: -2.296726,-0.7508491,1.555466,102.0383
158.4422: -2.11809,-0.8562449,1.532389,97.60707
158.6644: -1.928821,-0.9634389,1.548541,93.55962
158.8867: -1.743705,-1.013539,1.560966,96.64764
159.1089: -1.556181,-1.025887,1.534919,118.0237
159.3311: -1.379814,-1.008239,1.556389,154.8627
159.5533: -1.213168,-1.003813,1.566186,168.4326
159.7756: -1.057451,-1.050874,1.549118,172.6348
159.9978: -0.8505892,-1.082386,1.562944,118.4696
160.22: -0.6930254,-1.084428,1.57673,90.85228
160.4422: -0.5309584,-1.065673,1.558439,78.69197
160.6644: -0.3492465,-1.033376,1.57688,80.04945
160.8867: -0.169339,-1.02006,1.585709,77.51672
161.1089: -0.00436786,-0.9963736,1.569168,43.01992
161.3311: 0.1226292,-1.004812,1.585103,359.0698
161.5533: 0.259106,-1.021064,1.584074,349.1751
161.7756: 0.37002,-1.005021,1.583027,343.048
161.9978: 0.4424627,-0.977303,1.58257,340.8618
162.22: 0.5235239,-0.9806418,1.579171,323.761
162.4422: 0.5303156,-0.9648193,1.579857,314.9471
162.6644: 0.4173499,-0.9343809,1.563458,315.5852
162.8867: 0.2340977,-0.8698324,1.575205,320.0881
163.1089: 0.09331642,-0.8168429,1.613506,324.2639
Trial Result: Success object: Wheelbarrow | Time Spent: 8.528215
Trial No.:14 Ends
Trial No.:15 Begins
User confirmed on object: Wheelbarrow, this maze officially starts.
184.5422: 0.3974196,0.009128837,1.627184,263.5452
184.7645: 0.3993612,0.01824962,1.627693,266.5867
184.9867: 0.3945061,0.0229422,1.628123,267.7824
185.2089: 0.3855242,0.02345378,1.627525,266.2782
185.4311: 0.3710473,-0.001396439,1.618449,240.8382
185.6533: 0.3527704,-0.02483326,1.588747,206.0969
185.8756: 0.3121219,-0.09256131,1.580039,203.7754
186.0978: 0.2628147,-0.1969542,1.587736,218.7181
186.32: 0.1931141,-0.3009081,1.582396,225.3915
186.5422: 0.08091173,-0.4192945,1.558048,228.5312
186.7645: -0.06773423,-0.5497277,1.56085,233.7949
186.9867: -0.1714809,-0.6875938,1.578032,228.1951
187.2089: -0.2549057,-0.8467748,1.553383,216.5357
187.4311: -0.3423975,-1.029746,1.571459,210.2265
187.6533: -0.4413295,-1.187359,1.579303,205.6949
187.8756: -0.549292,-1.339262,1.558044,195.7363
188.0978: -0.6877781,-1.485064,1.556674,184.393
188.32: -0.7990305,-1.631366,1.572761,176.4163
188.5422: -0.8491486,-1.808679,1.549248,169.4798
188.7645: -0.8372399,-2.031336,1.544822,167.0103
188.9867: -0.7983059,-2.235502,1.569126,154.3233
189.2089: -0.7723394,-2.395981,1.560533,133.4184
189.4311: -0.7724389,-2.566957,1.548576,113.9341
189.6533: -0.7698288,-2.731299,1.570899,94.41544
189.8756: -0.7480217,-2.844168,1.572525,88.20608
190.0978: -0.6899352,-2.927716,1.559071,90.62066
190.32: -0.5886853,-3.004495,1.564711,97.01992
190.5422: -0.5304548,-3.106979,1.585374,136.0549
190.7645: -0.5938289,-3.169403,1.576752,221.1103
190.9867: -0.6353663,-3.165277,1.565118,262.5315
191.2089: -0.7477885,-3.165639,1.560237,277.3414
191.4311: -0.9293879,-3.111074,1.551839,291.3944
191.6533: -1.061624,-3.075226,1.563104,302.9587
Trial Result: Success object: Mailbox | Time Spent: 7.475149
Trial No.:15 Ends
Trial No.:22 Begins
User confirmed on object: Mailbox, this maze officially starts.
214.3645: -1.662801,-3.315825,1.651951,354.9376
214.5867: -1.665712,-3.307218,1.651827,355.9391
214.8089: -1.667212,-3.297603,1.651018,356.425
215.0311: -1.668858,-3.296719,1.650652,356.5081
215.2533: -1.664134,-3.294929,1.650151,358.0075
215.4756: -1.641642,-3.27357,1.641984,17.75109
215.6978: -1.635329,-3.230363,1.616197,41.61716
215.92: -1.60128,-3.180301,1.594392,51.65066
216.1422: -1.486576,-3.126989,1.581592,47.62958
216.3645: -1.312853,-3.07107,1.580079,38.81488
216.5867: -1.165774,-3.018975,1.610758,57.0039
216.8089: -1.086661,-2.901457,1.597645,51.70449
217.0311: -1.044963,-2.704635,1.601175,25.23694
217.2533: -0.9861634,-2.527822,1.626445,14.40153
217.4756: -0.9000822,-2.359844,1.617097,11.13612
217.6978: -0.7926471,-2.17833,1.607455,12.32102
217.92: -0.7237144,-1.993441,1.631875,11.92834
218.1422: -0.6892108,-1.813508,1.612703,19.75267
218.3645: -0.6872434,-1.603108,1.595721,35.1386
218.5867: -0.6341739,-1.331619,1.607857,55.08652
218.8089: -0.5856965,-1.197381,1.608399,66.89204
219.0311: -0.4830462,-1.07347,1.591981,44.50502
219.2533: -0.336089,-0.9758496,1.60577,15.94313
219.4756: -0.1521032,-0.8945571,1.612236,0.6962792
219.6978: -0.08799334,-0.7852193,1.598209,352.3562
219.92: -0.01880869,-0.6632993,1.61416,15.55933
220.1422: 0.0937495,-0.6393207,1.623529,84.29356
220.3645: 0.1587891,-0.6934394,1.61746,128.7487
220.5867: 0.21425,-0.7462038,1.616982,146.6634
220.8089: 0.2218519,-0.7891804,1.620255,175.3859
221.0311: 0.2629286,-0.778331,1.615276,163.6621
221.2533: 0.3528149,-0.7314889,1.616211,103.8931
221.4756: 0.3961623,-0.7681575,1.611728,80.40539
221.6978: 0.4023556,-0.7662544,1.626909,36.6937
221.92: 0.3186239,-0.7112516,1.614497,359.0778
222.1422: 0.2059451,-0.5941381,1.5999,347.2996
222.3645: 0.08180719,-0.4397509,1.60395,345.6758
222.5867: 0.05011738,-0.2668571,1.60617,9.02295
222.8089: 0.06440943,-0.07040012,1.576014,19.14146
223.0311: 0.099135,0.1558095,1.596413,26.13958
223.2533: 0.1100577,0.3421832,1.611617,42.80991
223.4756: 0.110677,0.5345765,1.581174,68.77905
223.6978: 0.1175995,0.7139902,1.614837,92.68657
223.92: 0.1675418,0.8474553,1.613713,99.77705
224.1422: 0.2967934,0.9252995,1.594933,97.96164
224.3645: 0.4907526,0.95174,1.611598,98.20242
224.5867: 0.6646672,0.9750618,1.634363,100.8189
224.8089: 0.8086971,1.00833,1.614211,107.4568
Trial Result: Success object: Bookshelf | Time Spent: 10.69522
Trial No.:22 Ends
Trial No.:19 Begins
User confirmed on object: Well, this maze officially starts.
237.5867: 1.445095,-2.135598,1.648741,78.3474
237.8089: 1.445473,-2.13704,1.647278,81.61983
238.0311: 1.446543,-2.139554,1.645767,85.10997
238.2533: 1.447858,-2.134568,1.645681,82.76462
238.4756: 1.448899,-2.128973,1.644498,78.88154
238.6978: 1.450829,-2.132509,1.64458,79.50751
238.92: 1.457224,-2.134901,1.643645,81.11111
239.1422: 1.475126,-2.098557,1.63482,50.04515
239.3645: 1.482435,-2.020829,1.619137,16.02187
239.5867: 1.497851,-1.882643,1.610569,357.7221
239.8089: 1.523789,-1.734995,1.61395,340.3453
240.0311: 1.564828,-1.591526,1.610341,324.1831
240.2533: 1.610482,-1.437703,1.59735,305.1337
240.4756: 1.58079,-1.3024,1.622836,293.6591
240.6978: 1.450209,-1.208771,1.596602,288.3417
240.92: 1.217686,-1.155424,1.60733,291.6729
241.1422: 1.01828,-1.090201,1.631027,295.5953
241.3645: 0.8308623,-0.9937499,1.602999,299.3413
241.5867: 0.6395763,-0.8731689,1.607812,301.4836
241.8089: 0.4463707,-0.7883025,1.622114,311.0904
242.0311: 0.2451071,-0.7196531,1.587314,327.0479
242.2533: 0.06385832,-0.617581,1.610143,346.3437
242.4756: -0.02110266,-0.4586977,1.591268,352.3647
242.6978: -0.03316694,-0.2252196,1.587177,348.6852
242.92: -0.06835318,-0.01222625,1.616682,341.2829
243.1422: -0.133791,0.1864395,1.58523,332.7572
243.3645: -0.2201996,0.3815932,1.600907,323.3825
243.5867: -0.3016138,0.5610709,1.611033,305.3466
243.8089: -0.3995624,0.7323886,1.58649,275.3247
244.0311: -0.5216549,0.8763838,1.610188,260.2462
244.2533: -0.6967417,0.9598813,1.586981,267.8397
244.4756: -0.9359418,0.9770119,1.578637,284.3937
244.6978: -1.147535,1.022866,1.607898,314.0339
244.92: -1.318615,1.107818,1.577097,337.339
245.1422: -1.482018,1.223037,1.570526,352.3484
245.3645: -1.623008,1.284398,1.59039,7.403212
245.5867: -1.756907,1.332567,1.583188,22.58152
Trial Result: Success object: Table | Time Spent: 8.251402
Trial No.:19 Ends
Trial No.:5 Begins
User confirmed on object: Table, this maze officially starts.
264.12: -2.171979,2.051211,1.629782,98.36353
264.3422: -2.176021,2.042483,1.629486,97.28071
264.5645: -2.169717,2.034523,1.627818,98.92664
264.7867: -2.149507,2.015986,1.613151,113.7995
265.0089: -2.092741,1.990452,1.591034,128.0563
265.2311: -2.027785,1.905406,1.573988,132.6593
265.4533: -1.963103,1.738085,1.549787,127.8274
265.6756: -1.891584,1.542924,1.565588,114.9227
265.8978: -1.796287,1.424945,1.587935,109.2697
266.12: -1.638987,1.3362,1.560635,108.1068
266.3422: -1.434839,1.253219,1.592178,105.788
266.5645: -1.25317,1.16515,1.604201,102.6508
266.7867: -1.060105,1.066621,1.577304,102.5846
267.0089: -0.871487,0.971197,1.596301,109.285
267.2311: -0.7008818,0.9216498,1.603345,122.2639
267.4533: -0.5064473,0.8909229,1.578827,143.5189
267.6756: -0.2823817,0.8749164,1.597687,167.4466
267.8978: -0.1208927,0.8539305,1.624874,170.2029
268.12: 0.05404091,0.8387814,1.616886,120.6074
268.3422: 0.1835145,0.8021363,1.602442,95.86295
268.5645: 0.3129362,0.7847088,1.616783,87.04962
268.7867: 0.4476734,0.8114054,1.599162,87.90851
269.0089: 0.6246251,0.8840505,1.596849,93.41584
269.2311: 0.8029699,0.9606798,1.635604,100.0088
Trial Result: Success object: Bookshelf | Time Spent: 5.386763
Trial No.:5 Ends
Trial No.:8 Begins
User confirmed on object: Plant, this maze officially starts.
288.6534: -2.37725,-2.013858,1.615336,273.8175
288.8755: -2.376853,-2.012212,1.615662,277.624
289.0978: -2.377337,-2.015525,1.615285,279.9438
289.32: -2.383263,-2.017416,1.617633,284.9962
289.5422: -2.401278,-2.011976,1.60957,311.4301
289.7645: -2.398391,-2.006974,1.58464,359.7451
289.9867: -2.310965,-2.026952,1.577375,49.71359
290.2089: -2.202873,-2.076109,1.575068,81.76923
290.4311: -2.185496,-2.124637,1.564164,99.94702
290.6534: -2.224788,-2.142276,1.562184,121.9442
290.8755: -2.26685,-2.123587,1.561621,137.9331
291.0978: -2.329346,-2.165822,1.567414,156.278
291.32: -2.359589,-2.29124,1.562634,156.1594
291.5422: -2.36414,-2.488688,1.549121,139.3137
291.7645: -2.350399,-2.648231,1.560124,113.7178
291.9867: -2.302874,-2.739841,1.559702,98.94028
292.2089: -2.186093,-2.810861,1.539736,87.56273
292.4311: -2.027179,-2.893003,1.561432,81.30355
292.6534: -1.864728,-2.989351,1.577509,83.53403
292.8755: -1.64184,-3.080889,1.544389,85.85244
293.0978: -1.389531,-3.151919,1.579082,82.83128
293.32: -1.141742,-3.146911,1.576035,79.55074
293.5422: -0.8885236,-3.097903,1.557629,80.00321
293.7645: -0.6295841,-3.078518,1.607799,82.40759
293.9867: -0.372535,-3.091814,1.574058,83.12336
294.2089: -0.09019262,-3.13993,1.584324,79.25669
294.4311: 0.1761664,-3.138226,1.607614,76.01797
294.6534: 0.4362427,-3.093075,1.571472,73.68073
294.8755: 0.677995,-3.040487,1.610416,70.28054
295.0978: 0.9296459,-2.993917,1.598461,57.15689
295.32: 1.197842,-2.942116,1.577056,36.90266
295.5422: 1.410869,-2.849193,1.616517,11.22112
295.7645: 1.536367,-2.723031,1.596177,357.2514
295.9867: 1.635472,-2.534944,1.601373,5.061887
296.2089: 1.726845,-2.34578,1.618151,2.571103
296.4311: 1.808557,-2.13175,1.5968,356.3255
296.6534: 1.876253,-1.893522,1.592137,350.3386
296.8755: 1.881789,-1.701004,1.632248,349.5061
297.0978: 1.835604,-1.545201,1.608416,350.4725
Trial Result: Success object: Harp | Time Spent: 8.763075
Trial No.:8 Ends
Trial No.:12 Begins
User confirmed on object: Trashcan, this maze officially starts.
307.42: 2.342897,1.099606,1.693875,92.29494
307.6422: 2.350332,1.092805,1.691555,95.78445
307.8644: 2.352124,1.083095,1.689103,102.6131
308.0867: 2.359106,1.082783,1.687943,103.7549
308.3089: 2.379485,1.10171,1.691174,95.10339
308.5311: 2.415315,1.107468,1.692065,98.53736
308.7533: 2.443598,1.163657,1.67728,61.68447
308.9756: 2.42858,1.17121,1.667289,10.02848
309.1978: 2.442199,1.122614,1.657585,333.0653
309.42: 2.419682,1.078315,1.653508,297.0875
309.6422: 2.337704,1.039032,1.652655,278.7027
309.8644: 2.179152,1.009262,1.647633,274.1859
310.0867: 1.999841,0.992098,1.658845,276.8213
310.3089: 1.794855,1.002713,1.635654,277.077
310.5311: 1.544809,1.036987,1.610393,273.3832
310.7533: 1.290236,1.044729,1.64181,274.3643
310.9756: 1.04599,1.016809,1.602845,284.4684
311.1978: 0.7873633,0.991416,1.613024,300.964
311.42: 0.5755608,1.060625,1.625814,317.3442
311.6422: 0.3977578,1.210154,1.594864,321.5881
311.8644: 0.2547262,1.383164,1.617772,330.3579
312.0867: 0.1197152,1.561199,1.595661,337.996
312.3089: -0.01511557,1.79127,1.596114,339.2328
312.5311: -0.0888238,2.035914,1.618665,335.89
312.7533: -0.1294583,2.2996,1.574381,320.7138
312.9756: -0.1853233,2.545178,1.618204,294.4907
313.1978: -0.2957841,2.699072,1.612139,275.3159
313.42: -0.4851122,2.808602,1.59299,269.7034
313.6422: -0.6799801,2.902437,1.616783,259.9968
313.8644: -0.8823941,2.982862,1.592289,247.2988
314.0867: -1.108921,3.035816,1.586027,227.9674
314.3089: -1.279764,3.000969,1.608984,201.5124
314.5311: -1.389921,2.902217,1.580828,190.4533
314.7533: -1.476258,2.793094,1.599452,180.9895
314.9756: -1.564297,2.730427,1.604225,168.2632
Trial Result: Success object: Table | Time Spent: 7.863541
Trial No.:12 Ends
Trial No.:16 Begins
User confirmed on object: Wheelbarrow, this maze officially starts.
331.82: 0.4069675,-0.1718372,1.655487,277.8689
332.0422: 0.4125914,-0.1647451,1.655041,281.8425
332.2645: 0.4176572,-0.1525597,1.653017,290.5735
332.4867: 0.4173689,-0.151456,1.652803,291.1086
332.7089: 0.41057,-0.1565265,1.652367,285.4564
332.9311: 0.3895267,-0.1884707,1.648116,254.6193
333.1534: 0.3795792,-0.2315587,1.621812,205.9075
333.3755: 0.3600125,-0.3070379,1.6055,178.5301
333.5978: 0.3457719,-0.4264019,1.595371,163.6367
333.82: 0.3461979,-0.5324494,1.601442,139.5556
334.0422: 0.3411213,-0.6561095,1.583205,121.6019
334.2645: 0.3726131,-0.7941899,1.60051,113.1346
334.4867: 0.5062516,-0.8896061,1.58736,112.6163
334.7089: 0.7468105,-0.9225738,1.578079,116.5668
334.9311: 0.9517902,-0.9541214,1.627918,117.8727
335.1534: 1.119387,-1.028157,1.606871,131.6596
335.3755: 1.298068,-1.160169,1.601993,145.7406
335.5978: 1.453656,-1.289851,1.623802,162.727
335.82: 1.590713,-1.420355,1.601215,183.3905
336.0422: 1.708256,-1.560713,1.595896,203.6983
336.2645: 1.707917,-1.601865,1.631294,245.0003
336.4867: 1.67605,-1.505562,1.628295,283.5855
336.7089: 1.565114,-1.345011,1.609681,289.9317
336.9311: 1.397053,-1.195788,1.614738,280.3372
337.1534: 1.186799,-1.149188,1.600527,265.7001
337.3755: 0.916302,-1.15159,1.565397,266.9738
337.5978: 0.6627511,-1.137372,1.621058,268.1356
337.82: 0.4231528,-1.083997,1.585322,265.5265
338.0422: 0.1607828,-1.013936,1.591463,257.2579
338.2645: -0.06639777,-1.045312,1.608733,244.9566
338.4867: -0.2760762,-1.164758,1.57402,232.2156
338.7089: -0.4661105,-1.304239,1.596707,216.4228
338.9311: -0.6403821,-1.459845,1.579687,199.5096
339.1534: -0.8182967,-1.646291,1.570588,194.9126
339.3755: -0.9137148,-1.865051,1.583512,195.4702
339.5978: -0.9547573,-2.115366,1.535012,203.9635
339.82: -0.9998466,-2.399331,1.577906,229.8946
340.0422: -1.07104,-2.57924,1.591164,249.2334
340.2645: -1.216649,-2.715394,1.561475,260.2263
340.4867: -1.39349,-2.82862,1.575082,281.266
340.7089: -1.546451,-2.955427,1.568791,289.7351
340.9311: -1.718019,-3.080396,1.560982,297.2336
341.1534: -1.893137,-3.133219,1.578775,307.1272
341.3755: -2.066318,-3.092464,1.543458,309.015
341.5978: -2.277366,-2.925218,1.545156,302.8708
341.82: -2.449538,-2.795562,1.583831,300.4394
Trial Result: Success object: Plant | Time Spent: 10.36143
Trial No.:16 Ends
Trial No.:20 Begins
User confirmed on object: Well, this maze officially starts.
356.22: 1.5234,-2.013002,1.658998,88.80768
356.4422: 1.525321,-2.023992,1.659069,92.78221
356.6645: 1.531272,-2.028125,1.658306,92.93484
356.8867: 1.545131,-2.008172,1.654601,74.99639
357.1089: 1.557323,-1.97378,1.635268,42.02041
357.3311: 1.575531,-1.908549,1.611809,19.89837
357.5533: 1.619608,-1.759158,1.602972,17.0746
357.7756: 1.68415,-1.586511,1.627569,24.70594
357.9978: 1.78009,-1.439341,1.621059,29.39479
358.22: 1.928506,-1.272131,1.588126,30.89715
358.4422: 2.10909,-1.087944,1.615853,23.59377
358.6645: 2.237537,-0.9091123,1.63369,17.28902
358.8867: 2.338784,-0.6812718,1.599815,14.73628
359.1089: 2.433656,-0.4525421,1.637476,4.730646
359.3311: 2.557711,-0.2490121,1.632687,357.6624
359.5533: 2.695317,-0.02043245,1.613577,355.1546
359.7756: 2.77735,0.2004082,1.658017,352.7452
359.9978: 2.795786,0.413831,1.628881,352.9512
360.22: 2.764146,0.6741405,1.628593,353.3657
360.4422: 2.754421,0.9105234,1.664858,354.3754
360.6645: 2.770298,1.147616,1.631626,352.8637
360.8867: 2.809806,1.394662,1.63739,351.308
361.1089: 2.809316,1.605499,1.6631,349.1703
361.3311: 2.776237,1.817603,1.631936,346.6339
361.5533: 2.712565,2.044294,1.652559,341.866
361.7756: 2.663087,2.247571,1.66143,323.4544
361.9978: 2.628511,2.45889,1.638631,302.8063
362.22: 2.580129,2.664222,1.646931,278.4281
362.4422: 2.519672,2.791812,1.66789,259.1198
362.6645: 2.443007,2.854744,1.66501,250.1887
Trial Result: Success object: Piano | Time Spent: 6.773613
Trial No.:20 Ends
Trial No.:2 Begins
User confirmed on object: Stove, this maze officially starts.
383.2422: -2.314983,3.017467,1.623294,268.7582
383.4644: -2.313522,3.015837,1.625336,267.0469
383.6867: -2.310137,3.018188,1.627448,267.5086
383.9089: -2.308509,3.016474,1.628552,268.2119
384.1311: -2.308431,3.001811,1.628675,262.1785
384.3533: -2.313828,2.973755,1.626487,236.2105
384.5756: -2.304097,2.978508,1.609108,181.1556
384.7978: -2.295383,3.025221,1.588082,141.7671
385.02: -2.263818,3.044775,1.582606,120.1871
385.2422: -2.184597,3.003979,1.585184,125.2424
385.4644: -2.069974,2.920545,1.585775,148.3261
385.6867: -1.987945,2.818668,1.593131,162.5589
385.9089: -1.954003,2.667709,1.570542,173.3498
386.1311: -1.953998,2.470746,1.568664,172.9307
386.3533: -1.928716,2.279174,1.600045,167.4288
386.5756: -1.873924,2.101,1.58031,163.5525
386.7978: -1.786311,1.894353,1.588695,159.3604
387.02: -1.709169,1.704864,1.604228,148.8261
387.2422: -1.626553,1.533915,1.583155,122.7841
387.4644: -1.561055,1.342971,1.583789,101.139
387.6867: -1.468255,1.189057,1.60415,88.82463
387.9089: -1.325591,1.100967,1.585255,85.97557
388.1311: -1.121298,1.076451,1.58881,90.43441
388.3533: -0.9341767,1.053527,1.613982,91.1608
388.5756: -0.7533574,1.012753,1.59493,94.23308
388.7978: -0.5784079,0.9323009,1.587934,118.0193
389.02: -0.4286968,0.8682579,1.601395,150.5459
389.2422: -0.2849844,0.8228134,1.591467,174.047
389.4644: -0.1286033,0.7799586,1.603234,189.6294
389.6867: -0.02737866,0.7316632,1.618253,200.1874
Trial Result: Success object: Wheelbarrow | Time Spent: 6.798365
Trial No.:2 Ends
Trial No.:3 Begins
User confirmed on object: Piano, this maze officially starts.
408.4644: 1.919452,3.433249,1.69619,187.6208
408.6867: 1.918598,3.430821,1.694144,187.9363
408.9089: 1.915537,3.427233,1.692665,190.234
409.1311: 1.894978,3.410178,1.687275,204.1755
409.3533: 1.859764,3.378637,1.658528,236.5892
409.5756: 1.780692,3.35552,1.642646,247.2567
409.7978: 1.625304,3.356321,1.623619,246.0656
410.02: 1.42186,3.360472,1.631325,239.0946
410.2422: 1.249168,3.312652,1.631464,235.7015
410.4644: 1.061079,3.196623,1.606318,235.6557
410.6867: 0.8629701,3.06293,1.636362,233.3148
410.9089: 0.6808029,2.959208,1.634168,223.274
411.1311: 0.459835,2.845155,1.598684,209.6858
411.3533: 0.260628,2.70364,1.633059,194.8102
411.5756: 0.154716,2.517277,1.61048,186.7063
411.7978: 0.1122585,2.263916,1.608626,187.595
412.02: 0.05950499,2.034004,1.635608,188.2999
412.2422: -0.01390681,1.803172,1.598048,191.8872
412.4644: -0.08368544,1.557634,1.60405,187.3717
412.6867: -0.07591285,1.313318,1.618224,181.5179
412.9089: -0.02010991,1.049907,1.581577,180.4426
413.1311: 0.02171361,0.7904854,1.626632,185.8747
413.3533: 0.02329805,0.5503578,1.603169,189.1609
413.5756: -0.01628212,0.286746,1.586776,189.5624
413.7978: -0.04416389,0.04298053,1.613086,196.1891
414.02: -0.05098771,-0.198473,1.58023,205.034
414.2422: -0.06598531,-0.452834,1.593744,219.6163
414.4644: -0.1355379,-0.6533054,1.611459,234.5663
414.6867: -0.258608,-0.8339829,1.574386,227.6493
414.9089: -0.4504382,-1.014089,1.58671,210.1278
415.1311: -0.5837274,-1.194477,1.60212,193.2105
415.3533: -0.6698161,-1.396936,1.561089,184.4903
415.5756: -0.7505774,-1.628718,1.584183,184.1837
415.7978: -0.8432848,-1.847935,1.586316,184.5243
416.02: -0.9458607,-2.072487,1.558483,191.2289
416.2422: -1.020293,-2.289649,1.585966,210.5434
416.4644: -1.045841,-2.48944,1.56204,242.6387
416.6867: -1.037312,-2.701073,1.559886,270.3722
416.9089: -1.033626,-2.86684,1.589963,284.231
417.1311: -1.059487,-2.964132,1.584715,290.9893
Trial Result: Success object: Mailbox | Time Spent: 8.895351
Trial No.:3 Ends
Trial No.:6 Begins
User confirmed on object: Table, this maze officially starts.
429.3978: -2.151633,2.047892,1.623823,88.52686
429.62: -2.161739,2.05174,1.627213,90.11799
429.8422: -2.170028,2.050744,1.628719,92.70676
430.0645: -2.175591,2.049356,1.629354,95.66299
430.2867: -2.174619,2.043503,1.630475,99.70708
430.5089: -2.165211,2.042806,1.627549,98.77916
430.7311: -2.143758,2.056791,1.628972,93.59785
430.9533: -2.106656,2.052025,1.624607,112.3313
431.1756: -2.087107,2.007746,1.592969,149.4882
431.3978: -2.121039,1.912944,1.574883,175.3676
431.62: -2.154053,1.767198,1.563254,166.8092
431.8422: -2.13076,1.642686,1.584909,131.9249
432.0645: -2.070475,1.549275,1.580696,118.991
432.2867: -1.909163,1.461017,1.570161,115.0784
432.5089: -1.689209,1.361989,1.596478,111.4311
432.7311: -1.512086,1.24819,1.597198,104.9113
432.9533: -1.320161,1.109369,1.567856,99.94658
433.1756: -1.108699,0.9972727,1.607828,90.76382
433.3978: -0.8800867,0.9393941,1.587833,95.02017
433.62: -0.6085854,0.910472,1.569651,113.4249
433.8422: -0.3882459,0.838371,1.62378,140.5355
434.0645: -0.2521406,0.7136408,1.596281,154.8449
434.2867: -0.1567416,0.5142805,1.598496,158.7026
434.5089: -0.07441447,0.3102608,1.618519,171.6387
434.7311: 0.00210991,0.1148633,1.589829,186.0822
434.9533: 0.09411532,-0.07608283,1.607507,170.992
435.1756: 0.14859,-0.2800077,1.598748,143.3974
435.3978: 0.1692726,-0.5047649,1.584141,126.5043
435.62: 0.240065,-0.6748464,1.612835,114.464
435.8422: 0.3957856,-0.7771943,1.585376,112.1609
436.0645: 0.6420598,-0.837826,1.603296,120.8901
436.2867: 0.8471234,-0.926443,1.627343,125.628
436.5089: 1.0442,-1.060064,1.590315,129.6721
436.7311: 1.240636,-1.237067,1.599655,130.8436
436.9533: 1.413324,-1.382362,1.612859,151.1662
437.1756: 1.594957,-1.534124,1.582482,169.3667
437.3978: 1.726169,-1.705755,1.620744,186.4161
437.62: 1.761688,-1.911173,1.59483,198.0397
437.8422: 1.708223,-2.143901,1.591428,207.2796
438.0645: 1.672695,-2.336173,1.61099,226.0027
438.2867: 1.650286,-2.516764,1.585909,246.5509
438.5089: 1.634757,-2.686103,1.600439,269.3966
438.7311: 1.604128,-2.802121,1.617931,278.8994
Trial Result: Success object: Chair | Time Spent: 9.706903
Trial No.:6 Ends
Trial No.:9 Begins
User confirmed on object: Bookshelf, this maze officially starts.
454.4311: 1.786592,1.346424,1.684953,183.1817
454.6534: 1.779139,1.342011,1.684716,188.1716
454.8756: 1.771791,1.338621,1.682607,192.4128
455.0978: 1.78186,1.332546,1.681517,185.3544
455.32: 1.798249,1.318007,1.681661,180.1761
455.5422: 1.807443,1.306873,1.680083,182.3919
455.7645: 1.806801,1.299051,1.678564,189.4184
455.9867: 1.771594,1.283369,1.661829,228.1985
456.2089: 1.727612,1.269552,1.634094,264.7108
456.4311: 1.617291,1.253561,1.623007,277.3485
456.6534: 1.449553,1.236367,1.618772,272.221
456.8756: 1.26196,1.192836,1.63257,270.7808
457.0978: 1.062722,1.11642,1.597719,272.3256
457.32: 0.8341337,1.053814,1.616575,283.985
457.5422: 0.6518428,1.098264,1.625983,308.7653
457.7645: 0.4832897,1.212099,1.587894,320.094
457.9867: 0.3223196,1.363629,1.609468,327.0085
458.2089: 0.181823,1.527888,1.592343,338.076
458.4311: 0.04351068,1.728024,1.587094,341.7114
458.6534: -0.04461181,1.946513,1.620267,340.4099
458.8756: -0.08022504,2.182658,1.581139,329.6523
459.0978: -0.0877804,2.442849,1.608407,312.2909
459.32: -0.1491687,2.624896,1.633638,295.5281
459.5422: -0.2821264,2.760351,1.604331,284.0102
459.7645: -0.4574994,2.881566,1.617441,278.5178
459.9867: -0.6234916,3.010365,1.610956,269.3546
460.2089: -0.8312684,3.145553,1.580446,263.325
460.4311: -1.04579,3.23409,1.618025,257.4135
460.6534: -1.251301,3.246521,1.587844,256.8025
460.8756: -1.49041,3.192661,1.581757,257.1032
461.0978: -1.70061,3.168065,1.60596,259.9153
461.32: -1.8966,3.178369,1.58286,260.2293
461.5422: -2.084112,3.198032,1.593973,258.3749
461.7645: -2.217023,3.159402,1.594441,258.9756
461.9867: -2.31788,3.089685,1.582595,261.0841
Trial Result: Success object: Stove | Time Spent: 7.984783
Trial No.:9 Ends
Trial No.:21 Begins
User confirmed on object: Mailbox, this maze officially starts.
478.0978: -1.701772,-3.452356,1.608692,355.0942
478.32: -1.691571,-3.453777,1.610672,357.4314
478.5422: -1.678992,-3.442336,1.61093,4.020952
478.7645: -1.682532,-3.422224,1.610898,4.485197
478.9867: -1.693196,-3.400292,1.612764,357.7552
479.2089: -1.673838,-3.379748,1.608877,5.599274
479.4311: -1.632414,-3.34409,1.58216,32.62498
479.6534: -1.555281,-3.304418,1.559035,49.09206
479.8756: -1.400947,-3.239996,1.542739,46.72125
480.0978: -1.232229,-3.1434,1.551654,25.91456
480.32: -1.138547,-3.019825,1.564323,15.65432
480.5422: -1.081312,-2.835115,1.538244,13.14671
480.7645: -1.038266,-2.607554,1.577542,14.35966
480.9867: -0.9761816,-2.400312,1.58601,12.26812
481.2089: -0.9007599,-2.170935,1.555745,14.20306
481.4311: -0.8446127,-1.947354,1.587393,14.74608
481.6534: -0.826615,-1.737635,1.581519,27.22994
481.8756: -0.7990741,-1.508337,1.561559,46.24921
482.0978: -0.7265996,-1.319101,1.601424,69.47952
482.32: -0.5953466,-1.194186,1.577831,79.67
482.5422: -0.3833105,-1.127701,1.589561,79.01206
482.7645: -0.1854049,-1.078143,1.610247,86.26077
482.9867: 0.03203533,-1.007479,1.577488,88.53552
483.2089: 0.2766514,-0.9364202,1.603948,92.24134
483.4311: 0.5031365,-0.9210998,1.62405,96.57156
483.6534: 0.7526804,-0.9491035,1.586449,94.77432
483.8756: 1.015175,-0.9963504,1.616353,84.58005
484.0978: 1.301049,-0.9936022,1.619118,79.70427
484.32: 1.572167,-0.9440838,1.59294,76.8007
484.5422: 1.80404,-0.8920568,1.637166,67.79385
484.7645: 2.003713,-0.8335667,1.612806,47.91261
484.9867: 2.204764,-0.7723564,1.599668,32.69836
485.2089: 2.386575,-0.6535884,1.642544,19.88187
485.4311: 2.489855,-0.4947177,1.609247,14.57429
485.6534: 2.548046,-0.279736,1.623856,21.41348
485.8756: 2.607,-0.1211562,1.646401,23.44947
486.0978: 2.680567,0.008374316,1.630892,22.6941
486.32: 2.766254,0.1386572,1.647277,19.65409
Trial Result: Success object: Trashcan | Time Spent: 8.505966
Trial No.:21 Ends
Trial No.:11 Begins
User confirmed on object: Trashcan, this maze officially starts.
498.9644: 2.378987,1.095193,1.697748,96.3223
499.1867: 2.383598,1.088003,1.695168,96.55766
499.4089: 2.394376,1.086893,1.692455,97.1298
499.6311: 2.4074,1.088381,1.692637,99.57014
499.8533: 2.430856,1.086321,1.69009,121.0564
500.0756: 2.426867,1.070486,1.66516,175.9931
500.2978: 2.32795,1.073274,1.657673,224.8146
500.52: 2.203835,1.082595,1.638412,246.439
500.7422: 2.100176,1.085977,1.626507,259.7191
500.9644: 1.995114,1.060974,1.64239,267.576
501.1867: 1.833398,0.9940554,1.620081,263.5054
501.4089: 1.63418,0.9120027,1.638679,257.2701
501.6311: 1.430255,0.9109111,1.65127,263.2525
501.8533: 1.194217,0.9435862,1.605632,263.2285
502.0756: 0.9364781,0.9917139,1.62427,261.0664
502.2978: 0.6864587,0.9698859,1.617562,256.2101
502.52: 0.3974437,0.917981,1.590148,264.6413
502.7422: 0.1204755,0.9021862,1.631274,274.0802
502.9644: -0.1514069,0.9269021,1.583596,274.1862
503.1867: -0.4421015,0.989264,1.592655,270.875
503.4089: -0.7033508,0.9945034,1.604202,274.2429
503.6311: -0.9885232,0.9435242,1.565098,269.3491
503.8533: -1.264186,0.9144986,1.604353,267.3318
504.0756: -1.525842,0.9186738,1.571863,257.9474
504.2978: -1.812231,0.9424171,1.560802,241.5901
504.52: -2.041109,0.8988707,1.59217,217.8788
504.7422: -2.233374,0.7989732,1.547341,199.2249
504.9644: -2.390924,0.6883647,1.568239,178.0224
505.1867: -2.530127,0.6144957,1.571495,159.9826
505.4089: -2.667951,0.5308968,1.561011,145.9646
505.6311: -2.74113,0.4454974,1.590976,132.1627
Trial Result: Success object: Telescope | Time Spent: 6.896481
Trial No.:11 Ends
Trial No.:18 Begins
User confirmed on object: Harp, this maze officially starts.
522.1311: 1.76905,-1.41191,1.662219,357.0678
522.3533: 1.76871,-1.411984,1.661587,358.024
522.5756: 1.770041,-1.407458,1.661012,357.6476
522.7978: 1.763564,-1.394045,1.660991,348.3544
523.02: 1.722262,-1.361136,1.632946,304.5522
523.2422: 1.63834,-1.307926,1.606115,281.5213
523.4645: 1.460302,-1.239572,1.599855,274.0852
523.6867: 1.275678,-1.185215,1.62486,272.1454
523.9089: 1.088607,-1.119239,1.603408,269.3447
524.1311: 0.8591302,-1.033852,1.58255,265.8699
524.3533: 0.6172504,-1.000464,1.620477,259.2144
524.5756: 0.372983,-1.03206,1.580163,258.5062
524.7978: 0.109837,-1.100237,1.594227,266.9634
525.02: -0.1216466,-1.116583,1.612633,271.637
525.2422: -0.377301,-1.094756,1.575845,273.7769
525.4645: -0.6426864,-1.072751,1.598585,267.8653
525.6867: -0.8924336,-1.089831,1.582969,266.596
525.9089: -1.154118,-1.120112,1.566312,270.4116
526.1311: -1.392879,-1.11757,1.594634,268.9556
526.3533: -1.617043,-1.052258,1.559518,283.9268
526.5756: -1.832487,-0.9495411,1.564567,302.2508
526.7978: -2.040126,-0.8885168,1.573773,322.9959
527.02: -2.253257,-0.8357503,1.538713,347.9651
527.2422: -2.448185,-0.7802547,1.574608,6.135187
527.4645: -2.562752,-0.7171479,1.574611,18.45465
Trial Result: Success object: Telescope | Time Spent: 5.707773
Trial No.:18 Ends
Trial No.:10 Begins
User confirmed on object: Bookshelf, this maze officially starts.
539.4645: 1.770508,1.271437,1.686163,184.6035
539.6867: 1.762172,1.268118,1.684842,192.3027
539.9089: 1.755616,1.263849,1.682238,198.6158
540.1311: 1.766485,1.254133,1.681817,190.5959
540.3533: 1.782013,1.238466,1.681052,175.4148
540.5756: 1.772985,1.219478,1.678164,174.0774
540.7978: 1.753018,1.204859,1.676403,180.2588
541.02: 1.686205,1.201583,1.660366,210.237
541.2422: 1.549034,1.223319,1.633716,233.5479
541.4645: 1.364957,1.249007,1.614795,242.0255
541.6867: 1.196266,1.229949,1.628736,246.3445
541.9089: 1.016741,1.152202,1.595275,245.5571
542.1311: 0.8161352,1.02793,1.617859,239.9236
542.3533: 0.6235248,0.9302415,1.62323,225.7568
542.5756: 0.3951654,0.8172764,1.5757,210.0923
542.7978: 0.2146219,0.68132,1.61425,192.625
543.02: 0.136876,0.5003625,1.600373,188.5117
543.2422: 0.1235858,0.2360423,1.590681,196.4751
543.4645: 0.08289558,0.00279433,1.635207,207.6922
543.6867: 0.01706783,-0.218179,1.596068,211.6481
543.9089: -0.09606387,-0.4295073,1.590494,219.1967
544.1311: -0.1880589,-0.6034775,1.609637,235.53
544.3533: -0.2979079,-0.793781,1.580441,243.4014
544.5756: -0.4702498,-0.9466535,1.611007,259.0322
544.7978: -0.6793208,-1.005185,1.584879,268.8472
545.02: -0.9461679,-0.9970096,1.567983,262.0696
545.2422: -1.200012,-1.006387,1.605933,257.309
545.4645: -1.445095,-1.061533,1.563655,254.382
545.6867: -1.700848,-1.137003,1.566505,258.0926
545.9089: -1.907671,-1.179899,1.588698,248.4843
546.1311: -2.118766,-1.208705,1.552165,234.9333
546.3533: -2.32132,-1.23166,1.573376,223.3156
546.5756: -2.454631,-1.291616,1.589396,219.3282
Trial Result: Success object: Plant | Time Spent: 7.529987
Trial No.:10 Ends
Trial No.:13 Begins
User confirmed on object: Telescope, this maze officially starts.
560.7311: -3.028278,-0.01160674,1.612562,93.56415
560.9534: -3.025409,-0.01519899,1.613436,97.84191
561.1756: -3.020102,-0.01438015,1.610524,99.43229
561.3978: -3.013484,0.002177328,1.610318,91.12095
561.62: -3.008606,0.009698716,1.609802,90.76311
561.8422: -2.998341,0.007676854,1.608536,98.8073
562.0645: -2.970584,-0.003308618,1.584397,120.3689
562.2867: -2.931072,-0.07663845,1.567577,128.8591
562.5089: -2.894062,-0.2555987,1.540455,128.349
562.7311: -2.844717,-0.4490355,1.548518,120.5313
562.9534: -2.75307,-0.57377,1.565112,114.9836
563.1756: -2.590198,-0.6557256,1.535875,111.6632
563.3978: -2.374424,-0.7263286,1.567152,108.4617
563.62: -2.176755,-0.8071632,1.578379,100.0992
563.8422: -1.949001,-0.9117659,1.544113,96.49215
564.0645: -1.699903,-0.998685,1.573652,89.64643
564.2867: -1.459985,-1.008531,1.578695,86.00883
564.5089: -1.183658,-0.9732373,1.554883,84.50798
564.7311: -0.9084713,-0.9629042,1.613407,90.33482
564.9534: -0.6405795,-0.9987502,1.583963,93.75389
565.1756: -0.344771,-1.058335,1.593928,91.29902
565.3978: -0.08121839,-1.059726,1.620857,91.27239
565.62: 0.2031174,-1.019426,1.577689,93.96835
565.8422: 0.4651664,-1.00104,1.620875,103.5544
566.0645: 0.692427,-1.032254,1.613544,108.9901
566.2867: 0.9374564,-1.113815,1.590356,109.6596
566.5089: 1.161003,-1.185729,1.620313,115.3792
566.7311: 1.366343,-1.228305,1.598668,123.5314
566.9534: 1.567928,-1.261038,1.606264,132.8347
567.1756: 1.693406,-1.307482,1.635924,137.7805
567.3978: 1.76885,-1.374223,1.627973,134.5483
Trial Result: Success object: Well | Time Spent: 6.973989
Trial No.:13 Ends
Trial No.:17 Begins
User confirmed on object: Harp, this maze officially starts.
581.0089: 1.748134,-1.320781,1.663362,358.5805
581.2311: 1.747612,-1.316104,1.667978,358.246
581.4534: 1.759503,-1.307923,1.667771,7.753888
581.6756: 1.749004,-1.298997,1.6685,359.2858
581.8978: 1.71006,-1.284868,1.657994,324.1486
582.12: 1.669144,-1.251305,1.626666,298.6427
582.3422: 1.54787,-1.207319,1.607722,292.364
582.5645: 1.348227,-1.172173,1.617842,293.229
582.7867: 1.173194,-1.118962,1.625666,290.9771
583.0089: 1.000336,-1.036759,1.602607,286.8808
583.2311: 0.8180385,-0.941226,1.596587,289.8665
583.4534: 0.6466299,-0.8932599,1.616873,298.3094
583.6756: 0.4623819,-0.8498611,1.580716,313.1171
583.8978: 0.2645834,-0.7658978,1.594524,333.3405
584.12: 0.1524362,-0.6417334,1.605493,358.3227
584.3422: 0.1063935,-0.4711855,1.578953,6.14546
584.5645: 0.1072753,-0.2640347,1.602267,356.1463
584.7867: 0.09777124,-0.07103142,1.61786,354.1388
585.0089: 0.06735852,0.137214,1.588395,352.7874
585.2311: 0.01750199,0.3387065,1.612057,339.3227
585.4534: -0.0374608,0.5141875,1.608504,315.2556
585.6756: -0.09990829,0.6954268,1.589635,299.3903
585.8978: -0.2147819,0.829669,1.615894,287.0392
586.12: -0.3931103,0.8965064,1.5762,286.8854
586.3422: -0.6533431,0.9132156,1.593229,290.4284
586.5645: -0.8817502,0.9635572,1.612968,295.002
586.7867: -1.09067,1.050548,1.567238,295.477
587.0089: -1.289624,1.18416,1.584647,299.9362
587.2311: -1.470233,1.306282,1.600008,317.6799
587.4534: -1.664623,1.438698,1.571445,329.4153
587.6756: -1.821906,1.584153,1.596247,340.9835
587.8978: -1.924255,1.758059,1.578447,338.7509
588.12: -1.974299,1.975984,1.561985,328.2234
588.3422: -2.023962,2.194747,1.604684,316.7452
588.5645: -2.105489,2.341627,1.580226,306.8883
588.7867: -2.229004,2.462668,1.570957,304.9276
589.0089: -2.32922,2.575129,1.589664,295.7963
589.2311: -2.427894,2.694949,1.595654,284.4314
589.4534: -2.536518,2.822769,1.586812,273.8715
Trial Result: Success object: Stove | Time Spent: 8.729856
Trial No.:17 Ends
Trial No.:7 Begins
User confirmed on object: Plant, this maze officially starts.
601.5311: -2.448637,-2.071068,1.623348,270.4118
601.7534: -2.450075,-2.058013,1.623834,273.5555
601.9756: -2.45456,-2.046123,1.621843,277.5664
602.1978: -2.462196,-2.038631,1.621289,279.9796
602.42: -2.475009,-2.01477,1.617201,290.5975
602.6422: -2.470973,-1.943436,1.597976,326.2478
602.8644: -2.460938,-1.913828,1.585575,3.646337
603.0867: -2.481721,-1.90793,1.561838,28.69492
603.3089: -2.491273,-1.853093,1.556793,38.1848
603.5311: -2.458372,-1.735921,1.549929,36.35919
603.7534: -2.406151,-1.593658,1.562102,37.03339
603.9756: -2.361769,-1.430856,1.550839,52.2727
604.1978: -2.328856,-1.261541,1.561691,72.53332
604.42: -2.242048,-1.149503,1.565274,85.22176
604.6422: -2.049295,-1.098432,1.540577,86.88032
604.8644: -1.803049,-1.080391,1.570743,84.38356
605.0867: -1.584896,-1.038245,1.588547,84.45526
605.3089: -1.35402,-0.9695387,1.559089,85.44084
605.5311: -1.118389,-0.9267001,1.606953,88.93401
605.7534: -0.8696436,-0.9300143,1.581452,88.56979
605.9756: -0.5884011,-0.9801891,1.579511,85.78766
606.1978: -0.3248527,-1.004028,1.616547,84.56569
606.42: -0.05120528,-0.9938157,1.577589,86.25756
606.6422: 0.2349619,-0.9810424,1.610558,91.71579
606.8644: 0.506674,-1.010437,1.61226,93.52819
607.0867: 0.8040822,-1.066674,1.58283,87.13612
607.3089: 1.082224,-1.085285,1.629939,78.69992
607.5311: 1.350498,-1.045133,1.59119,74.68391
607.7534: 1.624029,-0.9700378,1.608169,68.77402
607.9756: 1.870545,-0.9065443,1.629487,55.55789
608.1978: 2.125662,-0.8405251,1.587108,40.95765
608.42: 2.339561,-0.7428829,1.633509,24.96088
608.6422: 2.470339,-0.5846123,1.614582,12.70368
608.8644: 2.55051,-0.3670623,1.621837,10.6423
609.0867: 2.644642,-0.1958704,1.644113,17.3995
609.3089: 2.745306,-0.04935172,1.624613,17.95079
609.5311: 2.851492,0.08711168,1.646506,16.3764
Trial Result: Success object: Trashcan | Time Spent: 8.418217
Trial No.:7 Ends
Trial No.:24 Begins
User confirmed on object: Chair, this maze officially starts.
626.3755: 0.8207653,-3.431966,1.634804,358.3686
626.5978: 0.8152457,-3.436388,1.63451,359.1608
626.82: 0.8113078,-3.441652,1.635962,0.02805127
627.0422: 0.8118511,-3.440884,1.635784,2.507076
627.2645: 0.8082601,-3.431982,1.63461,1.851239
627.4867: 0.8074722,-3.417983,1.635346,358.5
627.7089: 0.8292619,-3.395471,1.635987,5.066878
627.9312: 0.8476577,-3.374828,1.635273,13.89181
628.1533: 0.8549905,-3.363057,1.63347,17.03265
628.3755: 0.8875391,-3.348944,1.623723,22.33125
628.5978: 0.9914842,-3.337131,1.590956,30.4093
628.82: 1.100284,-3.285485,1.584013,35.43961
629.0422: 1.199682,-3.155977,1.561284,36.17749
629.2645: 1.297266,-2.950875,1.587937,32.58603
629.4867: 1.425296,-2.769346,1.615287,27.06223
629.7089: 1.594705,-2.593045,1.57546,24.95951
629.9312: 1.775465,-2.411351,1.597532,17.30925
630.1533: 1.870625,-2.204395,1.616063,14.66474
630.3755: 1.923687,-1.94066,1.582597,16.37101
630.5978: 1.981034,-1.668428,1.637757,20.92865
630.82: 2.079099,-1.442651,1.620532,24.24581
631.0422: 2.219326,-1.206499,1.598384,21.60567
631.2645: 2.338863,-0.961886,1.642568,18.23326
631.4867: 2.4128,-0.7110891,1.608358,18.44816
631.7089: 2.48016,-0.4565915,1.615745,22.26575
631.9312: 2.572907,-0.2604529,1.640959,24.78111
632.1533: 2.690094,-0.07202946,1.611478,20.48993
632.3755: 2.78988,0.09791684,1.648957,9.16491
632.5978: 2.820691,0.223276,1.656409,9.158556
Trial Result: Success object: Trashcan | Time Spent: 6.440409
Trial No.:24 Ends
Trial No.:4 Begins
User confirmed on object: Piano, this maze officially starts.
657.1089: 1.792964,3.346308,1.688059,179.0193
657.3311: 1.784706,3.339474,1.692883,186.2581
657.5533: 1.772484,3.329452,1.691281,194.6039
657.7756: 1.774456,3.31637,1.689262,192.5524
657.9978: 1.774699,3.304979,1.687385,188.1943
658.22: 1.781498,3.282744,1.681561,178.0221
658.4423: 1.781227,3.250158,1.660937,159.7014
658.6645: 1.791442,3.21473,1.633145,141.3574
658.8867: 1.866578,3.169027,1.626838,141.1017
659.1089: 2.041486,3.115365,1.618963,147.0704
659.3311: 2.230359,3.047377,1.648199,153.8414
659.5533: 2.336691,2.928728,1.645631,167.0007
659.7756: 2.418701,2.733306,1.620044,174.1758
659.9978: 2.481446,2.497533,1.649865,178.9614
660.22: 2.557141,2.288966,1.651372,193.1024
660.4423: 2.654103,2.063045,1.625702,201.7722
660.6645: 2.704746,1.845699,1.66937,215.5328
660.8867: 2.683515,1.647825,1.648783,228.2374
661.1089: 2.593666,1.464693,1.625754,236.7449
661.3311: 2.497697,1.318228,1.650146,254.7807
661.5533: 2.376665,1.173113,1.621398,270.8139
661.7756: 2.21474,1.034849,1.642408,276.3866
661.9978: 2.014576,0.9720595,1.637215,267.0635
662.22: 1.759948,1.000041,1.59714,265.0416
662.4423: 1.491564,1.036031,1.634527,257.335
662.6645: 1.252107,1.019453,1.616945,251.6172
662.8867: 0.9958907,0.9631451,1.606284,250.4571
663.1089: 0.7550091,0.92026,1.628371,242.4894
663.3311: 0.513631,0.8765405,1.588294,225.9465
663.5533: 0.2994159,0.7892879,1.615068,200.835
663.7756: 0.1671061,0.6096302,1.59562,183.5747
663.9978: 0.1095656,0.3424532,1.595394,181.7337
664.22: 0.06968056,0.1078824,1.602877,163.6443
664.4423: 0.03450508,-0.1506075,1.555363,148.0337
664.6645: 0.03625916,-0.4002277,1.589599,132.6139
664.8867: 0.1462443,-0.5844412,1.590755,118.1585
665.1089: 0.3453419,-0.7230474,1.58505,106.837
665.3311: 0.4934904,-0.8170552,1.613208,83.32634
665.5533: 0.6425746,-0.9262227,1.594831,72.07335
665.7756: 0.8149311,-1.02743,1.607272,63.8284
665.9978: 0.9639646,-1.04467,1.631913,54.7306
Trial Result: Success object: Harp | Time Spent: 9.15131
Trial No.:4 Ends
