Participant ID: 425
Maze Mode: testing
Trial No.:15 Begins
User confirmed on object: Wheelbarrow, this maze officially starts.
101.4778: 0.3421781,0.02606605,1.603392,266.7315
101.7: 0.3629426,0.01687481,1.608961,266.0168
101.9222: 0.4144664,0.005047308,1.624403,265.0887
102.1444: 0.487636,-0.008374969,1.637066,266.0693
102.3667: 0.5390794,-0.02121858,1.635681,267.0179
102.5889: 0.5861546,-0.02790955,1.647942,269.1222
102.8111: 0.606207,-0.02461224,1.648885,268.8064
103.0333: 0.6068173,-0.01102014,1.648594,267.6169
103.2556: 0.6107888,-0.004895132,1.642073,258.3762
103.4778: 0.6258252,-0.01709697,1.629432,233.9381
103.7: 0.6380907,-0.01682233,1.620147,220.6293
103.9222: 0.6282079,-0.008242281,1.617023,226.1687
104.1444: 0.6114964,0.004687268,1.615042,238.6467
104.3667: 0.5987013,0.01527935,1.614317,248.3926
104.5889: 0.5887412,0.0190376,1.614122,252.809
104.8111: 0.5796012,0.0152903,1.612891,247.1907
105.0333: 0.5792972,0.005559861,1.605695,230.9122
105.2556: 0.5913067,-0.001873137,1.595326,213.5748
105.4778: 0.5976849,-0.007556962,1.594103,207.5359
105.7: 0.5753689,-0.01341124,1.599415,228.5834
105.9222: 0.5678608,-0.006056262,1.601303,268.0779
106.1444: 0.6013507,-0.01225261,1.596505,299.3495
106.3667: 0.6321606,-0.01844185,1.594658,315.62
106.5889: 0.6440151,-0.00876908,1.593746,323.2422
106.8111: 0.6417419,0.005230675,1.593273,328.1549
107.0333: 0.6320013,0.007823659,1.57632,331.4334
107.2556: 0.6190028,0.009623813,1.562725,334.6969
107.4778: 0.5869514,0.02192979,1.565461,335.321
107.7: 0.5166806,0.08279705,1.576312,333.5379
107.9222: 0.4487894,0.1942617,1.57772,335.6221
108.1444: 0.3664852,0.3465655,1.60302,339.0956
108.3667: 0.2762955,0.4794046,1.607549,342.2018
108.5889: 0.1843438,0.592239,1.581664,346.6499
108.8111: 0.07860215,0.7237877,1.600727,356.6007
109.0333: 0.005885804,0.8606738,1.603707,5.351944
109.2556: -0.04116978,1.030315,1.581336,4.858368
109.4778: -0.06398463,1.226364,1.586834,5.809154
109.7: -0.08389787,1.405385,1.597446,6.707186
109.9222: -0.1120537,1.620001,1.560436,11.49625
110.1444: -0.1408742,1.812229,1.584519,24.2314
110.3667: -0.1430463,1.984478,1.594617,37.6167
110.5889: -0.131661,2.156299,1.566035,42.87859
110.8111: -0.0980085,2.332258,1.580893,51.67624
111.0333: -0.06013172,2.484741,1.588286,63.39603
111.2556: -0.02850029,2.640494,1.565604,74.26257
111.4778: 0.002964816,2.793517,1.578568,88.62844
111.7: 0.05879946,2.927937,1.59009,100.418
111.9222: 0.1792625,3.062469,1.569932,104.0165
112.1444: 0.3279462,3.144948,1.58743,103.6103
112.3667: 0.4710511,3.205124,1.597055,103.1971
112.5889: 0.5927907,3.24686,1.588821,108.517
112.8111: 0.7363846,3.307792,1.590788,112.6313
113.0333: 0.8754743,3.349371,1.604902,117.2876
113.2556: 1.005877,3.35675,1.596228,121.782
113.4778: 1.142568,3.335637,1.591629,121.8621
113.7: 1.284142,3.306049,1.599976,122.6897
113.9222: 1.429678,3.293322,1.598672,121.3169
114.1444: 1.55286,3.296109,1.58739,125.5029
114.3667: 1.670405,3.317354,1.603792,132.1808
114.5889: 1.771119,3.313807,1.606606,137.9448
114.8111: 1.887189,3.281541,1.598191,141.8399
115.0333: 2.010989,3.219126,1.591132,144.6163
115.2556: 2.134452,3.161904,1.60323,150.5604
115.4778: 2.264167,3.114465,1.600895,159.9982
115.7: 2.414248,3.067051,1.586589,166.282
115.9222: 2.570831,2.982364,1.612208,179.3247
116.1444: 2.654529,2.857813,1.600199,190.7141
116.3667: 2.707759,2.65624,1.591746,196.1185
116.5889: 2.752827,2.467206,1.616253,201.0522
116.8111: 2.794173,2.279747,1.597634,205.4654
117.0333: 2.839223,2.074296,1.601721,216.0426
117.2556: 2.846859,1.885105,1.617381,229.2232
117.4778: 2.812094,1.701105,1.592799,238.6625
117.7: 2.743645,1.519853,1.608441,245.1839
117.9222: 2.654875,1.331089,1.607188,252.7966
118.1444: 2.569307,1.192584,1.598727,261.0617
118.3667: 2.443864,1.071233,1.622953,268.3994
118.5889: 2.286776,0.9934946,1.596095,270.7805
118.8111: 2.09837,0.953046,1.606809,270.6153
119.0333: 1.885834,0.9228899,1.622848,269.7929
119.2556: 1.655529,0.9041326,1.588562,273.1806
119.4778: 1.41774,0.8772683,1.605571,272.117
119.7: 1.19839,0.8695949,1.616091,265.691
119.9222: 0.9916616,0.8779389,1.588748,254.9453
120.1444: 0.7990797,0.8861031,1.607742,245.8369
120.3667: 0.6344392,0.8825375,1.590688,238.8645
120.5889: 0.4863243,0.8468822,1.584067,234.8533
120.8111: 0.3735742,0.7958964,1.603435,225.2991
121.0333: 0.2908384,0.7495475,1.611273,210.4331
121.2556: 0.1980719,0.7182256,1.604015,205.1631
121.4778: 0.1190889,0.6831417,1.612592,200.3771
121.7: 0.09727719,0.6436552,1.611273,181.8419
121.9222: 0.07615544,0.6068804,1.611052,184.5745
122.1444: 0.01485145,0.5836947,1.608015,234.8536
122.3667: 0.005935484,0.6298648,1.601477,285.1304
122.5889: 0.04762666,0.6687931,1.584518,325.9297
122.8111: 0.06972992,0.6776845,1.572842,342.1614
123.0333: 0.06163337,0.6830428,1.571489,341.3389
123.2556: 0.04409767,0.703611,1.574316,342.9748
123.4778: 0.02769532,0.7834688,1.572201,352.3722
123.7: 0.02264386,0.9412905,1.572624,358.6636
123.9222: 0.01113921,1.141145,1.584132,359.1411
124.1444: -0.02342227,1.366986,1.591033,359.4898
124.3667: -0.06577154,1.55348,1.566632,0.6647202
124.5889: -0.0871703,1.758853,1.589494,2.088408
124.8111: -0.08409721,1.929639,1.572252,359.8335
125.0333: -0.06215535,2.157185,1.567456,353.7205
125.2556: -0.07713965,2.359872,1.593104,341.1462
125.4778: -0.1380996,2.520247,1.563909,315.4875
125.7: -0.2188891,2.669041,1.56389,298.5393
125.9222: -0.2976062,2.800613,1.571973,286.6719
126.1444: -0.4179302,2.945065,1.557269,268.7473
126.3667: -0.5318183,3.042124,1.574437,257.5948
126.5889: -0.6648891,3.101773,1.571839,255.6757
126.8111: -0.8073887,3.109084,1.557753,255.9787
127.0333: -1.024094,3.080267,1.57603,258.0064
127.2556: -1.22784,3.055912,1.59338,264.7703
127.4778: -1.427975,3.042604,1.570499,268.0015
127.7: -1.589821,3.005171,1.567327,253.9135
127.9222: -1.662743,2.935681,1.584167,220.7263
128.1445: -1.704471,2.853765,1.573126,193.188
128.3667: -1.740038,2.732245,1.561604,190.1335
128.5889: -1.753354,2.545941,1.568197,191.8746
128.8111: -1.758988,2.366658,1.58028,192.0231
129.0333: -1.793519,2.182808,1.561888,193.2877
129.2556: -1.843799,1.969784,1.581424,194.8701
129.4778: -1.883135,1.761267,1.57444,198.7842
129.7: -1.935338,1.559028,1.567346,206.4848
129.9222: -2.030607,1.36769,1.584066,208.9046
130.1445: -2.175855,1.166132,1.554671,201.8513
130.3667: -2.317088,0.9778702,1.580625,188.8737
130.5889: -2.413507,0.7968374,1.581026,180.3781
130.8111: -2.470943,0.6076648,1.55806,176.0272
131.0333: -2.505002,0.4539882,1.585479,174.5715
131.2556: -2.557101,0.2780444,1.582142,177.1447
Trial Result: Fail at object:  | Time Spent: 30
Trial No.:15 Ends
Trial No.:16 Begins
User confirmed on object: Wheelbarrow, this maze officially starts.
148.4889: 0.3633933,0.1004897,1.614934,262.9317
148.7111: 0.3642003,0.08013479,1.63665,263.3846
148.9333: 0.382091,0.05912133,1.649635,261.5445
149.1556: 0.3839509,0.05027874,1.650897,262.2766
149.3778: 0.3892593,0.0539175,1.653177,265.8195
149.6: 0.3887893,0.06880958,1.650012,276.3228
149.8222: 0.3843172,0.08198057,1.643395,284.927
150.0444: 0.3863766,0.1085083,1.628457,307.0634
150.2667: 0.4132125,0.1332604,1.604685,339.9537
150.4889: 0.4279782,0.147783,1.585187,359.3752
150.7111: 0.3704739,0.2061624,1.585196,354.2532
150.9333: 0.2972526,0.3165427,1.575749,352.9748
151.1556: 0.2287739,0.4924592,1.582325,354.4137
151.3778: 0.1541387,0.6344464,1.594607,356.6169
151.6: 0.05514167,0.8092927,1.582604,1.251328
151.8222: -0.03053777,1.001011,1.611229,7.290182
152.0444: -0.08432963,1.21799,1.579823,6.255238
152.2667: -0.1042617,1.460182,1.570755,1.36636
152.4889: -0.1147843,1.696005,1.590771,1.628856
152.7111: -0.1378378,1.974721,1.557991,358.1792
152.9333: -0.1631954,2.194154,1.592807,346.2704
153.1556: -0.1855358,2.380472,1.567712,320.2474
153.3778: -0.1924473,2.522186,1.565914,300.2242
153.6: -0.2330542,2.677965,1.587884,286.0416
153.8222: -0.3334109,2.794567,1.558635,276.1342
154.0444: -0.4950947,2.8646,1.56312,268.0733
154.2667: -0.6612586,2.919116,1.574911,263.7809
154.4889: -0.8578449,2.978462,1.565951,262.3904
154.7111: -1.105442,3.029833,1.590033,263.1188
154.9333: -1.309474,3.021937,1.590493,261.853
155.1556: -1.444041,2.948115,1.568191,237.7633
155.3778: -1.526479,2.892591,1.582418,208.7336
155.6: -1.614709,2.842803,1.56386,188.8969
155.8222: -1.686124,2.753933,1.564213,182.0263
156.0444: -1.721554,2.613847,1.544963,181.5495
156.2667: -1.721866,2.416977,1.558843,188.073
156.4889: -1.734051,2.192358,1.582077,198.6232
156.7111: -1.810227,1.943413,1.551809,214.09
156.9333: -1.893916,1.717185,1.577009,220.9483
157.1556: -1.945175,1.514854,1.583878,217.8809
157.3778: -1.989094,1.352662,1.576171,214.4144
157.6: -2.063304,1.202158,1.591114,207.5904
157.8222: -2.191524,1.068322,1.557831,199.8054
158.0444: -2.375906,0.9105274,1.561222,187.7314
158.2667: -2.496381,0.7568568,1.578378,178.4153
158.4889: -2.573543,0.5736369,1.554752,170.4735
158.7111: -2.623556,0.3454945,1.588461,175.455
158.9333: -2.660113,0.1238381,1.597491,181.5573
159.1556: -2.684048,-0.09726819,1.576083,181.9678
159.3778: -2.702905,-0.2859631,1.604879,187.4574
159.6: -2.702967,-0.4874691,1.586091,193.7724
159.8222: -2.674594,-0.7085339,1.575068,198.9075
160.0444: -2.661237,-0.9287264,1.592164,205.9406
160.2667: -2.668886,-1.132103,1.566735,213.7887
160.4889: -2.679629,-1.311355,1.574395,219.787
160.7111: -2.67439,-1.477288,1.584566,226.5456
Trial Result: Success object: Plant | Time Spent: 12.61364
Trial No.:16 Ends
Trial No.:9 Begins
User confirmed on object: Bookshelf, this maze officially starts.
176.9222: 1.778704,1.248397,1.624505,179.1203
177.1445: 1.782306,1.263751,1.644238,178.3911
177.3667: 1.782121,1.291495,1.651117,180.8086
177.5889: 1.772264,1.312299,1.65532,189.5561
177.8111: 1.76815,1.32653,1.656156,194.7312
178.0333: 1.770637,1.324126,1.645159,191.9505
178.2556: 1.775105,1.316603,1.621476,187.9688
178.4778: 1.783635,1.31061,1.607402,183.4883
178.7: 1.795184,1.30632,1.612427,177.5155
178.9222: 1.816567,1.313942,1.614462,159.9201
179.1445: 1.841238,1.348143,1.614021,128.2335
179.3667: 1.844473,1.378504,1.612247,108.8308
179.5889: 1.844427,1.385653,1.611748,102.4505
179.8111: 1.831113,1.342095,1.616123,128.4798
180.0333: 1.786587,1.298888,1.619206,178.8948
180.2556: 1.743996,1.316332,1.617177,229.8915
180.4778: 1.741606,1.351309,1.606461,260.5282
180.7: 1.747601,1.356894,1.606405,269.6776
180.9222: 1.745418,1.323374,1.609185,263.3401
181.1445: 1.740549,1.270778,1.612004,254.7334
181.3667: 1.675045,1.221837,1.61145,254.9652
181.5889: 1.547739,1.172424,1.602812,257.3296
181.8111: 1.417336,1.133951,1.617721,255.6293
182.0333: 1.308295,1.103319,1.616427,258.6702
182.2556: 1.201166,1.069698,1.611314,263.9553
182.4778: 1.078412,1.023785,1.598006,268.191
182.7: 0.9287987,0.9699345,1.61094,270.3419
182.9222: 0.7516861,0.93696,1.610391,274.011
183.1445: 0.5109499,0.9376498,1.578219,279.2326
183.3667: 0.299527,0.9483283,1.598717,280.6248
183.5889: 0.07663421,0.9400264,1.60315,279.3361
183.8111: -0.162476,0.907333,1.575647,280.0108
184.0333: -0.3735452,0.8877823,1.605671,282.2952
184.2556: -0.5947244,0.8851165,1.592121,288.2533
184.4778: -0.8203634,0.8891112,1.581766,290.8388
184.7: -1.029111,0.8806449,1.602125,290.627
184.9222: -1.213823,0.8886973,1.587053,304.0939
185.1445: -1.364374,0.9083883,1.597549,327.3372
185.3667: -1.499291,0.9697437,1.593294,342.6648
185.5889: -1.600336,1.086118,1.562601,346.17
185.8111: -1.66672,1.24073,1.563259,2.676363
186.0333: -1.720249,1.341432,1.581738,18.65241
186.2556: -1.795299,1.45548,1.591902,25.83168
186.4778: -1.886041,1.576179,1.583233,20.09316
186.7: -1.960705,1.713972,1.585243,1.47394
186.9222: -1.967601,1.836895,1.572143,2.07102
187.1445: -1.927301,1.895424,1.592924,35.83014
187.3667: -1.919952,1.874263,1.57319,85.06363
187.5889: -1.957229,1.805207,1.545792,122.6234
187.8111: -1.968131,1.709302,1.524522,148.2066
188.0333: -1.914672,1.591745,1.529274,152.3717
188.2556: -1.794166,1.449928,1.560565,136.7947
188.4778: -1.644336,1.343293,1.57913,114.2954
188.7: -1.471436,1.266798,1.56046,100.3091
188.9222: -1.294051,1.196682,1.585403,92.07703
189.1445: -1.11458,1.139013,1.581658,84.46322
189.3667: -0.8893068,1.065165,1.601677,84.13852
189.5889: -0.7085658,1.047843,1.617084,84.39053
189.8111: -0.5097685,1.056469,1.582074,89.94341
190.0333: -0.2983283,1.085368,1.598528,99.5897
190.2556: -0.07115164,1.115816,1.59413,102.4602
190.4778: 0.161768,1.122548,1.577875,100.026
190.7: 0.4022442,1.135399,1.606842,97.82899
190.9222: 0.5916195,1.153707,1.601976,96.31124
191.1445: 0.8129026,1.186347,1.595759,97.18747
191.3667: 1.056062,1.205446,1.620517,97.49136
191.5889: 1.269717,1.188956,1.580501,96.31499
191.8111: 1.494225,1.154029,1.600179,85.36618
192.0333: 1.668062,1.15062,1.620102,75.76133
192.2556: 1.866279,1.171352,1.582996,58.33465
192.4778: 2.054861,1.209361,1.602396,40.58497
192.7: 2.218145,1.251898,1.607477,25.31746
192.9222: 2.36312,1.314211,1.593168,10.60258
193.1445: 2.471249,1.406484,1.612434,356.1224
193.3667: 2.560239,1.567737,1.586206,350.3191
193.5889: 2.580679,1.785939,1.567621,345.4812
193.8111: 2.573632,2.015418,1.603489,339.2429
194.0333: 2.563994,2.196089,1.609983,324.9837
194.2556: 2.568895,2.372063,1.578754,306.4405
194.4778: 2.553842,2.5674,1.606072,290.2019
194.7: 2.483643,2.722044,1.606071,280.1093
194.9222: 2.356199,2.814269,1.581994,270.0508
195.1445: 2.225343,2.8642,1.602084,252.4322
195.3667: 2.091908,2.929035,1.613989,239.2819
195.5889: 1.944885,3.015691,1.60076,244.6175
195.8111: 1.780096,3.080672,1.608815,259.0106
196.0333: 1.595919,3.097015,1.589908,264.4961
196.2556: 1.412701,3.078424,1.592398,264.8448
196.4778: 1.182311,3.060639,1.616063,268.4639
196.7: 0.9530386,3.067251,1.593571,276.4183
196.9222: 0.7223532,3.079897,1.584955,275.6731
197.1445: 0.4890059,3.072617,1.607785,273.9926
197.3667: 0.2532012,3.047111,1.589361,273.8828
197.5889: -0.01171645,3.006494,1.599516,276.0136
197.8111: -0.2424323,3.000947,1.581934,274.4953
198.0333: -0.4772581,3.018682,1.561873,270.5179
198.2556: -0.6610596,3.026821,1.581988,267.9425
198.4778: -0.8581616,3.023139,1.571739,263.2816
198.7: -1.052873,3.001438,1.566446,259.3867
198.9222: -1.244815,3.00227,1.587708,263.7618
199.1445: -1.443453,3.014674,1.56289,268.1226
199.3667: -1.663323,3.036325,1.555138,268.608
199.5889: -1.928736,3.036711,1.569767,268.8235
199.8111: -2.143435,3.0214,1.534683,270.3775
200.0333: -2.323215,3.006099,1.56944,270.4526
200.2556: -2.428254,3.009644,1.583101,270.3333
Trial Result: Success object: Stove | Time Spent: 23.58645
Trial No.:9 Ends
Trial No.:22 Begins
User confirmed on object: Mailbox, this maze officially starts.
216.1333: -1.768168,-3.204951,1.615601,356.7597
216.3556: -1.772975,-3.154986,1.624944,355.5894
216.5778: -1.78358,-3.155838,1.641675,354.1949
216.8: -1.796858,-3.178124,1.650803,356.9398
217.0222: -1.803362,-3.206359,1.650202,3.022546
217.2444: -1.816853,-3.236125,1.645086,3.924519
217.4667: -1.831078,-3.251997,1.634036,1.919672
217.6889: -1.832342,-3.265698,1.626297,2.105326
217.9111: -1.828398,-3.279098,1.6275,358.368
218.1333: -1.834333,-3.286441,1.626739,341.2112
218.3556: -1.836525,-3.292073,1.624552,317.069
218.5778: -1.82601,-3.291745,1.619468,298.7971
218.8: -1.812149,-3.299159,1.611845,280.912
219.0222: -1.802741,-3.307085,1.611198,266.9531
219.2444: -1.823558,-3.30005,1.612409,271.682
219.4667: -1.868523,-3.289485,1.609338,292.6308
219.6889: -1.951818,-3.289074,1.594155,314.2925
219.9111: -2.121801,-3.256431,1.567039,335.2556
220.1333: -2.306501,-3.173229,1.580976,343.9389
220.3556: -2.467472,-3.068422,1.607317,357.5291
220.5778: -2.592365,-2.961976,1.5867,6.418577
220.8: -2.714809,-2.803733,1.598469,14.77349
221.0222: -2.795565,-2.600281,1.580305,19.19457
221.2444: -2.839535,-2.375733,1.589982,19.13847
221.4667: -2.876715,-2.160681,1.610237,22.00906
221.6889: -2.910989,-1.939423,1.586361,27.4574
221.9111: -2.923989,-1.684019,1.605671,38.3624
222.1333: -2.890292,-1.480161,1.575199,57.53142
222.3556: -2.861173,-1.269051,1.592959,64.63999
222.5778: -2.875337,-1.060721,1.597179,45.44248
222.8: -2.912873,-0.8457487,1.574729,28.80052
223.0222: -2.940505,-0.6224642,1.594741,24.1596
223.2444: -2.941871,-0.4058006,1.579012,23.49318
223.4667: -2.913611,-0.1786188,1.572036,24.12328
223.6889: -2.880631,0.04961554,1.58954,32.82389
223.9111: -2.849664,0.3337903,1.558516,42.09959
224.1333: -2.818145,0.5375419,1.584508,46.61988
224.3556: -2.742402,0.7010835,1.592323,54.27827
224.5778: -2.607843,0.8109719,1.569978,70.87711
224.8: -2.485598,0.8921704,1.584809,83.62893
225.0222: -2.353645,0.9879897,1.584586,88.20287
225.2444: -2.218784,1.083138,1.578656,94.24429
225.4667: -2.074841,1.143378,1.589844,100.831
225.6889: -1.88846,1.168269,1.569234,101.3462
225.9111: -1.648122,1.140158,1.572392,97.82318
226.1333: -1.440978,1.112502,1.608205,97.0714
226.3556: -1.253746,1.110182,1.595699,93.66393
226.5778: -1.066417,1.143951,1.585984,82.71639
226.8: -0.9180824,1.164833,1.597142,68.47576
227.0222: -0.7647613,1.167061,1.589553,59.28575
227.2444: -0.6031018,1.14552,1.585001,48.16894
227.4667: -0.4528649,1.12496,1.602498,45.91722
227.6889: -0.319023,1.098398,1.606487,70.12689
227.9111: -0.2264902,1.07813,1.59723,102.1283
228.1333: -0.1619927,1.0703,1.601008,139.4394
228.3556: -0.1057902,1.088916,1.600176,144.8184
228.5778: -0.02736529,1.121165,1.61166,121.2654
228.8: 0.0156473,1.11753,1.606038,115.211
229.0222: 0.06564084,1.094947,1.608383,114.566
229.2444: 0.1388975,1.090482,1.604804,111.57
229.4667: 0.2599109,1.099152,1.567139,113.5202
229.6889: 0.4404921,1.137294,1.559334,115.5639
229.9111: 0.6405872,1.164776,1.592615,121.0348
230.1333: 0.8344663,1.151575,1.582541,127.733
230.3556: 1.020284,1.102375,1.56853,130.1061
230.5778: 1.186965,1.053475,1.595592,134.3967
230.8: 1.29046,1.027338,1.603797,141.4856
Trial Result: Success object: Bookshelf | Time Spent: 14.89856
Trial No.:22 Ends
Trial No.:23 Begins
User confirmed on object: Chair, this maze officially starts.
241.0556: 0.8867689,-3.217625,1.625039,357.1002
241.2778: 0.9016101,-3.189213,1.632289,353.9503
241.5: 0.9084036,-3.199508,1.657105,349.9971
241.7222: 0.9094164,-3.207067,1.660205,349.9831
241.9444: 0.9094164,-3.207067,1.660205,349.9831
242.1667: 0.8954225,-3.279316,1.655683,1.438357
242.3889: 0.8913403,-3.300787,1.655533,4.889866
242.6111: 0.8911229,-3.30678,1.640378,3.477481
242.8333: 0.8862934,-3.305092,1.623446,0.5268843
243.0556: 0.8828834,-3.306079,1.628214,359.3844
243.2778: 0.8889471,-3.319741,1.647628,2.080957
243.5: 0.8930225,-3.327075,1.649523,3.963313
243.7222: 0.8938261,-3.331258,1.651003,5.438651
243.9444: 0.8705515,-3.337308,1.650664,352.8109
244.1667: 0.8295475,-3.35559,1.642978,324.781
244.3889: 0.8093789,-3.377606,1.627246,289.4623
244.6111: 0.8184863,-3.365557,1.621433,270.3271
244.8333: 0.8124583,-3.330328,1.613213,272.3092
245.0556: 0.7600251,-3.320956,1.612168,275.4511
245.2778: 0.6287793,-3.341114,1.589386,278.2991
245.5: 0.4317565,-3.395171,1.597633,282.9009
245.7222: 0.2016703,-3.434831,1.62669,286.6202
245.9444: -0.05288137,-3.446913,1.584992,286.7876
246.1667: -0.3232518,-3.443428,1.601971,284.1913
246.3889: -0.6442869,-3.453402,1.586278,284.7571
246.6111: -0.8977913,-3.464585,1.592037,291.6234
246.8333: -1.160241,-3.447937,1.610641,298.7505
247.0556: -1.395708,-3.412168,1.578137,303.8851
247.2778: -1.645609,-3.371282,1.609653,311.7694
247.5: -1.881552,-3.31866,1.588211,326.6526
247.7222: -2.113262,-3.256791,1.592874,340.3287
247.9444: -2.311835,-3.151858,1.594566,350.4261
248.1667: -2.475315,-2.995195,1.582878,356.0606
248.3889: -2.632323,-2.784265,1.600162,4.354089
248.6111: -2.737789,-2.595931,1.578096,10.40411
248.8333: -2.831976,-2.37737,1.604248,15.2317
249.0556: -2.868999,-2.183528,1.60388,16.87554
249.2778: -2.871147,-1.949975,1.593965,17.3028
249.5: -2.87186,-1.705645,1.60515,13.95354
249.7222: -2.878298,-1.445193,1.569977,10.84174
249.9444: -2.894375,-1.173543,1.593482,10.79179
250.1667: -2.898427,-0.9052804,1.585745,13.17578
250.3889: -2.892701,-0.5891068,1.570218,17.64379
250.6111: -2.900428,-0.362718,1.601902,23.04601
250.8333: -2.914698,-0.1299049,1.578419,28.01924
251.0556: -2.921304,0.09516176,1.621922,36.5802
251.2778: -2.900417,0.2822278,1.60675,44.24769
251.5: -2.85372,0.4775284,1.592306,50.07268
251.7222: -2.798719,0.6416513,1.596192,61.94053
251.9445: -2.743138,0.7940314,1.580495,66.06944
252.1667: -2.684042,0.9456951,1.586036,55.75404
252.3889: -2.587178,1.097866,1.581881,37.01111
252.6111: -2.430443,1.207555,1.548258,27.9539
252.8333: -2.245783,1.31701,1.57192,23.71725
253.0556: -2.12695,1.46036,1.581883,22.9685
253.2778: -2.078493,1.610937,1.553993,24.17606
253.5: -2.051821,1.826291,1.580855,31.45477
253.7222: -2.018026,2.038367,1.590763,41.10632
253.9445: -1.963801,2.246922,1.55726,53.21282
254.1667: -1.893569,2.460289,1.568315,62.36754
254.3889: -1.817487,2.651911,1.581679,69.11527
254.6111: -1.71178,2.843435,1.567558,84.12316
254.8333: -1.591103,2.963225,1.582303,99.27747
255.0556: -1.413811,3.049069,1.545488,104.3669
255.2778: -1.220854,3.10445,1.564284,104.0169
255.5: -0.9875009,3.169147,1.585209,101.9704
255.7222: -0.7564194,3.235817,1.557086,101.5009
255.9445: -0.5090985,3.309169,1.578048,101.8705
256.1667: -0.2587326,3.333782,1.582645,102.777
256.3889: -0.008916711,3.314424,1.568063,104.6575
256.6111: 0.2560425,3.289842,1.594412,111.7062
256.8333: 0.4746946,3.277921,1.553605,118.3883
257.0556: 0.6938996,3.272898,1.580913,125.464
257.2778: 0.8372133,3.256004,1.587367,131.7896
257.5: 1.009453,3.214599,1.555283,136.3298
257.7222: 1.180762,3.151357,1.574765,141.3225
Trial Result: Success object: Piano | Time Spent: 17.06438
Trial No.:23 Ends
Trial No.:1 Begins
User confirmed on object: Stove, this maze officially starts.
270.7444: -2.516189,2.836547,1.58502,279.7127
270.9667: -2.506716,2.828785,1.61025,277.6693
271.1889: -2.492846,2.835969,1.611432,282.4314
271.4111: -2.477578,2.852646,1.611645,293.4856
271.6333: -2.470004,2.859916,1.609706,298.2406
271.8556: -2.470016,2.86393,1.606156,298.6083
272.0778: -2.472964,2.875106,1.602366,301.3192
272.3: -2.461367,2.908787,1.591837,325.7879
272.5222: -2.438975,2.930867,1.585416,7.091878
272.7444: -2.435697,2.91315,1.572143,45.8418
272.9667: -2.425796,2.879573,1.555746,78.14532
273.1889: -2.403655,2.874912,1.555568,93.93784
273.4111: -2.34415,2.919563,1.549515,99.16632
273.6333: -2.236253,2.973039,1.537226,108.1109
273.8556: -2.053509,3.053317,1.556437,108.3232
274.0778: -1.854491,3.155443,1.565737,100.2611
274.3: -1.662757,3.239963,1.550876,99.70816
274.5222: -1.454837,3.278222,1.575866,104.3834
274.7444: -1.214105,3.281078,1.546814,106.5978
274.9667: -0.9409448,3.273105,1.59321,106.7854
275.1889: -0.7199254,3.278832,1.586062,105.4087
275.4111: -0.4927766,3.310511,1.591028,104.5368
275.6333: -0.2899158,3.336256,1.592539,98.14523
275.8556: -0.03463519,3.340881,1.553435,96.90009
276.0778: 0.2324944,3.33146,1.578549,97.56256
276.3: 0.4786753,3.330014,1.577754,99.38258
276.5222: 0.7350634,3.339669,1.564829,103.2712
276.7444: 0.9889019,3.333724,1.589195,109.135
276.9667: 1.263198,3.30792,1.56386,116.9252
277.1889: 1.524008,3.271996,1.594379,130.2094
277.4111: 1.738285,3.258466,1.591054,141.0318
277.6333: 1.914919,3.265429,1.569167,148.8659
277.8556: 2.12324,3.252081,1.593398,158.2051
278.0778: 2.29307,3.179484,1.589061,165.8391
278.3: 2.43949,3.028879,1.57466,171.0188
278.5222: 2.556471,2.848329,1.611081,177.2993
278.7444: 2.64396,2.676703,1.606991,189.8
278.9667: 2.760558,2.470167,1.594342,200.1098
279.1889: 2.823853,2.262128,1.621404,206.6895
279.4111: 2.841577,2.049515,1.600214,210.5257
279.6333: 2.830745,1.862507,1.619631,214.9588
279.8556: 2.826911,1.681404,1.631921,219.4243
280.0778: 2.810372,1.514282,1.60668,238.4935
280.3: 2.799499,1.35633,1.622331,250.679
280.5222: 2.788138,1.179911,1.625618,231.6974
280.7444: 2.785105,1.014248,1.6068,197.8735
280.9667: 2.771222,0.8268262,1.614954,187.3085
281.1889: 2.777813,0.624229,1.582295,192.3094
281.4111: 2.812635,0.3820514,1.610716,200.7532
281.6333: 2.813263,0.1625229,1.621377,206.9781
281.8556: 2.785983,-0.05647874,1.590346,210.4768
282.0778: 2.732311,-0.2837222,1.606258,220.3295
282.3: 2.680559,-0.4789492,1.616737,234.0768
282.5222: 2.637814,-0.6582638,1.604393,240.3509
282.7444: 2.592339,-0.8268838,1.627524,225.9664
282.9667: 2.500912,-0.9895558,1.602282,200.5303
283.1889: 2.335001,-1.095411,1.597435,183.625
283.4111: 2.174337,-1.213796,1.621332,176.5936
283.6333: 2.072469,-1.359076,1.613174,174.5562
283.8556: 2.034358,-1.496588,1.58978,176.2458
284.0778: 2.020581,-1.676195,1.61679,177.8771
284.3: 2.015539,-1.823493,1.634052,173.6569
284.5222: 2.018198,-1.922521,1.634684,142.3588
284.7444: 1.974684,-1.989812,1.634741,105.9086
284.9667: 1.911688,-2.04054,1.646509,90.49276
285.1889: 1.882519,-2.047983,1.611254,84.46889
285.4111: 1.861415,-2.042857,1.590105,79.87664
285.6333: 1.859286,-2.041445,1.596024,83.69052
285.8556: 1.863945,-2.040205,1.604332,86.20877
286.0778: 1.871968,-2.041809,1.607622,85.50126
286.3: 1.876644,-2.051729,1.60314,86.26801
286.5222: 1.879466,-2.053735,1.602067,85.53333
286.7444: 1.866442,-2.052563,1.623386,84.07938
286.9667: 1.808222,-2.077154,1.642257,79.87175
287.1889: 1.720881,-2.130043,1.647273,72.10699
287.4111: 1.662817,-2.162228,1.654702,69.20639
287.6333: 1.631177,-2.162477,1.625717,73.42673
287.8556: 1.618631,-2.145205,1.615776,77.95158
Trial Result: Success object: Well | Time Spent: 17.44703
Trial No.:1 Ends
Trial No.:10 Begins
User confirmed on object: Bookshelf, this maze officially starts.
300.1333: 1.727702,1.40086,1.619719,178.442
300.3556: 1.739861,1.404433,1.636769,176.9394
300.5778: 1.742235,1.413939,1.642384,177.8036
300.8: 1.736587,1.422431,1.639066,182.4526
301.0222: 1.718542,1.433844,1.63751,194.8609
301.2444: 1.705094,1.443548,1.633914,201.438
301.4667: 1.705185,1.444756,1.626379,195.2663
301.6889: 1.715678,1.440852,1.610802,185.4585
301.9111: 1.721224,1.439563,1.608501,181.6463
302.1333: 1.730845,1.440637,1.609027,172.8902
302.3556: 1.756015,1.456378,1.605068,147.754
302.5778: 1.753549,1.459501,1.606415,143.8931
302.8: 1.714308,1.4364,1.610652,172.6807
303.0222: 1.668628,1.434618,1.609179,210.6637
303.2444: 1.644758,1.447567,1.606833,241.2276
303.4667: 1.633686,1.453877,1.604258,258.317
303.6889: 1.620173,1.43692,1.605298,257.9894
303.9111: 1.60589,1.388509,1.606492,249.2768
304.1333: 1.554066,1.319761,1.597938,244.2878
304.3556: 1.443135,1.243787,1.594462,245.2667
304.5778: 1.296292,1.16307,1.620972,246.4063
304.8: 1.175365,1.100029,1.629995,251.7054
305.0222: 1.066112,1.047858,1.617304,261.4646
305.2444: 0.9349688,0.9845458,1.609049,265.3813
305.4667: 0.7197009,0.9300116,1.598292,267.8148
305.6889: 0.4861394,0.9369754,1.577953,270.4033
305.9111: 0.2398861,0.9428045,1.608877,270.9627
306.1333: 0.0416804,0.9308679,1.595044,272.0314
306.3556: -0.1887032,0.8948727,1.58113,273.103
306.5778: -0.4276159,0.8834767,1.597548,278.3896
306.8: -0.6608964,0.8968132,1.568306,282.2065
307.0222: -0.9150914,0.9156646,1.587295,280.6191
307.2444: -1.129729,0.91636,1.597947,281.0847
307.4667: -1.394234,0.8881926,1.567638,273.8024
307.6889: -1.622073,0.8708312,1.587905,257.5052
307.9111: -1.835948,0.8707844,1.551769,232.7906
308.1333: -2.01901,0.8866113,1.565097,215.5458
308.3556: -2.195275,0.8699389,1.576392,204.343
308.5778: -2.362233,0.80347,1.541297,195.4265
308.8: -2.474157,0.7142474,1.556258,184.3784
309.0222: -2.542394,0.6147673,1.569386,163.3752
309.2444: -2.625506,0.5030456,1.571977,144.5989
309.4667: -2.697775,0.3297755,1.587033,146.918
309.6889: -2.709442,0.1630509,1.567421,167.6371
309.9111: -2.67467,-0.02790355,1.567613,180.4776
310.1333: -2.649551,-0.2049523,1.59926,187.1102
310.3556: -2.651043,-0.3906285,1.573253,194.4181
310.5778: -2.672016,-0.6184574,1.566087,197.6631
310.8: -2.689131,-0.8395952,1.591639,201.6755
311.0222: -2.700513,-1.055121,1.561062,208.614
311.2444: -2.713173,-1.256815,1.578551,216.5363
311.4667: -2.754834,-1.439307,1.583272,224.6188
311.6889: -2.788775,-1.538599,1.580736,227.4974
Trial Result: Success object: Plant | Time Spent: 11.80328
Trial No.:10 Ends
Trial No.:20 Begins
User confirmed on object: Well, this maze officially starts.
330.8889: 1.531979,-1.998527,1.647729,83.85751
331.1111: 1.535114,-1.998538,1.655341,82.82977
331.3333: 1.540568,-2.005526,1.659681,87.12641
331.5556: 1.545346,-2.012265,1.65753,93.13717
331.7778: 1.548758,-2.015382,1.654362,96.14993
332: 1.554919,-2.013101,1.649821,96.84937
332.2222: 1.561593,-1.985692,1.644472,84.23016
332.4445: 1.55356,-1.936906,1.634449,56.41565
332.6667: 1.539133,-1.928868,1.630756,30.98853
332.8889: 1.533341,-1.953857,1.623507,12.85861
333.1111: 1.543903,-1.982809,1.615399,5.068159
333.3333: 1.540535,-1.993705,1.608519,351.3453
333.5556: 1.538404,-1.997196,1.607512,339.7848
333.7778: 1.552853,-1.97746,1.607132,342.2089
334: 1.589849,-1.897094,1.601369,0.6374065
334.2222: 1.626606,-1.761374,1.579055,19.14418
334.4445: 1.653901,-1.581449,1.601259,34.28571
334.6667: 1.696281,-1.444216,1.617337,41.64209
334.8889: 1.786756,-1.279731,1.593465,43.81453
335.1111: 1.919302,-1.117498,1.596145,39.37651
335.3333: 2.05162,-0.9643593,1.620502,32.22617
335.5556: 2.19131,-0.8247703,1.601014,29.76011
335.7778: 2.324945,-0.6904355,1.617434,21.70865
336: 2.472204,-0.5506085,1.604847,6.836034
336.2222: 2.585032,-0.417156,1.615872,349.2227
336.4445: 2.652204,-0.259595,1.617652,345.5955
336.6667: 2.675373,-0.08376106,1.59551,348.9195
336.8889: 2.668852,0.152041,1.627098,356.3232
337.1111: 2.664059,0.3914189,1.61855,0.03383727
337.3333: 2.669604,0.6492386,1.598548,357.9544
337.5556: 2.676039,0.913981,1.626981,357.9566
337.7778: 2.66775,1.161559,1.59885,357.58
338: 2.64902,1.439993,1.609801,356.2449
338.2222: 2.660617,1.651599,1.608527,355.9347
338.4445: 2.679617,1.892165,1.582375,345.0672
338.6667: 2.672383,2.09799,1.614749,321.6419
338.8889: 2.650617,2.284838,1.596914,304.8089
339.1111: 2.605116,2.477329,1.587503,294.503
339.3333: 2.550039,2.648484,1.605882,284.4216
339.5556: 2.471949,2.795904,1.590623,268.3434
339.7778: 2.385343,2.901195,1.594058,247.9757
340: 2.27041,2.969438,1.581428,233.4863
340.2222: 2.179852,2.985271,1.577237,225.9858
340.4445: 2.103653,2.98969,1.597454,217.1715
340.6667: 2.048838,2.996505,1.597225,209.7178
Trial Result: Success object: Piano | Time Spent: 10.01523
Trial No.:20 Ends
Trial No.:17 Begins
User confirmed on object: Harp, this maze officially starts.
356.1444: 1.704624,-1.341973,1.646523,353.8115
356.3667: 1.69711,-1.349352,1.664175,353.7397
356.5889: 1.709808,-1.350013,1.664823,0.4776709
356.8111: 1.730793,-1.349353,1.662069,12.38874
357.0334: 1.747679,-1.351012,1.657171,21.26643
357.2556: 1.770193,-1.350923,1.643051,36.49099
357.4778: 1.773608,-1.339553,1.633989,41.17396
357.7: 1.778515,-1.311247,1.629225,37.8504
357.9222: 1.845434,-1.279103,1.623276,35.86073
358.1444: 1.9769,-1.254881,1.609791,32.34706
358.3667: 2.159051,-1.227457,1.637507,29.55531
358.5889: 2.256757,-1.188884,1.636459,27.02081
358.8111: 2.320758,-1.112859,1.622898,25.54652
359.0334: 2.376418,-0.9790095,1.590613,19.52262
359.2556: 2.432653,-0.7955617,1.592882,8.330636
359.4778: 2.505999,-0.5766098,1.618575,2.030831
359.7: 2.575631,-0.3484818,1.60327,1.236959
359.9222: 2.644441,-0.09825332,1.600143,357.5399
360.1444: 2.677637,0.1491457,1.634467,356.6732
360.3667: 2.679571,0.4411782,1.596752,356.3915
360.5889: 2.6705,0.685362,1.616939,358.2442
360.8111: 2.684877,0.9564658,1.61132,0.674268
361.0334: 2.716018,1.228097,1.598266,357.9612
361.2556: 2.721457,1.460705,1.617056,355.5658
361.4778: 2.70825,1.707125,1.590137,351.0543
361.7: 2.678045,1.935711,1.614977,342.7163
361.9222: 2.655989,2.15097,1.608077,331.2545
362.1444: 2.637226,2.381448,1.567493,314.1326
362.3667: 2.597039,2.591411,1.598309,295.9972
362.5889: 2.519231,2.755692,1.594466,279.68
362.8111: 2.394992,2.863863,1.576805,270.7863
363.0334: 2.265405,2.938078,1.599075,254.4796
363.2556: 2.161096,2.988703,1.607237,237.9858
363.4778: 2.006184,3.065768,1.602822,233.1842
363.7: 1.807235,3.118953,1.606616,248.447
363.9222: 1.591216,3.119242,1.573317,259.3128
364.1444: 1.350676,3.083499,1.597688,264.488
364.3667: 1.126978,3.070529,1.603776,268.2827
364.5889: 0.8145892,3.086597,1.576454,266.6038
364.8111: 0.5814464,3.096082,1.60572,266.6207
365.0334: 0.3415214,3.090673,1.582831,265.9406
365.2556: 0.124954,3.071198,1.581277,266.5882
365.4778: -0.1200934,3.079196,1.592503,267.0137
365.7: -0.3617138,3.10936,1.557453,263.9847
365.9222: -0.6060625,3.137483,1.583366,261.393
366.1444: -0.8384662,3.143487,1.565198,258.0235
366.3667: -1.072748,3.132781,1.563905,258.8243
366.5889: -1.336543,3.141449,1.585364,263.824
366.8111: -1.539145,3.158072,1.551785,265.4272
367.0334: -1.781188,3.172675,1.569316,264.9835
367.2556: -1.946626,3.161805,1.565734,264.8712
367.4778: -2.146779,3.134109,1.536026,265.7423
367.7: -2.315118,3.109381,1.565361,266.6043
367.9222: -2.421957,3.105891,1.572533,267.0131
368.1444: -2.480561,3.114991,1.567273,263.8953
Trial Result: Success object: Stove | Time Spent: 12.21649
Trial No.:17 Ends
Trial No.:11 Begins
User confirmed on object: Trashcan, this maze officially starts.
382.5667: 2.647144,1.066864,1.618074,91.81084
382.7889: 2.662612,1.063881,1.637747,90.52759
383.0111: 2.60914,1.07022,1.657139,86.81353
383.2333: 2.541151,1.074181,1.658721,89.43978
383.4556: 2.491778,1.071691,1.658256,94.52778
383.6778: 2.463566,1.063687,1.660301,93.81807
383.9: 2.446136,1.042918,1.652322,90.31016
384.1222: 2.439995,1.015227,1.642845,83.26376
384.3445: 2.417159,1.027546,1.633926,57.31188
384.5667: 2.345619,1.046704,1.623295,25.50508
384.7889: 2.275478,1.037289,1.619988,0.09382867
385.0111: 2.255876,1.026029,1.626421,340.9583
385.2333: 2.258748,1.009958,1.626083,321.5381
385.4556: 2.247705,0.9649997,1.621073,299.7241
385.6778: 2.235408,0.9243038,1.625576,286.6891
385.9: 2.231025,0.9032035,1.623508,275.2216
386.1222: 2.221171,0.8957194,1.613557,265.5064
386.3445: 2.170169,0.8777497,1.60632,264.2859
386.5667: 2.086346,0.8434622,1.607781,260.5259
386.7889: 2.006279,0.8228701,1.617373,245.9513
387.0111: 1.895515,0.8519709,1.615188,242.8213
387.2333: 1.81395,0.8795633,1.625012,249.8799
387.4556: 1.715693,0.8961645,1.608634,267.4229
387.6778: 1.600904,0.9171581,1.600612,278.1508
387.9: 1.424765,0.9463603,1.579587,273.3157
388.1222: 1.218062,0.9585005,1.600697,259.3825
388.3445: 1.01351,0.9365798,1.599021,247.9468
388.5667: 0.8255733,0.9058658,1.583838,245.5003
388.7889: 0.6455268,0.8893695,1.599483,233.7587
389.0111: 0.454028,0.8833902,1.567871,212.8734
389.2333: 0.3266476,0.8484433,1.598698,195.2684
389.4556: 0.2479765,0.7714101,1.584416,183.3701
389.6778: 0.2100493,0.6508842,1.573249,182.9101
389.9: 0.1742942,0.4830769,1.597959,189.9556
390.1222: 0.1287066,0.3589154,1.615598,199.1554
390.3445: 0.07036483,0.3203015,1.60716,214.8548
390.5667: 0.04507981,0.3451881,1.61829,234.0591
390.7889: 0.06712203,0.4254472,1.606658,248.6281
391.0111: 0.09334572,0.5509593,1.587539,263.0376
391.2333: 0.0722136,0.6667745,1.586771,270.2154
391.4556: -0.004876147,0.7782007,1.576428,269.2519
391.6778: -0.1421468,0.9110295,1.569269,270.0433
391.9: -0.3064477,0.9963399,1.601705,269.8103
392.1222: -0.4973287,1.040051,1.58637,269.9118
392.3445: -0.7130782,1.024229,1.574073,269.4229
392.5667: -0.9483316,1.008509,1.593354,265.9635
392.7889: -1.200598,1.00787,1.557113,263.3434
393.0111: -1.501089,1.004061,1.595729,253.405
393.2333: -1.741461,0.9810666,1.562568,236.3635
393.4556: -1.960275,0.9430374,1.566606,219.6382
393.6778: -2.147676,0.9026931,1.568765,207.8595
393.9: -2.299042,0.844752,1.549103,196.5856
394.1222: -2.428985,0.7202657,1.57211,181.5942
394.3445: -2.493158,0.5533752,1.542408,166.8959
394.5667: -2.520581,0.3937699,1.560613,155.6528
394.7889: -2.549927,0.287979,1.575709,139.7186
395.0111: -2.597255,0.2016814,1.57111,123.0814
395.2333: -2.625341,0.1524123,1.580438,112.5145
395.4556: -2.636612,0.1415495,1.578509,110.4783
395.6778: -2.643344,0.1419768,1.578073,108.4272
395.9: -2.648175,0.1433934,1.577579,107.2689
396.1222: -2.650467,0.1412844,1.577463,107.5663
396.3445: -2.668712,0.1337229,1.595692,106.1282
396.5667: -2.757432,0.09951999,1.601665,99.18321
396.7889: -2.881044,0.04176519,1.588768,90.63385
397.0111: -3.00086,0.01275682,1.585909,85.43631
397.2333: -3.095404,0.01044033,1.577096,86.81242
Trial Result: Success object: Telescope | Time Spent: 15.06505
Trial No.:11 Ends
Trial No.:2 Begins
User confirmed on object: Stove, this maze officially starts.
408.2111: -2.49449,2.995511,1.574073,266.878
408.4333: -2.510696,2.983002,1.590524,264.745
408.6556: -2.502928,2.994166,1.602205,263.7148
408.8778: -2.482594,3.029213,1.604538,265.7749
409.1: -2.448735,3.069879,1.598332,262.617
409.3222: -2.406779,3.076105,1.579429,240.7615
409.5445: -2.330924,3.04444,1.575084,205.2369
409.7667: -2.216566,3.03912,1.571396,171.3602
409.9889: -2.141306,3.056964,1.572109,144.8829
410.2111: -2.132051,3.07199,1.569944,129.7088
410.4333: -2.151192,3.09621,1.562912,106.6255
410.6556: -2.182833,3.109196,1.554304,91.47955
410.8778: -2.200223,3.100475,1.553321,90.20224
411.1: -2.198929,3.051018,1.558657,108.4275
411.3222: -2.200713,2.987921,1.561755,139.2099
411.5445: -2.211434,2.948728,1.563188,162.2501
411.7667: -2.183104,2.922966,1.562966,171.3818
411.9889: -2.108321,2.890779,1.563054,171.3088
412.2111: -2.048954,2.825786,1.561007,175.4944
412.4333: -1.991676,2.686864,1.530985,181.9735
412.6556: -1.949003,2.47819,1.551076,185.6687
412.8778: -1.916399,2.288617,1.585257,192.9808
413.1: -1.87629,2.113615,1.574703,197.4314
413.3222: -1.838733,1.936573,1.571781,200.557
413.5445: -1.862983,1.72325,1.573447,201.858
413.7667: -1.948262,1.54735,1.577603,200.2649
413.9889: -2.067023,1.389799,1.589964,200.0679
414.2111: -2.173903,1.282511,1.564645,198.7096
414.4333: -2.273533,1.17213,1.564814,190.7333
414.6556: -2.360788,1.091729,1.562824,180.191
414.8778: -2.463468,1.030791,1.567087,174.3446
415.1: -2.560766,0.9912035,1.580818,167.8124
415.3222: -2.615646,0.953401,1.579612,163.9923
415.5445: -2.621197,0.9176781,1.583735,152.6181
415.7667: -2.586734,0.8730123,1.573652,141.8779
415.9889: -2.547012,0.8616835,1.579502,117.3082
416.2111: -2.542362,0.8417552,1.583479,105.8558
416.4333: -2.563493,0.7457391,1.587363,119.78
416.6556: -2.652985,0.5994945,1.57863,163.8255
416.8778: -2.723352,0.4766245,1.584435,187.3242
417.1: -2.728885,0.3549731,1.586197,185.9134
417.3222: -2.71194,0.2286038,1.574417,183.0286
417.5445: -2.681587,0.1710373,1.58402,157.1559
417.7667: -2.690256,0.2396807,1.573176,111.2349
417.9889: -2.749032,0.3519247,1.572969,67.76054
418.2111: -2.77796,0.4439454,1.574365,54.00222
418.4333: -2.777294,0.5747383,1.565868,47.58658
418.6556: -2.735395,0.7099097,1.567323,51.75217
418.8778: -2.624043,0.8363459,1.55812,63.50039
419.1: -2.443741,0.9373474,1.545218,79.76095
419.3222: -2.25007,1.025244,1.577531,85.63719
419.5445: -2.031505,1.103159,1.562786,87.84273
419.7667: -1.812129,1.152335,1.579966,88.69531
419.9889: -1.578974,1.138433,1.574397,90.13586
420.2111: -1.37202,1.09304,1.572757,87.78942
420.4333: -1.170184,1.064656,1.598613,83.86806
420.6556: -0.9687275,1.054957,1.574923,80.5727
420.8778: -0.7810457,1.091003,1.581718,66.71175
421.1: -0.6294569,1.131579,1.595398,47.86501
421.3222: -0.4800688,1.143923,1.587658,40.82131
421.5445: -0.2548384,1.106658,1.59366,71.96635
421.7667: -0.09081808,1.110088,1.600575,94.59887
421.9889: 0.04876127,1.143576,1.582353,98.43487
422.2111: 0.1535036,1.15232,1.589714,101.1401
422.4333: 0.2584173,1.138145,1.592967,102.9742
422.6556: 0.4243856,1.104074,1.577257,102.8473
422.8778: 0.6330984,1.058504,1.58401,99.28843
423.1: 0.8398507,1.049153,1.602055,93.33993
423.3222: 1.06138,1.057006,1.57608,92.35209
423.5445: 1.323614,1.064083,1.608542,96.13155
423.7667: 1.546054,1.046111,1.585839,106.6098
423.9889: 1.774529,1.003146,1.592823,122.5324
424.2111: 1.967609,0.9729079,1.608541,141.2796
424.4333: 2.134462,0.9526492,1.585101,153.9817
424.6556: 2.302072,0.9161887,1.610551,167.0031
424.8778: 2.441907,0.8194975,1.611518,180.3053
425.1: 2.540212,0.64557,1.582644,185.3264
425.3222: 2.605529,0.4153885,1.61641,193.6412
425.5445: 2.670467,0.1947083,1.614705,201.6324
425.7667: 2.732832,-0.06219683,1.601021,209.1285
425.9889: 2.711009,-0.274848,1.6129,213.9661
426.2111: 2.636605,-0.4652683,1.600372,212.6179
426.4333: 2.558666,-0.6287535,1.627059,206.8462
426.6556: 2.466789,-0.7906231,1.618233,196.568
426.8778: 2.361676,-0.9300653,1.618349,190.8673
427.1: 2.251685,-1.051441,1.620517,183.5911
427.3222: 2.148247,-1.152246,1.609561,173.6018
427.5445: 2.056124,-1.248918,1.623019,165.711
427.7667: 1.968751,-1.369413,1.63004,177.546
427.9889: 1.907046,-1.419601,1.622611,211.4888
428.2111: 1.876842,-1.398409,1.609832,255.5831
428.4333: 1.878561,-1.360578,1.598073,280.9683
428.6556: 1.8455,-1.319055,1.595569,287.0256
428.8778: 1.75695,-1.256401,1.589702,287.2221
429.1: 1.634055,-1.181056,1.598291,291.7415
429.3222: 1.479051,-1.128058,1.617977,293.8259
429.5445: 1.291107,-1.105186,1.584392,296.3859
429.7667: 1.028469,-1.096503,1.598041,301.353
429.9889: 0.7852571,-1.052846,1.604465,306.976
430.2111: 0.5728499,-0.9846658,1.58338,309.6818
430.4333: 0.4243286,-0.9311898,1.602733,312.4568
430.6556: 0.2860042,-0.8596309,1.587567,315.704
Trial Result: Success object: Wheelbarrow | Time Spent: 22.78289
Trial No.:2 Ends
Trial No.:21 Begins
User confirmed on object: Mailbox, this maze officially starts.
446.6: -1.812242,-3.080697,1.62194,1.505536
446.8222: -1.796033,-3.057183,1.63696,358.3879
447.0445: -1.798731,-3.074363,1.645591,353.9694
447.2667: -1.807764,-3.12253,1.649994,358.9187
447.4889: -1.826162,-3.196334,1.649411,8.186009
447.7111: -1.838875,-3.249246,1.651915,9.398376
447.9333: -1.844299,-3.274065,1.647875,2.673453
448.1556: -1.859754,-3.281711,1.641925,334.2513
448.3778: -1.862999,-3.304032,1.632212,305.2867
448.6: -1.8521,-3.31758,1.623929,294.3881
448.8222: -1.835457,-3.30485,1.622652,305.9745
449.0445: -1.812181,-3.279611,1.620725,331.3332
449.2667: -1.786968,-3.266054,1.617583,357.9441
449.4889: -1.766082,-3.260128,1.612276,22.27131
449.7111: -1.737286,-3.259934,1.608269,45.73046
449.9333: -1.696008,-3.263817,1.604608,61.62366
450.1556: -1.667569,-3.261786,1.60665,72.90052
450.3778: -1.655742,-3.248526,1.607705,79.70753
450.6: -1.616428,-3.23012,1.60568,82.9819
450.8222: -1.535174,-3.216911,1.596259,83.83849
451.0445: -1.371353,-3.220721,1.579858,85.05262
451.2667: -1.162226,-3.234001,1.605896,83.36661
451.4889: -0.9812477,-3.234913,1.613241,84.18201
451.7111: -0.8231849,-3.215164,1.606492,84.07645
451.9333: -0.7252885,-3.169408,1.592476,72.20871
452.1556: -0.6845578,-3.13268,1.629025,32.48754
452.3778: -0.7453582,-3.164247,1.615052,339.2754
452.6: -0.8196648,-3.272323,1.610822,298.5398
452.8222: -0.8906828,-3.347617,1.604287,284.3324
453.0445: -1.009036,-3.412466,1.597077,284.7065
453.2667: -1.165419,-3.437164,1.599106,293.0002
453.4889: -1.369815,-3.418624,1.565555,301.6276
453.7111: -1.603526,-3.36251,1.600882,308.46
453.9333: -1.816063,-3.304465,1.609163,320.7544
454.1556: -2.084907,-3.238206,1.588706,337.2774
454.3778: -2.270562,-3.146942,1.615148,350.7801
454.6: -2.431911,-2.992066,1.572704,358.3461
454.8222: -2.559811,-2.812075,1.591311,1.623948
455.0445: -2.66958,-2.632557,1.596086,6.067782
455.2667: -2.776894,-2.428469,1.582096,9.203921
455.4889: -2.84107,-2.208847,1.603868,10.94174
455.7111: -2.85884,-1.972736,1.571498,13.67034
455.9333: -2.852147,-1.721601,1.589988,9.13296
456.1556: -2.848826,-1.442537,1.588423,4.231236
456.3778: -2.851495,-1.168793,1.571612,3.276753
456.6: -2.830743,-0.90236,1.58988,10.51251
456.8222: -2.806839,-0.6415464,1.559912,16.38857
457.0445: -2.793807,-0.4230449,1.580832,18.82228
457.2667: -2.797022,-0.1751222,1.580095,22.54475
457.4889: -2.808407,0.07100694,1.566055,28.61505
457.7111: -2.784511,0.3033205,1.58726,35.95865
457.9333: -2.720325,0.5147598,1.560899,38.1999
458.1556: -2.627981,0.7124451,1.577947,30.52345
458.3778: -2.499773,0.9185672,1.566985,23.22266
458.6: -2.393504,1.074552,1.570585,18.32909
458.8222: -2.267475,1.233906,1.580208,12.99112
459.0445: -2.161937,1.385394,1.565246,3.459727
459.2667: -2.068031,1.557364,1.581635,352.6496
459.4889: -2.020961,1.733631,1.577834,346.5914
459.7111: -1.991626,1.93283,1.562773,0.1623086
459.9333: -1.96812,2.136386,1.582385,28.33039
460.1556: -1.927408,2.326904,1.569838,52.97683
460.3778: -1.858001,2.556793,1.549759,68.99187
460.6: -1.785181,2.721787,1.578431,76.72357
460.8222: -1.679066,2.867655,1.562101,82.76463
461.0445: -1.555607,2.948884,1.569662,86.85247
461.2667: -1.359316,3.008893,1.544913,86.37388
461.4889: -1.11978,3.032093,1.571141,86.92786
461.7111: -0.8923284,3.054618,1.586524,92.26536
461.9333: -0.6504893,3.094509,1.558666,95.81654
462.1556: -0.3971378,3.134543,1.588425,96.89823
462.3778: -0.1081863,3.148534,1.569515,99.5169
462.6: 0.1536911,3.149481,1.572921,94.84853
462.8222: 0.3929555,3.177846,1.59123,88.17353
463.0445: 0.6115806,3.205912,1.564899,88.30639
463.2667: 0.8344201,3.233057,1.591286,92.62592
463.4889: 1.053514,3.241745,1.590194,98.74989
463.7111: 1.274458,3.219269,1.576908,109.0583
463.9333: 1.493194,3.197239,1.598058,122.2384
464.1556: 1.713272,3.185724,1.584328,132.4625
464.3778: 1.967807,3.163731,1.588623,145.2112
464.6: 2.171326,3.084217,1.591579,155.2838
464.8222: 2.352097,2.939046,1.570723,158.7414
465.0445: 2.481768,2.790702,1.606963,160.3859
465.2667: 2.586679,2.642022,1.606011,162.2466
465.4889: 2.698935,2.46454,1.593854,163.3589
465.7111: 2.767596,2.277194,1.614549,164.3486
465.9333: 2.785724,2.094712,1.592276,161.3426
466.1556: 2.779142,1.91274,1.613586,155.5405
Trial Result: Success object: Trashcan | Time Spent: 19.91999
Trial No.:21 Ends
Trial No.:19 Begins
User confirmed on object: Well, this maze officially starts.
481.9333: 1.653924,-1.954658,1.629336,90.65747
482.1556: 1.663624,-1.965136,1.651792,85.70291
482.3778: 1.637522,-1.97403,1.659093,84.05412
482.6: 1.595345,-1.987312,1.661991,94.38129
482.8222: 1.548352,-1.980046,1.659132,100.219
483.0445: 1.514148,-1.972651,1.653797,102.0405
483.2667: 1.484333,-1.975446,1.649993,108.3885
483.4889: 1.472189,-1.974121,1.646837,108.4447
483.7111: 1.475531,-1.957723,1.639892,101.1224
483.9333: 1.482593,-1.945146,1.633673,98.66975
484.1556: 1.485716,-1.935231,1.63216,94.78073
484.3778: 1.495599,-1.902641,1.631677,71.01321
484.6: 1.492934,-1.869981,1.626998,35.5589
484.8222: 1.478922,-1.864955,1.621491,5.850428
485.0445: 1.479273,-1.876815,1.619092,2.068763
485.2667: 1.482384,-1.881665,1.619151,4.706572
485.4889: 1.48399,-1.878594,1.620139,5.884434
485.7111: 1.486593,-1.869367,1.619895,7.795524
485.9333: 1.489842,-1.851144,1.628616,13.38306
486.1556: 1.475897,-1.80956,1.619972,24.37525
486.3778: 1.472262,-1.750904,1.612677,31.84088
486.6: 1.506459,-1.678259,1.607991,41.84562
486.8222: 1.57344,-1.577722,1.619553,46.09417
487.0445: 1.632544,-1.470707,1.614147,39.22239
487.2667: 1.713167,-1.323266,1.582227,32.57579
487.4889: 1.79394,-1.188237,1.607022,30.582
487.7111: 1.911769,-1.073567,1.61152,29.42138
487.9333: 2.06731,-0.980695,1.571926,22.57667
488.1556: 2.267821,-0.8975847,1.622053,19.61503
488.3778: 2.399773,-0.8026236,1.632847,8.961712
488.6: 2.481873,-0.6831373,1.61617,357.2806
488.8222: 2.538634,-0.4978643,1.593947,353.2624
489.0445: 2.585026,-0.2868231,1.614555,352.727
489.2667: 2.633151,-0.07885829,1.615631,353.9109
489.4889: 2.688443,0.1263896,1.606015,350.7721
489.7111: 2.735757,0.3188981,1.628284,350.9443
489.9333: 2.766101,0.5297469,1.614401,351.9267
490.1556: 2.765094,0.7570781,1.612173,353.7998
490.3778: 2.763103,0.9886695,1.62496,353.0836
490.6: 2.769478,1.240209,1.587707,353.2971
490.8222: 2.777387,1.550568,1.611607,347.4185
491.0445: 2.753688,1.797828,1.608954,336.6971
491.2667: 2.708149,2.025316,1.597863,325.5487
491.4889: 2.664787,2.246065,1.608291,313.4797
491.7111: 2.610168,2.425131,1.581353,303.1048
491.9333: 2.506058,2.632496,1.579368,286.4236
492.1556: 2.358766,2.77447,1.591667,269.8845
492.3778: 2.177488,2.863149,1.573574,259.0683
492.6: 1.970805,2.93035,1.596725,256.8615
492.8222: 1.735385,2.979859,1.574901,256.7764
493.0445: 1.419093,3.020553,1.582781,252.557
493.2667: 1.166847,3.003572,1.597253,245.2987
493.4889: 0.9372481,2.957405,1.562468,236.6433
493.7111: 0.7524733,2.910796,1.587518,229.6905
493.9333: 0.5534716,2.851016,1.57683,216.026
494.1556: 0.3631037,2.78193,1.56689,197.3706
494.3778: 0.2236854,2.681342,1.595638,182.9536
494.6: 0.1368467,2.541637,1.575335,178.209
494.8222: 0.09780604,2.366682,1.581012,177.5956
495.0445: 0.06700866,2.151374,1.600906,170.8471
495.2667: 0.02235192,1.952391,1.58145,174.9862
495.4889: -0.01589382,1.758325,1.593824,181.8795
495.7111: -0.01083338,1.5998,1.593229,186.1201
495.9333: 0.01062859,1.427046,1.578508,195.5633
496.1556: -0.00409322,1.288448,1.600494,222.5415
496.3778: -0.04559811,1.175608,1.602751,249.0968
496.6: -0.09111234,1.066767,1.588749,252.8665
496.8222: -0.1064628,0.9455906,1.601067,237.8822
497.0445: -0.1168227,0.849996,1.601244,250.4668
497.2667: -0.09265679,0.7914043,1.608813,285.6671
497.4889: -0.06007927,0.7240564,1.605675,298.8692
497.7111: -0.05097038,0.67083,1.601543,293.9081
497.9333: -0.0440785,0.5726438,1.600079,264.2302
498.1556: -0.009444043,0.4596364,1.59298,222.6637
498.3778: 0.01966272,0.3539891,1.581985,198.4172
498.6: 0.01313192,0.217337,1.577953,191.1918
498.8222: -0.01858359,0.0525118,1.587952,196.9487
499.0445: -0.04041355,-0.1560704,1.587534,208.5598
499.2667: -0.04233566,-0.3706624,1.565982,218.2923
499.4889: -0.07355884,-0.5632358,1.599759,229.5988
499.7111: -0.1395679,-0.6926014,1.591977,233.6671
499.9333: -0.2587684,-0.8407667,1.571809,218.2683
500.1556: -0.4186086,-0.9916611,1.593625,198.5278
500.3778: -0.5433447,-1.159939,1.603459,189.2122
500.6: -0.6211794,-1.345611,1.572824,182.6332
500.8222: -0.6822581,-1.552403,1.594732,183.0069
501.0445: -0.7438461,-1.804426,1.596829,180.8828
501.2667: -0.7810074,-2.00631,1.583962,172.2631
501.4889: -0.7760993,-2.199379,1.607681,150.7233
501.7111: -0.7567692,-2.357888,1.579765,131.8278
501.9333: -0.7234299,-2.521061,1.588892,118.4891
502.1556: -0.6903344,-2.681388,1.601432,108.4016
502.3778: -0.6542656,-2.819496,1.59105,93.30138
502.6: -0.6131821,-2.939137,1.602616,77.88354
502.8222: -0.5493691,-3.028595,1.606511,71.35004
503.0445: -0.417426,-3.091782,1.587769,71.63459
503.2667: -0.2592888,-3.08936,1.587552,69.75838
503.4889: -0.1242304,-3.084868,1.607352,68.26723
503.7111: -0.05623924,-3.051487,1.619512,37.53684
503.9333: -0.07527812,-3.076617,1.615608,347.1638
504.1556: -0.08713245,-3.149279,1.607151,306.7944
504.3778: -0.1145515,-3.185684,1.600593,287.7672
504.6: -0.1980447,-3.191317,1.595674,285.9601
504.8222: -0.3719621,-3.225784,1.588411,288.218
505.0445: -0.5771255,-3.262888,1.602745,288.5024
505.2667: -0.8133867,-3.256991,1.587439,286.8592
505.4889: -1.051232,-3.207364,1.571818,288.9321
505.7111: -1.29729,-3.160334,1.603047,298.8798
505.9333: -1.503095,-3.135239,1.580954,302.433
506.1556: -1.750082,-3.099658,1.599692,311.7979
506.3778: -1.974062,-3.030621,1.596734,328.2016
506.6: -2.180452,-2.923786,1.576713,336.4312
506.8222: -2.351469,-2.801486,1.6041,345.9552
507.0445: -2.499763,-2.657832,1.583535,353.8209
507.2667: -2.645535,-2.45054,1.598954,2.782848
507.4889: -2.728415,-2.219871,1.581289,7.194083
507.7111: -2.761778,-1.971859,1.579182,8.510272
507.9333: -2.785225,-1.774361,1.599763,9.535294
508.1556: -2.810238,-1.530344,1.571373,6.683582
508.3778: -2.828313,-1.267914,1.58929,5.231081
508.6: -2.817876,-1.008729,1.585914,7.636229
508.8222: -2.792298,-0.7400181,1.567908,9.098949
509.0445: -2.785861,-0.4907828,1.598943,10.96155
509.2667: -2.776515,-0.2076029,1.567815,18.83516
509.4889: -2.760739,0.03768032,1.600752,25.90068
509.7111: -2.706137,0.2566963,1.577868,34.07046
509.9333: -2.640557,0.4351302,1.578071,34.68529
510.1556: -2.571993,0.623542,1.595146,36.36708
510.3778: -2.49118,0.8080798,1.566711,38.76471
510.6: -2.401553,0.9770998,1.585594,44.48206
510.8222: -2.294703,1.117953,1.574844,48.49294
511.0445: -2.16487,1.244154,1.555584,48.9022
511.2667: -2.036173,1.361611,1.581752,50.48348
Trial Result: Success object: Table | Time Spent: 29.69106
Trial No.:19 Ends
Trial No.:8 Begins
User confirmed on object: Plant, this maze officially starts.
523.0667: -2.441069,-2.122413,1.6147,271.3373
523.2889: -2.457079,-2.115988,1.638493,265.8175
523.5111: -2.426669,-2.107023,1.64656,272.1669
523.7333: -2.379866,-2.107928,1.645277,281.7808
523.9556: -2.337912,-2.125755,1.640056,286.7662
524.1778: -2.323347,-2.136157,1.636845,288.0979
524.4: -2.319007,-2.144454,1.633276,287.5364
524.6223: -2.326388,-2.127915,1.630926,299.5106
524.8445: -2.341524,-2.084143,1.614531,324.1101
525.0667: -2.372621,-2.045291,1.602009,341.8922
525.2889: -2.420499,-2.024995,1.609198,352.8927
525.5111: -2.488781,-2.012689,1.596455,0.561931
525.7333: -2.563828,-1.949649,1.584875,5.362254
525.9556: -2.626854,-1.797833,1.549418,8.327065
526.1778: -2.663361,-1.585267,1.574154,7.474698
526.4: -2.700999,-1.36179,1.597834,9.139247
526.6223: -2.751501,-1.103613,1.569543,11.01023
526.8445: -2.796199,-0.8387931,1.596861,16.83685
527.0667: -2.819623,-0.5736418,1.567293,22.76869
527.2889: -2.829085,-0.3035312,1.582781,27.35677
527.5111: -2.834959,-0.02876313,1.582558,37.36771
527.7333: -2.828609,0.2198757,1.566381,48.62857
527.9556: -2.781497,0.4334896,1.586435,58.28153
528.1778: -2.686521,0.6143581,1.554017,67.65126
528.4: -2.583664,0.7404113,1.575607,73.57453
528.6223: -2.45022,0.8655969,1.575575,77.05698
528.8445: -2.285772,0.9739362,1.578036,80.03844
529.0667: -2.082838,1.033518,1.580886,82.34457
529.2889: -1.852567,1.038424,1.552746,83.62961
529.5111: -1.603253,1.021802,1.590679,83.81009
529.7333: -1.354904,1.029637,1.575713,80.61873
529.9556: -1.130059,1.047434,1.577992,80.93191
530.1778: -0.9179041,1.043869,1.600707,81.78337
530.4: -0.747432,1.026675,1.579224,83.21111
530.6223: -0.5319903,0.9883758,1.588692,89.41869
530.8445: -0.3283547,0.9821875,1.604176,94.23988
531.0667: -0.1247294,1.004936,1.576538,94.269
531.2889: 0.0688666,1.039662,1.59915,95.39373
531.5111: 0.2661246,1.052411,1.601547,97.6463
531.7333: 0.4870084,1.050926,1.579362,99.70892
531.9556: 0.7257048,1.050943,1.603839,101.1161
532.1778: 0.9616777,1.068347,1.595634,103.5204
532.4: 1.197535,1.101925,1.591097,105.4971
532.6223: 1.430195,1.108765,1.611202,114.6839
532.8445: 1.65685,1.089726,1.584631,126.5684
533.0667: 1.880027,1.047339,1.604656,137.1861
533.2889: 2.079021,0.99752,1.611572,146.7294
533.5111: 2.263532,0.9333436,1.605177,155.2767
533.7333: 2.425914,0.7956724,1.61274,170.7671
533.9556: 2.525307,0.6147283,1.585209,184.1519
534.1778: 2.593273,0.4137605,1.614154,191.664
534.4: 2.643413,0.2316272,1.610624,195.7323
534.6223: 2.687964,0.02700476,1.605675,199.8595
534.8445: 2.685722,-0.1931663,1.626678,202.8243
535.0667: 2.626948,-0.4054875,1.596075,203.4088
535.2889: 2.524698,-0.6250756,1.615287,198.588
535.5111: 2.414436,-0.8223724,1.623118,193.5222
535.7333: 2.294599,-1.044139,1.613545,185.9289
535.9556: 2.196315,-1.226573,1.632785,180.4946
536.1778: 2.105482,-1.394682,1.614642,176.0195
536.4: 2.04295,-1.529911,1.617442,172.2572
536.6223: 2.008977,-1.693255,1.621381,166.6626
536.8445: 1.992019,-1.889879,1.592073,171.5137
537.0667: 1.97315,-2.101398,1.615366,196.7543
537.2889: 1.944734,-2.29809,1.6214,223.7229
537.5111: 1.914825,-2.473058,1.598623,232.778
537.7333: 1.870007,-2.688803,1.619614,240.0995
537.9556: 1.848095,-2.861249,1.61682,236.1691
538.1778: 1.874177,-3.014497,1.614603,198.9237
538.4: 1.916168,-3.088561,1.625168,145.0796
538.6223: 1.881211,-3.112609,1.618843,93.42446
538.8445: 1.811567,-3.139509,1.617492,66.60521
539.0667: 1.767259,-3.144527,1.61453,49.78362
539.2889: 1.737527,-3.127439,1.614693,32.61152
539.5111: 1.710316,-3.11973,1.621579,11.46502
539.7333: 1.692916,-3.15512,1.617501,340.1787
539.9556: 1.705795,-3.208761,1.616476,322.0001
540.1778: 1.712905,-3.246217,1.623217,314.391
540.4: 1.692406,-3.260733,1.624531,310.9669
540.6223: 1.656591,-3.252678,1.623053,320.4002
540.8445: 1.631812,-3.21604,1.620391,348.822
541.0667: 1.633427,-3.146175,1.615849,7.350858
541.2889: 1.665139,-3.032366,1.602768,14.81903
541.5111: 1.716054,-2.876133,1.609818,14.06756
541.7333: 1.750827,-2.688853,1.623649,9.214115
541.9556: 1.757699,-2.470706,1.584781,6.007989
542.1778: 1.741637,-2.243132,1.607435,0.1701402
542.4: 1.751093,-2.022873,1.617006,-0.001998266
542.6223: 1.769037,-1.85087,1.585071,359.3834
542.8445: 1.782689,-1.67534,1.613194,357.9379
543.0667: 1.779856,-1.561537,1.627517,356.1267
543.2889: 1.77515,-1.499473,1.623857,356.9099
543.5111: 1.766926,-1.469283,1.62096,358.7057
543.7333: 1.753198,-1.453753,1.61623,357.5466
543.9556: 1.729337,-1.432174,1.61184,357.7835
544.1778: 1.72074,-1.400504,1.614423,358.4471
544.4: 1.728387,-1.343871,1.61513,357.1719
Trial Result: Success object: Harp | Time Spent: 21.70953
Trial No.:8 Ends
Trial No.:13 Begins
User confirmed on object: Telescope, this maze officially starts.
555.5444: -3.013044,0.04382518,1.613105,87.89307
555.7667: -2.998706,0.0267317,1.621697,84.88144
555.9889: -3.004218,0.01630122,1.627701,89.76007
556.2111: -3.011563,0.01327369,1.626971,97.96573
556.4333: -3.018611,0.01618762,1.627069,102.8957
556.6556: -3.025288,0.0241095,1.624951,101.5968
556.8778: -3.034573,0.02323513,1.623432,107.0649
557.1: -3.043263,0.0313936,1.620196,106.5496
557.3223: -3.0487,0.04035303,1.611946,102.9335
557.5444: -3.050649,0.03074736,1.60366,115.8995
557.7667: -3.054468,0.0102838,1.593082,133.9199
557.9889: -3.05511,-0.007235141,1.586046,145.5448
558.2111: -3.028715,-0.01930809,1.584482,144.205
558.4333: -2.981997,-0.04674995,1.579958,135.3522
558.6556: -2.917024,-0.1278379,1.574804,126.0996
558.8778: -2.846133,-0.2554537,1.587851,121.8854
559.1: -2.749013,-0.3830085,1.595033,114.4796
559.3223: -2.630103,-0.4837187,1.583828,109.9196
559.5444: -2.511175,-0.5642444,1.57097,107.6905
559.7667: -2.388981,-0.6634688,1.585938,100.8758
559.9889: -2.265559,-0.7857893,1.588732,94.60795
560.2111: -2.089827,-0.8994828,1.606426,97.07177
560.4333: -1.911158,-0.9143807,1.580658,99.54984
560.6556: -1.696248,-0.8846781,1.597995,99.66514
560.8778: -1.51386,-0.874233,1.609768,95.04971
561.1: -1.30969,-0.8870984,1.588693,89.95495
561.3223: -1.091407,-0.9230338,1.60038,85.25153
561.5444: -0.8833073,-0.9399997,1.606239,86.04433
561.7667: -0.6530885,-0.9358456,1.572676,88.19206
561.9889: -0.4209715,-0.9231836,1.604251,87.8235
562.2111: -0.1671211,-0.9443588,1.604621,89.6747
562.4333: 0.054635,-0.9845847,1.598274,88.37444
562.6556: 0.2631868,-1.007215,1.617688,89.69283
562.8778: 0.4353465,-1.008616,1.605374,94.99688
563.1: 0.6343007,-0.9891679,1.601887,106.6163
563.3223: 0.8330728,-0.9726994,1.621655,116.2678
563.5444: 1.034909,-0.9769695,1.594013,124.6331
563.7667: 1.239835,-1.00843,1.599814,127.6148
563.9889: 1.412192,-1.051984,1.620143,130.5726
564.2111: 1.554773,-1.114383,1.602076,134.183
564.4333: 1.654076,-1.200933,1.622292,137.281
564.6556: 1.710338,-1.30546,1.611255,134.3412
Trial Result: Success object: Well | Time Spent: 9.523737
Trial No.:13 Ends
Trial No.:14 Begins
User confirmed on object: Telescope, this maze officially starts.
578.8667: -2.821546,0.1363689,1.590956,101.6117
579.0889: -2.814092,0.1340881,1.613053,99.89861
579.3111: -2.84883,0.1411081,1.620098,98.59932
579.5333: -2.915906,0.1522146,1.623215,103.7101
579.7556: -2.987561,0.1789066,1.620342,101.705
579.9778: -3.050162,0.1990578,1.615376,101.3659
580.2: -3.089537,0.2056834,1.612368,104.2447
580.4222: -3.10954,0.1821224,1.601779,122.1468
580.6445: -3.122846,0.1512202,1.584389,143.2193
580.8667: -3.123856,0.1392041,1.581452,145.4978
581.0889: -3.120161,0.1402419,1.578397,138.1354
581.3111: -3.108489,0.1633516,1.578313,114.1364
581.5333: -3.114929,0.210866,1.573822,81.17244
581.7556: -3.130413,0.2553021,1.576812,58.0105
581.9778: -3.125108,0.2845651,1.580191,47.97082
582.2: -3.095303,0.3107386,1.579846,43.07098
582.4222: -3.049655,0.3641492,1.572783,40.67588
582.6445: -2.987245,0.4849142,1.549429,45.18196
582.8667: -2.931389,0.6445122,1.571652,49.86728
583.0889: -2.837078,0.7783726,1.578321,61.44526
583.3111: -2.716954,0.8728557,1.563877,70.20566
583.5333: -2.549678,0.9610369,1.572958,75.72132
583.7556: -2.387855,1.02704,1.591271,81.10781
583.9778: -2.226705,1.086927,1.582494,83.94398
584.2: -2.058689,1.146487,1.585333,85.92056
584.4222: -1.883978,1.165878,1.598311,88.18563
584.6445: -1.667945,1.139027,1.573625,88.90711
584.8667: -1.463632,1.087101,1.595844,87.18597
585.0889: -1.281645,1.05736,1.604669,85.66657
585.3111: -1.115747,1.045161,1.578708,83.55455
585.5333: -0.9205234,1.054581,1.587932,82.96432
585.7556: -0.738468,1.055251,1.603253,84.87276
585.9778: -0.5266111,1.041966,1.585437,94.49818
586.2: -0.3112343,1.025686,1.588605,100.4616
586.4222: -0.1202113,1.023594,1.608573,101.3603
586.6445: 0.07420821,1.031258,1.59661,100.7958
586.8667: 0.2168326,1.048314,1.587249,102.4109
587.0889: 0.362092,1.074267,1.609349,102.1977
587.3111: 0.5054049,1.09101,1.608532,102.7368
587.5333: 0.6947479,1.098994,1.58748,103.3166
587.7556: 0.9179695,1.095228,1.586104,102.3312
587.9778: 1.136796,1.110984,1.611359,100.2658
588.2: 1.35097,1.127084,1.586722,105.326
588.4222: 1.573268,1.135054,1.607985,122.1537
588.6445: 1.822288,1.107785,1.610852,138.479
588.8667: 2.044766,1.036832,1.589772,145.4335
589.0889: 2.230307,0.9428459,1.625798,154.688
589.3111: 2.370575,0.8184315,1.61058,167.3725
589.5333: 2.492448,0.6638702,1.611676,180.8444
589.7556: 2.579557,0.4598047,1.617629,192.5833
589.9778: 2.621356,0.2247527,1.592251,196.3958
590.2: 2.630239,-0.003040178,1.624892,199.7048
590.4222: 2.616553,-0.2271829,1.60937,205.3924
590.6445: 2.593883,-0.4851876,1.597681,206.1747
590.8667: 2.513762,-0.6922644,1.62915,201.3461
591.0889: 2.388201,-0.8672035,1.605927,195.2656
591.3111: 2.263063,-1.030728,1.63099,181.6671
591.5333: 2.187165,-1.157157,1.630018,173.697
591.7556: 2.114232,-1.316594,1.607044,173.8034
591.9778: 2.058445,-1.481062,1.616315,182.1086
592.2: 2.011193,-1.64895,1.624436,180.4752
592.4222: 1.955015,-1.788472,1.608951,183.2126
592.6445: 1.903848,-1.862955,1.617495,195.4833
592.8667: 1.870378,-1.854778,1.616999,219.4766
593.0889: 1.880571,-1.796244,1.613568,237.1747
593.3111: 1.89257,-1.700112,1.616065,257.6184
593.5333: 1.89108,-1.608281,1.614391,272.184
593.7556: 1.880576,-1.504527,1.616819,277.3105
593.9778: 1.846164,-1.379247,1.613506,271.6251
594.2: 1.786898,-1.237215,1.613318,268.1315
594.4222: 1.70448,-1.146475,1.621675,277.1553
594.6445: 1.587009,-1.105714,1.616964,283.4997
594.8667: 1.387747,-1.105929,1.591796,289.5855
595.0889: 1.159077,-1.11246,1.607397,297.2838
595.3111: 0.9324039,-1.078102,1.601391,304.5288
595.5333: 0.7463419,-1.027112,1.583328,307.1273
595.7556: 0.5540632,-0.9753485,1.608292,310.167
595.9778: 0.3929777,-0.9279194,1.59312,313.6114
596.2: 0.2577743,-0.8832477,1.599091,318.3777
596.4222: 0.1627185,-0.8318549,1.615923,319.9602
596.6445: 0.1084649,-0.7732295,1.61707,318.2805
Trial Result: Success object: Wheelbarrow | Time Spent: 18.03217
Trial No.:14 Ends
Trial No.:3 Begins
User confirmed on object: Piano, this maze officially starts.
611.5667: 1.771923,3.297637,1.618332,181.417
611.7889: 1.778999,3.304288,1.633734,179.6759
612.0111: 1.773436,3.314588,1.640359,180.6943
612.2333: 1.761309,3.318944,1.637449,182.9175
612.4556: 1.754997,3.312464,1.633147,183.158
612.6778: 1.752856,3.304611,1.626637,183.1143
612.9: 1.754592,3.294499,1.604647,181.8795
613.1223: 1.762734,3.285666,1.59335,177.7961
613.3445: 1.785845,3.290208,1.600778,157.9951
613.5667: 1.778106,3.308344,1.599294,129.1293
613.7889: 1.735603,3.323648,1.597632,106.6015
614.0111: 1.689015,3.324013,1.594277,93.8549
614.2333: 1.680844,3.290969,1.593995,105.0609
614.4556: 1.740833,3.256468,1.587919,123.9642
614.6778: 1.868178,3.244639,1.590374,134.491
614.9: 2.014896,3.243145,1.600728,143.5219
615.1223: 2.172176,3.208021,1.589674,151.2028
615.3445: 2.320767,3.11696,1.566992,154.8894
615.5667: 2.447869,2.99972,1.592048,159.0408
615.7889: 2.546955,2.882883,1.608939,167.2735
616.0111: 2.640099,2.765532,1.592718,173.31
616.2333: 2.745098,2.600717,1.603755,185.5318
616.4556: 2.804905,2.412379,1.614167,199.1193
616.6778: 2.809475,2.205429,1.586447,207.3637
616.9: 2.785051,1.987367,1.609806,211.4335
617.1223: 2.789887,1.759402,1.613911,204.3352
617.3445: 2.825934,1.503189,1.594019,185.9473
617.5667: 2.837114,1.265318,1.627315,186.3107
617.7889: 2.823905,1.060689,1.608884,192.0125
618.0111: 2.787693,0.8634661,1.601033,203.8498
618.2333: 2.773072,0.7295725,1.6308,215.2412
618.4556: 2.787902,0.5921046,1.615849,220.2401
618.6778: 2.82448,0.4520895,1.629499,221.0705
618.9: 2.846933,0.2952029,1.623333,220.1361
619.1223: 2.835732,0.1325561,1.614973,221.3943
619.3445: 2.803523,-0.01071883,1.600074,226.1151
619.5667: 2.790868,-0.06377558,1.622966,244.0899
619.7889: 2.804395,-0.02674191,1.608739,273.4336
620.0111: 2.823585,0.05829062,1.600803,295.7943
620.2333: 2.802399,0.1822997,1.586365,298.7314
620.4556: 2.746565,0.3718544,1.59896,294.034
620.6778: 2.647146,0.555144,1.615856,285.7884
620.9: 2.497541,0.6866595,1.587244,277.8936
621.1223: 2.295409,0.771696,1.590832,274.8227
621.3445: 2.033925,0.8523284,1.630365,275.9664
621.5667: 1.797109,0.8951216,1.605073,274.495
621.7889: 1.55019,0.9130849,1.626731,273.5013
622.0111: 1.350932,0.9177462,1.59864,277.517
622.2333: 1.098769,0.9281164,1.591725,293.9422
622.4556: 0.8514411,0.9347923,1.613277,298.7568
622.6778: 0.6023321,0.9448234,1.580725,288.6894
622.9: 0.3551358,0.9425887,1.601619,274.7198
623.1223: 0.1149315,0.9251419,1.57531,267.8671
623.3445: -0.1655634,0.8977729,1.580956,269.7795
623.5667: -0.4131555,0.9066663,1.600485,276.5548
623.7889: -0.6462117,0.9411771,1.565844,284.9531
624.0111: -0.8472612,0.9655179,1.588761,287.6151
624.2333: -1.05098,0.966153,1.586505,281.7063
624.4556: -1.267166,0.9535306,1.566559,272.6362
624.6778: -1.480435,0.926591,1.589499,249.6007
624.9: -1.683156,0.9291741,1.574398,233.4956
625.1223: -1.902959,0.9594563,1.552973,222.0985
625.3445: -2.101942,0.9590549,1.579467,206.7798
625.5667: -2.256444,0.8833442,1.558544,193.5698
625.7889: -2.378982,0.7300943,1.558055,184.7148
626.0111: -2.477467,0.5743961,1.579038,173.9327
626.2333: -2.570687,0.4120575,1.568391,169.3495
626.4556: -2.671114,0.227782,1.571522,177.6655
626.6778: -2.719161,0.02641622,1.589834,183.283
626.9: -2.728289,-0.2207599,1.550637,181.8589
627.1223: -2.701911,-0.4855708,1.586373,176.4476
627.3445: -2.703018,-0.7454734,1.598334,177.7585
627.5667: -2.720046,-1.008841,1.551764,175.2758
627.7889: -2.721362,-1.260993,1.596395,171.2975
628.0111: -2.712013,-1.485597,1.569821,167.5667
628.2333: -2.689027,-1.711141,1.579687,161.6111
628.4556: -2.68302,-1.939656,1.592582,151.6916
628.6778: -2.687524,-2.170045,1.55801,137.8678
628.9: -2.675215,-2.388278,1.585594,120.4287
629.1223: -2.62305,-2.554117,1.590331,104.2534
629.3445: -2.539865,-2.684564,1.570723,93.98936
629.5667: -2.433597,-2.810911,1.592539,79.87314
629.7889: -2.379797,-2.885363,1.593461,64.5751
630.0111: -2.338902,-2.962286,1.596494,52.54596
630.2333: -2.305812,-3.00304,1.606575,45.52266
Trial Result: Success object: Mailbox | Time Spent: 19.06232
Trial No.:3 Ends
Trial No.:4 Begins
User confirmed on object: Piano, this maze officially starts.
645.6556: 1.776813,3.223508,1.615149,179.3518
645.8778: 1.79218,3.234013,1.63919,177.0759
646.1: 1.798445,3.24672,1.647963,179.085
646.3223: 1.790002,3.249577,1.648302,191.033
646.5444: 1.778117,3.256023,1.647002,203.8968
646.7667: 1.774448,3.259032,1.638144,211.841
646.9889: 1.790569,3.247503,1.628486,204.4985
647.2111: 1.849789,3.240865,1.618737,167.7341
647.4333: 1.900062,3.269141,1.61371,123.0232
647.6556: 1.901744,3.284807,1.610688,89.75439
647.8778: 1.882562,3.277235,1.604427,64.86723
648.1: 1.880477,3.239498,1.597063,62.62336
648.3223: 1.928249,3.169651,1.594979,85.6621
648.5444: 2.004085,3.112334,1.586054,108.8383
648.7667: 2.124905,3.064286,1.576513,127.3957
648.9889: 2.272899,3.011493,1.593863,146.2301
649.2111: 2.417663,2.94336,1.603585,157.9464
649.4333: 2.545376,2.839576,1.584524,170.6783
649.6556: 2.65207,2.693829,1.598452,184.4445
649.8778: 2.751487,2.536684,1.617733,191.3965
650.1: 2.818412,2.389533,1.603782,195.4808
650.3223: 2.872033,2.229169,1.606049,196.7911
650.5444: 2.877789,2.045263,1.610061,194.8297
650.7667: 2.854493,1.852058,1.587831,189.0277
650.9889: 2.824269,1.634916,1.622344,181.0398
651.2111: 2.809504,1.435606,1.627079,178.7009
651.4333: 2.796225,1.217983,1.617096,183.1837
651.6556: 2.783588,0.9883577,1.634553,189.8926
651.8778: 2.760563,0.7161263,1.600966,193.4534
652.1: 2.727418,0.4801686,1.615701,194.4202
652.3223: 2.713544,0.2780065,1.640393,198.8703
652.5444: 2.710402,0.05622237,1.609605,202.7579
652.7667: 2.713068,-0.1282967,1.622926,207.9682
652.9889: 2.68684,-0.3387255,1.625751,210.4919
653.2111: 2.61947,-0.5319865,1.598927,206.9903
653.4333: 2.522285,-0.7036659,1.625271,201.4556
653.6556: 2.424986,-0.8503481,1.633526,194.6251
653.8778: 2.328756,-1.001755,1.628062,189.1049
654.1: 2.235914,-1.13437,1.639889,184.6603
654.3223: 2.144757,-1.248544,1.632927,177.9412
654.5444: 2.031425,-1.366364,1.621432,175.9779
654.7667: 1.95821,-1.492697,1.632989,183.4884
654.9889: 1.917541,-1.64808,1.620376,192.8277
655.2111: 1.923454,-1.83603,1.624293,195.9541
655.4333: 1.945215,-2.020191,1.623313,186.1786
655.6556: 1.969334,-2.218575,1.597442,165.2679
655.8778: 1.999073,-2.387818,1.611775,134.4826
656.1: 2.030529,-2.56349,1.608824,109.5547
656.3223: 2.032524,-2.752159,1.615492,136.2165
656.5444: 1.964437,-2.908923,1.633785,188.4434
656.7667: 1.901103,-2.965789,1.632168,222.0253
656.9889: 1.833326,-3.006191,1.62222,246.5561
657.2111: 1.764228,-3.040479,1.614625,263.8357
657.4333: 1.707885,-3.088081,1.616602,278.743
657.6556: 1.657253,-3.156332,1.613981,291.6645
657.8778: 1.591101,-3.227244,1.612165,303.8182
658.1: 1.485154,-3.280536,1.606103,308.4314
658.3223: 1.38635,-3.268367,1.596852,315.1581
658.5444: 1.356168,-3.258524,1.604152,334.1043
658.7667: 1.363521,-3.275928,1.606342,352.891
658.9889: 1.38313,-3.305747,1.600814,7.720388
659.2111: 1.406843,-3.317451,1.599763,12.55131
659.4333: 1.458231,-3.284324,1.59938,22.94878
659.6556: 1.540466,-3.194512,1.601512,27.87373
659.8778: 1.641627,-3.058146,1.623866,17.84795
660.1: 1.716694,-2.878687,1.634778,2.543938
660.3223: 1.745068,-2.707361,1.590828,1.039412
660.5444: 1.75149,-2.483091,1.606758,0.6511262
660.7667: 1.769569,-2.287128,1.614445,0.2285858
660.9889: 1.795378,-2.075457,1.589237,359.9117
661.2111: 1.821543,-1.87026,1.607451,357.7783
661.4333: 1.830367,-1.707886,1.609828,355.6936
661.6556: 1.81941,-1.563692,1.593707,354.1134
661.8778: 1.80901,-1.443576,1.614479,353.1423
662.1: 1.817986,-1.355701,1.620209,350.6213
Trial Result: Success object: Harp | Time Spent: 16.7076
Trial No.:4 Ends
Trial No.:12 Begins
User confirmed on object: Trashcan, this maze officially starts.
678.9445: 2.41069,1.027953,1.646791,85.52172
679.1667: 2.411319,1.026837,1.653869,85.43624
679.3889: 2.388717,1.015826,1.655202,93.14693
679.6111: 2.354773,0.9986879,1.649647,104.9409
679.8334: 2.317667,0.9975482,1.648288,108.5981
680.0555: 2.289038,1.021203,1.644591,98.58585
680.2778: 2.265923,1.04284,1.62979,89.12098
680.5: 2.248462,1.054222,1.622869,86.66489
680.7222: 2.23932,1.068756,1.625948,80.1065
680.9445: 2.229345,1.100561,1.626943,52.39527
681.1667: 2.220538,1.111131,1.623444,26.92653
681.3889: 2.221868,1.103511,1.619882,4.554513
681.6111: 2.230855,1.094255,1.617988,352.4594
681.8334: 2.254444,1.097029,1.618679,352.0863
682.0555: 2.260518,1.100269,1.616849,350.6522
682.2778: 2.264493,1.077374,1.613978,329.8022
682.5: 2.317041,1.032338,1.607254,295.6847
682.7222: 2.368019,0.9922887,1.610031,277.9705
682.9445: 2.37614,0.9643918,1.610831,272.8641
683.1667: 2.361744,0.9731271,1.615816,289.7787
683.3889: 2.370467,1.012849,1.615518,325.6355
683.6111: 2.413532,1.081528,1.611139,354.8803
683.8334: 2.478389,1.188737,1.598793,4.65425
684.0555: 2.571523,1.333296,1.606619,2.962307
684.2778: 2.635272,1.485749,1.626145,359.6183
684.5: 2.653513,1.685885,1.588123,355.3531
684.7222: 2.627014,1.866202,1.60309,342.2941
684.9445: 2.606091,2.051866,1.618158,327.5301
685.1667: 2.60489,2.25363,1.586254,315.0361
685.3889: 2.603398,2.453265,1.587924,300.728
685.6111: 2.56175,2.621101,1.611585,283.9061
685.8334: 2.47985,2.757687,1.586425,271.1188
686.0555: 2.365283,2.857517,1.589486,256.864
686.2778: 2.254534,2.944921,1.605363,250.5156
686.5: 2.136737,3.026057,1.600731,249.26
686.7222: 1.989029,3.103615,1.603452,248.6392
686.9445: 1.814101,3.130537,1.5969,249.394
687.1667: 1.602524,3.110387,1.555861,245.7694
687.3889: 1.408365,3.077951,1.593443,244.6914
687.6111: 1.192134,3.075222,1.602069,245.7508
687.8334: 0.9776039,3.084981,1.566284,239.5546
688.0555: 0.7826478,3.063313,1.594587,222.71
688.2778: 0.6172547,3.008531,1.579157,208.4399
688.5: 0.4730709,2.920733,1.57291,201.3126
688.7222: 0.3159604,2.782442,1.58269,193.4398
688.9445: 0.2028698,2.634715,1.568557,184.939
689.1667: 0.1093996,2.47876,1.585844,182.2255
689.3889: 0.05269748,2.309826,1.590611,178.688
689.6111: 0.0174271,2.10699,1.573454,181.9256
689.8334: 0.006932641,1.905331,1.595496,185.7
690.0555: 0.0008520875,1.726233,1.596402,187.9143
690.2778: -0.01192623,1.544424,1.586,187.7515
690.5: -0.00365188,1.342742,1.599007,186.8348
690.7222: 0.02546566,1.095158,1.574547,187.394
690.9445: 0.03283113,0.9033968,1.598777,198.8831
691.1667: -0.008246826,0.8203971,1.613134,231.9765
691.3889: -0.05808897,0.8090651,1.606235,255.7232
691.6111: -0.1817648,0.8167056,1.592559,267.7266
691.8334: -0.3816931,0.8790824,1.590108,275.1862
692.0555: -0.5862586,0.9330046,1.606536,284.1555
692.2778: -0.7816297,0.9430217,1.590146,282.6494
692.5: -0.9915291,0.9353842,1.578645,277.2162
692.7222: -1.233717,0.9362262,1.599041,263.7694
692.9445: -1.459265,0.9634516,1.56129,249.4699
693.1667: -1.686072,0.9970306,1.573869,236.5358
693.3889: -1.85117,0.9843594,1.58423,222.332
693.6111: -2.035677,0.9417255,1.55056,208.1834
693.8334: -2.207406,0.8663067,1.565995,196.5984
694.0555: -2.34761,0.7798644,1.570521,182.9941
694.2778: -2.475307,0.6865447,1.563353,166.0043
694.5: -2.573448,0.5804931,1.584893,162.9887
694.7222: -2.659328,0.407377,1.569234,180.5192
694.9445: -2.660241,0.2009161,1.572449,187.981
695.1667: -2.648427,0.002713318,1.592839,187.2379
695.3889: -2.651604,-0.1679343,1.576852,182.6446
695.6111: -2.665354,-0.3109614,1.570409,169.4236
695.8334: -2.682402,-0.4736854,1.589904,161.8934
696.0555: -2.677268,-0.6256851,1.580524,160.2154
696.2778: -2.614473,-0.7247682,1.57715,138.6704
696.5: -2.560194,-0.7882432,1.588001,104.6193
696.7222: -2.536385,-0.8758824,1.582955,82.51897
696.9445: -2.515182,-0.9587698,1.58964,77.52637
697.1667: -2.450899,-1.017588,1.589009,88.53267
697.3889: -2.330181,-1.030876,1.569573,98.78702
697.6111: -2.173526,-0.9970033,1.563242,104.1026
697.8334: -1.958169,-0.9604938,1.58365,114.6659
698.0555: -1.749174,-0.970531,1.582014,123.3564
698.2778: -1.527465,-0.9950334,1.567237,113.2492
698.5: -1.314191,-0.9754391,1.597232,84.95377
698.7222: -1.114681,-0.9532467,1.572989,74.18367
698.9445: -0.8928688,-0.9114637,1.583268,78.5696
699.1667: -0.7091169,-0.9138672,1.608006,84.64055
699.3889: -0.5191411,-0.9495162,1.585136,84.57088
699.6111: -0.3309894,-1.007007,1.608535,84.28168
699.8334: -0.1486484,-1.037547,1.618895,83.18134
700.0555: 0.03537872,-1.039309,1.594417,85.10755
700.2778: 0.2557003,-0.9930246,1.592139,91.81194
700.5: 0.4717891,-0.9584038,1.615859,104.004
700.7222: 0.658333,-0.9393419,1.608317,113.5244
700.9445: 0.888055,-0.9299917,1.600212,109.7618
701.1667: 1.091357,-0.8985816,1.617825,91.93492
701.3889: 1.288431,-0.8933851,1.604218,91.64679
701.6111: 1.450592,-0.8895561,1.614995,94.74566
701.8334: 1.626456,-0.8881931,1.615017,84.75129
702.0555: 1.800371,-0.8947788,1.591233,61.72374
702.2778: 1.971035,-0.9036485,1.606162,40.11902
702.5: 2.132508,-0.8719155,1.60314,28.90655
702.7222: 2.280659,-0.7823184,1.590205,24.68319
702.9445: 2.405096,-0.6406776,1.61932,9.245968
703.1667: 2.492461,-0.5249184,1.618459,347.8148
703.3889: 2.604395,-0.3934312,1.610387,343.49
703.6111: 2.684324,-0.2411068,1.619827,346.9782
703.8334: 2.728437,-0.03444425,1.592709,351.0336
704.0555: 2.724254,0.2015458,1.603657,353.5834
704.2778: 2.733654,0.4344587,1.616666,357.0086
704.5: 2.750733,0.6726036,1.587965,356.9694
704.7222: 2.766545,0.925393,1.617845,355.3717
704.9445: 2.745596,1.195402,1.616422,354.0053
705.1667: 2.699332,1.432921,1.613486,357.2245
705.3889: 2.66771,1.646197,1.617544,351.6218
705.6111: 2.653369,1.82399,1.588317,338.2063
705.8334: 2.652348,2.034938,1.600132,322.4222
706.0555: 2.63436,2.233901,1.608948,311.4423
706.2778: 2.588774,2.426105,1.582848,301.2664
706.5: 2.519097,2.590559,1.600238,288.2322
706.7222: 2.431934,2.721632,1.595933,271.7821
706.9445: 2.314379,2.871797,1.586203,254.8842
707.1667: 2.179637,2.975414,1.610853,255.9369
707.3889: 2.002547,3.043129,1.575748,260.2445
707.6111: 1.784145,3.05623,1.587044,261.3806
707.8334: 1.55922,3.06638,1.610268,268.1969
708.0556: 1.322881,3.081023,1.58602,273.6686
708.2778: 1.0697,3.099631,1.586008,268.2955
708.5: 0.8176426,3.093269,1.596658,264.6784
708.7222: 0.5636509,3.06777,1.566619,264.2059
Trial Result: Fail at object:  | Time Spent: 30
Trial No.:12 Ends
Trial No.:6 Begins
User confirmed on object: Table, this maze officially starts.
724.1111: -2.139956,2.059717,1.6151,83.66002
724.3334: -2.135886,2.061866,1.62268,85.65516
724.5556: -2.148069,2.045864,1.625536,92.77665
724.7778: -2.167916,2.025311,1.625492,98.0955
725: -2.199331,1.998748,1.624812,102.7456
725.2222: -2.232021,1.979653,1.622738,102.0601
725.4445: -2.260252,1.975872,1.610742,94.23569
725.6667: -2.298021,1.965563,1.601061,99.01014
725.8889: -2.356611,1.95376,1.59305,116.5707
726.1111: -2.404418,1.951291,1.583621,126.5256
726.3334: -2.440984,1.923459,1.5811,130.3866
726.5556: -2.449078,1.86203,1.580058,121.2437
726.7778: -2.441733,1.735112,1.564744,108.7816
727: -2.416924,1.558646,1.565801,104.8172
727.2222: -2.342676,1.426424,1.576749,98.85955
727.4445: -2.181844,1.320954,1.545725,94.45318
727.6667: -2.005566,1.263461,1.572196,91.12391
727.8889: -1.813506,1.18665,1.584839,93.07579
728.1111: -1.630707,1.115254,1.565313,92.0042
728.3334: -1.422258,1.036631,1.585515,89.65349
728.5556: -1.227912,1.003007,1.593798,85.3623
728.7778: -1.027664,1.015512,1.579737,78.80196
729: -0.8138461,1.029997,1.608652,79.31316
729.2222: -0.5859617,1.010409,1.58784,90.68651
729.4445: -0.3142894,0.978995,1.594849,96.37904
729.6667: -0.06508245,0.9823412,1.600081,96.45284
729.8889: 0.1873346,1.000209,1.574619,97.86845
730.1111: 0.4009977,1.015284,1.603784,98.25459
730.3334: 0.6404021,1.020081,1.588446,98.01924
730.5556: 0.8807148,1.012079,1.587227,93.92492
730.7778: 1.114686,1.01374,1.604674,90.21913
731: 1.343451,1.019222,1.583298,89.0573
731.2222: 1.568785,1.03878,1.60919,83.49829
731.4445: 1.81843,1.06773,1.601517,60.95095
731.6667: 2.003321,1.085644,1.585321,35.533
731.8889: 2.192783,1.121911,1.618363,18.83847
732.1111: 2.332733,1.189197,1.603524,9.112468
732.3334: 2.439352,1.302282,1.597068,2.153818
732.5556: 2.540949,1.446057,1.607894,358.4576
732.7778: 2.61864,1.621523,1.593345,352.2603
733: 2.687286,1.833426,1.593459,342.2404
733.2222: 2.707948,2.04348,1.607284,327.623
733.4445: 2.680574,2.270042,1.574925,308.1494
733.6667: 2.631299,2.436752,1.600957,295.2667
733.8889: 2.575651,2.605031,1.599415,285.1499
734.1111: 2.503908,2.773548,1.585461,269.5921
734.3334: 2.422265,2.886352,1.605317,252.5352
734.5556: 2.312775,2.975186,1.596536,243.0963
734.7778: 2.139973,3.025727,1.582409,248.2776
735: 1.916309,3.049413,1.602641,260.3076
735.2222: 1.694488,3.065853,1.600701,263.3208
735.4445: 1.440585,3.098339,1.577047,264.0697
735.6667: 1.161196,3.122795,1.61108,264.7568
735.8889: 0.938006,3.12052,1.579417,263.6378
736.1111: 0.6564786,3.098972,1.60268,263.2049
736.3334: 0.4589234,3.101099,1.599222,265.131
736.5556: 0.2118012,3.116759,1.568239,264.4235
736.7778: -0.03327129,3.124532,1.585586,261.523
737: -0.2679477,3.112404,1.563279,257.2793
737.2222: -0.5003123,3.095779,1.565959,258.119
737.4445: -0.715682,3.098645,1.576594,260.1003
737.6667: -0.996011,3.110306,1.555386,257.9668
737.8889: -1.225961,3.112499,1.583556,257.7872
738.1111: -1.396333,3.075189,1.580799,246.4469
738.3334: -1.481963,3.004981,1.563785,218.7884
738.5556: -1.554752,2.931308,1.564123,187.3865
738.7778: -1.64343,2.82153,1.557176,176.2091
739: -1.752693,2.676587,1.55697,172.7377
739.2222: -1.84275,2.496994,1.571057,180.6846
739.4445: -1.903916,2.291198,1.528479,189.1169
739.6667: -1.926474,2.010489,1.551142,196.7066
739.8889: -1.966309,1.788115,1.574083,198.3222
740.1111: -2.058198,1.568478,1.535223,196.9395
740.3334: -2.201249,1.336739,1.564919,192.4669
740.5556: -2.315639,1.11114,1.576587,188.7435
740.7778: -2.409153,0.867483,1.557822,182.7328
741: -2.500774,0.6311457,1.584615,177.8415
741.2222: -2.595112,0.3862514,1.563589,177.615
741.4445: -2.677456,0.1349583,1.584489,179.3366
741.6667: -2.725241,-0.1672469,1.574918,181.4244
741.8889: -2.712265,-0.440176,1.57767,177.6089
742.1111: -2.706213,-0.6664989,1.597506,176.1599
742.3334: -2.706,-0.9046431,1.560898,176.0806
742.5556: -2.714794,-1.157012,1.577117,172.0512
742.7778: -2.709642,-1.417851,1.580105,167.6689
743: -2.689297,-1.684264,1.569688,161.4449
743.2222: -2.681884,-1.940263,1.594525,153.085
743.4445: -2.681108,-2.189003,1.560812,142.1082
743.6667: -2.653832,-2.439931,1.594817,121.6824
743.8889: -2.577468,-2.590867,1.588391,100.2205
744.1111: -2.463039,-2.690822,1.576071,82.88433
744.3334: -2.37194,-2.762551,1.585613,71.76424
744.5556: -2.259702,-2.839705,1.585184,68.20394
744.7778: -2.07849,-2.952793,1.571604,74.99982
745: -1.841722,-3.063824,1.59737,83.61475
745.2222: -1.603855,-3.10684,1.597899,85.09606
745.4445: -1.360929,-3.091162,1.57497,83.83298
745.6667: -1.063725,-3.06357,1.613423,82.27546
745.8889: -0.8052275,-3.063413,1.573552,80.23863
746.1111: -0.5550585,-3.068711,1.592456,73.99915
746.3334: -0.3518472,-3.059785,1.598564,67.98671
746.5556: -0.173189,-3.04499,1.582337,64.31473
746.7778: -0.0003130715,-3.040757,1.60832,57.87869
747: 0.144438,-3.057629,1.609169,49.9147
Trial Result: Success object: Chair | Time Spent: 23.13795
Trial No.:6 Ends
Trial No.:24 Begins
User confirmed on object: Chair, this maze officially starts.
759.6889: 0.8648651,-3.220743,1.659195,353.1206
759.9111: 0.8636525,-3.226239,1.662178,354.0227
760.1334: 0.8670999,-3.233163,1.663138,354.8174
760.3556: 0.8764576,-3.239906,1.661913,356.0892
760.5778: 0.8774459,-3.241541,1.660006,356.0385
760.8: 0.8791956,-3.242241,1.658781,356.0283
761.0222: 0.878429,-3.237144,1.650827,353.8904
761.2444: 0.8765045,-3.233681,1.647443,349.0559
761.4667: 0.9032053,-3.211625,1.634467,339.9095
761.6889: 0.9467704,-3.188726,1.620713,321.6978
761.9111: 1.012238,-3.171276,1.615244,296.9613
762.1334: 1.071955,-3.186874,1.621002,273.8073
762.3556: 1.070714,-3.204226,1.621125,269.4611
762.5778: 1.024448,-3.209247,1.606379,278.1771
762.8: 0.928817,-3.20477,1.598509,281.9933
763.0222: 0.7756596,-3.166514,1.571397,284.709
763.2444: 0.5599517,-3.095696,1.589784,283.8998
763.4667: 0.3480614,-3.059205,1.606835,280.1416
763.6889: 0.13847,-3.044182,1.583747,278.2037
763.9111: -0.115108,-3.037361,1.609395,275.6997
764.1334: -0.4202469,-3.009748,1.58447,273.0067
764.3556: -0.6961873,-2.988359,1.603832,271.9651
764.5778: -0.956857,-3.004323,1.592734,274.478
764.8: -1.189636,-3.030902,1.58516,279.651
765.0222: -1.438684,-3.029397,1.608198,290.5405
765.2444: -1.672482,-2.999971,1.580981,302.1487
765.4667: -1.896081,-2.96016,1.602628,312.4817
765.6889: -2.103702,-2.916768,1.591215,326.1278
765.9111: -2.297221,-2.861094,1.583467,343.6198
766.1334: -2.461321,-2.749313,1.598988,3.230067
766.3556: -2.551855,-2.588796,1.567868,8.337914
766.5778: -2.622235,-2.360061,1.592934,7.49392
766.8: -2.677179,-2.16932,1.603125,8.77936
767.0222: -2.751328,-1.939033,1.578756,10.67303
767.2444: -2.817837,-1.690593,1.599029,9.746999
767.4667: -2.844066,-1.425658,1.57326,9.202206
767.6889: -2.839653,-1.151253,1.572874,7.153306
767.9111: -2.828897,-0.8810129,1.585755,9.072891
768.1334: -2.809443,-0.5666023,1.564142,14.59892
768.3556: -2.771923,-0.298691,1.59848,21.29895
768.5778: -2.718627,-0.05086734,1.563304,24.85694
768.8: -2.656591,0.1666928,1.578895,27.15525
769.0222: -2.58891,0.4076504,1.589064,33.51177
769.2444: -2.530179,0.6408229,1.567809,35.78405
769.4667: -2.453842,0.861426,1.587461,32.11295
769.6889: -2.348107,1.067965,1.556769,27.28577
769.9111: -2.214729,1.27725,1.577118,26.62969
770.1334: -2.10446,1.502637,1.585597,29.28219
770.3556: -2.021723,1.736046,1.562404,34.68227
770.5778: -1.948094,1.971598,1.58541,43.49
770.8: -1.864981,2.192435,1.562697,50.38562
771.0222: -1.759336,2.408862,1.572044,58.0878
771.2444: -1.64021,2.600732,1.582857,68.23994
771.4667: -1.509656,2.770285,1.565051,79.78509
771.6889: -1.3594,2.897889,1.579347,91.27676
771.9111: -1.181742,2.982258,1.553932,98.13194
772.1334: -0.9194593,3.057024,1.577816,97.93806
772.3556: -0.6756724,3.117643,1.580867,97.06226
772.5778: -0.4420437,3.170473,1.555989,98.77412
772.8: -0.1790488,3.210969,1.590206,103.7985
773.0222: 0.04301209,3.209035,1.57572,108.1664
773.2444: 0.2856325,3.189716,1.571621,106.589
773.4667: 0.5231122,3.192072,1.595547,100.0159
773.6889: 0.7569364,3.203867,1.568857,95.50211
773.9111: 0.9967506,3.215307,1.593984,97.02166
774.1334: 1.244057,3.199987,1.591449,106.973
774.3556: 1.506982,3.156108,1.579222,117.7234
774.5778: 1.750948,3.110455,1.608896,129.4609
774.8: 1.982288,3.061958,1.581056,138.6364
775.0222: 2.176832,3.002559,1.592099,147.9781
775.2444: 2.339663,2.894182,1.60575,157.3977
775.4667: 2.459696,2.73827,1.581555,159.8274
775.6889: 2.555142,2.554872,1.610628,160.104
775.9111: 2.640627,2.376835,1.602564,160.4804
776.1334: 2.718089,2.196267,1.595473,160.7892
776.3556: 2.762711,2.005816,1.619226,157.9116
776.5778: 2.772696,1.850804,1.607149,151.9107
776.8: 2.771259,1.721225,1.623057,145.9966
777.0222: 2.781742,1.648554,1.631541,142.14
Trial Result: Success object: Trashcan | Time Spent: 17.60119
Trial No.:24 Ends
Trial No.:18 Begins
User confirmed on object: Harp, this maze officially starts.
796.7222: 1.706788,-1.130715,1.653339,351.109
796.9445: 1.706892,-1.141648,1.659941,351.9165
797.1667: 1.710029,-1.182863,1.655103,357.8479
797.3889: 1.705409,-1.238789,1.650009,359.9527
797.6111: 1.706657,-1.301544,1.649154,3.941076
797.8334: 1.724481,-1.371254,1.644028,3.777536
798.0556: 1.777463,-1.449978,1.633461,5.133251
798.2778: 1.853298,-1.518567,1.620084,13.27665
798.5: 1.902339,-1.55907,1.626704,20.76481
798.7222: 1.934211,-1.568422,1.617674,27.29523
798.9445: 1.986349,-1.536936,1.610832,28.3532
799.1667: 2.098804,-1.47836,1.59516,23.26232
799.3889: 2.248426,-1.41784,1.611966,20.68224
799.6111: 2.360654,-1.339662,1.62675,16.2292
799.8334: 2.447198,-1.231732,1.617894,13.13865
800.0556: 2.509647,-1.076658,1.596467,11.87897
800.2778: 2.554068,-0.870468,1.61172,7.229751
800.5: 2.605821,-0.6557502,1.622747,1.77454
800.7222: 2.682624,-0.391328,1.594838,358.181
800.9445: 2.73353,-0.1547588,1.628376,353.5987
801.1667: 2.756629,0.04965404,1.599889,351.7219
801.3889: 2.763357,0.2965091,1.611945,352.0865
801.6111: 2.782158,0.5234652,1.623301,354.3004
801.8334: 2.809919,0.7845975,1.592275,354.0913
802.0556: 2.831192,1.03897,1.61605,349.7107
802.2778: 2.833752,1.279239,1.600765,347.4149
802.5: 2.814988,1.516012,1.603104,345.6232
802.7222: 2.801202,1.758693,1.619789,339.2184
802.9445: 2.78489,2.015486,1.58591,323.5384
803.1667: 2.760706,2.205541,1.606371,306.3175
803.3889: 2.700085,2.393356,1.598597,293.9656
803.6111: 2.602408,2.547195,1.579262,287.0244
803.8334: 2.468525,2.692885,1.596137,277.7714
804.0556: 2.317284,2.806753,1.588573,262.925
804.2778: 2.139641,2.936394,1.592742,256.1561
804.5: 1.909797,3.032154,1.599067,257.8276
804.7222: 1.664359,3.065558,1.568357,259.2813
804.9445: 1.369841,3.081105,1.600997,263.3259
805.1667: 1.123958,3.108839,1.580118,265.5934
805.3889: 0.8959093,3.142338,1.587547,263.1169
805.6111: 0.6276428,3.154208,1.60278,263.955
805.8334: 0.3837679,3.136017,1.566534,264.3249
806.0556: 0.1704302,3.111811,1.597909,262.7638
806.2778: -0.01467668,3.1166,1.578159,264.5787
806.5: -0.25599,3.140623,1.564254,262.4047
806.7222: -0.4947131,3.154888,1.586787,259.0288
806.9445: -0.7673013,3.151729,1.558547,256.3124
807.1667: -0.9894749,3.119503,1.569156,251.5397
807.3889: -1.189524,3.095278,1.581482,249.0333
807.6111: -1.327136,3.042993,1.563071,227.4016
807.8334: -1.451718,2.971979,1.569175,200.4826
808.0556: -1.558352,2.865858,1.559291,179.864
808.2778: -1.644738,2.718379,1.549502,173.6507
808.5: -1.735379,2.545883,1.574092,177.2478
808.7222: -1.841179,2.36154,1.556071,190.1952
808.9445: -1.961878,2.121239,1.571682,193.8181
809.1667: -2.037695,1.887249,1.558222,191.7707
809.3889: -2.102693,1.635525,1.556433,192.6343
809.6111: -2.180197,1.446862,1.587496,193.6808
809.8334: -2.283281,1.26097,1.563617,190.3967
810.0556: -2.416585,1.079114,1.564783,181.7579
810.2778: -2.5112,0.9124413,1.582355,173.915
810.5: -2.563565,0.7771972,1.554674,165.2015
810.7222: -2.600718,0.6772078,1.571185,155.1793
810.9445: -2.643151,0.5834746,1.581711,141.4175
811.1667: -2.679124,0.5222661,1.584755,132.7738
811.3889: -2.710851,0.478766,1.582067,129.0472
Trial Result: Success object: Telescope | Time Spent: 14.904
Trial No.:18 Ends
Trial No.:5 Begins
User confirmed on object: Table, this maze officially starts.
821.4333: -2.166122,2.119116,1.604907,93.26105
821.6556: -2.165674,2.125725,1.622567,92.72558
821.8778: -2.16504,2.116194,1.627879,96.7569
822.1: -2.157747,2.105855,1.627059,98.90228
822.3223: -2.150837,2.102936,1.625601,95.69375
822.5445: -2.15075,2.125328,1.611712,64.80751
822.7667: -2.184769,2.137339,1.592349,30.2655
822.9889: -2.214412,2.125402,1.585346,12.65029
823.2111: -2.212486,2.109874,1.584086,14.65412
823.4333: -2.174905,2.105082,1.583542,39.17944
823.6556: -2.149007,2.121576,1.582266,61.83842
823.8778: -2.140607,2.196408,1.570514,66.9809
824.1: -2.133054,2.350523,1.563991,69.26842
824.3223: -2.111869,2.516105,1.579487,76.11385
824.5445: -2.056268,2.644196,1.578407,81.49686
824.7667: -1.952499,2.758803,1.548537,84.05531
824.9889: -1.802016,2.873394,1.55479,87.11244
825.2111: -1.640222,2.986903,1.573488,92.85098
825.4333: -1.484807,3.103121,1.553445,94.58752
825.6556: -1.322754,3.220629,1.57332,97.92029
825.8778: -1.166899,3.27702,1.575133,103.6899
826.1: -0.9959874,3.290812,1.558308,108.4106
826.3223: -0.8505189,3.264958,1.569464,124.137
826.5445: -0.8090143,3.236522,1.589861,150.2373
826.7667: -0.8502826,3.232428,1.573759,178.8207
826.9889: -0.9284787,3.225191,1.567048,197.2289
827.2111: -1.078753,3.16704,1.554559,201.1131
827.4333: -1.286848,3.07486,1.554982,196.1288
827.6556: -1.448784,2.946715,1.568423,190.7647
827.8778: -1.549817,2.804801,1.543306,188.3709
828.1: -1.649292,2.61862,1.558372,190.6958
828.3223: -1.752233,2.424622,1.574726,195.4431
828.5445: -1.851279,2.231142,1.565546,196.2209
828.7667: -1.937401,2.020173,1.581663,195.5192
828.9889: -2.000832,1.795998,1.55461,193.8721
829.2111: -2.088505,1.542348,1.581753,192.5326
829.4333: -2.215174,1.349661,1.566797,190.0166
829.6556: -2.389443,1.167885,1.565373,183.6308
829.8778: -2.539242,0.9933424,1.575241,177.991
830.1: -2.618687,0.8413057,1.564741,174.3824
830.3223: -2.657162,0.6410953,1.566294,173.0947
830.5445: -2.692717,0.436671,1.58622,175.5139
830.7667: -2.736903,0.2171784,1.561401,180.5453
830.9889: -2.776058,-0.00706265,1.5803,182.2473
831.2111: -2.788078,-0.2191811,1.584237,180.1266
831.4333: -2.753895,-0.4289719,1.573077,164.6383
831.6556: -2.712036,-0.5599295,1.58975,131.2663
831.8778: -2.690463,-0.671046,1.568426,100.9661
832.1: -2.647882,-0.758958,1.579489,90.10571
832.3223: -2.550384,-0.8359421,1.570264,91.62837
832.5445: -2.376929,-0.8687741,1.566083,98.61678
832.7667: -2.159544,-0.8602607,1.58684,99.71808
832.9889: -1.947472,-0.8503735,1.586354,98.19461
833.2111: -1.711115,-0.856077,1.563367,88.12267
833.4333: -1.446962,-0.8623373,1.596578,82.96981
833.6556: -1.241389,-0.8612907,1.57601,84.48107
833.8778: -1.036134,-0.844902,1.589745,87.03305
834.1: -0.8523252,-0.8579513,1.599948,87.93452
834.3223: -0.6335447,-0.9002927,1.576645,87.94707
834.5445: -0.3852022,-0.9627163,1.603942,87.67769
834.7667: -0.1789256,-0.9934964,1.614139,85.44658
834.9889: 0.02539407,-0.9961358,1.589991,85.6659
835.2111: 0.2433865,-0.9799664,1.610111,88.04758
835.4333: 0.4889371,-0.9784356,1.605045,100.3993
835.6556: 0.7059875,-0.9863322,1.596369,107.3156
835.8778: 0.8875893,-0.9809057,1.615453,108.5784
836.1: 1.086001,-0.940326,1.602071,94.30408
836.3223: 1.28695,-0.8850679,1.605949,76.68772
836.5445: 1.482141,-0.8741788,1.608399,67.85626
836.7667: 1.700386,-0.8954113,1.579108,59.52386
836.9889: 1.905152,-0.9125602,1.60089,46.29186
837.2111: 2.089543,-0.8763732,1.607578,28.95865
837.4333: 2.270042,-0.7691915,1.582499,21.27434
837.6556: 2.384996,-0.6561348,1.605726,13.79944
837.8778: 2.480356,-0.5317602,1.608471,356.3581
838.1: 2.589098,-0.4022849,1.592705,347.9971
838.3223: 2.684848,-0.238444,1.616986,347.2236
838.5445: 2.730961,-0.05533428,1.602701,347.1835
838.7667: 2.725855,0.1715634,1.581036,347.3697
838.9889: 2.713419,0.4202361,1.622898,349.0739
839.2111: 2.740884,0.6612992,1.603754,353.0229
839.4333: 2.79558,0.9300051,1.605511,351.4782
839.6556: 2.811484,1.131357,1.62989,345.565
839.8778: 2.804127,1.290939,1.611912,340.6582
840.1: 2.793482,1.435395,1.624342,336.0536
840.3223: 2.792243,1.548709,1.62588,327.7426
840.5445: 2.785928,1.594351,1.613588,288.0528
840.7667: 2.818818,1.579398,1.618944,241.9383
840.9889: 2.85971,1.595251,1.615481,218.8264
841.2111: 2.862897,1.613792,1.615899,218.4384
841.4333: 2.825064,1.602234,1.613145,222.0725
841.6556: 2.761541,1.514941,1.593499,223.4303
841.8778: 2.666578,1.360512,1.595087,225.4752
842.1: 2.557577,1.237207,1.618801,225.7409
842.3223: 2.46217,1.172894,1.616004,223.6381
842.5445: 2.375091,1.131308,1.615194,220.3807
Trial Result: Success object: Bookshelf | Time Spent: 21.44269
Trial No.:5 Ends
Trial No.:7 Begins
User confirmed on object: Plant, this maze officially starts.
854.7667: -2.440119,-2.092973,1.6375,270.3478
854.9889: -2.443414,-2.089581,1.639726,271.8774
855.2111: -2.440701,-2.082388,1.640698,270.424
855.4333: -2.429631,-2.062854,1.628033,265.6746
855.6556: -2.408571,-2.01257,1.61158,268.3412
855.8778: -2.393531,-1.959269,1.610725,276.7811
856.1: -2.384794,-1.930442,1.609951,302.2555
856.3223: -2.373476,-1.930011,1.603015,330.6732
856.5445: -2.363501,-1.939569,1.594288,346.3358
856.7667: -2.36556,-1.93753,1.591594,354.4258
856.9889: -2.390338,-1.917084,1.596265,359.4234
857.2111: -2.434039,-1.868303,1.590832,5.813132
857.4333: -2.488876,-1.745805,1.571663,8.745427
857.6556: -2.534799,-1.528567,1.570423,8.785643
857.8778: -2.587922,-1.276193,1.601443,8.153957
858.1: -2.646834,-1.042018,1.559721,7.395728
858.3223: -2.700531,-0.7911751,1.582107,9.79917
858.5445: -2.718247,-0.5796289,1.58221,13.49151
858.7667: -2.723903,-0.3212246,1.560733,15.87768
858.9889: -2.725176,-0.0700386,1.579745,19.8961
859.2111: -2.729417,0.172648,1.554018,25.75658
859.4333: -2.713603,0.4092695,1.570417,33.38672
859.6556: -2.647501,0.6147711,1.568745,37.86391
859.8778: -2.523838,0.8301009,1.570173,35.04863
860.1: -2.398329,1.017698,1.576875,30.08768
860.3223: -2.272307,1.208822,1.548007,28.07398
860.5445: -2.167411,1.370218,1.573641,29.66762
860.7667: -2.059383,1.559655,1.575825,33.45313
860.9889: -1.958003,1.772551,1.562833,35.90825
861.2111: -1.875055,1.989257,1.58143,40.75908
861.4333: -1.808084,2.206145,1.560043,47.3783
861.6556: -1.745286,2.42303,1.563396,57.57899
861.8778: -1.626808,2.632369,1.575844,74.39813
862.1: -1.482615,2.76534,1.543103,85.41884
862.3223: -1.300205,2.887796,1.571986,95.62142
862.5445: -1.12835,2.98889,1.570049,99.99475
862.7667: -0.9145968,3.112908,1.568156,100.3773
862.9889: -0.7029904,3.195102,1.586744,100.8449
863.2111: -0.472737,3.239191,1.554534,100.1171
863.4333: -0.2620192,3.247263,1.574109,99.58138
863.6556: -0.03001343,3.249371,1.59432,101.0078
863.8778: 0.2404695,3.251438,1.566538,100.6621
864.1: 0.4826936,3.238811,1.590837,99.20654
864.3223: 0.7141509,3.196412,1.566156,102.42
864.5445: 0.9395645,3.136672,1.579519,102.3649
864.7667: 1.122974,3.110632,1.596517,104.2775
864.9889: 1.345778,3.093678,1.570565,110.2249
865.2111: 1.571846,3.082743,1.597859,120.1827
865.4333: 1.781554,3.050217,1.588083,130.3106
865.6556: 1.993383,2.991037,1.584814,137.3921
865.8778: 2.182116,2.915052,1.606141,145.5832
866.1: 2.381901,2.807055,1.588152,154.2945
866.3223: 2.533707,2.680317,1.61119,159.2348
866.5445: 2.625442,2.512274,1.592541,164.8415
866.7667: 2.667561,2.345641,1.593455,163.6841
866.9889: 2.702406,2.166807,1.613626,161.0844
867.2111: 2.729536,2.005209,1.60073,159.1713
867.4333: 2.766532,1.845111,1.601433,155.7185
867.6556: 2.774906,1.718237,1.618515,149.8613
867.8778: 2.766657,1.616477,1.613778,141.3938
868.1: 2.750114,1.526544,1.614964,130.3945
Trial Result: Success object: Trashcan | Time Spent: 13.63247
Trial No.:7 Ends
