Participant ID: 426
Maze Mode: testing
Trial No.:24 Begins
User confirmed on object: Chair, this maze officially starts.
83.96889: 1.014467,-3.044376,1.607899,350.7244
84.19112: 1.011467,-3.061122,1.613903,351.5729
84.41334: 0.9992101,-3.108073,1.621716,352.373
84.63556: 0.9851382,-3.176808,1.619982,354.9755
84.85778: 0.9685307,-3.240173,1.608187,359.0633
85.08: 0.9632803,-3.284734,1.607855,0.3930704
85.30222: 0.9814235,-3.312766,1.621818,358.0636
85.52444: 1.003595,-3.320785,1.645098,352.7937
85.74667: 1.022999,-3.335526,1.651296,348.1833
85.96889: 1.037896,-3.337527,1.653378,349.6385
86.19112: 1.044431,-3.330515,1.654307,352.7796
86.41334: 1.038893,-3.324349,1.654796,352.0914
86.63556: 1.030496,-3.320684,1.654058,353.4976
86.85778: 1.026177,-3.316206,1.65152,358.0073
87.08: 1.019882,-3.312732,1.648651,0.7150598
87.30222: 1.014824,-3.307846,1.645478,4.117299
87.52444: 1.025995,-3.299829,1.641584,20.19121
87.74667: 1.043637,-3.295148,1.633553,39.1802
87.96889: 1.059139,-3.293028,1.626553,52.15035
88.19112: 1.071789,-3.303201,1.622693,64.52801
88.41334: 1.072045,-3.311195,1.622059,67.43536
88.63556: 1.059707,-3.297622,1.625815,47.01205
88.85778: 1.026933,-3.289457,1.627179,11.5781
89.08: 0.9841182,-3.30922,1.627433,331.704
89.30222: 0.9505696,-3.343132,1.620265,295.1938
89.52444: 0.9343345,-3.354653,1.618871,279.207
89.74667: 0.9279127,-3.345175,1.617929,277.797
89.96889: 0.9098179,-3.325067,1.61305,277.8122
90.19112: 0.8578966,-3.300019,1.605072,283.338
90.41334: 0.741208,-3.28695,1.597777,286.5098
90.63556: 0.601293,-3.279951,1.607043,285.2645
90.85778: 0.4580896,-3.248172,1.604225,282.7585
91.08: 0.3010657,-3.187891,1.583404,279.9532
91.30222: 0.1399172,-3.126428,1.605573,278.0495
91.52444: -0.05679325,-3.102913,1.608459,276.0515
91.74667: -0.2482828,-3.118806,1.585836,280.5512
91.96889: -0.4227714,-3.102096,1.608141,296.655
92.19112: -0.518858,-3.045526,1.601084,315.7063
92.41334: -0.6170642,-2.936779,1.578305,334.0277
92.63556: -0.7126236,-2.802553,1.591774,344.7695
92.85778: -0.7881371,-2.676763,1.599677,348.0626
93.08: -0.8574128,-2.53642,1.581282,350.9091
93.30222: -0.9062251,-2.385729,1.587514,356.8962
93.52444: -0.9117256,-2.199121,1.575774,5.133002
93.74667: -0.8801975,-2.00863,1.556476,5.578515
93.96889: -0.8839288,-1.838394,1.581364,344.177
94.19112: -0.9167858,-1.710629,1.579988,320.2099
94.41334: -0.9580621,-1.567136,1.563592,308.0153
94.63556: -1.002213,-1.425165,1.573543,297.7857
94.85778: -1.045944,-1.310276,1.579705,278.5447
95.08: -1.070364,-1.208944,1.575081,252.9715
95.30222: -1.092257,-1.112927,1.57732,246.9233
95.52444: -1.136517,-1.04074,1.578669,254.4586
95.74667: -1.225808,-1.02226,1.571792,254.0145
95.96889: -1.361019,-1.034116,1.554458,255.7457
96.19112: -1.496577,-1.051404,1.568315,260.8353
96.41334: -1.643963,-1.02939,1.568111,275.8143
96.63556: -1.811232,-0.9716408,1.540836,292.8093
96.85778: -1.981672,-0.9005549,1.557663,303.2023
97.08: -2.132192,-0.8426356,1.568864,316.8378
97.30222: -2.292511,-0.79001,1.548836,332.3807
97.52444: -2.466697,-0.7069334,1.555779,350.2685
97.74667: -2.555715,-0.5956838,1.551077,9.14351
97.96889: -2.596762,-0.4473799,1.532513,23.35544
98.19112: -2.641791,-0.2936494,1.556939,22.36203
98.41334: -2.680614,-0.1412834,1.55651,20.90059
98.63556: -2.720965,0.04990029,1.527436,22.0715
98.85778: -2.73699,0.2641857,1.541764,31.76651
99.08: -2.698359,0.4415596,1.547668,42.17044
99.30222: -2.612951,0.6213127,1.521365,48.9455
99.52444: -2.504501,0.7913042,1.548766,62.73917
99.74667: -2.412019,0.8943239,1.544884,81.27608
99.96889: -2.32542,1.01317,1.537903,100.2856
100.1911: -2.234046,1.156746,1.546299,88.88216
100.4133: -2.156316,1.293799,1.54289,58.03994
100.6356: -2.06214,1.434158,1.52391,25.00222
100.8578: -1.963143,1.546916,1.54389,3.075247
101.08: -1.904691,1.653396,1.537535,347.7939
101.3022: -1.882613,1.78755,1.518997,336.5913
101.5244: -1.891371,1.960107,1.517217,327.6898
101.7467: -1.884026,2.154996,1.541463,335.2702
101.9689: -1.830785,2.338119,1.522252,9.372676
102.1911: -1.768525,2.524484,1.51626,33.99463
102.4133: -1.734608,2.654006,1.533343,52.75997
102.6356: -1.695069,2.791971,1.525612,76.45311
102.8578: -1.678011,2.93025,1.511048,94.75282
103.08: -1.642576,3.055858,1.523094,104.4198
103.3022: -1.56623,3.144691,1.519707,104.814
103.5244: -1.437345,3.18876,1.50319,103.0713
103.7467: -1.223372,3.207464,1.526557,99.27926
103.9689: -1.043467,3.23244,1.536199,97.80016
104.1911: -0.8524897,3.270358,1.509961,97.38426
104.4133: -0.6862298,3.312924,1.523299,98.36269
104.6356: -0.5064825,3.325569,1.539445,100.0587
104.8578: -0.3133433,3.316596,1.517962,101.0689
105.08: -0.1127502,3.285002,1.529547,99.74538
105.3022: 0.05901632,3.271352,1.552452,95.46684
105.5244: 0.2316193,3.279123,1.537441,86.28895
105.7467: 0.4707581,3.290635,1.538969,90.93429
105.9689: 0.6591337,3.278792,1.562949,100.9149
106.1911: 0.8489662,3.246298,1.541384,109.2367
106.4133: 1.020212,3.200086,1.531952,111.0909
106.6356: 1.205629,3.167639,1.558671,113.9062
106.8578: 1.389377,3.155432,1.552891,116.3576
107.08: 1.594927,3.156565,1.532517,122.4968
107.3022: 1.788715,3.139088,1.552744,131.2082
107.5244: 1.959251,3.083161,1.553002,140.5978
107.7467: 2.1635,2.966092,1.536444,146.4369
107.9689: 2.290691,2.879194,1.562881,151.7537
108.1911: 2.415244,2.772636,1.562614,155.8375
108.4133: 2.54226,2.65042,1.545981,161.3172
108.6356: 2.655054,2.500055,1.567716,168.914
108.8578: 2.719034,2.337579,1.563921,172.7838
109.08: 2.75101,2.143393,1.548334,168.249
109.3022: 2.777099,1.96286,1.57488,163.4887
109.5244: 2.81636,1.813097,1.574056,157.0322
109.7467: 2.870876,1.660855,1.559491,154.1468
109.9689: 2.899282,1.545556,1.572364,148.3985
110.1911: 2.90092,1.453542,1.574942,139.9686
110.4133: 2.889749,1.381272,1.586393,131.3982
Trial Result: Success object: Trashcan | Time Spent: 26.76865
Trial No.:24 Ends
Trial No.:21 Begins
User confirmed on object: Mailbox, this maze officially starts.
133.3911: -1.895802,-3.085761,1.610466,6.378812
133.6133: -1.903189,-3.072201,1.617563,10.38522
133.8356: -1.880027,-3.101879,1.620826,9.972977
134.0578: -1.836562,-3.16584,1.617121,7.296005
134.28: -1.798357,-3.23383,1.62342,2.000004
134.5022: -1.7848,-3.274296,1.632684,357.5446
134.7244: -1.777146,-3.288215,1.634072,0.3536074
134.9467: -1.774504,-3.29278,1.632851,0.4510318
135.1689: -1.772376,-3.294885,1.631799,0.9057382
135.3911: -1.77201,-3.293413,1.627814,357.8994
135.6133: -1.758254,-3.285518,1.626489,5.136066
135.8356: -1.730898,-3.280027,1.622598,25.68071
136.0578: -1.702154,-3.282968,1.619215,54.46183
136.28: -1.696906,-3.277775,1.613851,78.09106
136.5022: -1.708847,-3.24788,1.611855,81.3325
136.7244: -1.714428,-3.203133,1.603404,79.2831
136.9467: -1.683081,-3.174992,1.60006,81.05666
137.1689: -1.5976,-3.164006,1.589479,84.19647
137.3911: -1.465293,-3.185338,1.586018,86.84299
137.6133: -1.336284,-3.194285,1.605469,84.52426
137.8356: -1.19875,-3.186173,1.598944,79.09417
138.0578: -1.038965,-3.160907,1.583833,78.10046
138.28: -0.8444785,-3.128896,1.596679,79.2431
138.5022: -0.6716923,-3.129226,1.600546,82.23081
138.7244: -0.4768554,-3.143412,1.576106,81.92818
138.9467: -0.2857499,-3.168678,1.593446,77.76897
139.1689: -0.1165573,-3.171705,1.607771,75.89079
139.3911: 0.09386866,-3.153425,1.582742,75.14342
139.6133: 0.3212813,-3.11339,1.587906,75.41315
139.8356: 0.5184308,-3.090605,1.607535,74.68177
140.0578: 0.7131079,-3.085724,1.592772,76.19357
140.28: 0.9312177,-3.091733,1.603684,75.80152
140.5022: 1.123494,-3.030098,1.615975,55.93949
140.7244: 1.288873,-2.931679,1.58544,37.31416
140.9467: 1.446668,-2.811522,1.598132,28.47315
141.1689: 1.551497,-2.712157,1.613832,21.22455
141.3911: 1.687621,-2.569473,1.591786,16.43983
141.6133: 1.816236,-2.412148,1.59971,16.62965
141.8356: 1.888027,-2.226554,1.607682,16.0528
142.0578: 1.919823,-2.016337,1.577952,15.887
142.28: 1.941963,-1.804924,1.602022,21.31577
142.5022: 2.014369,-1.59016,1.602057,29.52253
142.7244: 2.121792,-1.411476,1.578372,33.42789
142.9467: 2.21925,-1.244862,1.606612,32.44836
143.1689: 2.287849,-1.107931,1.605345,27.71041
143.3911: 2.371783,-0.9291368,1.576293,24.61772
143.6133: 2.467231,-0.7322103,1.600747,25.84568
143.8356: 2.564588,-0.5445958,1.602744,25.43287
144.0578: 2.67041,-0.3408961,1.57252,23.04489
144.28: 2.753131,-0.1486508,1.597715,21.0682
144.5022: 2.803197,0.06774458,1.591135,20.13741
144.7244: 2.811726,0.2612246,1.571539,24.70597
144.9467: 2.832742,0.4369193,1.584529,31.98576
145.1689: 2.868053,0.5645558,1.57602,39.12871
145.3911: 2.908928,0.6728148,1.567419,48.87916
Trial Result: Success object: Trashcan | Time Spent: 12.41544
Trial No.:21 Ends
Trial No.:23 Begins
User confirmed on object: Chair, this maze officially starts.
161.1022: 0.8045435,-3.1481,1.634757,2.173368
161.3244: 0.8159921,-3.172123,1.640821,4.517641
161.5467: 0.8402904,-3.207973,1.639609,3.538838
161.7689: 0.87749,-3.245691,1.639552,2.478647
161.9911: 0.9085532,-3.283343,1.631124,2.890531
162.2133: 0.9215608,-3.309971,1.627408,2.60299
162.4356: 0.9100717,-3.327619,1.639991,2.407533
162.6578: 0.8852605,-3.335099,1.652783,355.7789
162.88: 0.863623,-3.340598,1.65594,349.6956
163.1022: 0.8705429,-3.335149,1.658445,3.335527
163.3244: 0.8806267,-3.326213,1.659185,16.08885
163.5467: 0.88425,-3.313578,1.655997,21.39512
163.7689: 0.9012352,-3.305755,1.644581,38.29876
163.9911: 0.9144182,-3.30283,1.636104,53.89501
164.2133: 0.9210156,-3.296449,1.633526,61.52996
164.4356: 0.9217219,-3.283699,1.633274,57.37976
164.6578: 0.8944778,-3.254886,1.637774,22.23327
164.88: 0.8071281,-3.267102,1.634291,307.9926
165.1022: 0.7758396,-3.299532,1.617963,274.8315
165.3244: 0.7100462,-3.284614,1.614845,274.5909
165.5467: 0.5898954,-3.282296,1.604712,276.7397
165.7689: 0.4289541,-3.302596,1.610188,278.3889
165.9911: 0.2600635,-3.299623,1.620483,280.2578
166.2133: 0.07708972,-3.274557,1.597389,280.7395
166.4356: -0.1105247,-3.235338,1.593632,273.6926
166.6578: -0.2869368,-3.212046,1.61006,273.2667
166.88: -0.4935377,-3.197315,1.586458,279.5715
167.1022: -0.7040113,-3.18672,1.599808,301.1837
167.3244: -0.8571239,-3.142246,1.606968,339.0026
167.5467: -0.9985752,-3.108966,1.587132,354.1457
167.7689: -1.218424,-3.072488,1.585558,340.5301
167.9911: -1.44807,-3.090062,1.607463,302.7548
168.2133: -1.651072,-3.10981,1.584536,287.5541
168.4356: -1.856944,-3.103363,1.585967,299.2231
168.6578: -2.042048,-3.050421,1.598915,318.6094
168.88: -2.230015,-2.951509,1.567305,331.8058
169.1022: -2.378679,-2.835146,1.584028,337.8479
169.3244: -2.491163,-2.729249,1.594559,346.8673
169.5467: -2.599043,-2.614086,1.569539,357.4896
169.7689: -2.704795,-2.483783,1.577412,10.92435
169.9911: -2.775606,-2.341276,1.585948,19.30895
170.2133: -2.819554,-2.169655,1.565732,18.22277
170.4356: -2.830714,-1.976215,1.571043,11.47895
170.6578: -2.823562,-1.805756,1.588432,11.06955
170.88: -2.780559,-1.603493,1.564016,35.01983
171.1022: -2.751236,-1.406653,1.557196,59.74909
171.3244: -2.71638,-1.236646,1.574471,65.89528
171.5467: -2.697465,-1.028774,1.558859,44.9539
171.7689: -2.68922,-0.8497453,1.55231,17.00695
171.9911: -2.692009,-0.6685592,1.567201,356.4524
172.2133: -2.696098,-0.4872157,1.547161,352.1664
172.4356: -2.713577,-0.2829593,1.54184,2.72577
172.6578: -2.710057,-0.09449929,1.563183,18.12474
172.88: -2.686199,0.1002602,1.54244,30.73669
173.1022: -2.640402,0.3050649,1.539903,35.53878
173.3244: -2.593345,0.4724942,1.558343,43.96101
173.5467: -2.533471,0.6290773,1.544746,58.91765
173.7689: -2.476242,0.7760453,1.542138,80.51264
173.9911: -2.405011,0.8915724,1.553452,94.8939
174.2133: -2.311918,0.9988045,1.545273,94.30335
174.4356: -2.189943,1.101285,1.533345,81.8485
174.6578: -2.085875,1.213529,1.554981,53.76177
174.88: -2.027557,1.325309,1.552267,20.55903
175.1022: -1.965792,1.484804,1.530186,1.473451
175.3244: -1.933125,1.651941,1.53361,353.9349
175.5467: -1.902324,1.808161,1.540761,342.0021
175.7689: -1.87463,1.957403,1.527443,333.9318
175.9911: -1.82802,2.136069,1.531268,330.9589
176.2133: -1.786749,2.308646,1.546971,351.5952
176.4356: -1.775609,2.478312,1.530344,16.76149
176.6578: -1.776811,2.632443,1.525066,43.68451
176.88: -1.747,2.757444,1.532687,69.22752
177.1022: -1.661569,2.888677,1.51152,86.69153
177.3244: -1.565618,2.978213,1.519643,94.94373
177.5467: -1.461293,3.061189,1.534294,98.63261
177.7689: -1.347388,3.134361,1.52221,101.7702
177.9911: -1.20954,3.231481,1.526617,103.0676
178.2133: -1.067227,3.293753,1.534716,103.666
178.4356: -0.9171299,3.310867,1.529413,104.2276
178.6578: -0.7500994,3.285671,1.515737,103.8427
178.88: -0.592003,3.257,1.541102,102.5295
179.1022: -0.4149795,3.24229,1.546213,99.8802
179.3244: -0.2404212,3.248611,1.52751,99.9957
179.5467: -0.05824562,3.25955,1.551386,101.061
179.7689: 0.09457566,3.254079,1.551597,97.67221
179.9911: 0.2958756,3.22563,1.524374,94.14702
180.2133: 0.4919954,3.167414,1.548856,102.9745
180.4356: 0.6634481,3.132113,1.564868,111.9246
180.6578: 0.8442594,3.119061,1.544469,120.3693
180.88: 1.031139,3.116603,1.548693,131.6861
181.1022: 1.210171,3.073818,1.557124,142.6378
181.3244: 1.360692,3.009873,1.531893,149.4134
181.5467: 1.485378,2.950317,1.541629,155.8306
181.7689: 1.555075,2.91824,1.552248,163.641
Trial Result: Success object: Piano | Time Spent: 20.95143
Trial No.:23 Ends
Trial No.:20 Begins
User confirmed on object: Well, this maze officially starts.
201.38: 1.784117,-2.015904,1.617502,84.25246
201.6022: 1.759094,-2.0057,1.627128,86.6837
201.8244: 1.711644,-1.986636,1.636316,90.97658
202.0467: 1.652954,-1.962011,1.641911,95.32568
202.2689: 1.604566,-1.942739,1.638451,98.22797
202.4911: 1.563442,-1.945954,1.634089,108.012
202.7133: 1.536922,-1.970131,1.636147,121.431
202.9356: 1.51758,-2.015093,1.639832,141.3206
203.1578: 1.488093,-2.058528,1.631125,167.5428
203.38: 1.454436,-2.083447,1.624843,191.467
203.6022: 1.453572,-2.090311,1.62284,193.3313
203.8244: 1.511709,-2.091181,1.629019,156.4275
204.0467: 1.57946,-2.018789,1.631174,87.6788
204.2689: 1.55713,-1.961425,1.622778,39.15006
204.4911: 1.538923,-1.94705,1.615838,5.928917
204.7133: 1.568012,-1.92641,1.609328,3.340239
204.9356: 1.599472,-1.861164,1.596525,6.236372
205.1578: 1.640044,-1.760763,1.592759,17.36503
205.38: 1.701252,-1.666726,1.597154,30.92241
205.6022: 1.804531,-1.561229,1.589246,42.04717
205.8244: 1.924703,-1.464561,1.575717,41.42149
206.0467: 2.036069,-1.369083,1.599662,42.07047
206.2689: 2.110962,-1.272222,1.596842,36.83753
206.4911: 2.19727,-1.121336,1.581753,30.47952
206.7133: 2.281488,-0.9728992,1.604073,25.86264
206.9356: 2.373435,-0.846254,1.598436,21.54672
207.1578: 2.501443,-0.7047635,1.572121,16.70707
207.38: 2.630746,-0.5574212,1.587672,9.172707
207.6022: 2.722303,-0.3699603,1.594114,356.2668
207.8244: 2.751242,-0.1686763,1.565301,345.1676
208.0467: 2.749329,0.03219173,1.591433,327.8832
208.2689: 2.762118,0.2098677,1.591042,317.3823
208.4911: 2.786616,0.4137557,1.558916,302.9796
208.7133: 2.800515,0.6027613,1.582554,280.8172
208.9356: 2.783884,0.7842975,1.57516,268.4593
209.1578: 2.728551,0.9844378,1.561875,269.6851
209.38: 2.701828,1.231221,1.588104,302.9043
209.6022: 2.731128,1.513175,1.557255,341.3457
209.8244: 2.75351,1.732689,1.568894,345.6098
210.0467: 2.740384,1.914713,1.590089,336.7801
210.2689: 2.710236,2.103949,1.555251,326.1779
210.4911: 2.65248,2.290555,1.549255,317.6197
210.7133: 2.588125,2.47326,1.565711,301.1219
210.9356: 2.507535,2.639948,1.543451,279.7646
211.1578: 2.425917,2.821299,1.534484,260.3409
211.38: 2.335853,2.93025,1.556133,244.1827
211.6022: 2.214095,2.99234,1.541134,232.4781
211.8244: 2.111002,3.003343,1.535812,228.1166
212.0467: 2.021899,2.998136,1.548032,220.1426
212.2689: 1.926223,2.980281,1.545975,208.2982
212.4911: 1.845717,2.971034,1.54972,197.8554
Trial Result: Success object: Piano | Time Spent: 11.44992
Trial No.:20 Ends
Trial No.:4 Begins
User confirmed on object: Piano, this maze officially starts.
230.08: 1.754445,3.112206,1.587718,178.1922
230.3022: 1.764598,3.122749,1.594765,180.5079
230.5244: 1.778883,3.169993,1.60282,183.3017
230.7467: 1.791883,3.222117,1.603082,185.9156
230.9689: 1.789978,3.269476,1.599545,196.06
231.1911: 1.77516,3.29678,1.59989,201.3738
231.4133: 1.74518,3.303783,1.605065,201.5762
231.6356: 1.717082,3.302344,1.604537,201.7207
231.8578: 1.706484,3.295195,1.601326,194.8708
232.08: 1.726779,3.279963,1.589366,163.4613
232.3022: 1.754771,3.278422,1.573505,132.9867
232.5244: 1.790199,3.276199,1.559887,112.0132
232.7467: 1.842243,3.250122,1.551494,110.9201
232.9689: 1.946084,3.204109,1.541189,121.5165
233.1911: 2.088298,3.148407,1.547966,139.5251
233.4133: 2.212016,3.064928,1.558313,153.6926
233.6356: 2.310469,2.933723,1.535993,166.5659
233.8578: 2.391994,2.778934,1.557873,171.1168
234.08: 2.49139,2.626602,1.57357,177.7981
234.3022: 2.612987,2.46742,1.547503,183.6546
234.5244: 2.714355,2.298812,1.568804,191.0646
234.7467: 2.764978,2.153069,1.574293,196.5829
234.9689: 2.79179,1.963765,1.55322,195.202
235.1911: 2.800011,1.754526,1.583641,187.9666
235.4133: 2.809222,1.563492,1.594588,185.2879
235.6356: 2.82975,1.34009,1.564492,186.839
235.8578: 2.852767,1.108768,1.585756,191.1434
236.08: 2.841146,0.8440499,1.59128,194.5598
236.3022: 2.805679,0.6192906,1.56506,196.0994
236.5244: 2.77809,0.395087,1.597953,199.7725
236.7467: 2.775774,0.1806508,1.590911,204.1691
236.9689: 2.787281,-0.01989222,1.577352,213.0427
237.1911: 2.768933,-0.2037609,1.597704,221.5459
237.4133: 2.720873,-0.3738489,1.588499,224.8689
237.6356: 2.627618,-0.5408682,1.581869,227.5445
237.8578: 2.534201,-0.6624085,1.598058,240.092
238.08: 2.431826,-0.7689755,1.590147,262.5168
238.3022: 2.328628,-0.9001013,1.599005,284.6985
238.5244: 2.243048,-0.9755026,1.600137,300.068
238.7467: 2.157373,-1.013847,1.586357,313.5199
238.9689: 2.06775,-1.017438,1.578874,320.6558
239.1911: 1.972974,-1.008764,1.585044,329.3697
239.4133: 1.896723,-0.9989848,1.586991,339.4467
239.6356: 1.842894,-1.008076,1.59078,349.7748
Trial Result: Success object: Harp | Time Spent: 9.884169
Trial No.:4 Ends
Trial No.:17 Begins
User confirmed on object: Harp, this maze officially starts.
255.1467: 1.879105,-1.099894,1.625494,352.5045
255.3689: 1.872142,-1.100931,1.633291,348.9222
255.5911: 1.871854,-1.107641,1.643289,348.3548
255.8133: 1.878763,-1.116206,1.648523,351.6194
256.0356: 1.893376,-1.121799,1.649459,3.593826
256.2578: 1.906665,-1.124992,1.646316,16.38161
256.48: 1.921201,-1.12756,1.636675,29.59698
256.7022: 1.925347,-1.122942,1.631731,30.27031
256.9244: 1.895788,-1.103651,1.629472,6.110235
257.1467: 1.835013,-1.108666,1.61955,318.8213
257.3689: 1.799857,-1.144164,1.612869,279.7059
257.5911: 1.771802,-1.151524,1.597822,266.6931
257.8134: 1.699718,-1.129476,1.592343,272.3201
258.0356: 1.587148,-1.116112,1.583674,279.1065
258.2578: 1.443925,-1.117657,1.59191,282.553
258.48: 1.263172,-1.091315,1.588299,282.9676
258.7022: 1.08814,-1.031856,1.561943,281.7276
258.9244: 0.9025216,-0.9705424,1.589178,277.5916
259.1467: 0.7180202,-0.9521316,1.591005,268.8935
259.3689: 0.5517436,-0.9596779,1.567029,265.5658
259.5911: 0.3415834,-0.948489,1.581612,283.6971
259.8134: 0.191559,-0.8931547,1.592374,321.5443
260.0356: 0.04853207,-0.8448247,1.574049,342.3604
260.2578: -0.0926161,-0.8033683,1.584978,348.0745
260.48: -0.2385799,-0.7984298,1.597829,340.2315
260.7022: -0.4432676,-0.8819474,1.587625,283.1986
260.9244: -0.5574266,-1.003458,1.582862,229.4308
261.1467: -0.6462331,-1.062068,1.579895,206.1431
261.3689: -0.7346364,-1.103504,1.56921,193.2667
261.5911: -0.8223252,-1.146619,1.56264,178.4401
261.8134: -0.8816042,-1.217308,1.547925,169.9343
262.0356: -0.9168923,-1.344716,1.531835,167.651
262.2578: -0.9229861,-1.541026,1.522672,171.1471
262.48: -0.9127874,-1.738899,1.552645,172.2946
262.7022: -0.9038316,-1.975754,1.555903,162.7142
262.9244: -0.9081331,-2.183822,1.551628,145.3921
263.1467: -0.8887283,-2.354783,1.58029,132.5084
263.3689: -0.8350449,-2.526391,1.570834,118.8259
263.5911: -0.7427204,-2.673175,1.569044,111.3835
263.8134: -0.6772842,-2.807665,1.587335,114.5277
264.0356: -0.6954172,-2.984651,1.592606,163.745
264.2578: -0.7783449,-3.086227,1.593645,218.1607
264.48: -0.8022921,-3.1278,1.595447,252.8713
264.7022: -0.7828391,-3.1781,1.600703,258.2602
264.9244: -0.7197222,-3.233993,1.608859,239.4108
265.1467: -0.5466473,-3.305026,1.614627,177.8279
265.3689: -0.3434931,-3.265209,1.600955,119.9955
265.5911: -0.1581721,-3.214719,1.597573,81.46883
265.8134: 0.03868594,-3.221069,1.589028,70.9537
266.0356: 0.2705096,-3.255733,1.561953,63.31161
266.2578: 0.4982989,-3.289649,1.602696,62.68067
266.48: 0.7246445,-3.305681,1.601747,72.38754
266.7022: 0.9856097,-3.275213,1.585409,78.6357
266.9244: 1.19619,-3.255263,1.614286,75.48267
267.1467: 1.387592,-3.223204,1.599272,54.8361
267.3689: 1.526474,-3.195976,1.603415,37.79652
267.5911: 1.646976,-3.127879,1.609455,25.74254
267.8134: 1.72411,-2.997451,1.591636,13.63477
268.0356: 1.772341,-2.817797,1.595151,8.924165
268.2578: 1.82512,-2.622535,1.607284,10.04763
268.48: 1.884403,-2.399978,1.578547,15.61025
268.7022: 1.946681,-2.123483,1.592894,14.23963
268.9244: 1.960917,-1.91993,1.598986,13.55663
269.1467: 1.970626,-1.690204,1.567869,19.4469
269.3689: 2.018744,-1.481309,1.595242,27.91952
269.5911: 2.113034,-1.294747,1.579205,29.01026
269.8134: 2.26432,-1.105695,1.567043,25.70595
270.0356: 2.401649,-0.9110777,1.603023,19.21117
270.2578: 2.508565,-0.7038568,1.582542,12.60772
270.48: 2.595109,-0.4560269,1.574218,8.637468
270.7022: 2.689797,-0.1895321,1.603761,5.692787
270.9244: 2.775439,0.07351728,1.556012,3.944942
271.1467: 2.848212,0.3301741,1.590099,1.061489
271.3689: 2.868092,0.5469059,1.591375,354.6331
271.5911: 2.865149,0.7936973,1.549716,353.4012
271.8134: 2.866616,1.060205,1.585,355.3184
272.0356: 2.882204,1.307923,1.570247,357.3161
272.2578: 2.902109,1.570838,1.558728,356.215
272.48: 2.861731,1.808661,1.587664,345.899
272.7022: 2.769054,2.03529,1.549684,329.9656
272.9244: 2.647533,2.282025,1.569523,318.1339
273.1467: 2.558781,2.49855,1.566255,311.3741
273.3689: 2.448846,2.720573,1.529734,299.7257
273.5911: 2.32305,2.87123,1.561479,287.366
273.8134: 2.134881,3.005377,1.544305,276.5212
274.0356: 1.900662,3.106502,1.538012,273.4518
274.2578: 1.681294,3.18409,1.563221,267.5427
274.48: 1.437508,3.2477,1.52793,258.4667
274.7022: 1.187404,3.303668,1.5436,256.7689
274.9244: 0.9054791,3.32588,1.541852,261.8895
275.1467: 0.6307017,3.305445,1.522128,267.5639
275.3689: 0.3887235,3.295397,1.557533,269.8942
275.5911: 0.1724268,3.292227,1.522783,269.459
275.8134: -0.08097893,3.298332,1.52655,266.9323
276.0356: -0.3227446,3.276092,1.5489,264.9807
276.2578: -0.5879593,3.229539,1.507694,264.8348
276.48: -0.8475081,3.1922,1.538003,267.6842
276.7022: -1.094817,3.182286,1.530895,268.643
276.9244: -1.394252,3.197724,1.514287,267.5765
277.1467: -1.618944,3.187278,1.542082,266.8456
277.3689: -1.849208,3.155089,1.505167,267.1594
277.5911: -2.033034,3.11726,1.510999,269.3259
277.8134: -2.233087,3.096756,1.528507,270.0439
278.0356: -2.427309,3.091342,1.501265,269.3083
278.2578: -2.587817,3.09164,1.509271,268.0086
278.48: -2.693203,3.074687,1.517905,268.6839
278.7022: -2.736755,3.053621,1.523275,271.721
Trial Result: Success object: Stove | Time Spent: 23.7718
Trial No.:17 Ends
Trial No.:7 Begins
User confirmed on object: Plant, this maze officially starts.
293.48: -2.608869,-2.136502,1.594513,279.9586
293.7022: -2.56402,-2.110345,1.607252,278.8563
293.9244: -2.512399,-2.066304,1.617329,275.5067
294.1467: -2.45661,-2.004969,1.61707,273.8161
294.3689: -2.416274,-1.960587,1.611161,273.685
294.5911: -2.389606,-1.940906,1.612628,274.8487
294.8134: -2.381789,-1.959439,1.614876,271.3186
295.0356: -2.378157,-2.010153,1.608311,243.1558
295.2578: -2.351049,-2.062229,1.595318,202.9365
295.48: -2.354558,-2.076516,1.588307,194.532
295.7022: -2.383214,-2.076427,1.587575,211.3081
295.9244: -2.425492,-2.020858,1.594474,266.6771
296.1467: -2.40295,-1.952706,1.594626,322.9808
296.3689: -2.369595,-1.936741,1.586918,356.5085
296.5911: -2.363095,-1.937016,1.587002,7.311604
296.8134: -2.382821,-1.930035,1.582155,6.14703
297.0356: -2.420525,-1.902909,1.569629,3.403098
297.2578: -2.465363,-1.832954,1.559658,3.26425
297.48: -2.477619,-1.741239,1.56337,11.64478
297.7022: -2.473443,-1.687593,1.580959,34.5834
297.9244: -2.492935,-1.657573,1.5785,58.88097
298.1467: -2.552335,-1.640545,1.576294,86.73362
298.3689: -2.651439,-1.624853,1.575477,112.0907
298.5911: -2.734282,-1.61626,1.572428,130.5404
298.8134: -2.774014,-1.592262,1.572416,130.1348
299.0356: -2.776724,-1.528058,1.572914,105.7092
299.2578: -2.76838,-1.422145,1.568738,70.34782
299.48: -2.740297,-1.335399,1.562719,58.50061
299.7022: -2.690932,-1.218749,1.563025,44.15625
299.9244: -2.67637,-1.095547,1.570647,13.12668
300.1467: -2.683809,-0.9970086,1.567339,353.6418
300.3689: -2.704966,-0.845718,1.548165,350.0971
300.5911: -2.757223,-0.6634486,1.552366,355.0878
300.8134: -2.786006,-0.4877117,1.56953,0.6721615
301.0356: -2.773477,-0.299709,1.549175,13.17
301.2578: -2.729206,-0.1027621,1.543937,21.56169
301.48: -2.697767,0.09850286,1.569372,29.81076
301.7022: -2.686632,0.2757793,1.548225,37.48066
301.9244: -2.689563,0.464894,1.54079,44.58802
302.1467: -2.664815,0.5920891,1.554097,49.94132
302.3689: -2.592431,0.7161507,1.547153,65.56607
302.5911: -2.475089,0.8296676,1.529293,78.84299
302.8134: -2.353168,0.9340035,1.548066,83.60919
303.0356: -2.252286,1.053185,1.55684,72.01617
303.2578: -2.166841,1.218555,1.533735,45.36023
303.48: -2.077093,1.412271,1.540497,20.39215
303.7022: -1.985971,1.557142,1.544799,6.602757
303.9244: -1.894257,1.703918,1.516883,351.2249
304.1467: -1.829431,1.819674,1.522684,334.3606
304.3689: -1.798239,1.93522,1.533425,323.1271
304.5911: -1.799497,2.086065,1.524676,328.8655
304.8134: -1.810184,2.261653,1.529724,1.546817
305.0356: -1.800042,2.412476,1.54149,32.85182
305.2578: -1.770542,2.555727,1.524969,53.51877
305.48: -1.687899,2.723215,1.518545,70.06892
305.7022: -1.607983,2.833724,1.536749,81.58118
305.9244: -1.51851,2.939428,1.522041,94.28078
306.1467: -1.404816,3.086513,1.510946,104.2151
306.3689: -1.245718,3.210399,1.529798,105.6424
306.5911: -1.091793,3.255506,1.516567,105.5203
306.8134: -0.8952788,3.26089,1.509793,103.898
307.0356: -0.7334742,3.266523,1.535621,102.6775
307.2578: -0.5383679,3.289005,1.5303,101.5352
307.48: -0.305445,3.342003,1.521453,103.5176
307.7022: -0.1072126,3.368367,1.548231,99.74103
307.9244: 0.1014239,3.370222,1.525224,89.77486
308.1467: 0.2843601,3.329725,1.527167,87.65966
308.3689: 0.4768794,3.280981,1.556833,94.69987
308.5911: 0.6801059,3.244175,1.543873,98.70226
308.8134: 0.9128544,3.231422,1.534632,106.6693
309.0356: 1.122999,3.202345,1.559356,112.8395
309.2578: 1.3338,3.15862,1.545694,118.0065
309.48: 1.581918,3.089128,1.544756,123.7149
309.7022: 1.783709,3.044418,1.569026,130.8801
309.9244: 1.993516,3.010824,1.537082,139.516
310.1467: 2.186914,2.968959,1.553198,150.1016
310.3689: 2.327339,2.884323,1.565112,157.3289
310.5911: 2.452008,2.744517,1.542724,161.6233
310.8134: 2.556184,2.581993,1.566599,165.3401
311.0356: 2.641436,2.427179,1.583378,168.4703
311.2578: 2.724167,2.25367,1.560321,178.2446
311.48: 2.822833,2.060225,1.578771,174.9439
311.7022: 2.873452,1.898943,1.581716,165.8153
311.9244: 2.895239,1.726938,1.557944,155.6922
312.1467: 2.899118,1.592088,1.570594,143.7616
312.3689: 2.919666,1.495268,1.578613,135.4812
Trial Result: Success object: Trashcan | Time Spent: 19.28951
Trial No.:7 Ends
Trial No.:6 Begins
User confirmed on object: Table, this maze officially starts.
330.1689: -2.01786,2.113881,1.558135,98.11723
330.3911: -2.048839,2.088577,1.55747,97.94197
330.6133: -2.08171,2.048802,1.565264,98.31483
330.8356: -2.121442,1.997594,1.570932,96.61858
331.0578: -2.152763,1.946974,1.568141,98.39496
331.28: -2.170189,1.910472,1.57211,96.76115
331.5022: -2.173844,1.897982,1.570277,92.25217
331.7245: -2.166916,1.899066,1.570706,92.44022
331.9467: -2.159483,1.917036,1.565336,86.46367
332.1689: -2.159207,1.958859,1.55851,66.3588
332.3911: -2.171645,2.005174,1.550249,43.24774
332.6133: -2.180761,2.033915,1.549328,32.47795
332.8356: -2.172256,2.05676,1.548341,34.92105
333.0578: -2.148614,2.062166,1.550836,55.21342
333.28: -2.127449,2.032943,1.559739,91.97671
333.5022: -2.131483,1.993716,1.559733,129.6961
333.7245: -2.138375,1.973969,1.554327,154.7884
333.9467: -2.135678,1.961153,1.546839,172.3505
334.1689: -2.129365,1.957793,1.539981,180.746
334.3911: -2.112852,1.93888,1.537738,180.9267
334.6133: -2.112778,1.887139,1.533762,181.3684
334.8356: -2.137408,1.784712,1.538786,180.7828
335.0578: -2.169694,1.676412,1.544576,187.5102
335.28: -2.191407,1.562457,1.541425,190.8108
335.5022: -2.203978,1.4124,1.525276,189.8002
335.7245: -2.213028,1.266947,1.533565,189.7605
335.9467: -2.261581,1.094096,1.534039,187.2501
336.1689: -2.356544,0.9505066,1.513522,179.1073
336.3911: -2.489052,0.8153362,1.533377,171.3099
336.6133: -2.581474,0.6827301,1.545985,167.0131
336.8356: -2.649746,0.5285349,1.532226,168.5016
337.0578: -2.693771,0.3376321,1.535469,173.1889
337.28: -2.737432,0.1672554,1.559879,178.4087
337.5022: -2.789741,-0.01032759,1.547572,182.8636
337.7245: -2.843525,-0.196449,1.544961,176.5028
337.9467: -2.876777,-0.3957133,1.567824,171.2914
338.1689: -2.872966,-0.551109,1.555228,169.419
338.3911: -2.831243,-0.716118,1.547382,166.5366
338.6133: -2.777994,-0.8521674,1.564998,153.6768
338.8356: -2.724257,-0.9638472,1.564195,137.1983
339.0578: -2.665809,-1.072162,1.560462,112.3347
339.28: -2.611917,-1.141024,1.555851,97.81379
339.5022: -2.539981,-1.179652,1.554502,89.53265
339.7245: -2.42778,-1.18693,1.545155,84.96691
339.9467: -2.269408,-1.161648,1.547407,85.76877
340.1689: -2.076038,-1.126467,1.569567,91.0021
340.3911: -1.915246,-1.117482,1.560106,95.51144
340.6133: -1.722378,-1.130482,1.548029,103.5167
340.8356: -1.569414,-1.126952,1.57063,104.609
341.0578: -1.41788,-1.116129,1.577109,111.9705
341.28: -1.271666,-1.098854,1.568154,133.2634
341.5022: -1.151208,-1.086797,1.582353,157.2851
341.7245: -1.067611,-1.092639,1.577808,170.7827
341.9467: -1.017366,-1.145382,1.570659,178.7722
342.1689: -0.9875357,-1.279639,1.561375,179.3486
342.3911: -0.9792454,-1.442657,1.581598,178.6622
342.6133: -0.9631582,-1.603983,1.583722,182.731
342.8356: -0.9367871,-1.761292,1.566304,188.5531
343.0578: -0.8961563,-1.958689,1.575897,196.864
343.28: -0.8889363,-2.140888,1.589225,204.968
343.5022: -0.911857,-2.331623,1.569352,218.1788
343.7245: -0.9404346,-2.535562,1.578952,215.0368
343.9467: -0.8627703,-2.710891,1.600774,164.0539
344.1689: -0.7305019,-2.813005,1.586042,102.886
344.3911: -0.63322,-2.893751,1.583571,78.09373
344.6133: -0.5705383,-2.976813,1.601148,69.40931
344.8356: -0.4960085,-3.085504,1.59422,64.37151
345.0578: -0.3938133,-3.225584,1.575701,63.42694
345.28: -0.2693142,-3.292439,1.583638,61.56521
345.5022: -0.1119805,-3.279802,1.574496,56.73748
345.7245: 0.02851215,-3.214427,1.57671,53.04518
345.9467: 0.1759967,-3.149889,1.597584,47.9473
346.1689: 0.3654072,-3.084595,1.589787,39.93604
346.3911: 0.5254767,-3.047544,1.591469,30.63845
346.6133: 0.6128256,-3.007602,1.601156,22.78202
346.8356: 0.6504463,-2.967251,1.599653,18.82942
347.0578: 0.6669015,-2.928464,1.60082,18.45697
Trial Result: Success object: Chair | Time Spent: 17.2404
Trial No.:6 Ends
Trial No.:16 Begins
User confirmed on object: Wheelbarrow, this maze officially starts.
359.7022: 0.2106364,-0.08974461,1.59592,272.8586
359.9244: 0.2251891,-0.07888771,1.596794,276.1255
360.1467: 0.2574132,-0.0544922,1.599021,277.5272
360.3689: 0.312025,-0.009288727,1.592417,278.1153
360.5911: 0.3655847,0.02973859,1.590628,276.3182
360.8134: 0.4065993,0.0499554,1.599782,274.7101
361.0356: 0.4297258,0.04899528,1.610846,276.5793
361.2578: 0.4359151,0.0348223,1.622211,276.6943
361.48: 0.4355631,0.02308088,1.621741,276.1331
361.7022: 0.42858,0.0157112,1.61885,278.5896
361.9244: 0.4148332,0.01479322,1.616271,288.6665
362.1467: 0.4054212,0.0260312,1.61346,308.2593
362.3689: 0.4093714,0.04136639,1.608896,329.0474
362.5911: 0.4218727,0.05980816,1.602552,349.0809
362.8134: 0.4393624,0.0666804,1.599058,1.356982
363.0356: 0.4404767,0.06889612,1.597019,0.7868537
363.2578: 0.4279532,0.06695158,1.598125,350.7575
363.48: 0.4099919,0.05961635,1.600147,334.0078
363.7022: 0.3831079,0.03707761,1.599768,300.7345
363.9244: 0.3761952,-0.002503889,1.593965,260.891
364.1467: 0.3833306,-0.03040448,1.586525,230.2229
364.3689: 0.3786576,-0.05388325,1.57759,216.7207
364.5911: 0.3498124,-0.111809,1.572615,214.2072
364.8134: 0.3000683,-0.2074461,1.571639,219.8757
365.0356: 0.2434392,-0.3071907,1.576666,227.5609
365.2578: 0.1741126,-0.390758,1.573891,234.3399
365.48: 0.0612104,-0.4978516,1.554151,240.0714
365.7022: -0.07871737,-0.6046584,1.564338,242.2765
365.9244: -0.2024966,-0.7145398,1.582335,249.365
366.1467: -0.3090846,-0.8314661,1.570807,263.8026
366.3689: -0.4117458,-0.9423484,1.57255,274.1928
366.5911: -0.5589279,-1.018591,1.569745,280.603
366.8134: -0.7318605,-1.025474,1.546823,284.4455
367.0356: -0.9078686,-1.01395,1.578824,284.3216
367.2578: -1.058324,-1.027518,1.583504,274.5299
367.48: -1.247069,-1.06445,1.560276,260.3454
367.7022: -1.448147,-1.099516,1.570404,255.0475
367.9244: -1.641489,-1.108767,1.577346,253.4877
368.1467: -1.847939,-1.107401,1.547954,250.915
368.3689: -2.056293,-1.108082,1.561349,245.6171
368.5911: -2.268546,-1.159772,1.57268,237.4312
368.8134: -2.430649,-1.259768,1.544276,232.5732
369.0356: -2.569908,-1.363565,1.559558,230.1535
369.2578: -2.677608,-1.456676,1.563709,229.9607
369.48: -2.784,-1.555145,1.544166,229.474
369.7022: -2.877957,-1.655701,1.556863,231.7892
369.9244: -2.924404,-1.755897,1.560372,242.9771
Trial Result: Success object: Plant | Time Spent: 10.58298
Trial No.:16 Ends
Trial No.:8 Begins
User confirmed on object: Plant, this maze officially starts.
382.9022: -2.586035,-2.093754,1.597326,275.4464
383.1245: -2.555803,-2.084346,1.603495,278.0147
383.3467: -2.502877,-2.059879,1.610589,275.1756
383.5689: -2.454705,-2.016858,1.609963,274.6581
383.7911: -2.418912,-1.97251,1.609266,276.8762
384.0133: -2.402429,-1.946031,1.605255,278.4977
384.2356: -2.406338,-1.933655,1.611013,286.0788
384.4578: -2.403392,-1.910048,1.611264,310.4671
384.68: -2.382997,-1.891021,1.604018,341.5891
384.9022: -2.367501,-1.886016,1.596458,8.508845
385.1245: -2.390302,-1.889832,1.592469,16.11476
385.3467: -2.443645,-1.881268,1.574743,11.75124
385.5689: -2.48921,-1.839053,1.567368,10.94625
385.7911: -2.520746,-1.773479,1.561694,14.11814
386.0133: -2.541092,-1.719679,1.582402,26.42542
386.2356: -2.560496,-1.698581,1.588626,54.47479
386.4578: -2.632412,-1.707168,1.580452,92.4493
386.68: -2.73892,-1.710514,1.564615,123.8014
386.9022: -2.819351,-1.709653,1.567689,140.2457
387.1245: -2.84095,-1.710259,1.568166,142.4812
387.3467: -2.835687,-1.708452,1.573652,138.7105
387.5689: -2.824248,-1.704996,1.576287,133.4495
387.7911: -2.81408,-1.695455,1.579753,126.4333
388.0133: -2.796257,-1.645535,1.585607,102.9622
388.2356: -2.803102,-1.559206,1.576977,74.04834
388.4578: -2.818388,-1.46773,1.565506,55.20216
388.68: -2.80597,-1.350451,1.558104,39.74912
388.9022: -2.767149,-1.204564,1.546315,22.70448
389.1245: -2.714432,-1.040411,1.570734,11.39972
389.3467: -2.700042,-0.8862669,1.570709,3.976275
389.5689: -2.728066,-0.6992365,1.543677,3.354845
389.7911: -2.753893,-0.5258294,1.566585,8.498453
390.0133: -2.7548,-0.3229622,1.566437,14.44614
390.2356: -2.73179,-0.09708644,1.540037,20.10673
390.4578: -2.701849,0.1111274,1.563524,27.92096
390.68: -2.68085,0.3087612,1.558035,35.89037
390.9022: -2.661506,0.5181053,1.540922,49.23537
391.1245: -2.595246,0.7102737,1.552628,75.10699
391.3467: -2.515923,0.8152621,1.537236,91.74928
391.5689: -2.392916,0.9333718,1.542129,88.85355
391.7911: -2.296612,1.050076,1.561941,73.21906
392.0133: -2.21139,1.197407,1.555434,42.67462
392.2356: -2.131307,1.36956,1.53188,23.42862
392.4578: -2.049873,1.526603,1.547097,11.51759
392.68: -1.977636,1.677233,1.536726,358.1757
392.9022: -1.893047,1.83033,1.519271,344.7271
393.1245: -1.838068,1.993629,1.54073,324.322
393.3467: -1.830717,2.137482,1.534439,317.6521
393.5689: -1.832804,2.327947,1.523121,348.9001
393.7911: -1.811585,2.469595,1.540219,26.54774
394.0133: -1.781998,2.597136,1.536235,52.6771
394.2356: -1.721572,2.738538,1.51448,68.5594
394.4578: -1.647453,2.877925,1.520414,81.6394
394.68: -1.566244,3.004621,1.53059,89.48435
394.9022: -1.45113,3.141201,1.510957,96.65739
395.1245: -1.285314,3.270103,1.531235,103.9039
395.3467: -1.129682,3.300921,1.524904,111.9015
395.5689: -0.9522337,3.279296,1.510596,114.4804
395.7911: -0.8010302,3.25997,1.543137,113.6047
396.0133: -0.647934,3.248201,1.544977,107.7341
396.2356: -0.4604082,3.25427,1.523115,104.1466
396.4578: -0.2671862,3.25677,1.541719,99.56183
396.68: -0.07922088,3.228882,1.542241,95.81796
396.9022: 0.1311788,3.178491,1.517187,90.43965
397.1245: 0.3857323,3.110958,1.546816,90.16176
397.3467: 0.5908861,3.089457,1.550534,87.17354
397.5689: 0.8090265,3.094713,1.530874,95.83196
397.7911: 1.00185,3.103783,1.556569,103.1824
398.0133: 1.182222,3.104641,1.553669,108.1968
398.2356: 1.397487,3.082989,1.531762,112.0309
398.4578: 1.610706,3.050193,1.555152,117.5035
398.68: 1.803805,3.024144,1.556383,125.4044
398.9022: 2.014545,2.996881,1.535504,137.035
399.1245: 2.221447,2.935517,1.561066,152.3362
399.3467: 2.34248,2.836221,1.549989,166.8104
399.5689: 2.458629,2.675711,1.53427,175.841
399.7911: 2.553628,2.529503,1.56541,182.1758
400.0133: 2.629501,2.390781,1.56392,188.7892
400.2356: 2.730711,2.209576,1.54961,195.2451
400.4578: 2.809667,2.021359,1.571842,193.2718
400.68: 2.840268,1.818515,1.562066,191.0504
400.9022: 2.826401,1.599676,1.557872,190.9045
401.1245: 2.824133,1.39206,1.591871,190.1171
401.3467: 2.845783,1.156516,1.569008,190.2476
401.5689: 2.878055,0.9233075,1.578707,197.3462
401.7911: 2.877138,0.7105388,1.593442,200.2298
402.0133: 2.850922,0.5222391,1.566601,203.1788
402.2356: 2.795577,0.3016528,1.5823,204.7666
402.4578: 2.759576,0.09721987,1.597556,207.7124
402.68: 2.735518,-0.1216259,1.569001,213.2867
402.9022: 2.701766,-0.3318432,1.588655,221.0574
403.1245: 2.63075,-0.4934856,1.59411,229.8001
403.3467: 2.494394,-0.6692348,1.56825,233.9431
403.5689: 2.355267,-0.8154463,1.600285,237.7941
403.7911: 2.239653,-0.928172,1.606447,258.0333
404.0133: 2.167637,-1.012019,1.592134,290.0916
404.2356: 2.106697,-1.100007,1.607768,317.9779
404.4578: 2.038651,-1.159448,1.599044,327.9059
404.68: 1.970003,-1.169305,1.590491,335.3135
404.9022: 1.899246,-1.125674,1.585851,338.5067
405.1245: 1.838029,-1.087804,1.591346,344.3039
Trial Result: Success object: Harp | Time Spent: 22.53104
Trial No.:8 Ends
Trial No.:1 Begins
User confirmed on object: Stove, this maze officially starts.
418.1356: -2.55397,2.925926,1.556419,274.4361
418.3578: -2.516095,2.944129,1.560598,275.8232
418.58: -2.46919,2.970653,1.565208,275.6472
418.8022: -2.43753,3.000968,1.562953,278.89
419.0244: -2.42339,3.019887,1.562071,282.213
419.2467: -2.430539,3.01878,1.559434,284.4748
419.4689: -2.462088,2.996693,1.556545,285.5571
419.6911: -2.520984,2.940208,1.55425,276.3741
419.9133: -2.567269,2.861519,1.557117,251.1411
420.1356: -2.581345,2.796535,1.556856,207.7291
420.3578: -2.577831,2.794753,1.544928,170.9792
420.58: -2.586819,2.83071,1.529359,139.2989
420.8022: -2.586051,2.878474,1.52064,117.0682
421.0244: -2.560671,2.914666,1.52626,104.4827
421.2467: -2.503664,2.94662,1.52626,98.85274
421.4689: -2.419997,2.993419,1.529121,97.17741
421.6911: -2.319538,3.028455,1.525023,98.25944
421.9133: -2.235805,3.018375,1.519454,101.0409
422.1356: -2.13267,2.978975,1.505637,102.1055
422.3578: -2.031988,2.922933,1.508211,99.46646
422.58: -1.907046,2.880013,1.530867,95.02964
422.8022: -1.764358,2.87509,1.527433,91.76957
423.0244: -1.592062,2.918147,1.509017,91.51798
423.2467: -1.417158,2.981475,1.53637,90.26097
423.4689: -1.259226,3.019446,1.542778,89.6501
423.6911: -1.035864,3.029683,1.512101,90.0113
423.9133: -0.8494366,3.02424,1.534509,92.16412
424.1356: -0.7098626,3.034581,1.544363,93.11277
424.3578: -0.5406899,3.069198,1.527148,96.51658
424.58: -0.3818113,3.113446,1.53821,100.6672
424.8022: -0.2548822,3.137352,1.543998,101.7646
425.0244: -0.1591854,3.135495,1.546916,96.9813
425.2467: -0.08092497,3.1062,1.540146,88.41503
425.4689: -0.007776967,3.028864,1.551425,94.93101
425.6911: 0.0410982,2.902617,1.546338,136.5896
425.9133: 0.05879741,2.823686,1.541368,169.3108
426.1356: 0.09654335,2.755347,1.548173,188.7023
426.3578: 0.1029765,2.669938,1.540159,195.5539
426.58: 0.08164903,2.532546,1.521316,196.7935
426.8022: 0.03426077,2.371385,1.52342,192.0506
427.0244: 0.01270665,2.215201,1.549285,182.2594
427.2467: 0.01821965,2.053763,1.540684,178.1632
427.4689: 0.05521173,1.873797,1.539436,178.1258
427.6911: 0.08988336,1.685385,1.563799,179.1768
427.9133: 0.1105735,1.523777,1.553808,178.9345
428.1356: 0.1326611,1.36153,1.557323,163.6415
428.3578: 0.1793407,1.257556,1.565671,132.3061
428.58: 0.2194334,1.18417,1.569398,113.174
428.8022: 0.2740573,1.095105,1.559605,115.2936
429.0244: 0.3043182,0.9856769,1.577002,151.9632
429.2467: 0.2631774,0.920094,1.578239,211.02
429.4689: 0.2243188,0.8997809,1.570616,250.9101
429.6911: 0.1715676,0.8641136,1.565657,270.6035
429.9133: 0.1001412,0.8202865,1.561631,282.9867
430.1356: 0.02949277,0.7518317,1.56944,275.7849
430.3578: -0.01488194,0.6477286,1.572624,256.2964
430.58: -0.01022885,0.5033654,1.569208,229.0145
430.8022: 0.03667374,0.3427634,1.55408,209.9572
431.0244: 0.08009467,0.1807681,1.566166,194.7606
431.2467: 0.07922374,0.01674401,1.562148,185.5882
431.4689: 0.04394165,-0.1605953,1.544588,176.9375
431.6911: 0.02780626,-0.3279327,1.574134,156.571
431.9133: 0.05097682,-0.4679245,1.577689,130.4566
432.1356: 0.09619935,-0.5978869,1.570123,123.2159
432.3578: 0.1399622,-0.7354409,1.588359,136.1452
432.58: 0.1180485,-0.8453349,1.59442,178.4287
432.8022: 0.05726333,-0.8937141,1.591312,222.6313
433.0244: -0.01618342,-0.9208205,1.586016,245.1578
433.2467: -0.1146431,-0.9483247,1.589919,254.1972
433.4689: -0.2151965,-0.9581541,1.590941,262.8427
433.6911: -0.3024276,-0.9700723,1.586855,267.3555
433.9133: -0.4043823,-1.002178,1.58486,268.3439
434.1356: -0.5160859,-1.051633,1.574346,272.5713
434.3578: -0.6545974,-1.106359,1.582434,276.0644
434.58: -0.791,-1.117063,1.580678,280.8223
434.8022: -0.9697737,-1.102495,1.558801,282.5835
435.0244: -1.160498,-1.075317,1.563874,271.0204
435.2467: -1.331775,-1.075612,1.577614,256.756
435.4689: -1.508773,-1.086526,1.561491,251.1835
435.6911: -1.706472,-1.119279,1.560036,248.9282
435.9133: -1.918873,-1.155359,1.569391,239.5735
436.1356: -2.081115,-1.185856,1.552783,226.5536
436.3578: -2.258458,-1.2087,1.547197,210.3712
436.58: -2.409213,-1.271382,1.558987,190.7127
436.8022: -2.517559,-1.388438,1.545952,173.4439
437.0244: -2.608405,-1.563218,1.542637,168.104
437.2467: -2.681092,-1.725095,1.570721,163.1219
437.4689: -2.727992,-1.872834,1.556224,158.7687
437.6911: -2.777216,-2.069281,1.551769,152.3505
437.9133: -2.772356,-2.275591,1.579403,138.7899
438.1356: -2.69935,-2.449421,1.559035,121.4985
438.3578: -2.582919,-2.614097,1.556952,110.5966
438.58: -2.487323,-2.737758,1.577644,99.25636
438.8022: -2.367594,-2.870505,1.558582,83.89452
439.0244: -2.231706,-3.007364,1.570658,67.5481
439.2467: -2.091612,-3.077526,1.580534,51.00545
439.4689: -1.919454,-3.111139,1.564681,48.90821
439.6911: -1.719892,-3.13261,1.577362,62.83551
439.9133: -1.492042,-3.174909,1.597316,75.73548
440.1356: -1.271042,-3.224205,1.566926,76.00446
440.3578: -1.070908,-3.266622,1.596926,73.58099
440.58: -0.8946253,-3.283349,1.609429,73.07583
440.8022: -0.6493149,-3.279218,1.576425,77.311
441.0244: -0.4283988,-3.273513,1.603731,86.10484
441.2467: -0.23461,-3.281256,1.609094,88.57665
441.4689: -0.05444678,-3.302456,1.579558,86.00388
441.6911: 0.1560735,-3.332105,1.595626,81.09479
441.9133: 0.3842333,-3.33231,1.608513,76.05634
442.1356: 0.6041429,-3.305705,1.580519,76.05397
442.3578: 0.7998725,-3.263234,1.604091,68.65648
442.58: 0.9710572,-3.233923,1.611786,59.37919
442.8022: 1.121962,-3.221692,1.590273,53.66555
443.0244: 1.302914,-3.191271,1.603198,47.25713
443.2467: 1.451693,-3.113618,1.603971,42.42627
443.4689: 1.575585,-2.988109,1.582907,41.5605
443.6911: 1.672967,-2.839667,1.597389,41.22323
443.9133: 1.756195,-2.711579,1.609549,41.80975
444.1356: 1.855811,-2.552613,1.578324,45.50315
444.3578: 1.935548,-2.421405,1.58403,50.57274
Trial Result: Success object: Well | Time Spent: 26.59872
Trial No.:1 Ends
Trial No.:2 Begins
User confirmed on object: Stove, this maze officially starts.
465.4356: -2.631993,3.036976,1.541472,273.4655
465.6578: -2.63316,3.053053,1.549526,273.7438
465.88: -2.611591,3.08577,1.554838,270.904
466.1022: -2.581659,3.121986,1.551069,267.0953
466.3245: -2.549099,3.145462,1.555759,264.8271
466.5467: -2.523967,3.157346,1.563529,259.5106
466.7689: -2.50786,3.147957,1.563731,254.9997
466.9911: -2.493772,3.121531,1.562876,247.1188
467.2133: -2.471337,3.079991,1.562394,236.1918
467.4356: -2.422633,3.020788,1.559132,214.8149
467.6578: -2.34784,2.9749,1.546016,188.8925
467.88: -2.289415,2.956919,1.53761,162.2816
468.1022: -2.258479,2.948657,1.536797,132.9859
468.3245: -2.253852,2.938172,1.543782,112.1348
468.5467: -2.248011,2.928943,1.526368,98.46174
468.7689: -2.218546,2.927225,1.52215,94.06776
468.9911: -2.131503,2.937176,1.513932,93.35615
469.2133: -2.004782,2.980934,1.506415,93.24983
469.4356: -1.85141,3.030009,1.528618,94.1004
469.6578: -1.68164,3.056483,1.524837,95.4818
469.88: -1.482524,3.056118,1.502747,95.06474
470.1022: -1.286935,3.051338,1.531241,93.65851
470.3245: -1.112561,3.067834,1.536888,92.73441
470.5467: -0.9075936,3.117181,1.515098,94.69785
470.7689: -0.7275201,3.145023,1.534458,98.40102
470.9911: -0.554283,3.14261,1.535266,98.76951
471.2133: -0.4059569,3.11177,1.521866,99.08916
471.4356: -0.2489578,3.076863,1.535607,90.6339
471.6578: -0.1116085,3.04107,1.542415,85.8009
471.88: 0.01842469,2.984701,1.541069,102.8895
472.1022: 0.0940125,2.890839,1.552121,142.6545
472.3245: 0.08682594,2.798847,1.545258,179.4413
472.5467: 0.04944671,2.657562,1.5249,189.0872
472.7689: 0.005841301,2.529735,1.53833,182.6531
472.9911: -0.0124813,2.394767,1.551103,170.5411
473.2133: -0.002790242,2.239906,1.535561,164.801
473.4356: 0.02354267,2.056525,1.535938,170.5584
473.6578: 0.03795855,1.879033,1.562304,177.8984
473.88: 0.03494785,1.706987,1.555115,180.4198
474.1022: 0.0037603,1.518738,1.544772,183.6539
474.3245: -0.01984616,1.330593,1.566542,188.4275
474.5467: -0.0145246,1.109855,1.55528,192.826
474.7689: 0.0169443,0.925431,1.545972,201.3395
474.9911: 0.02566567,0.7575305,1.562025,210.7619
475.2133: 0.0105979,0.6080931,1.549298,219.9365
475.4356: -0.02568103,0.4748072,1.544065,226.1974
475.6578: -0.05136844,0.3712092,1.549007,237.1024
Trial Result: Success object: Wheelbarrow | Time Spent: 10.6276
Trial No.:2 Ends
Trial No.:3 Begins
User confirmed on object: Piano, this maze officially starts.
498.2356: 1.777596,3.142831,1.583021,187.527
498.4578: 1.767067,3.16743,1.585895,187.3082
498.68: 1.742363,3.209148,1.592594,186.9838
498.9022: 1.709585,3.254238,1.603633,182.2194
499.1245: 1.67213,3.284685,1.599849,177.7178
499.3467: 1.65917,3.294808,1.602762,176.8965
499.5689: 1.660581,3.297807,1.602933,179.7977
499.7911: 1.668678,3.29492,1.603209,181.3951
500.0133: 1.67583,3.290441,1.604366,186.718
500.2356: 1.669517,3.287337,1.60156,199.8492
500.4578: 1.641668,3.302378,1.590835,232.0613
500.68: 1.628457,3.323794,1.579822,258.5787
500.9022: 1.632453,3.340101,1.576449,276.9691
501.1245: 1.645287,3.338141,1.574299,283.2032
501.3467: 1.653546,3.318231,1.576643,276.0819
501.5689: 1.656443,3.288847,1.579849,258.8422
501.7911: 1.664023,3.270341,1.586304,243.9487
502.0133: 1.689748,3.246088,1.593409,213.3187
502.2356: 1.732868,3.237752,1.590871,177.1864
502.4578: 1.775153,3.25278,1.581602,139.0774
502.68: 1.787077,3.269779,1.570814,117.37
502.9022: 1.797901,3.265464,1.558418,112.2334
503.1245: 1.833849,3.236655,1.554917,125.4085
503.3467: 1.907701,3.215216,1.552663,135.6535
503.5689: 2.002438,3.201627,1.566468,145.5875
503.7911: 2.065538,3.195419,1.568081,152.4949
504.0133: 2.081366,3.183662,1.570682,165.4873
504.2356: 2.009686,3.180442,1.571038,194.3743
504.4578: 1.873475,3.211466,1.568726,226.5752
504.68: 1.721049,3.246691,1.569121,246.1845
504.9022: 1.573507,3.25806,1.568039,255.9819
505.1245: 1.392978,3.217495,1.542709,259.2374
505.3467: 1.223235,3.147381,1.539184,261.2549
505.5689: 1.060217,3.103767,1.555234,261.6941
505.7911: 0.9198952,3.09873,1.54893,263.5408
506.0133: 0.7662561,3.120599,1.535439,263.1016
506.2356: 0.6114458,3.14238,1.555225,261.4341
506.4578: 0.4698003,3.144921,1.559812,259.7142
506.68: 0.327022,3.126762,1.547319,260.384
506.9022: 0.1819353,3.100648,1.558439,261.728
507.1245: 0.05679861,3.091682,1.565547,263.1404
507.3467: -0.05341347,3.097778,1.563295,261.1313
507.5689: -0.1506579,3.125632,1.57162,256.0499
507.7911: -0.233182,3.15807,1.564047,255.8649
508.0133: -0.2997583,3.181049,1.553199,255.6091
508.2356: -0.370033,3.186622,1.539563,257.3072
508.4578: -0.4644308,3.159395,1.526721,258.7362
508.68: -0.588799,3.103959,1.521809,260.8141
508.9022: -0.7178078,3.056204,1.535215,264.7529
509.1245: -0.8467944,3.032891,1.536066,268.0625
509.3467: -1.024324,3.019821,1.515721,263.2439
509.5689: -1.194481,3.007578,1.533199,249.0049
509.7911: -1.321935,2.94907,1.538839,219.815
510.0133: -1.403252,2.874882,1.523734,192.2961
510.2356: -1.501572,2.767533,1.508217,175.6217
510.4578: -1.587501,2.668664,1.522809,166.3724
510.68: -1.671985,2.565506,1.521806,159.6642
510.9022: -1.785127,2.446522,1.511427,159.862
511.1245: -1.887519,2.328929,1.530762,163.718
511.3467: -1.947646,2.19695,1.532397,161.7894
511.5689: -1.963703,2.059472,1.521071,163.1449
511.7911: -1.982038,1.902875,1.532621,185.8665
512.0134: -2.00569,1.783942,1.541837,206.6793
512.2356: -2.026334,1.655516,1.538064,210.0293
512.4578: -2.058909,1.513548,1.525271,200.9095
512.68: -2.115766,1.371813,1.544006,195.2471
512.9022: -2.167685,1.241527,1.544195,193.5825
513.1245: -2.205945,1.112912,1.537227,192.7922
513.3467: -2.24264,0.955684,1.539836,193.1087
513.5689: -2.298866,0.8516386,1.533599,189.1183
513.7911: -2.376823,0.7671493,1.530056,180.601
514.0134: -2.458477,0.7159836,1.54819,167.5204
514.2356: -2.504691,0.6732184,1.550727,154.1195
514.4578: -2.454789,0.695668,1.552131,127.1497
514.68: -2.373331,0.7684245,1.552797,101.2557
514.9022: -2.258195,0.8469948,1.552482,91.95983
515.1245: -2.118531,0.9026629,1.541963,91.97838
515.3467: -1.912508,0.9213393,1.524308,91.98798
515.5689: -1.690033,0.8907823,1.498907,90.98441
515.7911: -1.466375,0.8737934,1.547561,91.88792
516.0134: -1.286894,0.896984,1.541064,91.7154
516.2356: -1.062159,0.9594018,1.528108,92.46709
516.4578: -0.8466889,1.001841,1.559838,93.70609
516.68: -0.629644,1.013486,1.544407,96.97984
516.9022: -0.3979402,1.002567,1.542562,93.46233
517.1245: -0.1842081,1.007912,1.568038,90.16601
517.3467: 0.08433905,1.034428,1.537392,90.40791
517.5689: 0.3151972,1.081772,1.552704,86.25972
517.7911: 0.5442477,1.093711,1.571287,86.02676
518.0134: 0.7936804,1.074039,1.531171,91.47311
518.2356: 1.009545,1.052588,1.563508,93.97619
518.4578: 1.229735,1.05483,1.574716,95.18807
518.68: 1.472263,1.066833,1.546638,101.1467
518.9022: 1.705118,1.041937,1.579712,115.8404
519.1245: 1.919638,0.9721332,1.562983,130.0195
519.3467: 2.154695,0.8409898,1.562444,142.0336
519.5689: 2.326956,0.7307291,1.586277,154.3092
519.7911: 2.478205,0.6051774,1.566473,169.6812
520.0134: 2.612377,0.4680733,1.578346,187.3218
520.2356: 2.675301,0.3295037,1.585091,197.0897
520.4578: 2.708212,0.1298075,1.558644,202.901
520.68: 2.704896,-0.07389165,1.585761,203.1537
520.9022: 2.677936,-0.2502596,1.597349,213.9888
521.1245: 2.632142,-0.4388432,1.570556,231.3772
521.3467: 2.568802,-0.6001868,1.590044,255.0315
521.5689: 2.475008,-0.7289927,1.595331,270.8819
521.7911: 2.350477,-0.8226824,1.579832,269.9597
522.0134: 2.236152,-0.9636883,1.600688,226.471
522.2356: 2.188771,-1.06973,1.597279,190.7113
522.4578: 2.125157,-1.193457,1.581496,168.931
522.68: 2.051617,-1.33825,1.583274,170.1613
522.9022: 1.971613,-1.481042,1.599222,181.262
523.1245: 1.88382,-1.642953,1.582038,194.0811
523.3467: 1.792895,-1.820666,1.587057,199.3704
523.5689: 1.73136,-2.026365,1.609663,203.9795
523.7911: 1.708283,-2.228249,1.585312,211.4674
524.0134: 1.692316,-2.434303,1.587775,229.48
524.2356: 1.647731,-2.568022,1.596371,249.649
524.4578: 1.574338,-2.709751,1.576814,267.7054
524.68: 1.478903,-2.84613,1.58218,275.3872
524.9022: 1.386921,-2.972687,1.604896,277.485
525.1245: 1.270498,-3.105897,1.588791,277.9797
525.3467: 1.135257,-3.221714,1.597251,280.0285
525.5689: 0.9427732,-3.288626,1.599962,285.8983
525.7911: 0.7246029,-3.293832,1.571314,290.2087
526.0134: 0.51156,-3.28436,1.604961,290.0569
526.2356: 0.3489724,-3.289447,1.613545,288.1544
526.4578: 0.1292422,-3.309481,1.581332,288.7398
526.68: -0.1002792,-3.32416,1.605783,292.7911
526.9022: -0.3192012,-3.311168,1.60698,296.6669
527.1245: -0.5600343,-3.270501,1.573328,298.2053
527.3467: -0.7762662,-3.232442,1.601555,302.8577
527.5689: -1.003308,-3.208253,1.585084,310.3261
527.7911: -1.216306,-3.196318,1.578391,322.5162
528.0134: -1.378082,-3.153446,1.590386,333.4781
Trial Result: Fail at object:  | Time Spent: 30
Trial No.:3 Ends
Trial No.:12 Begins
User confirmed on object: Trashcan, this maze officially starts.
542.0689: 2.570055,1.006791,1.623379,92.89632
542.2911: 2.517834,1.027897,1.633612,96.74947
542.5134: 2.466957,1.051729,1.632282,101.186
542.7356: 2.415117,1.080479,1.631521,103.9441
542.9578: 2.373392,1.11502,1.620527,97.82512
543.18: 2.343599,1.150659,1.607336,84.6092
543.4022: 2.325421,1.178345,1.601618,68.0973
543.6245: 2.324584,1.193971,1.598649,55.18032
543.8467: 2.372006,1.185015,1.598675,62.21151
544.0689: 2.448649,1.13389,1.591665,89.41759
544.2911: 2.515739,1.065516,1.597624,124.4223
544.5134: 2.535487,1.028215,1.598955,155.7472
544.7356: 2.565635,1.029354,1.593432,180.2793
544.9578: 2.614696,1.055978,1.596399,202.4031
545.18: 2.652561,1.094757,1.584635,225.0051
545.4022: 2.668761,1.127142,1.583718,244.0563
545.6245: 2.667744,1.151404,1.585569,261.2213
545.8467: 2.665444,1.174375,1.577177,279.3533
546.0689: 2.673618,1.197602,1.583557,301.4883
546.2911: 2.671477,1.230373,1.587721,314.1964
546.5134: 2.655087,1.291013,1.591089,326.4508
546.7356: 2.651199,1.353925,1.592422,338.7848
546.9578: 2.656714,1.409014,1.587233,350.1927
547.18: 2.644301,1.439854,1.596613,345.2638
547.4022: 2.6084,1.434327,1.599609,324.9854
547.6245: 2.562857,1.38134,1.594954,290.6702
547.8467: 2.543974,1.323388,1.590417,263.7752
548.0689: 2.503035,1.268965,1.587058,246.0944
548.2911: 2.424011,1.217915,1.579228,243.0787
548.5134: 2.29938,1.146596,1.56647,251.4642
548.7356: 2.182572,1.074763,1.578086,259.5642
548.9578: 2.033302,1.021952,1.580708,267.5648
549.18: 1.851189,1.006386,1.553281,274.2491
549.4022: 1.646078,1.015683,1.562654,272.5328
549.6245: 1.464337,1.004371,1.58801,269.7993
549.8467: 1.268003,0.9692249,1.560706,261.2914
550.0689: 0.9976367,0.9068578,1.567914,249.9192
550.2911: 0.8012874,0.9052831,1.577392,250.662
550.5134: 0.595978,0.9490887,1.547311,264.146
550.7356: 0.4527431,0.9931912,1.568269,283.3299
550.9578: 0.3070661,0.9905263,1.576792,288.9918
551.18: 0.1937092,0.9110147,1.563149,267.6258
551.4022: 0.1297232,0.7925774,1.560599,230.6296
551.6245: 0.09063134,0.6955003,1.565374,200.9641
551.8467: 0.04373349,0.5771852,1.551169,176.4249
552.0689: -0.02753954,0.4339739,1.54891,161.4892
552.2911: -0.06423381,0.2771385,1.554877,158.518
552.5134: -0.05185781,0.08985208,1.532826,158.9352
552.7356: -0.01443053,-0.07106276,1.54722,161.3992
552.9578: 0.02064908,-0.2324087,1.564819,153.9067
553.18: 0.04636592,-0.3867818,1.556441,137.6545
553.4022: 0.05703627,-0.5336457,1.565394,123.4818
553.6245: 0.1032305,-0.6480924,1.566982,109.8437
553.8467: 0.208976,-0.7397548,1.554644,94.58009
554.0689: 0.3877629,-0.8203877,1.563123,82.70974
554.2911: 0.5421257,-0.894838,1.584712,82.19509
554.5134: 0.7189611,-0.9976153,1.563914,99.22161
554.7356: 0.8791849,-1.086717,1.577652,106.4219
554.9578: 1.051204,-1.13255,1.590809,109.2561
555.18: 1.242234,-1.150485,1.568448,118.8015
555.4022: 1.410807,-1.192198,1.583978,134.1143
555.6245: 1.529397,-1.292763,1.580404,150.9059
555.8467: 1.614635,-1.432283,1.561647,159.252
556.0689: 1.695855,-1.63047,1.593742,172.5739
556.2911: 1.739656,-1.815764,1.586009,188.6612
556.5134: 1.784841,-2.037683,1.561917,203.0592
556.7356: 1.791749,-2.228177,1.589045,217.0981
556.9578: 1.763878,-2.397021,1.591486,228.0312
557.18: 1.686449,-2.581694,1.566725,243.5671
557.4022: 1.604872,-2.719101,1.592895,261.4181
557.6245: 1.528213,-2.847373,1.594738,276.9651
557.8467: 1.436395,-3.000298,1.578231,285.8863
558.0689: 1.28171,-3.152498,1.602338,286.638
558.2911: 1.098636,-3.227733,1.583358,285.7197
558.5134: 0.884846,-3.253893,1.581983,282.6846
558.7356: 0.7013443,-3.27759,1.613365,281.8768
558.9578: 0.5425093,-3.302092,1.596659,283.0785
559.18: 0.3266895,-3.345268,1.589391,285.9465
559.4022: 0.1318111,-3.34208,1.609685,289.1226
559.6245: -0.06267701,-3.295567,1.585183,292.0853
559.8467: -0.2575649,-3.223897,1.585508,290.4706
560.0689: -0.4374526,-3.148886,1.607018,299.9258
560.2911: -0.5881348,-3.064097,1.592607,322.6401
560.5134: -0.7257589,-2.990304,1.594145,339.1822
560.7356: -0.8186725,-2.882457,1.593612,352.3083
560.9578: -0.8587439,-2.746674,1.571345,358.6087
561.18: -0.8696588,-2.559616,1.57441,356.1089
561.4022: -0.8836952,-2.38253,1.596162,349.7207
561.6245: -0.8991365,-2.200794,1.578628,343.0238
561.8467: -0.9341486,-1.973177,1.565302,335.3065
562.0689: -0.9628559,-1.775964,1.581347,325.7163
562.2911: -0.9949561,-1.548783,1.566908,312.5099
562.5134: -1.027682,-1.363428,1.569165,300.2852
562.7356: -1.102953,-1.245251,1.57755,290.3132
562.9578: -1.242413,-1.165794,1.557571,281.244
563.18: -1.4394,-1.107195,1.563446,281.5382
563.4022: -1.617748,-1.078811,1.577306,265.4255
563.6245: -1.814727,-1.034011,1.547418,253.8377
563.8467: -1.99454,-0.9465827,1.561107,272.2721
564.0689: -2.168631,-0.866298,1.572401,307.3333
564.2911: -2.348916,-0.8127536,1.539758,346.137
564.5134: -2.490942,-0.7795866,1.550113,10.20208
564.7356: -2.590375,-0.7105287,1.553877,18.29625
564.9578: -2.667743,-0.5732707,1.530241,16.6649
565.18: -2.709758,-0.3917455,1.542608,15.63782
565.4022: -2.729877,-0.2060339,1.553522,14.70851
565.6245: -2.729593,0.0092806,1.523953,19.62928
565.8467: -2.712533,0.2513139,1.534579,29.80351
566.0689: -2.64456,0.460783,1.547097,37.41499
566.2911: -2.519519,0.6889508,1.507943,43.08464
566.5134: -2.395061,0.8859261,1.544208,46.35276
566.7356: -2.282288,1.070836,1.541792,47.09217
566.9578: -2.173726,1.260581,1.515568,52.02713
567.18: -2.049293,1.436243,1.538144,56.74585
567.4022: -1.919818,1.571499,1.534517,60.08737
Trial Result: Success object: Table | Time Spent: 25.73172
Trial No.:12 Ends
Trial No.:15 Begins
User confirmed on object: Wheelbarrow, this maze officially starts.
582.3467: 0.2040548,-0.1528196,1.617544,274.369
582.5689: 0.2243003,-0.1523005,1.636954,282.4764
582.7911: 0.2311516,-0.1485755,1.632588,287.1695
583.0134: 0.2296084,-0.1470431,1.632013,288.1819
583.2356: 0.2283759,-0.1460392,1.629104,290.7612
583.4578: 0.2304469,-0.1363287,1.621189,301.3489
583.68: 0.2466995,-0.1173314,1.612971,325.3766
583.9022: 0.2665645,-0.1055477,1.608923,344.7661
584.1245: 0.2813336,-0.1010302,1.602724,358.3512
584.3467: 0.287537,-0.1021074,1.599126,5.181249
584.5689: 0.2685253,-0.09917778,1.595367,0.7063755
584.7911: 0.2380587,-0.07881263,1.583683,356.4097
585.0134: 0.1941993,-0.02601421,1.572278,354.8774
585.2356: 0.1385562,0.07063058,1.558439,350.9578
585.4578: 0.1030761,0.1795282,1.572095,351.7799
585.68: 0.0836513,0.2819685,1.582828,354.4134
585.9022: 0.06906262,0.3550667,1.583461,355.9132
586.1245: 0.04897217,0.429825,1.577645,5.137009
586.3467: 0.02328686,0.5113881,1.573825,20.34672
586.5689: 0.007165473,0.5916866,1.587745,45.98533
586.7911: 0.0004481436,0.6548474,1.580744,75.61969
587.0134: 0.01241275,0.69965,1.57256,88.32969
587.2356: 0.04735806,0.7421094,1.565598,90.58147
587.4578: 0.1369127,0.7949429,1.551229,90.05132
587.68: 0.2554258,0.8397222,1.56796,89.16006
587.9022: 0.3338467,0.8648106,1.568741,92.11185
588.1245: 0.3866524,0.8977087,1.57311,96.67709
588.3467: 0.431346,0.9422762,1.574898,108.6433
588.5689: 0.4601693,0.9815834,1.58638,131.6457
588.7911: 0.4391123,0.9688874,1.585402,170.9368
589.0134: 0.3590508,0.9219807,1.580714,190.1194
589.2356: 0.2264376,0.8458233,1.570251,198.3855
589.4578: 0.1085314,0.7621855,1.571073,198.7365
589.68: 0.04411718,0.6335402,1.563864,196.9664
589.9022: 0.03425281,0.4459285,1.539963,196.3135
590.1245: 0.05383053,0.2217659,1.563715,199.8298
590.3467: 0.04007229,0.01472125,1.582844,203.9762
590.5689: -0.00801673,-0.2174762,1.55398,208.5416
590.7911: -0.09075031,-0.4488393,1.579729,212.4013
591.0134: -0.1802332,-0.6424736,1.583341,216.3265
591.2356: -0.285306,-0.8521342,1.562274,219.7574
591.4578: -0.3953124,-1.020187,1.579988,216.8816
591.68: -0.5400878,-1.192845,1.562571,210.4463
591.9022: -0.6848111,-1.366782,1.563681,198.4751
592.1245: -0.7565303,-1.552889,1.581108,179.7973
592.3467: -0.7715528,-1.765626,1.55253,162.1276
592.5689: -0.7850645,-1.988821,1.575447,164.5738
592.7911: -0.846755,-2.231827,1.581168,184.5383
593.0134: -0.9613875,-2.435633,1.56418,222.4709
593.2356: -1.029099,-2.577325,1.59202,251.9305
593.4578: -1.061706,-2.695467,1.587218,268.87
593.68: -1.075278,-2.839157,1.580786,283.1122
593.9022: -1.102217,-2.942343,1.5877,297.7959
594.1245: -1.167848,-2.993075,1.584554,309.6326
594.3467: -1.275689,-2.990124,1.566906,317.7015
Trial Result: Success object: Mailbox | Time Spent: 12.41619
Trial No.:15 Ends
Trial No.:13 Begins
User confirmed on object: Telescope, this maze officially starts.
607.2133: -2.888393,0.04147021,1.591168,99.88093
607.4355: -2.912694,0.02616338,1.595081,98.74152
607.6578: -2.958867,-0.01598803,1.592029,99.36095
607.88: -2.995068,-0.06373043,1.590511,103.3585
608.1022: -3.014601,-0.09939838,1.592173,109.0057
608.3245: -3.015407,-0.1260916,1.586118,125.9251
608.5467: -3.016019,-0.1413547,1.585284,152.991
608.7689: -3.019497,-0.1343737,1.58094,177.3961
608.9911: -3.001798,-0.1123953,1.573175,193.5911
609.2133: -2.968401,-0.1113396,1.566515,189.0791
609.4355: -2.924248,-0.09635711,1.566459,173.5712
609.6578: -2.852945,-0.06364666,1.560371,122.4643
609.88: -2.837662,-0.0154213,1.564646,72.35019
610.1022: -2.862282,-0.003285306,1.563268,28.91523
610.3245: -2.879482,-0.01034052,1.549092,5.254299
610.5467: -2.884318,-0.00354716,1.541138,352.0343
610.7689: -2.861382,0.04744152,1.538512,356.2357
610.9911: -2.809103,0.1536994,1.530231,18.73675
611.2133: -2.778093,0.2807132,1.55341,39.9431
611.4355: -2.732804,0.4096018,1.552279,47.43788
611.6578: -2.641133,0.5451754,1.526006,53.03301
611.88: -2.537084,0.6590867,1.544987,58.17016
612.1022: -2.441929,0.7515022,1.558557,75.89958
612.3245: -2.358657,0.8420614,1.549636,97.44601
612.5467: -2.303726,0.9297218,1.546961,125.4054
612.7689: -2.296524,0.9969019,1.556849,162.757
612.9911: -2.31244,1.053871,1.557532,188.1456
613.2133: -2.331172,1.080297,1.557771,190.5896
613.4355: -2.333862,1.082365,1.559056,183.6109
613.6578: -2.297834,1.097972,1.566016,158.6089
613.88: -2.23033,1.164453,1.5554,104.3933
614.1022: -2.202589,1.236178,1.547625,49.82811
614.3245: -2.171238,1.238965,1.544968,21.12819
614.5467: -2.12556,1.222505,1.536137,4.979937
614.7689: -2.086189,1.221097,1.530165,355.356
614.9911: -2.039536,1.257013,1.525162,353.264
615.2133: -2.003368,1.344453,1.517081,358.5623
615.4355: -1.991747,1.478965,1.508185,7.855258
615.6578: -1.985591,1.628448,1.537658,22.38916
615.88: -1.960747,1.757933,1.541607,31.21138
616.1022: -1.908796,1.934574,1.513834,35.2538
616.3245: -1.830014,2.127154,1.523068,37.50504
616.5467: -1.763641,2.293347,1.54076,42.53231
616.7689: -1.703426,2.453091,1.525814,54.08886
616.9911: -1.63992,2.626849,1.512256,73.96214
617.2133: -1.549056,2.778944,1.527706,94.31643
617.4355: -1.439143,2.894094,1.511104,102.3335
617.6578: -1.294104,3.000025,1.514097,100.4808
617.88: -1.18362,3.085028,1.53495,99.48499
618.1022: -1.066318,3.170358,1.533602,99.01047
618.3245: -0.9289445,3.272754,1.515678,103.4598
618.5467: -0.7820585,3.346715,1.532022,106.6262
618.7689: -0.6160112,3.374611,1.52643,104.5615
618.9911: -0.4343107,3.35963,1.522291,99.95
619.2133: -0.2664011,3.343606,1.547358,97.19244
619.4355: -0.1452385,3.353039,1.547726,95.90719
619.6578: -0.03678928,3.350535,1.551383,118.395
619.88: 0.01013823,3.32003,1.564797,160.6372
620.1022: 0.01303362,3.313251,1.55659,193.9037
620.3245: -0.02298056,3.313893,1.554307,220.4115
620.5467: -0.09538437,3.316572,1.553673,237.5861
620.7689: -0.1822637,3.309656,1.547327,249.287
620.9911: -0.2356096,3.257439,1.550002,245.2544
621.2133: -0.2246595,3.138286,1.544925,230.2654
621.4355: -0.1338043,2.968268,1.532108,201.3018
621.6578: -0.04474694,2.78761,1.548543,181.3502
621.88: -0.02009427,2.589425,1.531617,176.1398
622.1022: -0.04089333,2.402836,1.504152,177.5531
622.3245: -0.06993984,2.178753,1.544358,179.4432
622.5467: -0.07192272,1.973887,1.560263,178.4362
622.7689: -0.03632673,1.738597,1.527777,180.4635
622.9911: 0.003449587,1.497791,1.565333,183.3091
623.2133: 0.02178358,1.258571,1.553962,186.6365
623.4355: 0.02842862,0.9582597,1.550454,185.8061
623.6578: 0.04984652,0.7231008,1.582883,186.5816
623.88: 0.08683946,0.4747637,1.544859,190.4213
624.1022: 0.1138988,0.2566102,1.567226,197.0615
624.3245: 0.09224088,0.02265054,1.579811,204.2538
624.5467: 0.02832965,-0.2104448,1.551172,210.1842
624.7689: -0.04571411,-0.4038619,1.576312,218.3887
624.9911: -0.1312306,-0.5644859,1.579865,236.6523
625.2133: -0.2218042,-0.7283276,1.567358,256.4272
625.4355: -0.3505978,-0.8702476,1.58712,276.9243
625.6578: -0.4994572,-0.9877172,1.569206,269.7085
625.88: -0.6714612,-1.107641,1.560922,240.183
626.1022: -0.7663877,-1.224806,1.584629,212.0188
626.3245: -0.8364739,-1.369182,1.569137,193.1364
626.5467: -0.8832763,-1.568646,1.549356,184.3699
626.7689: -0.9197142,-1.771836,1.571961,182.8306
626.9911: -0.9535904,-1.981962,1.565805,183.1188
627.2133: -0.9861106,-2.188922,1.570363,179.8449
627.4355: -0.9176052,-2.403729,1.59308,148.2827
627.6578: -0.7993404,-2.550437,1.556645,103.7157
627.88: -0.6988843,-2.693359,1.565366,85.07327
628.1022: -0.6320277,-2.807228,1.581933,76.8512
628.3245: -0.5485672,-2.951571,1.573406,73.12511
628.5467: -0.4472925,-3.096896,1.582217,71.62547
628.7689: -0.3490179,-3.175692,1.592463,65.61536
628.9911: -0.2600176,-3.192035,1.580902,52.46334
629.2134: -0.2047338,-3.191756,1.596213,27.10146
629.4355: -0.1921039,-3.231007,1.602215,339.9919
629.6578: -0.1919324,-3.286197,1.595936,311.2988
629.88: -0.2019528,-3.335598,1.601986,299.209
630.1022: -0.2124509,-3.370234,1.6091,292.3679
630.3245: -0.2312791,-3.402248,1.606907,282.8888
630.5467: -0.2483964,-3.419866,1.607705,282.4987
630.7689: -0.2583038,-3.413541,1.610327,300.2156
630.9911: -0.2386178,-3.383188,1.61629,342.2483
631.2134: -0.2027503,-3.365616,1.608285,22.86451
631.4355: -0.1415543,-3.357249,1.603375,52.97967
631.6578: -0.0480326,-3.346206,1.594774,63.8839
631.88: 0.07420531,-3.333327,1.601372,68.32709
632.1022: 0.1918517,-3.309659,1.607515,71.92461
632.3245: 0.3017249,-3.26168,1.592109,75.19089
632.5467: 0.4429674,-3.178312,1.583556,80.7957
632.7689: 0.5871859,-3.110868,1.60631,80.27431
632.9911: 0.7455668,-3.074195,1.60052,73.41541
633.2134: 0.9236293,-3.072513,1.579168,63.21077
633.4355: 1.107223,-3.057581,1.612567,55.00973
633.6578: 1.273097,-3.002386,1.600578,50.79367
633.88: 1.446052,-2.891821,1.577848,50.89569
634.1022: 1.587646,-2.777081,1.598438,51.11108
634.3245: 1.689255,-2.681657,1.602921,49.42537
634.5467: 1.812891,-2.559211,1.583118,47.48947
634.7689: 1.909143,-2.439561,1.597469,48.30851
Trial Result: Success object: Well | Time Spent: 27.79565
Trial No.:13 Ends
Trial No.:5 Begins
User confirmed on object: Table, this maze officially starts.
648.9689: -1.977668,2.107206,1.579672,95.81032
649.1911: -1.99361,2.091348,1.58332,98.45459
649.4133: -2.021388,2.061017,1.584917,99.96259
649.6356: -2.054942,2.032737,1.5809,94.12598
649.8578: -2.084115,2.004305,1.57588,94.53663
650.08: -2.090593,1.985785,1.567932,104.5901
650.3022: -2.079486,1.992263,1.566141,114.4629
650.5245: -2.067857,1.999516,1.56198,122.7874
650.7467: -2.07496,1.993891,1.564363,142.2796
650.9689: -2.080789,1.986606,1.563449,154.332
651.1911: -2.079771,1.975243,1.561692,152.9588
651.4133: -2.074468,1.966395,1.56228,146.2451
651.6356: -2.052915,1.97964,1.561834,118.7816
651.8578: -2.041659,2.042284,1.550655,57.1
652.08: -2.078137,2.068537,1.54181,17.66057
652.3022: -2.094888,2.073957,1.532443,3.069023
652.5245: -2.092739,2.098864,1.514162,1.488617
652.7467: -2.077406,2.156559,1.501905,7.642376
652.9689: -2.031094,2.26235,1.498483,25.21939
653.1911: -1.98107,2.381861,1.509012,48.07851
653.4133: -1.91744,2.485375,1.520041,66.66862
653.6356: -1.821299,2.589355,1.50421,77.58146
653.8578: -1.671565,2.711915,1.502341,83.68015
654.08: -1.553074,2.829396,1.523807,89.48744
654.3022: -1.431923,2.952927,1.515539,94.92148
654.5245: -1.31359,3.088393,1.508704,103.1794
654.7467: -1.197013,3.1692,1.524056,109.3631
654.9689: -1.031551,3.231371,1.509249,110.6652
655.1911: -0.8409868,3.243201,1.513249,109.5811
655.4133: -0.6804771,3.252389,1.541065,108.1199
655.6356: -0.5143582,3.261778,1.534667,105.4656
655.8578: -0.3227094,3.243226,1.530286,126.0463
656.08: -0.2016602,3.184115,1.546696,165.845
656.3022: -0.1265108,3.117407,1.544229,184.1234
656.5245: -0.07435676,2.988923,1.528334,187.7662
656.7467: -0.05452644,2.832472,1.537657,184.0081
656.9689: -0.03545402,2.672251,1.556066,176.733
657.1911: -0.02334671,2.493239,1.543806,180.9266
657.4133: 0.008740098,2.277101,1.524158,186.4105
657.6356: 0.02738336,2.071009,1.553083,187.7108
657.8578: 0.02953602,1.888612,1.557417,182.5379
658.08: 0.039754,1.656523,1.540865,148.7119
658.3022: 0.07979681,1.501843,1.559445,117.103
658.5245: 0.1458074,1.364179,1.547362,102.7241
658.7467: 0.2435769,1.246361,1.540438,103.2498
658.9689: 0.3694395,1.125964,1.56147,106.1293
659.1911: 0.5135806,1.013896,1.55715,106.3702
659.4133: 0.671773,0.9001314,1.555613,104.2721
659.6356: 0.8283072,0.8392562,1.568861,103.5926
659.8578: 0.9902388,0.8285158,1.553073,106.9012
660.08: 1.186245,0.8703367,1.55086,120.2698
Trial Result: Success object: Bookshelf | Time Spent: 11.50082
Trial No.:5 Ends
Trial No.:11 Begins
User confirmed on object: Trashcan, this maze officially starts.
671.9578: 2.551778,0.9614586,1.614071,87.15839
672.18: 2.540969,0.96838,1.626686,89.50984
672.4022: 2.533738,0.9852942,1.630007,91.20234
672.6245: 2.522366,1.007182,1.632007,91.60551
672.8467: 2.499658,1.032281,1.632708,93.72096
673.0689: 2.474104,1.050073,1.63079,95.53123
673.2911: 2.451788,1.063302,1.622961,99.6566
673.5134: 2.446702,1.056451,1.609631,111.5966
673.7356: 2.438086,1.023736,1.596873,133.5394
673.9578: 2.415144,0.98946,1.596002,154.0207
674.18: 2.390262,0.9600805,1.597102,169.3268
674.4022: 2.383874,0.9354361,1.597342,173.2564
674.6245: 2.402261,0.9290495,1.595965,166.7308
674.8467: 2.440058,0.9459512,1.597806,149.5639
675.0689: 2.498305,0.9809226,1.601336,109.3958
675.2911: 2.544031,1.011971,1.596893,59.58308
675.5134: 2.556584,1.002935,1.591357,16.76943
675.7356: 2.553583,0.9788268,1.587598,350.9353
675.9578: 2.549896,0.965462,1.58881,337.8604
676.18: 2.526437,0.9586132,1.581378,327.8268
676.4022: 2.461215,0.9538665,1.583886,310.5582
676.6245: 2.396734,0.9537709,1.584494,294.0096
676.8467: 2.317729,0.9554713,1.581741,275.4234
677.0689: 2.249373,0.9645271,1.572182,258.8992
677.2911: 2.158231,1.001231,1.5673,242.761
677.5134: 2.063373,1.060333,1.572528,228.4893
677.7356: 1.944986,1.104586,1.566417,229.8028
677.9578: 1.789172,1.105648,1.561004,238.6246
678.18: 1.617421,1.06003,1.549387,247.7935
678.4022: 1.414862,1.007619,1.581771,253.385
678.6245: 1.237608,0.9907672,1.568986,258.0664
678.8467: 1.043242,1.015869,1.559242,278.593
679.0689: 0.9082513,1.029078,1.574426,294.1768
679.2911: 0.7493386,1.008146,1.570948,295.6426
679.5134: 0.5752287,0.957531,1.556712,294.1482
679.7356: 0.4281484,0.943181,1.572179,309.2084
679.9578: 0.3272618,0.967191,1.567784,337.6324
680.18: 0.2160122,1.011995,1.549992,358.6125
680.4022: 0.04500569,1.069545,1.562241,350.5836
680.6245: -0.1466226,1.076491,1.573379,309.2815
680.8467: -0.3155826,1.045176,1.557603,270.4234
681.0689: -0.4759879,1.026598,1.544811,261.0201
681.2911: -0.6674103,1.030136,1.558177,265.2834
681.5134: -0.8653056,1.055472,1.547696,273.3987
681.7356: -1.059555,1.099554,1.536876,279.5149
681.9578: -1.228651,1.136539,1.562107,291.0883
682.18: -1.360442,1.168229,1.556662,312.3208
682.4022: -1.525042,1.179832,1.538652,346.3647
682.6245: -1.645776,1.173109,1.545972,3.982898
682.8467: -1.769266,1.184111,1.547156,5.858783
683.0689: -1.932378,1.212765,1.537987,337.7206
683.2911: -2.090396,1.20762,1.547339,290.6314
683.5134: -2.209717,1.163751,1.543537,245.4453
683.7356: -2.306487,1.084619,1.530549,214.138
683.9578: -2.414307,0.9664001,1.518368,198.0799
684.18: -2.491883,0.848515,1.529951,178.4187
684.4022: -2.578331,0.7167982,1.528963,158.9507
684.6245: -2.679608,0.5839691,1.517886,148.4278
684.8467: -2.720965,0.4566507,1.531801,138.0591
685.0689: -2.681547,0.3417006,1.524205,128.0746
685.2911: -2.624241,0.2688909,1.517912,123.8766
685.5134: -2.581114,0.1956858,1.533869,117.2922
Trial Result: Success object: Telescope | Time Spent: 13.87234
Trial No.:11 Ends
Trial No.:10 Begins
User confirmed on object: Bookshelf, this maze officially starts.
696.9578: 1.839859,1.106434,1.597595,185.0346
697.18: 1.826259,1.13079,1.613248,189.486
697.4022: 1.792786,1.167814,1.617176,190.9681
697.6245: 1.74527,1.206483,1.61517,193.0546
697.8467: 1.712118,1.237183,1.611525,192.2764
698.0689: 1.701144,1.250776,1.612429,190.0796
698.2911: 1.708606,1.250252,1.615555,186.4827
698.5134: 1.714889,1.243479,1.611023,182.9451
698.7356: 1.703057,1.233368,1.604014,188.759
698.9578: 1.685863,1.217664,1.599607,204.907
699.18: 1.677933,1.203872,1.599008,235.3577
699.4022: 1.70186,1.186651,1.600801,257.2368
699.6245: 1.728318,1.174151,1.589968,275.4207
699.8467: 1.741336,1.163215,1.583506,288.1716
700.0689: 1.743081,1.174651,1.581956,301.4757
700.2911: 1.699505,1.166981,1.580288,297.3628
700.5134: 1.591851,1.140172,1.565601,281.1279
700.7356: 1.434173,1.128062,1.567981,258.2637
700.9578: 1.299887,1.117431,1.579762,242.1401
701.18: 1.140049,1.099012,1.572074,242.2645
701.4022: 0.957812,1.060659,1.546088,253.1996
701.6245: 0.7891886,1.025783,1.567152,263.8963
701.8467: 0.6213097,1.03113,1.573082,276.4641
702.0689: 0.4565737,1.08579,1.552756,295.3796
702.2911: 0.3146519,1.16421,1.565159,317.55
702.5134: 0.2003365,1.238419,1.567654,337.3323
702.7356: 0.06522002,1.321818,1.544086,355.9423
702.9578: -0.02633609,1.424213,1.544213,6.673022
703.18: -0.06167156,1.568344,1.524511,11.57541
703.4022: -0.03907299,1.758881,1.514867,7.8212
703.6245: -0.01306708,1.90518,1.547246,8.637658
703.8467: 0.003241247,2.074943,1.548218,8.677961
704.0689: 0.006043542,2.275483,1.52188,13.73993
704.2911: 0.04241648,2.451513,1.543121,45.5275
704.5134: 0.07936108,2.590757,1.549517,62.80788
704.7356: 0.1165107,2.751497,1.528999,56.50114
704.9578: 0.120558,2.942113,1.555162,21.36019
705.18: 0.04670366,3.02755,1.555958,323.7911
705.4022: -0.009528944,3.049592,1.550399,289.5471
705.6245: -0.08340855,3.07531,1.549248,280.4556
705.8467: -0.2153018,3.091152,1.538161,275.3102
706.0689: -0.3526666,3.110119,1.537026,275.4938
706.2911: -0.5116212,3.147777,1.528553,275.9724
706.5134: -0.70137,3.199712,1.503924,272.5624
706.7356: -0.8841469,3.234959,1.532414,266.7667
706.9578: -1.058753,3.219815,1.539711,253.4425
707.18: -1.215846,3.139476,1.514927,233.4078
707.4022: -1.358385,3.027579,1.521237,212.6009
707.6245: -1.474795,2.925271,1.530921,202.4232
707.8467: -1.626847,2.774761,1.499588,195.1357
708.0689: -1.76835,2.612654,1.516151,184.3736
708.2911: -1.822474,2.458271,1.533965,158.0367
708.5134: -1.84781,2.294165,1.515202,143.2324
708.7356: -1.895648,2.082389,1.530282,163.9713
708.9578: -1.972031,1.855692,1.535814,190.8567
709.18: -2.045644,1.638741,1.514817,198.1105
709.4022: -2.12267,1.428151,1.544895,199.8124
709.6245: -2.198279,1.249057,1.537179,198.5288
709.8467: -2.295563,1.003949,1.511609,199.5341
710.0689: -2.394315,0.7836595,1.543084,195.9223
710.2911: -2.503008,0.5706893,1.526081,190.0088
710.5134: -2.630501,0.3551216,1.523618,185.5067
710.7356: -2.712253,0.1432216,1.554633,183.201
710.9578: -2.750749,-0.1356079,1.51952,182.1613
711.18: -2.765842,-0.3677088,1.553508,183.8243
711.4022: -2.792224,-0.591466,1.553895,186.4268
711.6245: -2.819315,-0.8009438,1.529823,190.3627
711.8467: -2.838893,-1.024318,1.567433,194.4156
712.0689: -2.839201,-1.23405,1.562896,201.3071
712.2911: -2.824573,-1.458858,1.549439,216.6609
712.5134: -2.837994,-1.634406,1.569716,231.2278
712.7356: -2.88024,-1.756497,1.554902,243.2775
Trial Result: Success object: Plant | Time Spent: 16.1417
Trial No.:10 Ends
Trial No.:19 Begins
User confirmed on object: Well, this maze officially starts.
725.2356: 1.716283,-1.929255,1.628917,87.27271
725.4578: 1.712017,-1.927815,1.638838,91.98003
725.68: 1.699002,-1.932504,1.644927,97.61457
725.9022: 1.687566,-1.936885,1.648673,103.3626
726.1245: 1.670711,-1.937715,1.648766,107.7312
726.3467: 1.658556,-1.930467,1.646798,103.7851
726.5689: 1.654057,-1.924008,1.645011,100.722
726.7911: 1.658244,-1.916196,1.641149,96.54919
727.0134: 1.671038,-1.888577,1.635438,76.72911
727.2356: 1.675589,-1.840264,1.61432,43.79229
727.4578: 1.649679,-1.785703,1.608251,25.73564
727.68: 1.611926,-1.725694,1.604548,12.95332
727.9022: 1.589976,-1.680278,1.600034,0.762428
728.1245: 1.583358,-1.632769,1.599216,341.6454
728.3467: 1.599883,-1.58647,1.592004,314.9724
728.5689: 1.639136,-1.55079,1.584326,292.59
728.7911: 1.669222,-1.523908,1.585567,281.3558
729.0134: 1.689437,-1.49666,1.593795,279.6036
729.2356: 1.702076,-1.461798,1.599484,288.2141
729.4578: 1.705208,-1.432243,1.598777,294.1358
729.68: 1.676267,-1.387008,1.590827,294.2107
729.9022: 1.590573,-1.325816,1.578188,290.2084
730.1245: 1.451374,-1.268157,1.57161,287.5609
730.3467: 1.291721,-1.216844,1.594437,282.1292
730.5689: 1.136596,-1.174874,1.596707,275.7878
730.7911: 0.9528418,-1.129477,1.568727,271.0481
731.0134: 0.7567415,-1.0716,1.583235,274.3237
731.2356: 0.5788771,-1.048789,1.591597,277.4748
731.4578: 0.3518912,-1.06523,1.564017,274.7554
731.68: 0.1512159,-1.105133,1.584953,269.3936
731.9022: -0.03008111,-1.110824,1.593196,272.2049
732.1245: -0.1989433,-1.101063,1.568574,271.5987
732.3467: -0.4020176,-1.075443,1.587297,269.4606
732.5689: -0.6060582,-1.058429,1.589627,269.6743
732.7911: -0.8358945,-1.061813,1.556088,272.1526
733.0134: -1.079121,-1.069396,1.576141,273.459
733.2356: -1.313579,-1.068861,1.574066,263.7082
733.4578: -1.571362,-1.036336,1.556913,252.6099
733.68: -1.778522,-1.004428,1.583766,259.5828
733.9022: -1.982822,-0.9714159,1.556963,284.5435
734.1245: -2.153863,-0.9472225,1.549542,314.2072
734.3467: -2.312338,-0.8931939,1.566479,344.7293
734.5689: -2.429116,-0.8041419,1.54278,6.532533
734.7911: -2.532328,-0.6828434,1.542991,16.10693
735.0134: -2.634291,-0.5569074,1.557377,16.22748
735.2356: -2.737486,-0.400058,1.532114,18.2599
735.4578: -2.837147,-0.1890399,1.543038,24.86537
735.68: -2.842078,-0.00124671,1.54742,32.9626
735.9022: -2.785139,0.203262,1.518906,37.79479
736.1245: -2.732387,0.3466194,1.549039,38.96179
736.3467: -2.667188,0.5243405,1.553061,40.32981
736.5689: -2.587173,0.736896,1.518512,44.56337
736.7911: -2.484811,0.9422981,1.54355,49.51892
737.0134: -2.350584,1.114748,1.540807,54.31355
737.2356: -2.183291,1.271781,1.516729,56.09336
737.4578: -2.035751,1.426535,1.549758,57.95523
737.68: -1.933991,1.564824,1.535363,63.34411
737.9022: -1.852787,1.710082,1.519384,76.82536
738.1245: -1.798954,1.801819,1.543869,84.17503
Trial Result: Success object: Table | Time Spent: 13.13564
Trial No.:19 Ends
Trial No.:9 Begins
User confirmed on object: Bookshelf, this maze officially starts.
752.3578: 1.800938,1.057841,1.597332,187.562
752.58: 1.794968,1.0738,1.595864,190.0613
752.8022: 1.768911,1.141627,1.590369,189.5523
753.0245: 1.733173,1.227287,1.598252,186.9167
753.2467: 1.71515,1.287809,1.607283,185.0773
753.4689: 1.720372,1.305582,1.615131,183.0969
753.6911: 1.745863,1.29363,1.626822,179.9662
753.9133: 1.757266,1.269438,1.625443,183.5189
754.1356: 1.748223,1.244212,1.624905,199.1988
754.3578: 1.739758,1.224778,1.616992,212.6712
754.58: 1.726177,1.214787,1.614763,227.4586
754.8022: 1.713822,1.209508,1.605995,247.1642
755.0245: 1.711748,1.200048,1.599397,258.9438
755.2467: 1.711797,1.190638,1.596062,263.3391
755.4689: 1.718555,1.179883,1.592501,262.9102
755.6911: 1.723103,1.167122,1.589972,260.6851
755.9133: 1.712097,1.155008,1.588069,258.4126
756.1356: 1.686973,1.140249,1.582488,258.5305
756.3578: 1.634476,1.13937,1.576781,257.118
756.58: 1.54698,1.127842,1.587888,245.7998
756.8022: 1.500588,1.088886,1.598913,219.7809
757.0245: 1.51952,1.056601,1.598417,178.208
757.2467: 1.54967,1.058733,1.598084,157.4995
757.4689: 1.605066,1.057996,1.60159,140.5498
757.6911: 1.68452,1.068548,1.588647,127.9196
757.9133: 1.80401,1.11028,1.57365,111.9992
758.1356: 1.887738,1.119004,1.57269,98.32597
758.3578: 1.992688,1.079276,1.561047,86.15036
758.58: 2.078014,1.032769,1.558942,68.60474
758.8022: 2.154813,1.021729,1.567578,44.43388
759.0245: 2.239447,1.063109,1.560551,24.49802
759.2467: 2.353688,1.168828,1.541796,16.08065
759.4689: 2.466723,1.324348,1.565632,12.85323
759.6911: 2.562315,1.49943,1.568469,6.937317
759.9133: 2.688932,1.757466,1.528981,0.4259782
760.1356: 2.732823,1.988255,1.566708,349.7077
760.3578: 2.69228,2.20578,1.542228,331.5861
760.58: 2.612939,2.385856,1.529419,319.7032
760.8022: 2.517046,2.578283,1.55079,305.817
761.0245: 2.393749,2.772191,1.533115,294.0091
761.2467: 2.238893,2.96766,1.529204,286.5555
761.4689: 2.044065,3.091499,1.553196,279.4986
761.6911: 1.814281,3.152853,1.51523,272.4392
761.9133: 1.518818,3.196099,1.556077,270.9137
762.1356: 1.285435,3.2247,1.543435,270.351
762.3578: 1.007162,3.261006,1.515789,268.7138
762.58: 0.751976,3.257564,1.563185,269.0406
762.8022: 0.474705,3.216109,1.520833,266.4171
763.0245: 0.200143,3.174555,1.536037,267.192
763.2467: -0.04805348,3.170763,1.553013,267.7428
763.4689: -0.2932335,3.178734,1.508582,267.2072
763.6911: -0.5321141,3.184097,1.547022,267.2761
763.9133: -0.8047175,3.162509,1.531124,267.3574
764.1356: -1.055302,3.118444,1.524401,267.1814
764.3578: -1.275995,3.109196,1.544859,267.1785
764.58: -1.507031,3.111038,1.502644,268.1793
764.8022: -1.704802,3.116191,1.514797,267.9299
765.0245: -1.921216,3.093212,1.533462,266.2267
765.2467: -2.144395,3.04388,1.49585,267.2708
765.4689: -2.35312,3.002494,1.500787,270.3297
765.6911: -2.522073,2.989299,1.518857,273.3336
765.9133: -2.672996,2.994428,1.514659,272.0594
766.1356: -2.757884,2.993827,1.513749,272.9149
Trial Result: Success object: Stove | Time Spent: 14.18049
Trial No.:9 Ends
Trial No.:22 Begins
User confirmed on object: Mailbox, this maze officially starts.
786.7245: -1.786501,-3.226633,1.624451,358.519
786.9467: -1.781611,-3.226916,1.638903,0.764259
787.1689: -1.775306,-3.222122,1.645792,3.771225
787.3911: -1.769255,-3.214468,1.645928,5.307039
787.6133: -1.730974,-3.19837,1.63562,27.79077
787.8356: -1.70876,-3.19022,1.626712,41.80289
788.0578: -1.683322,-3.188334,1.611916,60.25325
788.28: -1.671125,-3.19154,1.604604,70.38371
788.5023: -1.672028,-3.190885,1.60795,68.73775
788.7245: -1.710746,-3.17088,1.629966,37.91462
788.9467: -1.767755,-3.179157,1.642384,1.370933
789.1689: -1.769247,-3.179394,1.636866,359.5168
789.3911: -1.711384,-3.152365,1.630895,9.866657
789.6133: -1.582404,-3.126755,1.612604,29.73765
789.8356: -1.429341,-3.100945,1.6023,37.49266
790.0578: -1.311049,-3.041275,1.595582,28.09698
790.28: -1.218187,-2.935224,1.580917,16.99761
790.5023: -1.115644,-2.728083,1.559338,12.62783
790.7245: -1.038959,-2.555636,1.587937,10.29762
790.9467: -0.95082,-2.385777,1.580066,9.401696
791.1689: -0.8662686,-2.242223,1.571669,5.128314
791.3911: -0.8033853,-2.087278,1.593872,359.7959
791.6133: -0.7831491,-1.930762,1.586554,354.3926
791.8356: -0.795279,-1.757862,1.572666,358.5413
792.0578: -0.7745547,-1.59508,1.590307,19.38174
792.28: -0.719977,-1.454901,1.578334,40.46119
792.5023: -0.6095135,-1.306629,1.571126,63.0057
792.7245: -0.5265166,-1.202385,1.585682,73.80117
792.9467: -0.4460472,-1.111741,1.587414,77.41652
793.1689: -0.3626989,-0.9757391,1.573751,67.45815
793.3911: -0.299165,-0.8188475,1.584237,42.9904
793.6133: -0.2277347,-0.673402,1.584364,22.27219
793.8356: -0.1256858,-0.5236158,1.560006,10.25795
794.0578: -0.0225639,-0.381419,1.568394,357.752
794.28: 0.03011348,-0.2344055,1.574149,342.9567
794.5023: 0.02308905,-0.04172197,1.550809,324.5587
794.7245: -0.01089183,0.1169575,1.556471,319.0598
794.9467: -0.03388057,0.2781502,1.568814,316.8579
795.1689: -0.05598887,0.4202753,1.552439,311.1102
795.3911: -0.07608107,0.5622655,1.57171,297.6119
795.6133: -0.1086204,0.6593786,1.577764,283.9462
795.8356: -0.1424541,0.6781839,1.568589,266.1854
796.0578: -0.1520568,0.6153324,1.576903,245.6673
796.28: -0.1094382,0.4818203,1.579772,227.0046
796.5023: -0.04683097,0.3051748,1.565978,218.9976
796.7245: -0.03305408,0.1521552,1.567347,208.0677
796.9467: -0.04840762,-0.009920086,1.550898,197.5872
797.1689: -0.09407212,-0.1809214,1.542093,196.3375
797.3911: -0.1397625,-0.3302528,1.572063,206.4148
797.6133: -0.1803468,-0.4908472,1.575855,219.9269
797.8356: -0.2058122,-0.6451657,1.561331,240.7795
798.0578: -0.2569175,-0.7671889,1.57723,264.3183
798.28: -0.348747,-0.8548238,1.570016,277.163
798.5023: -0.5010074,-0.917355,1.560497,280.4102
798.7245: -0.6122116,-0.9668837,1.579133,283.1431
798.9467: -0.7160598,-1.017551,1.581021,283.6305
799.1689: -0.8319487,-1.08673,1.577119,278.1868
799.3911: -0.9269779,-1.149345,1.576605,269.3993
799.6133: -1.047847,-1.182042,1.574767,262.4575
799.8356: -1.206548,-1.164987,1.558175,260.0481
800.0578: -1.406252,-1.109137,1.544363,258.9435
800.28: -1.59501,-1.054559,1.572734,258.2822
800.5023: -1.786883,-0.999269,1.564809,281.0958
800.7245: -2.013855,-0.9605947,1.549593,317.4709
800.9467: -2.162929,-0.9169422,1.567955,334.9298
801.1689: -2.315265,-0.8266857,1.539893,345.2862
801.3911: -2.439415,-0.6960924,1.543999,355.9708
801.6133: -2.535112,-0.570046,1.556622,10.81241
801.8356: -2.642747,-0.429535,1.532911,20.4499
802.0578: -2.773136,-0.2574941,1.530565,23.55479
802.28: -2.837893,-0.07551564,1.548009,29.47023
802.5023: -2.832515,0.1290112,1.520013,35.44949
802.7245: -2.772398,0.3782391,1.544872,38.19841
802.9467: -2.711169,0.5477387,1.552129,48.30629
803.1689: -2.623786,0.7330484,1.518238,68.58752
803.3911: -2.538272,0.8541465,1.535016,87.27045
803.6133: -2.404357,0.9771874,1.536737,96.12791
803.8356: -2.237798,1.101561,1.515956,80.05151
804.0578: -2.114325,1.249739,1.547283,46.16762
804.28: -2.052555,1.404488,1.536681,12.04095
804.5023: -2.001694,1.58249,1.509231,359.2737
804.7245: -1.965089,1.786599,1.530967,346.8235
804.9467: -1.957143,1.959826,1.522335,324.5374
805.1689: -1.920784,2.137285,1.520632,313.4922
805.3911: -1.891617,2.303456,1.543283,328.4538
805.6133: -1.849109,2.487576,1.53219,8.950738
805.8356: -1.819814,2.672869,1.51313,55.9053
806.0578: -1.777437,2.813372,1.52125,79.4442
806.28: -1.69529,2.923926,1.507347,91.18034
806.5023: -1.588821,3.002337,1.49887,95.15636
806.7245: -1.431708,3.083541,1.527766,98.01787
806.9467: -1.259409,3.130186,1.516089,101.5225
807.1689: -1.034741,3.196268,1.500528,106.8358
807.3911: -0.8578838,3.228307,1.529501,107.8357
807.6133: -0.7021991,3.231875,1.5317,106.0143
807.8356: -0.5264533,3.196194,1.51373,104.6251
808.0578: -0.3660038,3.159464,1.54205,102.5211
808.28: -0.2075707,3.135865,1.546685,98.61759
808.5023: -0.01684443,3.123166,1.523791,98.07966
808.7245: 0.2183936,3.125458,1.537951,90.6132
808.9467: 0.400659,3.110938,1.538215,85.79571
809.1689: 0.6091086,3.066311,1.510532,88.52782
809.3911: 0.7951095,3.020176,1.550255,94.52855
809.6133: 0.9629006,3.008768,1.556147,99.33331
809.8356: 1.180173,3.020367,1.526999,103.0839
810.0578: 1.402678,3.033593,1.550753,107.6688
810.28: 1.611189,3.012488,1.552286,114.6669
810.5023: 1.835017,2.959148,1.529164,120.8444
810.7245: 2.047586,2.892599,1.561052,131.6915
810.9467: 2.223289,2.827837,1.561962,142.819
811.1689: 2.404856,2.762449,1.54502,157.2126
811.3911: 2.53711,2.671972,1.568516,176.5145
811.6133: 2.636732,2.541864,1.557546,190.8443
811.8356: 2.700932,2.368321,1.55483,196.6439
812.0578: 2.74435,2.206875,1.578977,202.7737
812.28: 2.769599,2.038588,1.567964,207.6532
812.5023: 2.794195,1.831739,1.566387,214.6738
812.7245: 2.764556,1.65285,1.58641,221.5789
812.9467: 2.665822,1.46435,1.557777,227.3218
813.1689: 2.545956,1.308695,1.580145,228.1686
813.3911: 2.464189,1.157929,1.589329,226.2116
813.6133: 2.411553,1.031137,1.565476,226.1265
813.8356: 2.355786,0.9173227,1.572481,228.0521
814.0578: 2.302194,0.854973,1.577936,227.8349
Trial Result: Success object: Bookshelf | Time Spent: 27.65065
Trial No.:22 Ends
Trial No.:14 Begins
User confirmed on object: Telescope, this maze officially starts.
829.6022: -2.868137,0.01339234,1.60062,97.96875
829.8245: -2.863767,0.01465911,1.601852,98.70277
830.0467: -2.859973,0.01834996,1.604367,97.09733
830.2689: -2.855712,0.02030752,1.604968,97.8891
830.4911: -2.851512,0.02086155,1.605289,103.048
830.7134: -2.847327,0.02135372,1.604062,112.2463
830.9355: -2.837598,0.01962514,1.602794,123.3977
831.1578: -2.820144,0.01003892,1.596029,136.7396
831.38: -2.817787,-0.00716792,1.584857,147.9094
831.6022: -2.827567,-0.02099788,1.579679,157.6322
831.8245: -2.835161,-0.02904805,1.578085,162.9609
832.0467: -2.84221,-0.03729296,1.574801,168.2856
832.2689: -2.83195,-0.03951724,1.576072,159.1701
832.4911: -2.800636,-0.038171,1.580895,144.0519
832.7134: -2.756312,-0.07360071,1.571216,139.4236
832.9355: -2.730464,-0.1881641,1.554065,135.0724
833.1578: -2.71683,-0.3613228,1.555894,127.5851
833.38: -2.6854,-0.4613628,1.565396,120.2901
833.6022: -2.599157,-0.5592681,1.551389,115.9695
833.8245: -2.446727,-0.6582332,1.533799,114.3814
834.0467: -2.308988,-0.7329034,1.557613,110.6239
834.2689: -2.181067,-0.791531,1.566124,99.52813
834.4911: -2.047684,-0.8609805,1.549081,86.89269
834.7134: -1.902164,-0.94587,1.56263,80.35897
834.9355: -1.753902,-0.9982047,1.568079,77.35392
835.1578: -1.576282,-1.019376,1.559847,82.28414
835.38: -1.408047,-1.016701,1.563881,97.47101
835.6022: -1.272817,-1.038778,1.573822,113.015
835.8245: -1.152083,-1.084312,1.565045,138.4144
836.0467: -1.048936,-1.131641,1.55975,154.1166
836.2689: -0.9179184,-1.174507,1.574631,153.5881
836.4911: -0.7682024,-1.167889,1.584836,127.328
836.7134: -0.6180189,-1.099332,1.574377,90.1355
836.9355: -0.4839379,-1.02752,1.576672,71.48666
837.1578: -0.3631861,-0.9896529,1.581144,68.0924
837.38: -0.2193587,-0.9495757,1.581015,52.86878
837.6022: -0.1092366,-0.9280891,1.573528,22.42465
837.8245: -0.003794467,-0.9285271,1.585367,1.29882
838.0467: 0.07065155,-0.9244047,1.569816,349.038
838.2689: 0.1420612,-0.9024014,1.580189,341.0353
838.4911: 0.17911,-0.8500291,1.573642,339.2098
838.7134: 0.1698006,-0.7856568,1.572015,331.2377
838.9355: 0.1504515,-0.7144038,1.567289,320.988
839.1578: 0.1142404,-0.6047237,1.548816,313.8192
839.38: 0.0545338,-0.4097404,1.525492,304.5273
839.6022: 0.005309411,-0.2622434,1.559775,297.3976
839.8245: -0.0583311,-0.1787359,1.563501,289.5665
840.0467: -0.09706679,-0.1592336,1.563321,286.9994
Trial Result: Success object: Wheelbarrow | Time Spent: 10.80963
Trial No.:14 Ends
Trial No.:18 Begins
User confirmed on object: Harp, this maze officially starts.
855.7356: 1.683148,-1.123206,1.634139,5.4957
855.9578: 1.687781,-1.130181,1.63993,9.703543
856.18: 1.679634,-1.150781,1.642232,13.22386
856.4022: 1.66761,-1.173628,1.640506,19.56401
856.6245: 1.659347,-1.199273,1.628617,32.01501
856.8467: 1.663936,-1.224394,1.61404,44.43748
857.0689: 1.669818,-1.238419,1.610075,46.81485
857.2911: 1.684529,-1.236201,1.611411,43.28465
857.5134: 1.720507,-1.217118,1.610347,42.65395
857.7356: 1.79192,-1.172572,1.606368,42.14762
857.9578: 1.872382,-1.127185,1.606679,44.51169
858.18: 1.941846,-1.099139,1.613745,40.64234
858.4022: 1.987342,-1.088039,1.609394,41.35724
858.6245: 2.036469,-1.076336,1.609498,49.19516
858.8467: 2.09772,-1.091529,1.608456,84.26047
859.0689: 2.133314,-1.101858,1.614743,124.5298
859.2911: 2.147666,-1.097656,1.620562,162.753
859.5134: 2.155384,-1.094017,1.615538,190.5827
859.7356: 2.149367,-1.109158,1.608634,209.8161
859.9578: 2.10551,-1.146619,1.603445,221.1976
860.18: 2.040029,-1.176309,1.612422,234.1059
860.4022: 1.983747,-1.19479,1.609575,254.3671
860.6245: 1.948189,-1.22752,1.607851,276.2929
860.8467: 1.925007,-1.288944,1.605984,292.8749
861.0689: 1.879534,-1.333157,1.599003,299.4479
861.2911: 1.805142,-1.321768,1.592496,304.2271
861.5134: 1.672091,-1.26421,1.567147,299.2442
861.7356: 1.500473,-1.161242,1.591294,289.9579
861.9578: 1.359549,-1.110668,1.606649,276.347
862.18: 1.201094,-1.085754,1.583272,267.0255
862.4022: 1.029073,-1.071985,1.586601,267.3889
862.6245: 0.8592787,-1.048182,1.6023,267.3944
862.8467: 0.6743055,-1.010302,1.592859,267.4272
863.0689: 0.4807938,-0.9643193,1.580128,265.2419
863.2911: 0.2980526,-0.9433273,1.596717,263.43
863.5134: 0.1223503,-0.9571868,1.590261,262.5818
863.7356: -0.08364695,-0.9882129,1.58407,281.1009
863.9578: -0.2089349,-0.9490928,1.597449,325.6073
864.18: -0.268922,-0.9026387,1.585553,5.793537
864.4022: -0.3737801,-0.8418086,1.570087,12.77013
864.6245: -0.4820088,-0.7900878,1.588189,4.173779
864.8467: -0.6430646,-0.7673378,1.597478,322.0844
865.0689: -0.7919484,-0.800915,1.586783,283.9016
865.2911: -0.9599121,-0.8401047,1.571422,266.9256
865.5134: -1.128138,-0.8780423,1.574687,254.3922
865.7356: -1.336122,-0.8831839,1.558296,246.0733
865.9578: -1.516591,-0.8508127,1.558611,240.333
866.18: -1.677366,-0.8600174,1.57448,233.4963
866.4022: -1.842205,-0.9136925,1.555837,224.1782
866.6245: -1.977952,-0.9891281,1.550469,215.0113
866.8467: -2.115129,-1.053533,1.557503,204.5251
867.0689: -2.252742,-1.093325,1.54889,194.2586
867.2911: -2.387524,-1.107393,1.551674,178.3277
867.5134: -2.514452,-1.109428,1.557484,178.1241
867.7356: -2.652016,-1.090588,1.558245,220.1116
867.9578: -2.766901,-1.036111,1.558128,285.0889
868.18: -2.78656,-1.012313,1.563909,344.3192
868.4022: -2.793871,-1.029276,1.554452,20.88246
868.6245: -2.815729,-1.020245,1.554147,28.22726
868.8467: -2.820691,-0.9665393,1.547935,32.52054
869.0689: -2.792153,-0.8523893,1.533472,34.39702
869.2911: -2.736271,-0.7039026,1.553035,38.63822
869.5134: -2.686917,-0.5881431,1.567158,43.87108
869.7356: -2.647908,-0.4731549,1.558763,50.8868
869.9578: -2.615559,-0.3114952,1.538434,66.94984
Trial Result: Success object: Telescope | Time Spent: 14.65757
Trial No.:18 Ends
