Participant ID: 428
Maze Mode: testing
Trial No.:22 Begins
User confirmed on object: Mailbox, this maze officially starts.
105.3022: -1.748749,-3.178362,1.666288,355.408
105.5244: -1.750077,-3.170412,1.664768,354.5772
105.7467: -1.74414,-3.166159,1.66433,354.5578
105.9689: -1.739768,-3.167013,1.664464,355.8722
106.1911: -1.738146,-3.171892,1.664473,356.2676
106.4133: -1.737531,-3.175769,1.659624,355.1735
106.6356: -1.733597,-3.185529,1.616562,353.6289
106.8578: -1.721031,-3.217636,1.636369,354.2029
107.08: -1.710642,-3.300323,1.687737,355.7596
107.3022: -1.722754,-3.368428,1.697376,356.2176
107.5244: -1.753856,-3.413007,1.684519,356.3924
107.7467: -1.776017,-3.438055,1.679928,359.0225
107.9689: -1.786672,-3.441903,1.681348,0.09549484
108.1911: -1.796788,-3.445147,1.682116,359.6603
108.4133: -1.795168,-3.444267,1.68323,3.46656
108.6356: -1.790558,-3.437835,1.683605,5.507012
108.8578: -1.791542,-3.431618,1.682908,5.224419
109.08: -1.796681,-3.425753,1.681991,3.44497
109.3022: -1.800197,-3.42142,1.682682,3.199154
109.5244: -1.80754,-3.392235,1.683376,9.82303
109.7467: -1.761523,-3.330565,1.663869,25.91859
109.9689: -1.669672,-3.285789,1.6581,29.76622
110.1911: -1.607723,-3.256432,1.699867,7.4218
110.4133: -1.566418,-3.251323,1.701157,352.311
110.6356: -1.458455,-3.195225,1.675921,3.207684
110.8578: -1.334446,-3.116583,1.65404,21.49169
111.08: -1.232862,-2.99861,1.630242,24.85599
111.3022: -1.124189,-2.801458,1.61388,20.86488
111.5244: -1.034686,-2.658873,1.64236,17.1728
111.7467: -0.9513787,-2.509879,1.63441,14.61519
111.9689: -0.8704431,-2.369937,1.635727,9.845684
112.1911: -0.8344655,-2.183833,1.653187,4.7797
112.4133: -0.8203303,-1.979624,1.62539,11.45187
112.6356: -0.812143,-1.781055,1.645878,24.86601
112.8578: -0.7719167,-1.628775,1.661287,36.40011
113.08: -0.7030388,-1.50204,1.642431,45.33989
113.3022: -0.5561046,-1.344251,1.654382,61.54886
113.5244: -0.4547228,-1.236757,1.653498,73.9381
113.7467: -0.3325514,-1.129817,1.634314,87.71516
113.9689: -0.1983998,-1.035708,1.656255,91.27355
114.1911: -0.06630807,-1.011995,1.663542,91.2811
114.4133: 0.06094915,-1.032721,1.652091,91.38737
114.6356: 0.1605815,-1.045007,1.664543,91.22152
114.8578: 0.2152205,-0.9959676,1.65573,67.86893
115.08: 0.184436,-0.8738697,1.633551,31.21086
115.3022: 0.07457217,-0.6818347,1.628187,10.44845
115.5244: 0.005643656,-0.5004637,1.627412,11.2292
115.7467: 0.0006252639,-0.3143911,1.631152,17.88978
115.9689: 0.04414404,-0.1414202,1.61625,19.56147
116.1911: 0.1030508,0.05306347,1.639514,18.8181
116.4133: 0.1468098,0.2632965,1.62937,22.52705
116.6356: 0.2005845,0.4835882,1.611861,40.63909
116.8578: 0.2893997,0.6418134,1.64263,74.03545
117.08: 0.3890691,0.7412819,1.633158,94.84039
117.3022: 0.5568413,0.8235129,1.637031,99.01868
117.5244: 0.7212776,0.8927923,1.649873,103.008
117.7467: 0.9160286,0.9592163,1.620436,110.0571
117.9689: 1.082628,1.007307,1.635119,121.7003
118.1911: 1.234991,1.015625,1.651336,135.4536
118.4133: 1.35396,0.9975556,1.644367,143.8699
Trial Result: Success object: Bookshelf | Time Spent: 13.39784
Trial No.:22 Ends
Trial No.:16 Begins
User confirmed on object: Wheelbarrow, this maze officially starts.
133.1356: 0.3283774,-0.03277703,1.683928,253.4061
133.3578: 0.341996,-0.02246306,1.692517,260.824
133.58: 0.3747442,0.006913248,1.698714,278.6129
133.8022: 0.4096634,0.01940202,1.697682,288.3884
134.0244: 0.4298322,0.01478477,1.693239,289.6366
134.2467: 0.4341594,-0.00576325,1.691811,281.3892
134.4689: 0.4295535,-0.04174988,1.68448,261.2474
134.6911: 0.4432123,-0.08305231,1.67698,231.3079
134.9133: 0.4714924,-0.1051965,1.674206,206.1352
135.1356: 0.5058401,-0.1123895,1.674625,184.7436
135.3578: 0.5427876,-0.1103046,1.671723,161.0122
135.58: 0.556281,-0.1171524,1.670854,153.7397
135.8022: 0.5261045,-0.1402988,1.670606,172.0545
136.0244: 0.4988479,-0.1443838,1.670675,184.266
136.2467: 0.4810195,-0.1375033,1.671072,190.6044
136.4689: 0.4719308,-0.1331713,1.669108,191.496
136.6911: 0.4503586,-0.1247062,1.665844,196.4646
136.9133: 0.4076842,-0.09256667,1.665294,224.3474
137.1356: 0.3794733,-0.01376151,1.664335,269.3165
137.3578: 0.3920499,0.03990049,1.668735,305.7506
137.58: 0.4155303,0.03114549,1.660309,343.4492
137.8022: 0.4552327,-0.01502454,1.66384,13.45114
138.0244: 0.5182319,-0.06162038,1.667971,31.21428
138.2467: 0.5699098,-0.09743522,1.666575,45.27989
138.4689: 0.5788828,-0.1141299,1.665657,55.63894
138.6911: 0.5735292,-0.1309517,1.666672,63.57445
138.9133: 0.563997,-0.1368196,1.665742,62.23565
139.1356: 0.5522708,-0.126414,1.666916,48.41065
139.3578: 0.5193039,-0.09537596,1.66501,10.1386
139.58: 0.478595,-0.07904656,1.658914,331.0002
139.8022: 0.4370679,-0.04288815,1.651291,311.9138
140.0244: 0.3838728,0.02528861,1.637913,309.0874
140.2467: 0.2974718,0.1274277,1.627099,311.3081
140.4689: 0.2328183,0.2326554,1.61549,310.952
140.6911: 0.1661727,0.3860876,1.588276,308.7755
140.9133: 0.117748,0.5496724,1.579228,302.681
141.1356: 0.04153976,0.676797,1.608643,293.6453
141.3578: -0.06501959,0.7488964,1.612536,283.5884
141.58: -0.2264657,0.8108023,1.603028,281.1194
141.8022: -0.4317582,0.8794763,1.641467,283.956
142.0244: -0.5696562,0.9215565,1.657716,284.8015
142.2467: -0.6938072,0.9768777,1.649393,282.397
142.4689: -0.7873142,1.002988,1.6571,283.3077
142.6911: -0.8710055,0.9993761,1.664251,283.8187
142.9133: -0.9238521,0.9803076,1.662757,285.0277
143.1356: -0.9475918,0.9644305,1.660396,284.7001
143.3578: -0.9531862,0.9551188,1.658215,284.0889
143.58: -0.9504328,0.9491231,1.654722,283.193
143.8022: -0.9469856,0.9451264,1.653638,282.2818
144.0244: -0.9507897,0.9460407,1.651926,283.2228
144.2467: -0.9576716,0.9518508,1.647433,289.5024
144.4689: -0.9899136,0.9557862,1.64056,301.2171
144.6911: -1.061601,0.9709698,1.636241,310.6208
144.9133: -1.151084,1.018578,1.622848,314.0456
145.1356: -1.229146,1.071677,1.637491,318.2369
145.3578: -1.274687,1.086104,1.643884,328.2623
145.58: -1.332666,1.046824,1.636759,313.0412
145.8022: -1.376041,0.9924734,1.632808,265.7291
146.0244: -1.433158,1.00489,1.618179,240.0019
146.2467: -1.57931,1.024052,1.590367,235.0464
146.4689: -1.748826,1.001564,1.592211,234.0505
146.6911: -1.911658,0.9589009,1.611079,226.5352
146.9133: -2.105442,0.901054,1.595541,215.8457
147.1356: -2.297883,0.8119533,1.620541,203.4231
147.3578: -2.41836,0.6613804,1.61637,189.2949
147.58: -2.483725,0.4701871,1.595508,179.3005
147.8022: -2.524201,0.2599506,1.620087,159.7401
148.0244: -2.551186,0.09010797,1.621835,142.6609
148.2467: -2.602194,-0.1351077,1.613001,141.2949
148.4689: -2.604792,-0.3503294,1.641055,142.7898
148.6911: -2.560329,-0.5113871,1.628111,143.3125
148.9133: -2.487862,-0.6543642,1.638992,163.9467
149.1356: -2.458639,-0.791428,1.642626,189.6935
149.3578: -2.468235,-0.9659697,1.621257,199.9063
149.58: -2.534329,-1.185517,1.634979,209.9491
149.8022: -2.599783,-1.395427,1.648028,218.5565
150.0244: -2.629823,-1.558358,1.627269,222.704
150.2467: -2.666641,-1.712264,1.648514,229.3766
Trial Result: Success object: Plant | Time Spent: 17.35741
Trial No.:16 Ends
Trial No.:3 Begins
User confirmed on object: Piano, this maze officially starts.
169.6133: 1.751342,3.219245,1.661941,157.795
169.8356: 1.755393,3.217646,1.662452,156.9067
170.0578: 1.754751,3.219677,1.674895,159.7124
170.28: 1.748996,3.253053,1.692806,164.8177
170.5022: 1.735006,3.263193,1.689827,172.3166
170.7244: 1.714766,3.266213,1.69072,179.604
170.9467: 1.707959,3.266963,1.68899,181.3904
171.1689: 1.70752,3.272111,1.684919,180.2133
171.3911: 1.708064,3.273112,1.681305,178.0525
171.6133: 1.706635,3.262971,1.673085,176.1375
171.8356: 1.705222,3.253016,1.664787,173.3281
172.0578: 1.701199,3.246678,1.662549,172.392
172.28: 1.699349,3.243344,1.659686,171.4404
172.5022: 1.702134,3.240562,1.659376,168.7798
172.7244: 1.716613,3.235236,1.655473,157.3906
172.9467: 1.72174,3.233762,1.651968,151.8037
173.1689: 1.728244,3.234619,1.650494,147.0008
173.3911: 1.742079,3.237228,1.651201,138.9847
173.6133: 1.772151,3.241536,1.643827,123.1121
173.8356: 1.84257,3.244493,1.637492,109.2486
174.0578: 1.963766,3.220922,1.619909,114.8651
174.28: 2.122689,3.173554,1.631799,141.5686
174.5022: 2.244792,3.094988,1.641099,155.6852
174.7244: 2.349002,2.962383,1.616915,160.6025
174.9467: 2.442485,2.802558,1.640666,164.8472
175.1689: 2.519882,2.670211,1.653296,170.2083
175.3911: 2.618256,2.47954,1.621543,175.8839
175.6133: 2.705165,2.262971,1.655556,184.2054
175.8356: 2.729001,2.048339,1.655298,193.9588
176.0578: 2.722682,1.811308,1.640488,193.2139
176.28: 2.718429,1.574329,1.670517,187.1513
176.5022: 2.726607,1.30722,1.635234,182.6656
176.7244: 2.751828,1.040022,1.650089,185.5695
176.9467: 2.743207,0.8089249,1.66814,188.5728
177.1689: 2.719194,0.5966091,1.63516,187.9042
177.3911: 2.676501,0.3580924,1.653284,190.2614
177.6133: 2.653448,0.1291456,1.657719,196.2938
177.8356: 2.638288,-0.1142175,1.634484,202.4474
178.0578: 2.59768,-0.3354433,1.664888,211.4815
178.28: 2.538794,-0.5182534,1.650743,217.2407
178.5022: 2.428082,-0.721817,1.647863,216.4925
178.7244: 2.347756,-0.8974437,1.663705,212.0641
178.9467: 2.256463,-1.087827,1.635764,207.2507
179.1689: 2.175567,-1.280519,1.632607,202.2494
179.3911: 2.078386,-1.487656,1.646503,196.8408
179.6133: 1.971055,-1.691167,1.625567,194.0586
179.8356: 1.847008,-1.902858,1.640611,194.374
180.0578: 1.784294,-2.101543,1.65246,197.4195
180.28: 1.748083,-2.311601,1.619615,212.4386
180.5022: 1.691924,-2.543721,1.661961,248.9351
180.7244: 1.621861,-2.681886,1.663021,275.8821
180.9467: 1.523845,-2.796678,1.649736,285.3718
181.1689: 1.41354,-2.928411,1.671319,290.4059
181.3911: 1.333515,-3.040864,1.679336,289.1405
181.6133: 1.248764,-3.191543,1.66242,283.6337
181.8356: 1.130676,-3.325407,1.676313,277.7591
182.0578: 0.9528154,-3.373288,1.663489,279.1368
182.28: 0.737856,-3.358431,1.667826,281.4526
182.5022: 0.5031856,-3.34952,1.674515,280.7009
182.7244: 0.2638636,-3.37034,1.649085,279.5433
182.9467: 0.04298582,-3.359678,1.677297,281.9454
183.1689: -0.1371616,-3.332888,1.657612,283.3296
183.3911: -0.3584006,-3.280398,1.652434,284.6567
183.6133: -0.5699729,-3.261587,1.670307,288.8751
183.8356: -0.7716613,-3.254946,1.64283,292.1761
184.0578: -0.9733825,-3.268095,1.646711,299.5997
184.28: -1.14414,-3.240993,1.669184,305.44
184.5022: -1.305122,-3.196244,1.642938,314.3441
184.7244: -1.437467,-3.142801,1.655265,321.6211
184.9467: -1.555773,-3.123833,1.68279,331.555
185.1689: -1.652711,-3.126807,1.690973,340.6877
Trial Result: Success object: Mailbox | Time Spent: 15.77836
Trial No.:3 Ends
Trial No.:1 Begins
User confirmed on object: Stove, this maze officially starts.
198.3133: -2.532005,2.944826,1.665646,259.741
198.5356: -2.519773,2.952859,1.668115,265.468
198.7578: -2.489312,2.991607,1.664405,282.5327
198.98: -2.460188,3.004356,1.663076,287.8337
199.2022: -2.44199,2.992271,1.662511,277.4233
199.4245: -2.434097,2.979189,1.66221,266.4208
199.6467: -2.437142,2.972322,1.660629,257.5718
199.8689: -2.440449,2.937253,1.652409,234.8147
200.0911: -2.351818,2.877025,1.634805,183.5529
200.3133: -2.230215,2.86715,1.627491,141.8568
200.5356: -2.154427,2.84441,1.62432,124.235
200.7578: -2.120854,2.756177,1.621909,127.7039
200.98: -2.114497,2.611483,1.598446,146.1377
201.2022: -2.120255,2.426892,1.601339,157.0863
201.4245: -2.104414,2.258032,1.614458,157.5154
201.6467: -2.061326,2.111451,1.600832,154.5627
201.8689: -1.973375,1.923667,1.594088,147.4653
202.0911: -1.89415,1.747745,1.617574,137.5934
202.3133: -1.807523,1.576755,1.608255,129.119
202.5356: -1.712491,1.388437,1.61035,119.6587
202.7578: -1.572001,1.245939,1.632615,110.5881
202.98: -1.374216,1.13546,1.593752,103.5986
203.2022: -1.162719,1.075171,1.6194,105.3426
203.4245: -1.000496,0.9958705,1.628408,109.9042
203.6467: -0.8055407,0.8819907,1.595371,115.6932
203.8689: -0.6186013,0.7696587,1.62785,118.6447
204.0911: -0.4379917,0.6982251,1.623931,132.8691
204.3133: -0.2768364,0.6243261,1.616745,151.7312
204.5356: -0.1755326,0.5132307,1.626886,164.8859
204.7578: -0.1219022,0.3506564,1.607963,169.594
204.98: -0.1218024,0.1268979,1.619956,166.1116
205.2022: -0.08218662,-0.05557503,1.64078,153.2504
205.4245: -0.007010241,-0.2462894,1.6112,142.2712
205.6467: 0.06991626,-0.4066753,1.629538,135.2493
205.8689: 0.1441233,-0.5667251,1.646739,126.7899
206.0911: 0.2380912,-0.7306748,1.626969,116.7652
206.3133: 0.359533,-0.8732307,1.651986,102.9528
206.5356: 0.5264317,-0.9357753,1.646755,85.5226
206.7578: 0.7312649,-0.9666646,1.627201,81.11937
206.98: 0.9566154,-1.043898,1.667496,103.1551
207.2022: 1.128082,-1.132455,1.648165,116.0535
207.4245: 1.30128,-1.23788,1.655653,120.0089
207.6467: 1.436568,-1.309469,1.67593,122.0279
207.8689: 1.580843,-1.394002,1.660615,124.5065
208.0911: 1.706791,-1.481664,1.666581,125.2691
208.3133: 1.77943,-1.583184,1.678569,124.6127
208.5356: 1.816144,-1.700654,1.668396,116.8512
Trial Result: Success object: Well | Time Spent: 10.52782
Trial No.:1 Ends
Trial No.:7 Begins
User confirmed on object: Plant, this maze officially starts.
220.0467: -2.524282,-2.013431,1.685167,263.6384
220.2689: -2.496799,-2.00651,1.696626,267.728
220.4911: -2.472939,-1.997477,1.696036,270.8231
220.7133: -2.452828,-1.993023,1.694307,270.3138
220.9356: -2.429857,-1.988953,1.693867,270.4037
221.1578: -2.409976,-1.989533,1.692795,270.0628
221.38: -2.398713,-1.996259,1.691072,266.8278
221.6022: -2.397233,-2.010509,1.692339,259.0651
221.8244: -2.384404,-2.077857,1.682,227.6113
222.0467: -2.300628,-2.156065,1.665429,181.4257
222.2689: -2.222075,-2.171337,1.656185,139.2775
222.4911: -2.203912,-2.168939,1.665721,109.1215
222.7133: -2.216727,-2.142555,1.664824,86.69135
222.9356: -2.224074,-2.116353,1.651705,73.84793
223.1578: -2.250717,-2.09923,1.644315,65.32492
223.38: -2.308748,-2.122745,1.643129,63.24007
223.6022: -2.369239,-2.114856,1.651639,47.3572
223.8244: -2.439371,-2.058291,1.649068,27.89636
224.0467: -2.500707,-1.96562,1.637784,20.27803
224.2689: -2.568331,-1.819536,1.626604,21.48428
224.4911: -2.561319,-1.659503,1.627813,33.69609
224.7133: -2.478667,-1.505154,1.604299,50.05462
224.9356: -2.383096,-1.353998,1.625289,63.85353
225.1578: -2.302615,-1.204533,1.630096,73.7354
225.38: -2.185981,-1.051634,1.62627,88.69728
225.6022: -2.046709,-0.9988278,1.644256,93.95391
225.8244: -1.851438,-0.9922014,1.609608,91.69273
226.0467: -1.670759,-1.015302,1.639376,88.74305
226.2689: -1.448866,-1.006004,1.640767,85.3438
226.4911: -1.191067,-0.9789952,1.599833,85.9931
226.7133: -0.9230967,-0.9593914,1.638475,90.04134
226.9356: -0.6674588,-0.9671726,1.623888,92.42156
227.1578: -0.3850365,-0.996819,1.627093,90.89086
227.38: -0.08725496,-0.9800802,1.647459,86.26417
227.6022: 0.1854459,-0.9452273,1.600615,86.31534
227.8244: 0.4441159,-0.9143248,1.645225,91.96543
228.0467: 0.6353936,-0.9062794,1.637712,96.04102
228.2689: 0.8947452,-0.9170772,1.618207,98.50217
228.4911: 1.141207,-0.8983865,1.652457,93.14702
228.7133: 1.377279,-0.8738874,1.62466,86.64592
228.9356: 1.629638,-0.8375449,1.640483,84.37012
229.1578: 1.844718,-0.839125,1.65492,79.40601
229.38: 2.08962,-0.8305151,1.622221,61.55365
229.6022: 2.280168,-0.7849331,1.657708,37.03528
229.8244: 2.414957,-0.6945482,1.643995,21.54374
230.0467: 2.492332,-0.5561875,1.631319,16.34613
230.2689: 2.556041,-0.4011649,1.638679,9.848211
230.4911: 2.632358,-0.2174312,1.623167,6.80336
230.7133: 2.727957,-0.003882803,1.641601,8.85251
230.9356: 2.766118,0.1863795,1.654895,14.59117
231.1578: 2.7631,0.3610414,1.629026,22.93061
231.38: 2.732497,0.5758533,1.658104,41.0084
231.6022: 2.740004,0.6934817,1.66132,52.39919
231.8244: 2.761034,0.7733337,1.662731,57.77576
232.0467: 2.760493,0.8464404,1.691812,65.72967
Trial Result: Success object: Trashcan | Time Spent: 12.24859
Trial No.:7 Ends
Trial No.:4 Begins
User confirmed on object: Piano, this maze officially starts.
249.4245: 1.733456,3.232132,1.690008,168.1264
249.6467: 1.729213,3.246215,1.691567,171.4052
249.8689: 1.704026,3.259706,1.689727,186.5952
250.0911: 1.692594,3.27,1.690502,192.7257
250.3133: 1.696635,3.27514,1.689852,188.5098
250.5356: 1.72474,3.276942,1.689425,171.0674
250.7578: 1.735915,3.272483,1.688626,166.1223
250.98: 1.737468,3.262426,1.686091,168.1724
251.2022: 1.734549,3.258384,1.684749,170.8689
251.4245: 1.726602,3.257725,1.683301,173.8505
251.6467: 1.723586,3.249609,1.683862,174.0883
251.8689: 1.716229,3.235757,1.681028,173.613
252.0911: 1.710404,3.223407,1.677347,173.5999
252.3133: 1.733664,3.197615,1.671508,167.1241
252.5356: 1.819888,3.171188,1.658637,157.2265
252.7578: 1.979341,3.133672,1.638817,149.9609
252.98: 2.146393,3.067407,1.643985,151.8761
253.2022: 2.271434,2.940922,1.637768,159.885
253.4245: 2.358868,2.748405,1.61589,166.9187
253.6467: 2.43445,2.541141,1.644412,168.9069
253.8689: 2.537405,2.270967,1.616772,165.3571
254.0911: 2.62326,2.021091,1.625355,177.0636
254.3133: 2.627546,1.795059,1.658062,188.8429
254.5356: 2.605952,1.593401,1.621825,198.5011
254.7578: 2.581318,1.348027,1.651048,196.0724
254.98: 2.601303,1.100115,1.657056,186.8121
255.2022: 2.627617,0.839586,1.626641,183.3131
255.4245: 2.625702,0.5806357,1.664161,184.7015
255.6467: 2.604527,0.3565755,1.644027,185.918
255.8689: 2.563921,0.06851523,1.649035,185.2974
256.0911: 2.558375,-0.1592556,1.664808,191.1487
256.3134: 2.555187,-0.3892394,1.631189,207.1792
256.5356: 2.508124,-0.5528134,1.661404,234.5979
256.7578: 2.42533,-0.6742413,1.657928,263.5383
256.98: 2.294409,-0.7750008,1.637012,278.1847
257.2022: 2.173373,-0.8455677,1.656926,292.0305
257.4244: 2.066254,-0.8980932,1.650518,310.4598
257.6467: 1.949768,-0.9757619,1.65391,330.872
257.8689: 1.861216,-1.060003,1.672345,344.8733
Trial Result: Success object: Harp | Time Spent: 8.859711
Trial No.:4 Ends
Trial No.:12 Begins
User confirmed on object: Trashcan, this maze officially starts.
275.2467: 2.528154,1.008662,1.661773,78.64384
275.4689: 2.505312,0.9992403,1.689806,85.18233
275.6911: 2.472996,0.9737508,1.699823,94.77844
275.9133: 2.443797,0.9581444,1.694315,98.20806
276.1356: 2.439836,0.9472914,1.693421,96.09174
276.3578: 2.458666,0.9137489,1.690625,109.788
276.58: 2.471871,0.8729585,1.683905,143.9847
276.8022: 2.449819,0.8561084,1.682249,183.9137
277.0244: 2.411735,0.8735843,1.682223,211.4614
277.2467: 2.367228,0.9145496,1.681112,238.1296
277.4689: 2.322242,0.9615525,1.671463,259.3673
277.6911: 2.236763,1.014206,1.659853,268.5653
277.9133: 2.102974,1.049783,1.654064,271.9357
278.1356: 1.949451,1.040215,1.663683,275.0485
278.3578: 1.736521,0.9921878,1.629941,278.2262
278.58: 1.534017,0.9471028,1.659187,279.0227
278.8022: 1.358248,0.948694,1.66837,283.7344
279.0244: 1.176084,0.9664283,1.640323,283.6996
279.2467: 0.9833499,0.9532694,1.65794,258.8245
279.4689: 0.7946423,0.9389074,1.654009,250.2382
279.6911: 0.5728047,0.9460058,1.628098,274.1846
279.9133: 0.4113299,0.9947488,1.642415,320.744
280.1356: 0.2755887,1.027945,1.631168,350.9026
280.3578: 0.04560137,1.068888,1.622582,341.0126
280.58: -0.2027504,1.047208,1.642853,304.2046
280.8022: -0.4333814,1.011248,1.607007,280.0339
281.0244: -0.6469767,1.003941,1.618688,278.8982
281.2467: -0.8652905,1.041767,1.644122,291.5461
281.4689: -1.065429,1.096355,1.616163,303.1765
281.6911: -1.25146,1.165758,1.618499,318.0234
281.9133: -1.415849,1.21682,1.626884,344.0122
282.1356: -1.578416,1.244482,1.617723,9.161058
282.3578: -1.735094,1.275551,1.642308,21.81122
282.58: -1.816384,1.326742,1.63505,28.8653
282.8022: -1.834303,1.414796,1.616831,35.58877
283.0244: -1.81342,1.499463,1.623208,40.90191
Trial Result: Success object: Table | Time Spent: 8.185129
Trial No.:12 Ends
Trial No.:23 Begins
User confirmed on object: Chair, this maze officially starts.
298.1133: 0.8510077,-3.134789,1.697025,352.2915
298.3356: 0.8397607,-3.151026,1.708176,350.9142
298.5578: 0.8488345,-3.161822,1.711792,355.2496
298.78: 0.8727773,-3.174974,1.713356,6.400477
299.0022: 0.8885908,-3.19595,1.713967,12.79931
299.2245: 0.8805195,-3.211589,1.712829,4.668641
299.4467: 0.8551369,-3.221969,1.712096,348.7703
299.6689: 0.8421563,-3.224645,1.709457,343.4035
299.8911: 0.8673519,-3.19915,1.704214,356.7698
300.1133: 0.9674978,-3.170364,1.686839,21.38432
300.3356: 1.121555,-3.154448,1.657088,36.15722
300.5578: 1.290857,-3.132942,1.655404,33.46923
300.78: 1.424985,-3.050057,1.661123,21.28686
301.0022: 1.518754,-2.900331,1.626629,12.97052
301.2245: 1.607766,-2.689044,1.636601,12.57339
301.4467: 1.693377,-2.537319,1.659264,15.27134
301.6689: 1.800655,-2.360948,1.632252,16.65726
301.8911: 1.930025,-2.158643,1.650221,15.67766
302.1133: 2.001924,-1.945255,1.657868,13.38062
302.3356: 2.055618,-1.687895,1.622589,18.82122
302.5578: 2.122983,-1.481177,1.653689,26.46394
302.78: 2.239027,-1.265891,1.638528,28.45228
303.0022: 2.380315,-1.06217,1.638931,21.60743
303.2245: 2.465839,-0.8513453,1.665445,12.51696
303.4467: 2.527502,-0.5908948,1.617341,4.925752
303.6689: 2.560517,-0.3166646,1.642823,4.867592
303.8911: 2.604095,-0.09282935,1.653764,5.426103
304.1133: 2.668151,0.1550227,1.620846,2.566561
304.3356: 2.707378,0.3687225,1.660289,1.601612
304.5578: 2.713957,0.6134569,1.643619,357.5616
304.78: 2.693327,0.9198695,1.633532,356.7463
305.0022: 2.711924,1.154507,1.660456,354.8038
305.2245: 2.739969,1.390888,1.623394,349.7063
305.4467: 2.773965,1.611135,1.644674,344.6898
305.6689: 2.7682,1.81814,1.654704,337.9682
305.8911: 2.729141,2.037619,1.61706,333.4361
306.1133: 2.675218,2.24088,1.642378,331.1674
306.3356: 2.613481,2.423139,1.641278,319.0398
306.5578: 2.529472,2.610717,1.624861,297.0236
306.78: 2.390574,2.768517,1.655738,265.8842
307.0022: 2.253283,2.855075,1.621372,245.5876
307.2245: 2.117772,2.902011,1.631329,234.0441
307.4467: 2.013604,2.947517,1.662487,219.4549
307.6689: 1.923621,2.995224,1.657389,204.0087
307.8911: 1.854533,3.036788,1.682473,190.5817
Trial Result: Success object: Piano | Time Spent: 10.096
Trial No.:23 Ends
Trial No.:20 Begins
User confirmed on object: Well, this maze officially starts.
324.1022: 1.77314,-1.937424,1.709536,87.66126
324.3245: 1.765916,-1.940352,1.719166,87.86227
324.5467: 1.737396,-1.980847,1.715268,94.05615
324.7689: 1.701417,-2.039632,1.711437,102.2034
324.9911: 1.670925,-2.07052,1.712361,99.89622
325.2133: 1.65845,-2.084699,1.717389,86.76654
325.4356: 1.666606,-2.092972,1.714882,75.21356
325.6578: 1.677651,-2.058157,1.702375,60.37129
325.88: 1.684616,-1.985794,1.680895,42.22688
326.1022: 1.694537,-1.847009,1.653008,24.99276
326.3245: 1.727798,-1.660505,1.635981,24.87709
326.5467: 1.795282,-1.493676,1.642833,35.70937
326.7689: 1.9063,-1.347074,1.630264,39.04178
326.9911: 2.083133,-1.187248,1.60732,36.47842
327.2133: 2.257563,-0.9882473,1.653,25.38128
327.4356: 2.366633,-0.7938819,1.640808,16.78589
327.6578: 2.448433,-0.5800233,1.615781,12.38134
327.88: 2.545002,-0.3694702,1.657622,8.3529
328.1022: 2.643529,-0.1501898,1.644605,6.225414
328.3245: 2.744854,0.08798882,1.642597,3.912125
328.5467: 2.7791,0.3278283,1.662434,356.9137
328.7689: 2.775476,0.5563319,1.619396,352.3753
328.9911: 2.749234,0.8154606,1.640264,351.1958
329.2133: 2.753096,1.079814,1.648523,351.7846
329.4356: 2.771479,1.333328,1.615803,349.9564
329.6578: 2.778368,1.572389,1.649615,345.4791
329.88: 2.755739,1.797197,1.637321,340.3621
330.1022: 2.715986,1.995388,1.625657,338.5208
330.3245: 2.67645,2.204787,1.649225,334.7362
330.5467: 2.624912,2.403234,1.633247,325.0118
330.7689: 2.552473,2.605917,1.632173,306.4215
330.9911: 2.439169,2.744533,1.649657,277.7809
331.2133: 2.292049,2.858543,1.611771,252.3089
331.4356: 2.180452,2.92118,1.634087,238.6781
331.6578: 2.081888,2.957824,1.652956,220.7606
331.88: 1.973361,2.991929,1.650567,203.0841
332.1022: 1.900028,3.008626,1.6647,189.9935
332.3245: 1.860375,3.012638,1.665017,183.341
Trial Result: Success object: Piano | Time Spent: 8.465071
Trial No.:20 Ends
Trial No.:6 Begins
User confirmed on object: Table, this maze officially starts.
347.7245: -2.052764,1.964217,1.67124,83.86712
347.9467: -2.057571,1.960071,1.672809,86.23423
348.1689: -2.070905,1.938464,1.672855,98.86357
348.3911: -2.080842,1.933946,1.670498,99.62572
348.6133: -2.093229,1.949551,1.666834,87.44562
348.8356: -2.095278,1.962048,1.665708,79.86701
349.0578: -2.07044,1.940421,1.660637,90.71387
349.28: -2.058992,1.829694,1.640933,121.5278
349.5022: -2.055007,1.692288,1.619775,133.1499
349.7245: -2.037017,1.52816,1.616774,137.1127
349.9467: -1.959324,1.431509,1.618134,121.0775
350.1689: -1.837652,1.350631,1.596466,107.6352
350.3911: -1.63923,1.262841,1.604425,104.2937
350.6133: -1.482241,1.184971,1.629667,106.715
350.8356: -1.307814,1.100904,1.610745,109.631
351.0578: -1.121117,0.9972173,1.625953,109.9984
351.28: -0.941908,0.9478635,1.641424,111.243
351.5022: -0.7272329,0.9106625,1.61076,118.5438
351.7245: -0.4817387,0.8599864,1.630901,140.8914
351.9467: -0.346241,0.7685552,1.64527,158.5998
352.1689: -0.2478057,0.6217402,1.616332,165.3084
352.3911: -0.1898455,0.4647616,1.629853,168.5066
352.6133: -0.1261293,0.2980144,1.635643,175.1507
352.8356: -0.04942878,0.1092885,1.613686,177.0273
353.0578: 0.02986649,-0.0892697,1.635073,164.958
353.28: 0.07599148,-0.2790735,1.639571,149.1433
353.5022: 0.1014162,-0.4770067,1.618404,138.423
353.7245: 0.1386654,-0.6751858,1.655829,138.6656
353.9467: 0.1872632,-0.7891153,1.651992,147.0812
354.1689: 0.3288152,-0.8623699,1.631776,134.1681
354.3911: 0.5069141,-0.8981165,1.630824,123.564
354.6133: 0.6897774,-0.9604767,1.654116,119.7693
354.8356: 0.8606147,-1.044887,1.639526,119.8052
355.0578: 1.033597,-1.135583,1.640255,121.7283
355.28: 1.219313,-1.203783,1.649907,124.8688
355.5022: 1.419427,-1.278795,1.628672,141.9173
355.7245: 1.581301,-1.41097,1.642625,168.784
355.9467: 1.658223,-1.583822,1.6171,187.7446
356.1689: 1.676374,-1.798262,1.624577,200.248
356.3911: 1.704344,-1.963319,1.650365,205.3561
356.6133: 1.7347,-2.168461,1.629214,211.0657
356.8356: 1.748905,-2.378422,1.646414,225.3663
357.0578: 1.684124,-2.536049,1.671857,245.6609
357.28: 1.566382,-2.65642,1.642401,266.9149
357.5022: 1.426888,-2.754109,1.654509,282.0847
357.7245: 1.298007,-2.840509,1.663087,295.6658
357.9467: 1.162727,-2.923519,1.646103,311.9952
358.1689: 1.048409,-2.996452,1.662401,328.8213
Trial Result: Success object: Chair | Time Spent: 10.67715
Trial No.:6 Ends
Trial No.:8 Begins
User confirmed on object: Plant, this maze officially starts.
370.0911: -2.587966,-2.006939,1.689548,264.2204
370.3134: -2.563819,-1.992388,1.696873,263.4443
370.5356: -2.523842,-1.949618,1.697198,269.2436
370.7578: -2.478803,-1.905899,1.691715,276.6819
370.98: -2.440928,-1.873266,1.690271,279.1143
371.2022: -2.423826,-1.872631,1.690582,271.3002
371.4244: -2.419789,-1.889085,1.691966,262.11
371.6467: -2.424545,-1.909857,1.691921,251.272
371.8689: -2.431002,-1.95031,1.686353,238.0689
372.0911: -2.388146,-2.075337,1.667133,199.2363
372.3134: -2.346362,-2.157843,1.660679,186.1184
372.5356: -2.326648,-2.204298,1.6571,184.3639
372.7578: -2.322033,-2.215719,1.658166,187.0772
372.98: -2.332581,-2.212624,1.658415,192.033
373.2022: -2.35687,-2.189261,1.66058,196.3176
373.4244: -2.385727,-2.144724,1.662332,203.1334
373.6467: -2.399019,-2.103996,1.660881,206.6184
373.8689: -2.404772,-2.079117,1.660176,208.5896
374.0911: -2.410982,-2.06965,1.660177,210.166
374.3134: -2.416725,-2.062879,1.659942,211.5107
374.5356: -2.384316,-2.059522,1.659755,197.5063
374.7578: -2.315102,-2.019631,1.639292,164.9676
374.98: -2.230748,-1.929447,1.639747,120.935
375.2022: -2.159149,-1.831191,1.64916,91.60777
375.4244: -2.072277,-1.74579,1.651878,84.95828
375.6467: -2.017916,-1.664093,1.656397,75.90768
375.8689: -2.048087,-1.627683,1.639871,60.64905
376.0911: -2.098239,-1.590477,1.62613,32.47047
376.3134: -2.06111,-1.530295,1.616272,38.15499
376.5356: -1.966176,-1.428536,1.618861,67.6864
376.7578: -1.884045,-1.32791,1.636509,82.32079
376.98: -1.767481,-1.254443,1.635535,87.42725
377.2022: -1.590436,-1.200663,1.619717,84.12602
377.4244: -1.391097,-1.165211,1.648977,81.09477
377.6467: -1.1879,-1.118192,1.641596,81.93087
377.8689: -0.9652673,-1.053893,1.620025,84.05635
378.0911: -0.7146035,-1.019904,1.652228,88.34063
378.3134: -0.5134026,-1.032982,1.63481,88.57851
378.5356: -0.2715342,-1.081584,1.635712,84.95773
378.7578: -0.06033021,-1.100253,1.667098,80.64224
378.98: 0.1307082,-1.096862,1.635956,79.24328
379.2022: 0.3580137,-1.067751,1.644757,78.26981
379.4244: 0.5551682,-1.054849,1.661479,77.21803
379.6467: 0.752071,-1.052615,1.639117,72.44903
379.8689: 0.9513496,-1.060472,1.649338,59.95356
380.0911: 1.109848,-1.022384,1.664495,50.13523
380.3134: 1.239004,-0.953119,1.652789,43.41029
380.5356: 1.322664,-0.9166409,1.668245,38.02209
Trial Result: Success object: Harp | Time Spent: 10.68873
Trial No.:8 Ends
Trial No.:13 Begins
User confirmed on object: Telescope, this maze officially starts.
398.2245: -2.834594,-0.005463313,1.677302,82.24255
398.4467: -2.855002,-0.01050679,1.68284,83.28941
398.6689: -2.861364,-0.03558763,1.684004,92.65958
398.8911: -2.867792,-0.05833703,1.682552,101.6069
399.1133: -2.877307,-0.06870103,1.680183,105.9005
399.3356: -2.880292,-0.06884895,1.678838,105.8949
399.5578: -2.878119,-0.07820407,1.676037,110.2359
399.78: -2.867675,-0.1169453,1.656659,124.2822
400.0022: -2.853427,-0.2083775,1.635956,133.2007
400.2245: -2.830418,-0.3660542,1.613649,134.6158
400.4467: -2.782958,-0.5044558,1.619647,123.7961
400.6689: -2.680051,-0.6229807,1.618237,110.2881
400.8911: -2.532232,-0.7107004,1.576807,105.7398
401.1133: -2.354541,-0.7875596,1.61368,103.9336
401.3356: -2.222151,-0.864561,1.63915,105.4943
401.5578: -2.048306,-0.9632714,1.622007,107.6217
401.78: -1.858315,-1.055053,1.646265,101.7488
402.0022: -1.661559,-1.094722,1.64266,91.60157
402.2245: -1.430721,-1.09271,1.616816,85.63867
402.4467: -1.208556,-1.089214,1.648477,84.20018
402.6689: -0.9711373,-1.101646,1.628205,86.06956
402.8911: -0.717528,-1.132704,1.637853,86.29078
403.1133: -0.4860484,-1.125332,1.66192,85.56815
403.3356: -0.2689455,-1.096451,1.622334,85.76604
403.5578: -0.02343245,-1.055419,1.648743,87.151
403.78: 0.2025663,-1.061272,1.663291,92.51861
404.0022: 0.4480785,-1.088394,1.630941,96.75755
404.2245: 0.6859568,-1.120444,1.65972,97.73309
404.4467: 0.9067785,-1.133492,1.651995,101.4623
404.6689: 1.175374,-1.141434,1.638053,110.9643
404.8911: 1.356778,-1.200506,1.666418,120.5529
405.1133: 1.477054,-1.294199,1.64351,126.2639
405.3356: 1.565931,-1.416332,1.661237,123.341
405.5578: 1.667732,-1.525656,1.667848,121.0472
405.78: 1.760424,-1.609373,1.651505,119.9471
406.0022: 1.835487,-1.676628,1.667971,117.0114
406.2245: 1.879223,-1.75081,1.673456,111.5858
Trial Result: Success object: Well | Time Spent: 8.373049
Trial No.:13 Ends
Trial No.:2 Begins
User confirmed on object: Stove, this maze officially starts.
425.6689: -2.481539,2.993265,1.654741,261.2294
425.8911: -2.470182,2.987624,1.661927,261.1282
426.1133: -2.461406,2.989865,1.663573,266.5605
426.3356: -2.4559,2.996357,1.661581,271.7873
426.5578: -2.448151,2.994619,1.660653,268.4662
426.78: -2.438914,3.000089,1.660565,266.8602
427.0022: -2.431468,3.011349,1.659359,266.2601
427.2245: -2.426338,3.016539,1.656369,265.1082
427.4467: -2.4284,3.021988,1.653831,260.024
427.6689: -2.431055,3.01895,1.65594,248.8537
427.8911: -2.396083,2.979234,1.650236,223.4327
428.1133: -2.269668,2.933416,1.634693,175.0376
428.3356: -2.101433,2.938879,1.621107,140.1259
428.5578: -1.952825,2.950103,1.615151,129.2788
428.78: -1.845832,2.947673,1.625047,120.5023
429.0022: -1.804649,2.897567,1.619928,122.1099
429.2245: -1.840528,2.73179,1.599723,150.7824
429.4467: -1.910086,2.531821,1.578198,164.9945
429.6689: -1.944175,2.344801,1.600566,167.4099
429.8911: -1.917827,2.196943,1.601099,162.9712
430.1133: -1.844474,2.006496,1.567729,156.3734
430.3356: -1.745847,1.805271,1.605339,151.5453
430.5578: -1.675441,1.623619,1.616549,142.8478
430.78: -1.604168,1.426046,1.590201,130.6362
431.0022: -1.503244,1.257323,1.622715,115.753
431.2245: -1.360068,1.152484,1.611218,102.1754
431.4467: -1.169641,1.106191,1.597336,92.4584
431.6689: -0.9829894,1.04789,1.62173,99.97638
431.8911: -0.801631,0.9838396,1.607908,116.0448
432.1133: -0.5865911,0.8767338,1.609139,129.892
432.3356: -0.4184793,0.7876614,1.621313,148.5611
432.5578: -0.2850574,0.7070258,1.619461,170.261
432.78: -0.1482038,0.6368368,1.624465,189.2442
433.0022: -0.05867781,0.5538166,1.648825,202.6154
433.2245: -0.02264122,0.4323103,1.625164,214.8984
433.4467: -0.05025239,0.3212767,1.625901,223.7572
433.6689: -0.06250723,0.2393602,1.641289,236.4126
Trial Result: Success object: Wheelbarrow | Time Spent: 8.273455
Trial No.:2 Ends
Trial No.:19 Begins
User confirmed on object: Well, this maze officially starts.
446.78: 1.633805,-2.012285,1.712609,81.2581
447.0022: 1.638695,-2.033422,1.713831,86.94822
447.2245: 1.635508,-2.067029,1.710907,100.1624
447.4467: 1.637153,-2.081779,1.711324,101.2207
447.6689: 1.634367,-2.056108,1.712558,82.34064
447.8911: 1.622061,-2.029183,1.709056,64.06585
448.1133: 1.60812,-1.989143,1.699732,42.36983
448.3356: 1.532599,-1.913774,1.676134,0.3802811
448.5578: 1.452202,-1.848505,1.663475,330.8524
448.78: 1.420435,-1.766106,1.66567,328.8232
449.0022: 1.437488,-1.686658,1.651111,337.2253
449.2245: 1.49394,-1.576068,1.62483,335.1451
449.4467: 1.532984,-1.379796,1.625393,313.6856
449.6689: 1.482633,-1.247346,1.643181,294.6059
449.8911: 1.350851,-1.150965,1.617623,290.0736
450.1133: 1.148879,-1.096173,1.629927,290.6314
450.3356: 1.000532,-1.038567,1.650264,293.4833
450.5578: 0.812306,-0.9588101,1.620415,295.5185
450.78: 0.6083067,-0.8562267,1.633428,297.0461
451.0022: 0.428942,-0.803539,1.655145,302.9229
451.2245: 0.2737225,-0.7395933,1.637418,325.4471
451.4467: 0.1601377,-0.635717,1.648785,347.1099
451.6689: 0.1057474,-0.4645126,1.623891,359.1809
451.8911: 0.09654695,-0.2462562,1.627582,2.890106
452.1133: 0.05466364,-0.04373638,1.654982,0.2469722
452.3356: -0.00189171,0.1387995,1.627434,356.9226
452.5578: -0.08943532,0.3382802,1.633397,351.5156
452.78: -0.1860341,0.4991326,1.640942,321.4165
453.0022: -0.2814908,0.6624845,1.613819,298.6382
453.2245: -0.3932616,0.8204694,1.620455,286.3298
453.4467: -0.5501041,0.9183916,1.617305,281.175
453.6689: -0.7890778,0.9774467,1.590963,284.7515
453.8911: -0.9909581,1.041889,1.632505,294.2576
454.1133: -1.141145,1.122113,1.623061,310.3874
454.3356: -1.315942,1.243814,1.601933,330.6252
454.5578: -1.464372,1.325572,1.61955,346.939
454.78: -1.602387,1.395429,1.615287,6.198766
455.0022: -1.74244,1.453554,1.612218,25.68409
455.2245: -1.828453,1.520732,1.626569,38.92304
455.4467: -1.861038,1.613845,1.605824,49.2111
455.6689: -1.835573,1.743974,1.63271,60.25591
Trial Result: Success object: Table | Time Spent: 9.143929
Trial No.:19 Ends
Trial No.:15 Begins
User confirmed on object: Wheelbarrow, this maze officially starts.
469.5356: 0.2305042,0.03168123,1.678108,261.7042
469.7578: 0.2491944,0.02906528,1.693003,264.2179
469.98: 0.2679918,0.03212918,1.698909,266.8335
470.2022: 0.2714711,0.03751242,1.702104,268.0822
470.4245: 0.2753207,0.03791842,1.701591,270.4534
470.6467: 0.2782139,0.02666842,1.701021,266.6842
470.8689: 0.2806264,0.009161963,1.700102,257.8168
471.0911: 0.2797723,-0.02918814,1.689312,235.4268
471.3134: 0.2893196,-0.0885696,1.670545,207.405
471.5356: 0.2934614,-0.156767,1.659585,198.5785
471.7578: 0.2694877,-0.2413128,1.652066,198.6676
471.98: 0.1737655,-0.3590457,1.63348,211.0759
472.2022: 0.01683045,-0.4894527,1.606529,224.0906
472.4245: -0.1374733,-0.631161,1.63274,230.0858
472.6467: -0.26316,-0.7469083,1.629555,235.7025
472.8689: -0.4016834,-0.9298469,1.60804,227.6426
473.0911: -0.5267496,-1.116861,1.634743,214.3651
473.3134: -0.6507651,-1.287457,1.625423,200.899
473.5356: -0.7903565,-1.471078,1.614215,190.1571
473.7578: -0.8639137,-1.648488,1.637826,180.4359
473.98: -0.892236,-1.867043,1.604398,177.4362
474.2022: -0.8810644,-2.099817,1.624362,186.1438
474.4245: -0.9053777,-2.268784,1.64855,196.6969
474.6467: -0.9314638,-2.391265,1.63605,208.684
474.8689: -1.029338,-2.593403,1.62865,244.998
475.0911: -1.079452,-2.717647,1.641775,271.6832
475.3134: -1.112906,-2.850909,1.635733,287.3466
475.5356: -1.157717,-2.995095,1.64012,295.4214
475.7578: -1.242951,-3.06295,1.649381,306.2624
475.98: -1.367579,-3.046781,1.623197,316.2352
476.2022: -1.480271,-3.000579,1.649666,323.3049
Trial Result: Success object: Mailbox | Time Spent: 6.913258
Trial No.:15 Ends
Trial No.:14 Begins
User confirmed on object: Telescope, this maze officially starts.
490.78: -2.867998,-0.01319889,1.674356,88.17059
491.0022: -2.876041,-0.008337162,1.681565,87.53017
491.2245: -2.880841,-0.01053186,1.685208,88.30128
491.4467: -2.879432,-0.01505705,1.684247,88.23396
491.6689: -2.879153,-0.00902824,1.683559,84.43871
491.8911: -2.883031,6.134808E-05,1.68305,82.00043
492.1133: -2.879375,0.001110826,1.682246,85.22525
492.3356: -2.869263,-0.01453885,1.677996,101.4875
492.5578: -2.864131,-0.04022686,1.670245,118.236
492.78: -2.859614,-0.1035104,1.641919,137.3016
493.0022: -2.844962,-0.190517,1.621725,139.9063
493.2245: -2.817326,-0.3403425,1.599501,137.1803
493.4467: -2.767299,-0.4879906,1.60815,126.5103
493.6689: -2.676751,-0.6070501,1.6013,116.4774
493.8911: -2.527104,-0.7053224,1.571584,112.0011
494.1133: -2.350376,-0.7867025,1.602857,108.9501
494.3356: -2.21037,-0.8698438,1.634527,104.2612
494.5578: -2.119894,-0.926272,1.622269,89.73933
494.78: -2.066462,-0.9658318,1.627882,79.16354
495.0022: -2.06129,-0.9865221,1.630321,72.05998
495.2245: -2.091368,-0.9607258,1.628566,54.47728
495.4467: -2.222593,-0.8916593,1.619777,31.81041
495.6689: -2.434888,-0.7983513,1.609648,12.25003
495.8911: -2.605889,-0.7247814,1.621749,1.927972
496.1133: -2.719891,-0.6571792,1.618857,3.495764
496.3356: -2.778659,-0.5453428,1.606141,9.90313
496.5578: -2.764854,-0.3597152,1.602432,13.84786
496.78: -2.737348,-0.1664571,1.631456,17.40844
497.0022: -2.718298,0.02574349,1.625422,23.53997
497.2245: -2.713529,0.2133502,1.610498,31.86687
497.4467: -2.655085,0.3988104,1.633885,43.91571
497.6689: -2.530942,0.5478555,1.610226,59.44495
497.8911: -2.348351,0.6573355,1.608938,72.94971
498.1133: -2.183942,0.7381812,1.622644,84.6619
498.3356: -1.979781,0.8356506,1.601305,88.40971
498.5578: -1.778794,0.921169,1.628566,89.55888
498.78: -1.570518,0.9412314,1.630904,78.67094
499.0022: -1.34722,0.9049253,1.603505,73.2566
499.2245: -1.155369,0.8639854,1.626302,78.99551
499.4467: -0.9607949,0.8253057,1.611143,99.44131
499.6689: -0.7462757,0.8175771,1.590682,113.1247
499.8911: -0.5349324,0.7882484,1.606489,125.6467
500.1133: -0.405202,0.7166253,1.604942,156.3549
500.3356: -0.3006638,0.6452881,1.600538,173.6424
500.5578: -0.1884648,0.5749373,1.627576,185.2802
500.78: -0.1256177,0.5121373,1.642458,196.3279
501.0022: -0.05622461,0.4308398,1.622818,213.4794
Trial Result: Success object: Wheelbarrow | Time Spent: 10.64999
Trial No.:14 Ends
Trial No.:10 Begins
User confirmed on object: Bookshelf, this maze officially starts.
521.2578: 1.724435,1.140319,1.682614,173.2293
521.48: 1.726621,1.147577,1.699267,175.0209
521.7022: 1.724457,1.157731,1.706402,177.7516
521.9244: 1.70427,1.161414,1.706268,189.4188
522.1467: 1.687976,1.164882,1.705534,198.7769
522.3689: 1.687548,1.164278,1.704447,200.883
522.5911: 1.689835,1.160245,1.703729,199.8641
522.8134: 1.692703,1.157884,1.699413,196.4097
523.0356: 1.678974,1.154687,1.695086,199.1703
523.2578: 1.628684,1.158677,1.683298,221.5194
523.48: 1.58793,1.182659,1.673969,246.4666
523.7022: 1.537917,1.198748,1.664941,255.8481
523.9244: 1.445388,1.22829,1.651646,261.0532
524.1467: 1.323111,1.240164,1.640033,262.4266
524.3689: 1.149383,1.199027,1.609673,260.0364
524.5911: 0.9198343,1.109931,1.627752,253.2429
524.8134: 0.7108963,1.067782,1.646467,245.7835
525.0356: 0.431019,1.074158,1.611226,250.1363
525.2578: 0.1918453,1.072514,1.64516,257.6258
525.48: -0.007001104,1.042914,1.642039,262.038
525.7022: -0.2950204,0.9925156,1.615181,266.6204
525.9244: -0.5340048,0.9826534,1.650344,271.6226
526.1467: -0.7616631,0.9823958,1.619598,272.5946
526.3689: -0.9831135,1.001723,1.629545,269.2648
526.5911: -1.197655,0.991266,1.648031,263.5201
526.8134: -1.432713,0.9642246,1.607407,260.2438
527.0356: -1.701907,0.9095487,1.626294,258.0879
527.2578: -1.915154,0.8668729,1.630769,250.5494
527.48: -2.144896,0.8061613,1.600685,233.2065
527.7022: -2.307902,0.7242252,1.630217,214.2684
527.9244: -2.4525,0.5896562,1.619768,198.3077
528.1467: -2.548073,0.4075196,1.604852,190.6606
528.3689: -2.629273,0.231553,1.62671,183.2026
528.5911: -2.715158,0.03339338,1.607859,181.9566
528.8134: -2.816271,-0.185964,1.623207,181.2608
529.0356: -2.860028,-0.4123058,1.638971,179.6864
529.2578: -2.852939,-0.628528,1.600011,181.0072
529.48: -2.827384,-0.8452687,1.629781,185.1234
529.7022: -2.844399,-1.010764,1.643414,188.1677
529.9244: -2.873581,-1.195871,1.61753,190.3183
530.1467: -2.923676,-1.386967,1.637182,193.0263
Trial Result: Success object: Plant | Time Spent: 9.299526
Trial No.:10 Ends
Trial No.:18 Begins
User confirmed on object: Harp, this maze officially starts.
545.1911: 1.670218,-1.184665,1.692022,355.0324
545.4133: 1.6607,-1.204996,1.708971,356.4889
545.6356: 1.665094,-1.213114,1.711215,2.327922
545.8578: 1.674096,-1.220755,1.714166,9.149029
546.08: 1.674467,-1.225595,1.712065,11.11007
546.3022: 1.669791,-1.231236,1.710346,7.554769
546.5245: 1.660449,-1.236969,1.709445,1.56764
546.7467: 1.653341,-1.236476,1.707653,357.515
546.9689: 1.645019,-1.227641,1.70723,353.6866
547.1911: 1.581571,-1.212158,1.693768,327.8155
547.4133: 1.460073,-1.236788,1.672376,290.4177
547.6356: 1.355845,-1.240155,1.658172,277.5848
547.8578: 1.239898,-1.189907,1.657666,278.2668
548.08: 1.112591,-1.114545,1.636625,279.4778
548.3022: 0.9382372,-1.029602,1.649831,273.9352
548.5245: 0.7418495,-1.009445,1.653248,266.3022
548.7467: 0.5142639,-1.022934,1.613499,262.5403
548.9689: 0.27785,-1.041281,1.649255,264.6759
549.1911: 0.06797475,-1.034746,1.661294,268.0239
549.4133: -0.2182478,-1.008216,1.638099,262.3773
549.6356: -0.4449984,-1.027535,1.658063,240.1149
549.8578: -0.6584769,-1.062678,1.618176,217.033
550.08: -0.8565593,-1.085297,1.617033,217.0438
550.3022: -1.096095,-1.049638,1.646413,242.2997
550.5245: -1.317595,-1.000376,1.625056,266.4944
550.7467: -1.539809,-0.9527534,1.635149,280.6399
550.9689: -1.739192,-0.9318162,1.645494,293.7015
551.1911: -1.933436,-0.9395212,1.618229,306.2414
551.4133: -2.155051,-0.9772406,1.634018,336.1696
551.6356: -2.302501,-0.9861763,1.638132,351.8229
551.8578: -2.415286,-0.9398118,1.630499,355.5015
552.08: -2.49142,-0.8422579,1.622999,359.671
552.3022: -2.553777,-0.7498619,1.632987,4.851572
552.5245: -2.618114,-0.651306,1.633326,16.79412
Trial Result: Success object: Telescope | Time Spent: 7.740854
Trial No.:18 Ends
Trial No.:24 Begins
User confirmed on object: Chair, this maze officially starts.
564.3356: 0.7574422,-3.160459,1.691475,1.305474
564.5578: 0.7539995,-3.167923,1.70501,1.950812
564.78: 0.7580578,-3.174106,1.711621,4.923752
565.0023: 0.7600679,-3.177507,1.716872,7.187515
565.2245: 0.7654582,-3.178568,1.717348,10.44606
565.4467: 0.7716943,-3.178417,1.71468,13.42002
565.6689: 0.7787834,-3.168185,1.71865,15.94384
565.8911: 0.8380738,-3.147348,1.703317,29.50425
566.1133: 0.9738036,-3.136942,1.664901,43.32934
566.3356: 1.129492,-3.128303,1.632438,49.48106
566.5578: 1.270657,-3.077622,1.649425,43.93098
566.78: 1.403648,-2.967606,1.63356,30.62911
567.0023: 1.525612,-2.8073,1.613697,22.09636
567.2245: 1.635344,-2.64932,1.645761,20.59617
567.4467: 1.738494,-2.490382,1.650008,19.26302
567.6689: 1.889174,-2.273521,1.655502,14.7712
567.8911: 1.963439,-2.085999,1.673367,11.15887
568.1133: 2.017913,-1.865455,1.632328,9.699044
568.3356: 2.061395,-1.622626,1.652347,15.40224
568.5578: 2.142121,-1.439223,1.667926,22.47144
568.78: 2.247797,-1.241361,1.637426,25.37248
569.0023: 2.365434,-1.03604,1.658168,24.03456
569.2245: 2.441353,-0.8320097,1.667497,19.31528
569.4467: 2.501101,-0.6053219,1.629969,16.59545
569.6689: 2.542825,-0.3804848,1.657489,16.58279
569.8911: 2.595429,-0.1656507,1.661247,18.27233
570.1133: 2.656106,0.04214174,1.64166,18.9532
570.3356: 2.689988,0.2264385,1.662302,22.39038
570.5578: 2.692011,0.3605669,1.659826,29.12147
570.78: 2.66261,0.5215517,1.640982,40.30075
Trial Result: Success object: Trashcan | Time Spent: 6.87538
Trial No.:24 Ends
Trial No.:9 Begins
User confirmed on object: Bookshelf, this maze officially starts.
587.6022: 1.712741,1.220912,1.679438,176.6388
587.8245: 1.718776,1.241251,1.697601,179.2239
588.0467: 1.717782,1.255243,1.701176,183.9211
588.2689: 1.705392,1.257438,1.700515,192.9393
588.4911: 1.710916,1.258719,1.700222,191.7015
588.7133: 1.734142,1.253623,1.699801,177.5095
588.9355: 1.729267,1.240169,1.698342,179.0674
589.1578: 1.656654,1.220844,1.683702,204.0441
589.38: 1.51664,1.25334,1.658578,243.4326
589.6022: 1.360288,1.301715,1.637226,268.5673
589.8245: 1.204404,1.322904,1.644748,272.7587
590.0467: 1.035782,1.309873,1.634949,268.2681
590.2689: 0.8030452,1.254686,1.600799,271.3036
590.4911: 0.5823518,1.209509,1.631121,273.7736
590.7133: 0.3819062,1.19409,1.623895,274.2469
590.9355: 0.1720699,1.198652,1.610418,273.5417
591.1578: -0.05796103,1.180065,1.641205,270.6959
591.38: -0.279462,1.125827,1.619645,269.8828
591.6022: -0.5172101,1.062175,1.618656,279.0178
591.8245: -0.7223731,1.057751,1.642221,288.4774
592.0467: -0.9290114,1.095172,1.609682,294.6255
592.2689: -1.176753,1.1922,1.622803,301.025
592.4911: -1.347307,1.262972,1.628561,311.7938
592.7133: -1.530954,1.349869,1.595007,325.5087
592.9355: -1.65388,1.444296,1.612777,335.8692
593.1578: -1.745094,1.604217,1.60687,343.858
593.38: -1.80606,1.810602,1.584621,339.6554
593.6022: -1.877749,2.003081,1.619089,327.7272
593.8245: -1.98878,2.16879,1.611567,316.5586
594.0467: -2.138387,2.326451,1.602508,308.033
594.2689: -2.286332,2.480575,1.631269,300.5894
594.4911: -2.417391,2.605878,1.609947,292.9043
594.7133: -2.528554,2.713271,1.608751,281.1182
594.9355: -2.606595,2.759761,1.627572,273.1613
595.1578: -2.654121,2.775892,1.621327,270.5752
Trial Result: Success object: Stove | Time Spent: 7.785126
Trial No.:9 Ends
Trial No.:11 Begins
User confirmed on object: Trashcan, this maze officially starts.
608.4355: 2.414941,1.036601,1.704469,85.86203
608.6578: 2.416014,1.032983,1.70103,89.67123
608.88: 2.420313,1.029869,1.699728,90.90878
609.1022: 2.42675,1.024268,1.700982,92.39946
609.3245: 2.435139,1.007328,1.699142,100.4423
609.5467: 2.431726,0.9738919,1.690874,120.1723
609.7689: 2.361919,0.9195907,1.663263,170.2109
609.9911: 2.226695,0.9234217,1.656725,215.5944
610.2133: 2.087982,0.9437436,1.650718,236.5975
610.4355: 1.873137,0.9789979,1.645706,254.3395
610.6578: 1.704387,0.9973281,1.648806,261.5571
610.88: 1.549574,0.9824485,1.634592,268.3455
611.1022: 1.375221,0.9285364,1.623422,270.8785
611.3245: 1.165956,0.8960578,1.649742,274.1669
611.5467: 0.9594926,0.9112741,1.620986,276.2552
611.7689: 0.7251077,0.949743,1.626533,273.7712
611.9911: 0.5301267,0.9480289,1.64494,270.2927
612.2133: 0.2853626,0.9390788,1.610553,266.7233
612.4355: 0.0279715,0.9312481,1.629713,269.0936
612.6578: -0.2311105,0.9694467,1.641343,277.0449
612.88: -0.4649852,1.025871,1.60794,281.1311
613.1022: -0.6992117,1.061484,1.641987,280.4895
613.3245: -0.9002034,1.057297,1.624763,274.6439
613.5467: -1.14852,1.022116,1.607513,268.6576
613.7689: -1.370373,1.004899,1.6346,261.0171
613.9911: -1.588257,0.9986825,1.611156,252.44
614.2133: -1.818848,0.9937642,1.614521,237.9286
614.4355: -2.009475,0.9388715,1.634341,219.2285
614.6578: -2.188439,0.8382741,1.594118,200.7628
614.88: -2.320409,0.7260058,1.60919,183.5423
615.1022: -2.414996,0.657819,1.627644,167.5726
615.3245: -2.503481,0.5966311,1.622501,156.381
615.5467: -2.606987,0.523544,1.631158,144.9147
615.7689: -2.662412,0.4572235,1.636752,133.8507
Trial Result: Success object: Telescope | Time Spent: 7.762854
Trial No.:11 Ends
Trial No.:21 Begins
User confirmed on object: Mailbox, this maze officially starts.
632.2356: -1.777287,-3.117814,1.70462,4.255714
632.4578: -1.781407,-3.11333,1.702312,2.3748
632.68: -1.78735,-3.108281,1.701919,359.2438
632.9022: -1.78999,-3.088536,1.70396,358.8625
633.1245: -1.772921,-3.062581,1.70265,8.536115
633.3467: -1.735109,-3.046131,1.696264,27.13588
633.5689: -1.677131,-3.054342,1.680525,53.34837
633.7911: -1.602674,-3.095671,1.654864,80.15055
634.0134: -1.481241,-3.130682,1.638188,85.76964
634.2356: -1.308284,-3.183135,1.631117,85.82947
634.4578: -1.154322,-3.207609,1.64124,85.66199
634.68: -0.9545289,-3.203723,1.610781,86.32915
634.9022: -0.6718435,-3.158444,1.62121,83.57399
635.1245: -0.4660807,-3.149549,1.654621,82.3871
635.3467: -0.2465981,-3.15021,1.619081,81.44452
635.5689: 0.002035104,-3.164709,1.649329,81.94318
635.7911: 0.1921994,-3.143159,1.663234,79.64085
636.0134: 0.4223493,-3.094779,1.628225,76.92677
636.2356: 0.6425465,-3.037352,1.658103,73.97596
636.4578: 0.8487632,-3.003334,1.656737,66.75702
636.68: 1.076274,-2.97473,1.639218,57.69915
636.9022: 1.263152,-2.9091,1.667148,45.82824
637.1245: 1.423119,-2.772407,1.634655,30.9398
637.3467: 1.530749,-2.586191,1.627937,25.36035
637.5689: 1.634199,-2.409589,1.654596,23.22124
637.7911: 1.731946,-2.242376,1.637747,22.00841
638.0134: 1.867016,-2.031765,1.635654,21.08335
638.2356: 1.962498,-1.834333,1.658108,20.19551
638.4578: 2.040678,-1.626405,1.629652,21.8622
638.68: 2.105122,-1.385078,1.642096,23.07117
638.9022: 2.199738,-1.184776,1.661879,24.7957
639.1245: 2.332941,-0.9631073,1.625636,26.60534
639.3467: 2.458628,-0.754383,1.656415,24.33142
639.5689: 2.524704,-0.5700647,1.663486,19.35526
639.7911: 2.558477,-0.3857112,1.626303,16.03599
640.0134: 2.578371,-0.1790842,1.649964,15.93475
640.2356: 2.616413,-0.003059403,1.664145,17.2911
640.4578: 2.670059,0.1791253,1.639087,19.23063
640.68: 2.735042,0.3613077,1.66366,20.96885
640.9022: 2.767335,0.4953922,1.674609,26.07825
Trial Result: Success object: Trashcan | Time Spent: 8.919725
Trial No.:21 Ends
Trial No.:17 Begins
User confirmed on object: Harp, this maze officially starts.
657.7356: 1.734981,-1.162473,1.710204,1.142208
657.9578: 1.729139,-1.161955,1.71106,358.1031
658.18: 1.745413,-1.163668,1.712117,9.575602
658.4022: 1.770317,-1.169786,1.711637,22.55503
658.6245: 1.776386,-1.174906,1.709913,25.97826
658.8467: 1.762101,-1.171215,1.707655,19.00935
659.0689: 1.704504,-1.150927,1.701263,348.051
659.2911: 1.606097,-1.15244,1.679398,311.2063
659.5134: 1.455174,-1.16646,1.650826,289.4601
659.7356: 1.297998,-1.173896,1.640197,285.7157
659.9578: 1.139436,-1.144499,1.649937,288.872
660.18: 0.9832711,-1.091914,1.623042,291.8309
660.4022: 0.7798222,-0.9942954,1.632057,297.9613
660.6245: 0.5919157,-0.9221911,1.644026,308.3467
660.8467: 0.3996712,-0.8453698,1.616594,322.2807
661.0689: 0.2402049,-0.7353261,1.644788,338.4896
661.2911: 0.1433695,-0.5924213,1.635549,349.7979
661.5134: 0.09505279,-0.3862857,1.622736,352.4812
661.7356: 0.04489872,-0.2009004,1.648594,349.9467
661.9578: -0.01632268,0.003045355,1.619511,343.7885
662.18: -0.09557682,0.1962523,1.626093,338.2531
662.4022: -0.1526989,0.392875,1.639783,327.7405
662.6245: -0.2129993,0.5835136,1.614125,315.939
662.8467: -0.302591,0.7471891,1.627175,300.8639
663.0689: -0.4579868,0.8529113,1.612799,289.715
663.2911: -0.6629207,0.9187686,1.592573,289.1238
663.5134: -0.8896896,1.014606,1.625884,297.4415
663.7356: -1.049013,1.108151,1.592797,303.082
663.9578: -1.239538,1.246424,1.587361,310.9044
664.18: -1.394575,1.341129,1.597337,317.3989
664.4022: -1.566596,1.46734,1.578128,325.8899
664.6245: -1.730305,1.611452,1.595829,335.5084
664.8467: -1.829774,1.780206,1.613094,339.938
665.0689: -1.905123,1.976596,1.588269,334.0707
665.2911: -1.980521,2.168226,1.622371,322.0915
665.5134: -2.102857,2.351925,1.611509,306.9013
665.7356: -2.250158,2.506472,1.591882,299.7697
665.9578: -2.365384,2.632722,1.619722,293.361
666.18: -2.462921,2.750494,1.623974,286.6966
666.4022: -2.544112,2.853045,1.622788,279.1403
666.6245: -2.606527,2.916195,1.65346,273.0961
Trial Result: Success object: Stove | Time Spent: 9.179615
Trial No.:17 Ends
Trial No.:5 Begins
User confirmed on object: Table, this maze officially starts.
681.18: -2.070523,1.970809,1.673157,89.814
681.4022: -2.075953,1.973135,1.673085,90.00977
681.6245: -2.074539,1.9725,1.674186,92.61456
681.8467: -2.062302,1.96888,1.672901,97.58791
682.0689: -2.060071,1.985825,1.674187,95.9939
682.2911: -2.053766,2.002675,1.672402,93.31083
682.5134: -2.034088,2.000158,1.668476,100.3041
682.7356: -2.006472,1.943001,1.655679,117.5759
682.9578: -1.979714,1.822634,1.631991,130.415
683.18: -1.949812,1.656365,1.60876,131.8889
683.4022: -1.890033,1.513113,1.622958,118.2897
683.6245: -1.79357,1.415585,1.621444,107.0026
683.8467: -1.633617,1.330777,1.590445,102.3468
684.0689: -1.446092,1.270772,1.620458,102.3143
684.2911: -1.285218,1.213523,1.639647,101.3621
684.5134: -1.108708,1.138838,1.613814,100.139
684.7356: -0.937467,1.064059,1.633652,98.51697
684.9578: -0.7498883,1.035278,1.642657,95.08872
685.18: -0.5396671,1.038983,1.608037,92.1073
685.4022: -0.3204374,1.064359,1.633238,92.04106
685.6245: -0.1190171,1.061007,1.643858,95.3573
685.8467: 0.1238533,1.042104,1.611338,100.7172
686.0689: 0.3375332,1.031446,1.638926,104.4781
686.2911: 0.5317733,1.051333,1.632061,105.7074
686.5134: 0.7471596,1.104009,1.61655,110.8572
686.7356: 0.9228216,1.120075,1.643858,118.6248
686.9578: 1.088685,1.105991,1.634117,126.3846
687.18: 1.255653,1.062246,1.626459,131.3262
687.4022: 1.397777,1.032205,1.649607,140.0656
Trial Result: Success object: Bookshelf | Time Spent: 6.496162
Trial No.:5 Ends
