Participant ID: 429
Maze Mode: testing
Trial No.:23 Begins
User confirmed on object: Chair, this maze officially starts.
122.7: 0.8313925,-3.186492,1.517606,353.7446
122.9222: 0.8380147,-3.188615,1.519228,354.723
123.1444: 0.8481865,-3.194407,1.523572,357.494
123.3667: 0.8556012,-3.200323,1.533322,358.4461
123.5889: 0.8585296,-3.205656,1.533901,356.1984
123.8111: 0.8646664,-3.202883,1.539893,355.6108
124.0333: 0.8733369,-3.19847,1.547535,353.6619
124.2556: 0.8703939,-3.200909,1.556352,353.9815
124.4778: 0.8544894,-3.201149,1.563148,355.5871
124.7: 0.8384976,-3.191845,1.565178,356.6292
124.9222: 0.8267654,-3.187104,1.567976,355.4789
125.1444: 0.8212582,-3.18632,1.564649,357.8857
125.3667: 0.8245373,-3.187565,1.562644,1.108483
125.5889: 0.8279572,-3.184865,1.56263,1.799742
125.8111: 0.8318825,-3.180587,1.557864,2.649374
126.0333: 0.8362418,-3.174607,1.550822,3.348447
126.2556: 0.83562,-3.166092,1.545542,4.368979
126.4778: 0.8358139,-3.157091,1.539652,4.130826
126.7: 0.8373652,-3.151583,1.540039,4.237718
126.9222: 0.8406577,-3.150295,1.540454,4.399103
127.1444: 0.8421974,-3.155099,1.539541,3.396227
127.3667: 0.8343639,-3.164311,1.53769,354.5247
127.5889: 0.8206886,-3.174108,1.539202,335.1713
127.8111: 0.8296745,-3.17355,1.536491,333.6388
128.0333: 0.8548446,-3.171075,1.55393,350.636
128.2556: 0.8699017,-3.194647,1.566243,6.898355
128.4778: 0.870289,-3.211595,1.566856,14.41198
128.7: 0.8647738,-3.209872,1.562961,13.86304
128.9222: 0.8539298,-3.193743,1.540157,5.638611
129.1445: 0.8572255,-3.188536,1.529536,5.227656
129.3667: 0.8636422,-3.184617,1.516113,2.8692
129.5889: 0.8697386,-3.180203,1.514028,358.7493
129.8111: 0.8748127,-3.177961,1.51851,355.0952
130.0333: 0.877217,-3.176853,1.523392,353.2733
130.2556: 0.8618339,-3.176396,1.527057,340.8029
130.4778: 0.817071,-3.209754,1.53286,290.6498
130.7: 0.8224713,-3.223175,1.533286,272.0518
130.9222: 0.8308725,-3.215108,1.532008,273.9185
131.1445: 0.8373828,-3.214492,1.533149,277.1038
131.3667: 0.842658,-3.212228,1.53547,283.8576
131.5889: 0.8472927,-3.205636,1.536074,288.1587
131.8111: 0.8522584,-3.196956,1.533073,290.2753
132.0333: 0.8605291,-3.194963,1.534404,291.2893
132.2556: 0.8643109,-3.198303,1.536457,289.5286
132.4778: 0.8571573,-3.206379,1.537431,285.5531
132.7: 0.8385197,-3.21675,1.53458,280.0493
132.9222: 0.8192153,-3.219522,1.532393,277.7521
133.1445: 0.7969173,-3.220302,1.53059,278.0186
133.3667: 0.7832674,-3.214166,1.535884,281.3014
133.5889: 0.7617981,-3.206486,1.541008,282.6863
133.8111: 0.6991779,-3.210298,1.535305,282.6031
134.0333: 0.5819682,-3.233568,1.523049,283.9952
134.2556: 0.4405994,-3.262741,1.541474,286.2694
134.4778: 0.2920317,-3.267395,1.558437,288.9476
134.7: 0.1274761,-3.249623,1.526236,288.1722
134.9222: -0.05539728,-3.21559,1.541589,286.7629
135.1445: -0.2351168,-3.207114,1.54745,287.2528
135.3667: -0.403152,-3.222121,1.506208,286.8085
135.5889: -0.6208333,-3.249884,1.530568,287.7023
135.8111: -0.8343577,-3.238486,1.538455,291.2141
136.0333: -1.067288,-3.195217,1.515257,292.7246
136.2556: -1.305487,-3.161734,1.549884,292.1617
136.4778: -1.498868,-3.155509,1.534574,294.856
136.7: -1.73762,-3.16252,1.523691,305.2423
136.9222: -1.935992,-3.140374,1.548515,315.7579
137.1445: -2.114722,-3.08288,1.523682,323.8278
137.3667: -2.274996,-2.996143,1.531569,327.6143
137.5889: -2.422624,-2.910137,1.550086,339.1689
137.8111: -2.552397,-2.815629,1.52958,353.1152
138.0333: -2.666639,-2.699867,1.545587,5.027277
138.2556: -2.727309,-2.563787,1.546044,10.27971
138.4778: -2.748443,-2.378052,1.517271,9.587953
138.7: -2.743103,-2.10318,1.551722,9.235461
138.9222: -2.752972,-1.874251,1.517291,10.46115
139.1445: -2.770774,-1.595639,1.516782,13.03475
139.3667: -2.764751,-1.372425,1.545652,11.70036
139.5889: -2.753097,-1.116828,1.503136,10.93681
139.8111: -2.739855,-0.8493934,1.539764,11.59499
140.0333: -2.751482,-0.6038294,1.526357,12.96775
140.2556: -2.783951,-0.353051,1.509275,13.67727
140.4778: -2.789305,-0.1209961,1.537161,19.42696
140.7: -2.753218,0.123782,1.503956,27.33188
140.9222: -2.704142,0.3393119,1.529316,35.96209
141.1445: -2.659759,0.5339668,1.524214,45.69429
141.3667: -2.603209,0.708066,1.506999,51.11772
141.5889: -2.505331,0.8763572,1.530715,50.67383
141.8111: -2.365193,1.013496,1.498634,45.16399
142.0333: -2.196887,1.162948,1.507936,25.22005
142.2556: -2.070968,1.322637,1.528261,10.19043
142.4778: -1.988951,1.498672,1.483344,5.028836
142.7: -1.928055,1.72393,1.503363,355.1382
142.9222: -1.903507,1.89285,1.51471,330.8884
143.1445: -1.861596,2.058482,1.507873,319.1181
143.3667: -1.804192,2.226669,1.523557,332.5871
143.5889: -1.732202,2.395475,1.51493,6.547592
143.8111: -1.673336,2.552584,1.494044,43.8286
144.0333: -1.642245,2.704215,1.512985,68.26448
144.2556: -1.573901,2.817676,1.51289,78.29577
144.4778: -1.454949,2.89404,1.487231,88.41845
144.7: -1.255194,2.966812,1.507143,92.58842
144.9222: -1.069021,3.02952,1.499292,94.99445
145.1445: -0.844408,3.092661,1.471123,100.4191
145.3667: -0.6048162,3.131833,1.514722,106.186
145.5889: -0.4015603,3.141602,1.482222,105.5516
145.8111: -0.1350051,3.134214,1.498704,104.5611
146.0333: 0.1044313,3.141707,1.52204,104.1907
146.2556: 0.3351323,3.157485,1.481601,106.3876
146.4778: 0.5606507,3.163701,1.506936,112.3106
146.7: 0.7724215,3.154969,1.502961,118.2799
146.9222: 0.9990805,3.136226,1.512728,128.6926
147.1445: 1.178839,3.138144,1.526574,135.1876
147.3667: 1.33301,3.167372,1.50806,144.4834
147.5889: 1.43857,3.200772,1.504235,147.7613
147.8111: 1.504279,3.221421,1.496659,145.9285
148.0333: 1.523197,3.217188,1.494457,136.1065
148.2556: 1.507352,3.218355,1.47487,118.814
148.4778: 1.476657,3.232679,1.46406,90.13068
148.7: 1.435534,3.24333,1.450625,56.58487
148.9222: 1.419117,3.216545,1.427354,52.64725
149.1445: 1.438112,3.184373,1.443286,71.62567
149.3667: 1.462223,3.146565,1.472499,100.1541
149.5889: 1.470787,3.112714,1.493895,133.4175
149.8111: 1.485579,3.099079,1.505781,157.3339
150.0333: 1.503553,3.092444,1.510667,160.6857
150.2556: 1.515246,3.086794,1.507335,159.5973
150.4778: 1.520894,3.080112,1.494799,158.7208
150.7: 1.526676,3.072274,1.490598,158.1655
150.9222: 1.526482,3.074076,1.493991,161.8347
151.1445: 1.526412,3.083936,1.507683,165.8793
151.3667: 1.528134,3.095453,1.518402,168.6762
151.5889: 1.532889,3.100884,1.519568,167.0792
151.8111: 1.538011,3.103829,1.515762,163.0425
152.0333: 1.538651,3.103966,1.512204,160.4986
Trial Result: Success object: Piano | Time Spent: 29.65914
Trial No.:23 Ends
Trial No.:6 Begins
User confirmed on object: Table, this maze officially starts.
186.2333: -2.009841,2.121324,1.499068,93.64941
186.4556: -1.97733,2.104949,1.501167,90.43335
186.6778: -1.955085,2.084223,1.505569,88.25623
186.9: -1.949072,2.066907,1.504865,86.38257
187.1222: -1.955496,2.055029,1.505175,86.89487
187.3445: -1.961838,2.044717,1.509367,92.69746
187.5667: -1.963235,2.045028,1.526253,98.35396
187.7889: -1.970347,2.054103,1.549496,99.68771
188.0111: -1.970793,2.060067,1.545886,99.10706
188.2333: -1.975171,2.062304,1.549927,98.80882
188.4556: -1.990711,2.062152,1.555715,98.52459
188.6778: -1.98522,2.061387,1.551,96.53682
188.9: -1.96674,2.063632,1.542795,92.89662
189.1222: -1.957504,2.063279,1.532456,92.40848
189.3445: -1.951567,2.05814,1.52692,94.0661
189.5667: -1.945538,2.053186,1.520927,94.17049
189.7889: -1.9392,2.054413,1.514624,90.88911
190.0111: -1.932647,2.054533,1.509791,84.08813
190.2333: -1.929357,2.04984,1.506942,78.06883
190.4556: -1.925685,2.039487,1.504738,76.83411
190.6778: -1.92194,2.032408,1.496695,76.35376
190.9: -1.91954,2.028267,1.491426,77.29901
191.1222: -1.918415,2.021814,1.496273,81.95049
191.3445: -1.925922,2.010135,1.510297,90.17958
191.5667: -1.939075,2.007425,1.520463,93.59464
191.7889: -1.941496,2.011499,1.517016,89.64156
192.0111: -1.938825,2.013144,1.518149,89.74309
192.2333: -1.934653,2.016367,1.518088,90.02258
192.4556: -1.933124,2.019289,1.518533,90.7648
192.6778: -1.933579,2.021177,1.5178,92.53581
192.9: -1.93668,2.022675,1.517116,93.05807
193.1222: -1.937128,2.026024,1.516134,90.52604
193.3445: -1.93421,2.029857,1.514652,85.6339
193.5667: -1.929696,2.028568,1.513865,83.10359
193.7889: -1.923253,2.026272,1.515144,79.58236
194.0111: -1.929908,2.021032,1.524582,81.36304
194.2333: -1.941868,2.021072,1.5256,88.62018
194.4556: -1.948464,2.02581,1.52655,93.42567
194.6778: -1.952982,2.029131,1.5262,98.2858
194.9: -1.954355,2.033221,1.526412,101.4346
195.1222: -1.94404,2.064637,1.521248,79.48802
195.3445: -1.961623,2.097122,1.510509,37.70538
195.5667: -1.975525,2.096066,1.503366,12.40999
195.7889: -1.992235,2.099699,1.496044,343.1273
196.0111: -2.014943,2.082284,1.493891,313.4089
196.2333: -2.021426,2.076956,1.509312,304.0564
196.4556: -2.008178,2.113738,1.516824,311.6557
196.6778: -1.971626,2.199051,1.49994,342.248
196.9: -1.9031,2.253848,1.493156,31.15796
197.1222: -1.853848,2.228689,1.497328,80.66779
197.3445: -1.863184,2.167354,1.495209,120.3457
197.5667: -1.879649,2.123622,1.501852,155.2599
197.7889: -1.850178,2.118298,1.506948,166.8654
198.0111: -1.838746,2.103803,1.509987,176.7735
198.2333: -1.827649,2.038985,1.490381,174.3686
198.4556: -1.812386,1.965789,1.490597,170.8793
198.6778: -1.783519,1.867404,1.476392,164.6778
198.9: -1.73456,1.764322,1.491536,149.0308
199.1222: -1.700753,1.684547,1.507989,138.7352
199.3445: -1.699487,1.622493,1.509222,132.6937
199.5667: -1.726922,1.559449,1.506505,122.7991
199.7889: -1.781842,1.468419,1.517276,112.3418
200.0111: -1.817189,1.420945,1.519411,105.7268
200.2333: -1.831307,1.402466,1.520795,99.06654
200.4556: -1.834573,1.404801,1.520267,88.38389
200.6778: -1.845503,1.445717,1.5195,63.07211
200.9: -1.857456,1.464475,1.522655,54.14635
201.1222: -1.831301,1.419165,1.525604,98.58189
201.3445: -1.864451,1.359685,1.511299,164.9056
201.5667: -1.894925,1.378629,1.493017,216.9846
201.7889: -1.921461,1.376366,1.478125,247.904
202.0111: -1.99182,1.303709,1.469451,241.7328
202.2333: -2.134741,1.220536,1.479402,227.3777
202.4556: -2.256017,1.139624,1.507275,212.7624
202.6778: -2.386358,1.03945,1.484326,197.4579
202.9: -2.530164,0.9089468,1.491834,191.0826
203.1222: -2.655385,0.7797313,1.5182,176.7923
203.3445: -2.768203,0.6269054,1.50065,166.8012
203.5667: -2.856285,0.4401997,1.512998,160.9975
203.7889: -2.889724,0.2434673,1.512122,155.5703
204.0111: -2.887674,0.04503772,1.492997,158.5
204.2333: -2.887361,-0.1565992,1.530895,166.2693
204.4556: -2.888576,-0.3522665,1.51362,168.1822
204.6778: -2.899593,-0.6038939,1.520314,169.9236
204.9: -2.891382,-0.8203245,1.545159,171.3776
205.1222: -2.871864,-1.045647,1.491327,181.9043
205.3445: -2.852806,-1.251097,1.526066,195.5841
205.5667: -2.844696,-1.46318,1.529737,197.1842
205.7889: -2.849,-1.748844,1.509771,183.9993
206.0111: -2.825412,-1.981804,1.546724,157.7323
206.2333: -2.795239,-2.190847,1.502557,135.2588
206.4556: -2.75969,-2.416526,1.528952,124.3831
206.6778: -2.722787,-2.588637,1.54233,115.5574
206.9: -2.650725,-2.790602,1.523489,102.4211
207.1222: -2.534954,-2.947831,1.555319,86.00541
207.3445: -2.385469,-3.055345,1.510316,84.09051
207.5667: -2.185765,-3.137775,1.521505,84.1825
207.7889: -1.977616,-3.195227,1.546173,83.30781
208.0111: -1.735831,-3.226263,1.5146,82.83064
208.2333: -1.469465,-3.250747,1.553898,85.24437
208.4556: -1.207804,-3.242088,1.501464,80.46752
208.6778: -0.9576476,-3.229134,1.528663,78.32819
208.9: -0.7077395,-3.243305,1.535385,76.33008
209.1222: -0.4572697,-3.270359,1.519799,70.17741
209.3445: -0.2232865,-3.27825,1.549195,61.56894
209.5667: -0.009463083,-3.269827,1.508866,54.06545
209.7889: 0.1871448,-3.259244,1.52222,46.16216
210.0111: 0.3723791,-3.252669,1.539296,34.89866
210.2333: 0.5150489,-3.250646,1.537635,21.46905
210.4556: 0.6224521,-3.249971,1.547698,11.3253
210.6778: 0.6742479,-3.244405,1.546357,8.090647
Trial Result: Success object: Chair | Time Spent: 24.8378
Trial No.:6 Ends
Trial No.:16 Begins
User confirmed on object: Wheelbarrow, this maze officially starts.
261.9111: 0.265509,-0.0143328,1.519004,270.9349
262.1333: 0.2628662,-0.0122807,1.518056,271.3048
262.3556: 0.2697209,-0.00674469,1.519589,271.7498
262.5778: 0.280366,-9.802729E-05,1.521643,272.7782
262.8: 0.2942905,0.007061411,1.524333,272.9138
263.0222: 0.3156033,0.01021063,1.540217,271.5647
263.2444: 0.3448039,0.003259375,1.552308,264.498
263.4667: 0.356071,0.002672378,1.551932,263.7695
263.6889: 0.3576854,0.003928184,1.552052,264.0639
263.9111: 0.358927,0.006437674,1.551817,266.5736
264.1333: 0.35939,0.009081777,1.553299,270.4608
264.3556: 0.363629,0.01418498,1.554031,275.6021
264.5778: 0.3762302,0.02432709,1.553592,285.0598
264.8: 0.3915086,0.03375024,1.555229,293.8115
265.0222: 0.4004166,0.03746382,1.556016,300.1724
265.2444: 0.3948258,0.03915453,1.555506,298.7266
265.4667: 0.375056,0.03727386,1.550498,292.3068
265.6889: 0.3455528,0.03217837,1.547187,280.3209
265.9111: 0.3209898,0.05050359,1.534442,265.2379
266.1333: 0.3153577,0.08004355,1.530268,258.153
266.3556: 0.3151025,0.1024493,1.521311,255.7997
266.5778: 0.3131133,0.109066,1.519888,253.9542
266.8: 0.3095419,0.1040548,1.519369,243.377
267.0222: 0.3201525,0.08865307,1.522353,210.5883
267.2444: 0.329937,0.09636724,1.519477,185.001
267.4667: 0.3408347,0.1204293,1.51398,158.0213
267.6889: 0.3312345,0.1346049,1.515434,153.9309
267.9111: 0.3059367,0.1363601,1.515377,167.3616
268.1333: 0.2536709,0.1377494,1.512213,198.9048
268.3556: 0.1971493,0.1491755,1.513854,236.9827
268.5778: 0.1639851,0.1605231,1.51865,276.8918
268.8: 0.1640419,0.1570836,1.528748,315.1331
269.0222: 0.1893884,0.1204977,1.52586,340.7192
269.2444: 0.1955226,0.09422346,1.526947,356.0786
269.4667: 0.1947809,0.07677904,1.523467,11.11735
269.6889: 0.1797111,0.073018,1.522138,12.82157
269.9111: 0.1614083,0.07320098,1.518591,12.74559
270.1333: 0.146435,0.06637456,1.517936,4.417449
270.3556: 0.1306901,0.05427029,1.517683,352.3786
270.5778: 0.1151789,0.0407811,1.515925,340.0509
270.8: 0.09983921,0.03173207,1.513047,330.0879
271.0222: 0.08625119,0.02901643,1.513801,325.4658
271.2444: 0.07793637,0.03211828,1.511936,323.0643
271.4667: 0.0814423,0.04111071,1.511276,324.9584
271.6889: 0.0948231,0.04773778,1.5101,330.4823
271.9111: 0.1159409,0.05491248,1.506176,339.4145
272.1333: 0.1365815,0.06128735,1.50409,350.7746
272.3556: 0.1537284,0.06510992,1.50194,2.297101
272.5778: 0.1587631,0.06853196,1.499694,8.054358
272.8: 0.1556007,0.07220027,1.496667,8.648511
273.0222: 0.152057,0.07416683,1.49617,7.882393
273.2444: 0.1472179,0.09155074,1.495634,7.681684
273.4667: 0.1334432,0.1388628,1.492046,3.128803
273.6889: 0.125227,0.2158692,1.48853,1.882285
273.9111: 0.1317725,0.3083622,1.501734,1.987326
274.1333: 0.1376873,0.3945455,1.511309,3.207763
274.3556: 0.1289703,0.4490356,1.514557,3.020971
274.5778: 0.1108978,0.4898084,1.509033,4.327082
274.8: 0.08813872,0.5333289,1.509986,6.512658
275.0222: 0.06671456,0.5666835,1.510334,7.115159
275.2444: 0.05692468,0.5879267,1.508771,5.841354
275.4667: 0.07610515,0.6010135,1.507751,20.35812
275.6889: 0.1201361,0.6189741,1.499423,54.85349
275.9111: 0.1644048,0.6689419,1.489058,73.55347
276.1333: 0.2610321,0.7459339,1.491375,91.10996
276.3556: 0.3718415,0.8302261,1.511607,98.15499
276.5778: 0.5119851,0.9125862,1.506264,104.727
276.8: 0.690106,0.9941345,1.504316,113.0369
277.0222: 0.8635712,1.040288,1.524145,116.659
277.2444: 1.088949,1.047258,1.48603,108.612
277.4667: 1.329887,1.020387,1.518172,97.7552
277.6889: 1.543909,1.022976,1.525205,82.86691
277.9111: 1.797919,1.042507,1.482881,58.67736
278.1333: 2.029765,1.066744,1.52264,39.52185
278.3556: 2.23787,1.102217,1.510133,25.55996
278.5778: 2.425328,1.176834,1.527914,8.080319
278.8: 2.541662,1.300605,1.511319,354.0015
279.0222: 2.635596,1.524295,1.468037,345.5818
279.2444: 2.715105,1.808558,1.518526,335.105
279.4667: 2.745484,2.049084,1.505615,326.7837
279.6889: 2.742916,2.299338,1.507627,311.1279
279.9111: 2.679743,2.480471,1.519149,297.9783
280.1333: 2.563338,2.659655,1.479885,287.2096
280.3556: 2.433051,2.824607,1.512033,276.8967
280.5778: 2.298662,2.96497,1.504687,260.2962
280.8: 2.149309,3.084505,1.511612,243.1131
281.0222: 1.969305,3.164522,1.516653,238.439
281.2444: 1.687726,3.208346,1.470994,253.4512
281.4667: 1.438697,3.225399,1.516852,268.3716
281.6889: 1.173033,3.235312,1.495354,273.2739
281.9111: 0.8976721,3.253184,1.501117,269.4722
282.1333: 0.5860062,3.242342,1.52091,266.1982
282.3556: 0.2668949,3.22187,1.476197,267.5225
282.5778: -0.02235347,3.217227,1.519268,263.3959
282.8: -0.3027073,3.231885,1.477066,259.6398
283.0222: -0.570502,3.23928,1.518601,249.9327
283.2444: -0.8330173,3.219318,1.490299,242.0036
283.4667: -1.056861,3.194834,1.500674,245.7029
283.6889: -1.248977,3.192759,1.525686,257.5266
283.9111: -1.421666,3.178028,1.503736,255.2363
284.1333: -1.579837,3.129078,1.515142,231.5272
284.3556: -1.693223,3.024771,1.516346,197.5448
284.5778: -1.774191,2.875982,1.488281,187.8865
284.8: -1.826432,2.682822,1.498512,183.897
285.0222: -1.881024,2.482699,1.508052,179.024
285.2444: -1.923671,2.259601,1.506093,159.0625
285.4667: -1.932653,2.072365,1.524086,141.2974
285.6889: -1.955162,1.875751,1.493503,153.0008
285.9111: -1.997229,1.684603,1.51366,186.1633
286.1333: -2.059545,1.550303,1.517312,212.8616
286.3556: -2.13996,1.412807,1.50155,226.5327
286.5778: -2.23777,1.250627,1.511552,213.5111
286.8: -2.327718,1.080995,1.515046,188.0391
287.0222: -2.425802,0.9105861,1.485374,169.9829
287.2444: -2.536649,0.736464,1.520849,162.8521
287.4667: -2.66633,0.532952,1.521007,166.5288
287.6889: -2.76535,0.3466962,1.520986,168.2952
287.9111: -2.811402,0.1416542,1.517386,170.4149
288.1333: -2.814997,-0.04018708,1.486719,173.419
288.3556: -2.807362,-0.2755474,1.517002,183.6623
288.5778: -2.808266,-0.4960703,1.521159,196.7537
288.8: -2.80298,-0.7275839,1.516712,199.0749
289.0222: -2.774051,-0.9359461,1.539658,200.5509
289.2444: -2.729284,-1.124325,1.507173,206.1803
289.4667: -2.674953,-1.338669,1.523498,215.2999
Trial Result: Success object: Plant | Time Spent: 27.9259
Trial No.:16 Ends
Trial No.:11 Begins
User confirmed on object: Trashcan, this maze officially starts.
315.0222: 2.523403,0.9759182,1.53102,88.78609
315.2444: 2.528791,0.9768894,1.530405,89.4108
315.4667: 2.528009,0.972889,1.54546,89.78671
315.6889: 2.515558,0.9699476,1.557733,89.98866
315.9111: 2.503584,0.9713645,1.565793,86.53201
316.1333: 2.493876,0.9749739,1.568104,82.08967
316.3556: 2.488169,0.973047,1.567393,84.4444
316.5778: 2.486423,0.9655949,1.565982,91.54241
316.8: 2.48836,0.9642615,1.565256,93.61989
317.0222: 2.504334,0.9600333,1.56139,96.11734
317.2444: 2.514544,0.9602216,1.557578,94.74839
317.4667: 2.522478,0.9598739,1.552838,94.33192
317.6889: 2.522927,0.9585146,1.546333,96.13875
317.9111: 2.517583,0.9627715,1.5416,94.70159
318.1333: 2.520603,0.961064,1.546187,93.72929
318.3556: 2.515174,0.9577147,1.563277,94.95107
318.5778: 2.520883,0.9563862,1.561102,94.65886
318.8: 2.53765,0.9682835,1.557984,85.76231
319.0222: 2.551934,1.018482,1.535982,53.08487
319.2444: 2.53338,1.057283,1.521122,14.39515
319.4667: 2.532373,1.065296,1.518723,0.3633608
319.6889: 2.536108,1.069381,1.516571,357.4766
319.9111: 2.558485,1.07005,1.521678,13.22672
320.1333: 2.586275,1.047968,1.52787,42.92164
320.3556: 2.594852,1.00644,1.529372,73.30171
320.5778: 2.588781,0.9832408,1.531099,90.72469
320.8: 2.594459,0.9786813,1.534219,107.8411
321.0222: 2.608444,0.9886794,1.533421,128.5559
321.2444: 2.616621,1.010194,1.53109,148.8918
321.4667: 2.609344,1.030326,1.526604,167.1325
321.6889: 2.602598,1.044535,1.523572,174.1503
321.9111: 2.615494,1.031187,1.531801,161.8396
322.1333: 2.660878,1.003773,1.531627,122.6233
322.3556: 2.682918,1.002639,1.534332,84.73864
322.5778: 2.664066,1.038311,1.526859,46.00027
322.8: 2.615816,1.058151,1.521133,3.760679
323.0222: 2.613539,1.06391,1.52104,345.7738
323.2444: 2.65261,1.126635,1.51342,344.8968
323.4667: 2.658342,1.216684,1.505954,336.9604
323.6889: 2.626475,1.283639,1.514776,305.0385
323.9111: 2.626362,1.309007,1.522502,264.626
324.1333: 2.657677,1.352082,1.521666,257.5792
324.3556: 2.700267,1.403049,1.522977,260.041
324.5778: 2.731694,1.44182,1.517854,267.0096
324.8: 2.765586,1.538404,1.514106,305.8381
325.0222: 2.807379,1.67514,1.488366,350.5311
325.2444: 2.782922,1.853268,1.481262,358.2701
325.4667: 2.73724,2.038621,1.510753,342.8068
325.6889: 2.721667,2.231845,1.500547,327.1508
325.9111: 2.7134,2.499319,1.501365,299.729
326.1333: 2.661778,2.692908,1.531605,274.8194
326.3556: 2.575013,2.837115,1.501713,261.8866
326.5778: 2.477757,2.934111,1.517178,256.7983
326.8: 2.343536,3.037405,1.536712,259.9563
327.0222: 2.169987,3.12251,1.504531,265.374
327.2444: 1.96716,3.178024,1.516973,269.8245
327.4667: 1.768202,3.179708,1.503512,269.1133
327.6889: 1.550453,3.147954,1.493844,269.543
327.9111: 1.323251,3.136242,1.526089,272.0675
328.1333: 1.104824,3.154262,1.490325,271.6325
328.3556: 0.8786416,3.181063,1.515532,268.267
328.5778: 0.6869426,3.187738,1.526268,267.9154
328.8: 0.5023326,3.182159,1.491958,268.0225
329.0222: 0.3069678,3.15928,1.508693,255.4007
329.2444: 0.1391586,3.157296,1.519592,244.453
329.4667: -0.04990411,3.192179,1.502335,246.7213
329.6889: -0.2549239,3.252018,1.512603,262.4969
329.9111: -0.4617739,3.274269,1.517521,271.0913
330.1333: -0.651017,3.257587,1.481979,274.0156
330.3556: -0.8390782,3.241209,1.506946,280.47
330.5778: -0.9831732,3.239705,1.512079,278.4525
330.8: -1.158221,3.244861,1.48938,270.0112
331.0222: -1.331586,3.246147,1.510731,254.9279
331.2444: -1.420553,3.203102,1.522838,220.5557
331.4667: -1.46895,3.140965,1.509153,191.4983
331.6889: -1.530832,3.035985,1.482958,180.853
331.9111: -1.598122,2.880653,1.490235,178.5524
332.1333: -1.695376,2.682023,1.503856,183.4887
332.3556: -1.772407,2.504142,1.491315,183.4176
332.5778: -1.832669,2.301743,1.520293,185.1702
332.8: -1.86628,2.111586,1.495809,193.8748
333.0222: -1.894663,1.885532,1.480225,211.2666
333.2444: -1.949218,1.685079,1.515037,224.9702
333.4667: -2.049943,1.509891,1.486295,221.7766
333.6889: -2.211119,1.34122,1.504559,205.457
333.9111: -2.356355,1.186051,1.527303,191.4326
334.1333: -2.483027,1.021178,1.489407,172.8551
334.3556: -2.592814,0.8974527,1.52827,160.5681
334.5778: -2.683855,0.7658231,1.524984,151.0786
334.8: -2.754574,0.6307346,1.517024,139.9737
335.0222: -2.788511,0.5015741,1.525707,129.4594
Trial Result: Success object: Telescope | Time Spent: 20.28855
Trial No.:11 Ends
Trial No.:15 Begins
User confirmed on object: Wheelbarrow, this maze officially starts.
351.9889: 0.2179298,-0.007600494,1.538876,267.0807
352.2111: 0.2303352,-0.007237606,1.549754,269.4134
352.4333: 0.2851902,-0.02486543,1.547749,273.8564
352.6556: 0.3393205,-0.0445122,1.549395,275.0776
352.8778: 0.3753657,-0.06313247,1.5518,273.4288
353.1: 0.3966101,-0.07521794,1.550753,272.7212
353.3222: 0.4029309,-0.07513397,1.552008,274.974
353.5445: 0.4000077,-0.07037273,1.546745,280.0974
353.7667: 0.3907379,-0.07246438,1.540353,280.3263
353.9889: 0.382152,-0.07515799,1.534394,280.0928
354.2111: 0.3741744,-0.07410619,1.526646,278.0268
354.4333: 0.3695857,-0.0709831,1.524158,276.7108
354.6556: 0.362904,-0.07186773,1.526227,273.7148
354.8778: 0.3536621,-0.08363345,1.526228,262.1678
355.1: 0.346761,-0.1013663,1.526218,238.877
355.3222: 0.3166394,-0.1003406,1.528481,213.5571
355.5445: 0.2767932,-0.08209144,1.533189,187.6948
355.7667: 0.2629586,-0.05760507,1.53209,158.7146
355.9889: 0.2586241,-0.02856753,1.530014,135.473
356.2111: 0.2504521,-0.01179962,1.527189,120.9506
356.4333: 0.211742,-0.04623264,1.530183,141.3388
356.6556: 0.1364505,-0.07744662,1.52975,182.5874
356.8778: 0.06711185,-0.09328082,1.528348,217.8106
357.1: 0.0350244,-0.09677644,1.520368,247.3439
357.3222: 0.02557626,-0.1079363,1.522622,269.7398
357.5445: 0.02715719,-0.1033432,1.523986,299.6181
357.7667: 0.05245131,-0.08950356,1.515421,336.9715
357.9889: 0.0632178,-0.08833357,1.510818,355.3925
358.2111: 0.07475652,-0.08698345,1.507773,8.065068
358.4333: 0.07337036,-0.08510661,1.503287,8.574099
358.6556: 0.0564032,-0.06038418,1.501657,3.329528
358.8778: 0.05793539,0.01009058,1.494916,1.101498
359.1: 0.07950206,0.1098566,1.501493,5.413105
359.3222: 0.09463909,0.2278292,1.513436,20.08495
359.5445: 0.08551684,0.3510604,1.497225,39.86103
359.7667: 0.07268872,0.5003908,1.504629,61.03919
359.9889: 0.09505011,0.6043509,1.511757,76.30206
360.2111: 0.1484727,0.7070332,1.507208,82.80598
360.4333: 0.2253489,0.7920322,1.522439,80.74702
360.6556: 0.2786372,0.8932063,1.528638,75.47847
360.8778: 0.2513331,1.046281,1.514338,36.87999
361.1: 0.1797083,1.179883,1.515817,12.51576
361.3222: 0.1387586,1.253512,1.515082,359.5601
361.5445: 0.1191899,1.325803,1.510809,350.307
361.7667: 0.1060629,1.411131,1.506343,350.5392
361.9889: 0.1131124,1.536268,1.507585,352.5064
362.2111: 0.1280645,1.729479,1.469814,348.3836
362.4333: 0.1135454,1.966588,1.506292,339.7143
362.6556: 0.04332741,2.219399,1.490633,324.6446
362.8778: -0.03325102,2.45679,1.488497,312.796
363.1: -0.1014795,2.652261,1.518269,292.8739
363.3222: -0.2101679,2.846649,1.491308,264.1422
363.5445: -0.3430691,2.996912,1.523349,251.8645
363.7667: -0.5077765,3.085677,1.498251,247.0382
363.9889: -0.6999544,3.107531,1.473736,246.6436
364.2111: -0.876215,3.114252,1.508771,243.1287
364.4333: -1.063828,3.123061,1.505407,251.5704
364.6556: -1.280094,3.11701,1.510602,258.4356
364.8778: -1.450472,3.024943,1.522394,234.9974
365.1: -1.554476,2.888122,1.487056,201.2098
365.3222: -1.643485,2.7376,1.496958,178.038
365.5445: -1.736312,2.595455,1.519665,168.5315
365.7667: -1.834017,2.428519,1.50147,170.5222
365.9889: -1.8982,2.244229,1.523056,177.409
366.2111: -1.914114,2.067672,1.500231,184.8821
366.4333: -1.911938,1.875533,1.490051,196.6149
366.6556: -1.936889,1.679123,1.512739,209.0692
366.8778: -2.017788,1.505678,1.493422,217.5819
367.1: -2.165799,1.318317,1.506283,210.7151
367.3222: -2.292773,1.14394,1.523412,200.9739
367.5445: -2.41778,0.9506005,1.475436,187.2734
367.7667: -2.529049,0.7720152,1.507646,173.6566
367.9889: -2.633779,0.6044995,1.524853,172.6634
368.2111: -2.724643,0.4227585,1.520567,172.4686
368.4333: -2.779993,0.2276031,1.528786,172.1216
368.6556: -2.798765,-0.0513906,1.471139,172.461
368.8778: -2.788029,-0.3278282,1.523643,175.5056
369.1: -2.792374,-0.592217,1.515223,174.0462
369.3222: -2.80957,-0.8322275,1.511473,173.1178
369.5445: -2.803882,-1.072896,1.538093,172.9588
369.7667: -2.786701,-1.320573,1.496172,174.7676
369.9889: -2.774292,-1.562174,1.528766,179.7511
370.2111: -2.774385,-1.785403,1.522162,175.3237
370.4333: -2.774431,-2.015358,1.511412,157.6894
370.6556: -2.744421,-2.259214,1.545116,138.6432
370.8778: -2.678676,-2.450534,1.509816,124.5343
371.1: -2.579383,-2.621575,1.539826,107.398
371.3222: -2.488316,-2.760306,1.543286,89.87685
371.5445: -2.409629,-2.871514,1.522775,71.71259
371.7667: -2.324681,-2.975818,1.544689,56.34653
371.9889: -2.255472,-3.022489,1.534046,47.27717
372.2111: -2.186295,-3.025423,1.516091,42.93797
Trial Result: Success object: Mailbox | Time Spent: 20.45612
Trial No.:15 Ends
Trial No.:22 Begins
User confirmed on object: Mailbox, this maze officially starts.
390.2667: -1.79774,-3.319527,1.562086,18.88825
390.4889: -1.798338,-3.31508,1.562911,19.73027
390.7111: -1.79084,-3.326675,1.56741,18.3386
390.9333: -1.790565,-3.327212,1.567428,18.19641
391.1556: -1.768773,-3.39911,1.568701,355.9858
391.3778: -1.762017,-3.428199,1.566079,355.9253
391.6: -1.754118,-3.442946,1.565864,358.3535
391.8222: -1.750487,-3.447429,1.565569,359.338
392.0445: -1.748281,-3.446368,1.560226,0.08765033
392.2667: -1.743699,-3.442834,1.553918,1.727215
392.4889: -1.728558,-3.442615,1.547618,8.30966
392.7111: -1.706675,-3.436904,1.547117,20.29265
392.9333: -1.689517,-3.419417,1.538541,39.29758
393.1556: -1.691611,-3.38636,1.53178,56.31442
393.3778: -1.698442,-3.366607,1.532297,72.03312
393.6: -1.714042,-3.358897,1.53075,83.40164
393.8222: -1.72272,-3.346854,1.530133,87.50369
394.0445: -1.728618,-3.334679,1.529737,85.94244
394.2667: -1.74068,-3.327396,1.532871,86.2002
394.4889: -1.751615,-3.328222,1.536153,88.11167
394.7111: -1.743077,-3.328182,1.536604,87.23578
394.9333: -1.705719,-3.334013,1.535815,91.71865
395.1556: -1.628878,-3.357193,1.531545,106.1983
395.3778: -1.526042,-3.369012,1.542219,110.8103
395.6: -1.427948,-3.364081,1.547954,97.17698
395.8222: -1.339365,-3.344278,1.543987,82.30422
396.0445: -1.254639,-3.326494,1.542405,78.55964
396.2667: -1.144347,-3.293717,1.522686,80.02956
396.4889: -1.015787,-3.254052,1.534775,81.17895
396.7111: -0.9042258,-3.237101,1.543423,80.30598
396.9333: -0.7746602,-3.251216,1.522967,81.39975
397.1556: -0.5931351,-3.288639,1.521755,82.49374
397.3778: -0.3696946,-3.307918,1.544771,81.62373
397.6: -0.1542024,-3.291325,1.501032,80.84966
397.8222: 0.08300482,-3.248554,1.513531,78.73342
398.0445: 0.3145004,-3.224896,1.536397,77.62401
398.2667: 0.5491802,-3.202154,1.506773,74.13309
398.4889: 0.7769647,-3.161416,1.548407,64.21423
398.7111: 0.9754688,-3.094371,1.530788,57.14315
398.9333: 1.150071,-3.018285,1.520336,53.13589
399.1556: 1.326392,-2.929708,1.54606,42.59268
399.3778: 1.51136,-2.818592,1.533199,23.94035
399.6: 1.662588,-2.700955,1.545153,8.797024
399.8222: 1.760183,-2.559872,1.552393,1.424326
400.0445: 1.804202,-2.417434,1.514207,3.38299
400.2667: 1.82975,-2.237123,1.531297,7.988784
400.4889: 1.866868,-2.065101,1.544467,16.33738
400.7111: 1.916991,-1.894472,1.521339,25.34961
400.9333: 1.976114,-1.717786,1.537149,33.89332
401.1556: 2.020995,-1.560382,1.535233,38.1566
401.3778: 2.080801,-1.389381,1.513337,42.14545
401.6: 2.161066,-1.249393,1.533025,42.48541
401.8222: 2.272502,-1.133301,1.529625,32.92269
402.0445: 2.415326,-1.034761,1.52532,20.52617
402.2667: 2.535132,-0.9320725,1.546489,9.711026
402.4889: 2.637348,-0.7917145,1.524883,8.802005
402.7111: 2.69524,-0.609762,1.511764,13.62614
402.9333: 2.738423,-0.412088,1.544796,15.52734
403.1556: 2.768936,-0.2213878,1.528941,7.507519
403.3778: 2.803145,0.0123766,1.531823,347.6658
403.6: 2.801747,0.1799418,1.54716,333.8945
403.8222: 2.774861,0.3408431,1.510599,318.6304
404.0445: 2.736831,0.4953394,1.524967,307.3903
404.2667: 2.718527,0.6146324,1.540059,295.3109
404.4889: 2.726689,0.7368155,1.533401,277.903
404.7111: 2.763193,0.8711762,1.534478,261.7946
404.9333: 2.794211,0.978377,1.540973,254.1703
405.1556: 2.777135,1.027573,1.534614,249.4911
405.3778: 2.679767,1.007172,1.512618,246.5205
405.6: 2.52535,0.9494759,1.519967,244.3095
405.8222: 2.420987,0.925262,1.534676,243.3969
Trial Result: Success object: Bookshelf | Time Spent: 15.9716
Trial No.:22 Ends
Trial No.:24 Begins
User confirmed on object: Chair, this maze officially starts.
421.7778: 0.8514422,-3.381204,1.574671,14.26437
422: 0.8518804,-3.387151,1.576424,10.6405
422.2222: 0.8482953,-3.386811,1.577408,3.522093
422.4445: 0.8507364,-3.386029,1.576846,1.846761
422.6667: 0.8590226,-3.383308,1.577322,5.423747
422.8889: 0.8648449,-3.373926,1.577666,8.696253
423.1111: 0.8666918,-3.364988,1.577427,9.958081
423.3333: 0.8678097,-3.358432,1.575966,8.456581
423.5556: 0.8656421,-3.353083,1.570044,4.540072
423.7778: 0.8627328,-3.355246,1.569794,1.24176
424: 0.8410769,-3.353423,1.567236,345.3567
424.2222: 0.7885281,-3.357896,1.540167,302.3499
424.4445: 0.7413446,-3.370228,1.532833,273.8312
424.6667: 0.6986223,-3.361404,1.52835,272.1595
424.8889: 0.635661,-3.341843,1.528142,280.7226
425.1111: 0.5291221,-3.324024,1.527439,291.3757
425.3333: 0.4057158,-3.301747,1.529338,296.2582
425.5556: 0.243574,-3.264925,1.515589,296.2303
425.7778: 0.05564251,-3.22605,1.52913,294.6675
426: -0.1731013,-3.201448,1.539525,293.7626
426.2222: -0.3959104,-3.194824,1.507071,293.2439
426.4445: -0.611937,-3.183916,1.543564,293.1843
426.6667: -0.7837038,-3.162729,1.541471,293.7114
426.8889: -0.9994187,-3.125954,1.526146,292.8181
427.1111: -1.208354,-3.106602,1.554255,291.2633
427.3333: -1.402487,-3.105105,1.530948,295.7842
427.5556: -1.592199,-3.115443,1.528482,306.0179
427.7778: -1.766858,-3.093039,1.545004,316.2115
428: -1.967597,-3.010667,1.512593,323.3812
428.2222: -2.127423,-2.899332,1.535382,331.5984
428.4445: -2.290424,-2.792773,1.548792,343.2537
428.6667: -2.422692,-2.68365,1.511061,358.643
428.8889: -2.546461,-2.549173,1.53033,12.17321
429.1111: -2.627757,-2.383947,1.533792,20.40468
429.3333: -2.66634,-2.173404,1.514524,17.74557
429.5556: -2.691568,-1.950644,1.543605,14.84141
429.7778: -2.709691,-1.735921,1.518411,15.03888
430: -2.72663,-1.483938,1.520256,17.54963
430.2222: -2.72009,-1.270617,1.547837,19.62486
430.4445: -2.704098,-1.064068,1.512604,21.30095
430.6667: -2.692861,-0.8744633,1.538288,22.10418
430.8889: -2.700283,-0.7238222,1.547287,23.75929
431.1111: -2.726362,-0.5705768,1.533915,25.94693
431.3333: -2.75597,-0.4343683,1.539606,29.4022
431.5556: -2.78854,-0.3251672,1.521083,31.11768
431.7778: -2.798229,-0.2012784,1.514815,37.72001
432: -2.776156,-0.00260724,1.482516,41.38098
432.2222: -2.710352,0.2175984,1.504856,46.55902
432.4445: -2.659714,0.4021071,1.520105,53.63462
432.6667: -2.597553,0.5664843,1.499123,69.86163
432.8889: -2.539469,0.6992754,1.517951,80.16012
433.1111: -2.451519,0.8182216,1.517838,85.20207
433.3333: -2.318774,0.892468,1.49512,84.98725
433.5556: -2.139558,0.9387266,1.503351,88.49372
433.7778: -1.981994,0.9727654,1.514082,93.44204
434: -1.786356,1.008551,1.487096,93.39963
434.2222: -1.548042,1.026519,1.518639,92.89643
434.4445: -1.381648,0.99954,1.512174,94.08297
434.6667: -1.176301,0.9430231,1.495053,94.66888
434.8889: -0.9945707,0.8940595,1.527206,108.1755
435.1111: -0.8094795,0.8892456,1.513482,112.4941
435.3333: -0.6109639,0.9275311,1.496778,101.4103
435.5556: -0.4152595,0.9542156,1.519622,98.89708
435.7778: -0.2346078,0.9804633,1.515562,95.99223
436: -0.05904153,0.9978091,1.51424,88.56968
436.2222: 0.07220428,1.073617,1.53829,41.78128
436.4445: 0.06592773,1.10736,1.526633,344.3071
436.6667: 0.1008122,1.118398,1.524147,334.158
436.8889: 0.1345861,1.138147,1.524008,345.8504
437.1111: 0.1662193,1.144038,1.525538,18.74675
437.3333: 0.1759234,1.141662,1.526436,49.84849
437.5556: 0.1647063,1.126545,1.524283,100.0348
437.7778: 0.09535468,1.12798,1.512199,156.9262
438: 0.04392547,1.15851,1.50772,185.3092
438.2222: 0.02600867,1.163759,1.506404,194.6191
438.4445: 0.04026433,1.137651,1.50591,195.8002
438.6667: 0.06062702,1.1036,1.509732,191.048
438.8889: 0.07779238,1.079802,1.520215,182.6987
439.1111: 0.1023987,1.057214,1.52824,164.1001
439.3333: 0.1367475,1.05671,1.536579,131.835
439.5556: 0.15462,1.083095,1.535445,96.56325
439.7778: 0.1515128,1.105718,1.527849,78.91376
440: 0.1441537,1.131573,1.530165,66.37476
440.2222: 0.118099,1.178493,1.530047,38.74669
440.4445: 0.07358328,1.231092,1.52451,7.328986
440.6667: 0.0510882,1.326602,1.515444,6.151992
440.8889: 0.01019291,1.47254,1.501818,4.262805
441.1111: -0.00385746,1.612701,1.515479,4.032454
441.3333: 0.00192898,1.795889,1.485199,3.960392
441.5556: 0.02109163,2.013063,1.488035,350.3144
441.7778: 0.01073182,2.203441,1.51983,326.1998
442: -0.008198136,2.363,1.498219,313.0212
442.2222: -0.03879921,2.541141,1.506601,296.634
442.4445: -0.0388544,2.653039,1.524417,284.1823
442.6667: -0.02515731,2.7566,1.526196,270.8132
442.8889: 0.001019353,2.868315,1.524143,271.9284
443.1111: 0.007494954,2.956664,1.522439,289.1901
443.3333: 0.01832457,3.064728,1.510814,333.7283
443.5556: 0.03697537,3.12393,1.509134,35.50073
443.7778: 0.01784457,3.12285,1.509638,87.06437
444: 0.008308817,3.15528,1.506928,105.8442
444.2222: 0.04184173,3.183678,1.506039,115.5154
444.4445: 0.1409008,3.197414,1.495073,112.9985
444.6667: 0.3116635,3.159251,1.492912,110.807
444.8889: 0.5235785,3.12059,1.508889,101.2363
445.1111: 0.7038263,3.115229,1.508464,95.62104
445.3333: 0.9215376,3.12878,1.478471,94.09212
445.5556: 1.159534,3.125415,1.516328,99.1453
445.7778: 1.38151,3.095708,1.49652,113.1386
446: 1.622517,3.037417,1.50634,123.1199
446.2222: 1.841316,3.008149,1.530966,128.3957
446.4445: 2.074878,2.964996,1.482773,144.2851
446.6667: 2.264013,2.904534,1.521125,159.2627
446.8889: 2.3903,2.80549,1.515822,165.6477
447.1111: 2.482093,2.646335,1.498805,167.7774
447.3333: 2.552934,2.480568,1.522393,165.8162
447.5556: 2.624731,2.294257,1.50332,161.3571
447.7778: 2.687966,2.093467,1.494285,160.296
448: 2.706311,1.896685,1.529101,156.0233
448.2222: 2.686595,1.703749,1.513957,145.6032
448.4445: 2.656583,1.528367,1.539643,130.0635
448.6667: 2.654444,1.427744,1.538448,121.9938
Trial Result: Success object: Trashcan | Time Spent: 27.21477
Trial No.:24 Ends
Trial No.:18 Begins
User confirmed on object: Harp, this maze officially starts.
469.0778: 1.745056,-1.34814,1.566362,15.7719
469.3: 1.743311,-1.343419,1.567042,12.54546
469.5222: 1.733853,-1.339761,1.567411,4.470107
469.7444: 1.728834,-1.336617,1.568343,358.9434
469.9667: 1.734097,-1.331712,1.568866,0.481222
470.1889: 1.743808,-1.326734,1.566262,5.96637
470.4111: 1.748517,-1.325021,1.564367,7.583562
470.6333: 1.750795,-1.318696,1.559192,7.71446
470.8556: 1.749409,-1.310806,1.552539,6.801576
471.0778: 1.747044,-1.302737,1.54745,6.763252
471.3: 1.742657,-1.294937,1.544805,7.568527
471.5222: 1.737931,-1.286949,1.5434,9.308954
471.7444: 1.730523,-1.276004,1.541556,11.00185
471.9667: 1.712405,-1.260565,1.538977,8.087719
472.1889: 1.666748,-1.246039,1.530124,348.9555
472.4111: 1.628645,-1.248938,1.532948,321.4362
472.6333: 1.621331,-1.259613,1.533115,292.3778
472.8556: 1.653051,-1.250235,1.532401,275.3854
473.0778: 1.689702,-1.216094,1.52965,280.9755
473.3: 1.718116,-1.177765,1.531366,291.964
473.5222: 1.729055,-1.155011,1.532928,296.9688
473.7444: 1.709578,-1.131458,1.532517,296.5282
473.9667: 1.627706,-1.10228,1.519263,296.1878
474.1889: 1.464163,-1.091717,1.512637,296.7154
474.4111: 1.266822,-1.089089,1.531265,298.804
474.6333: 1.080018,-1.072832,1.540048,298.9827
474.8556: 0.8588624,-1.029546,1.516747,298.2503
475.0778: 0.6706545,-0.9887244,1.55059,303.0575
475.3: 0.5055094,-0.9452242,1.540364,317.8388
475.5222: 0.3603175,-0.9048178,1.541495,339.2981
475.7444: 0.2505397,-0.8582506,1.553347,353.7309
475.9667: 0.1734379,-0.7744137,1.547733,0.2886654
476.1889: 0.1314791,-0.6293007,1.529096,3.777836
476.4111: 0.1055559,-0.4462264,1.53073,5.413069
476.6333: 0.07061338,-0.2804241,1.546909,6.508707
476.8556: 0.02427007,-0.08827394,1.509458,9.943164
477.0778: 0.004606644,0.06051044,1.54114,13.27217
477.3: 0.008883905,0.1829395,1.544017,12.88159
477.5222: 0.03691047,0.2995258,1.534682,7.400459
477.7444: 0.06638936,0.3953979,1.540777,3.207291
477.9667: 0.08001073,0.4670494,1.544391,359.4369
478.1889: 0.08423622,0.5033179,1.537402,359.9205
478.4111: 0.08327801,0.5223503,1.53525,1.45477
478.6333: 0.08310668,0.5318521,1.53384,0.6100615
478.8556: 0.0868811,0.533509,1.533288,359.6691
479.0778: 0.09590016,0.5326508,1.530596,358.1914
479.3: 0.08766413,0.5451576,1.526952,341.2185
479.5222: 0.04735637,0.5657877,1.522693,301.8016
479.7444: 0.02239606,0.6053656,1.512761,282.3625
479.9667: -0.01613667,0.6845325,1.511958,271.4001
480.1889: -0.04883735,0.7921889,1.52989,276.2497
480.4111: -0.04040265,0.924704,1.537546,306.6421
480.6333: 0.02627845,1.058307,1.525369,345.1066
480.8556: 0.09686009,1.195318,1.515343,1.927471
481.0778: 0.1267491,1.391874,1.52676,359.9412
481.3: 0.1195059,1.565833,1.48679,358.4224
481.5222: 0.09781972,1.787338,1.494236,357.4263
481.7444: 0.09183016,1.973965,1.515947,351.9972
481.9667: 0.07811809,2.175933,1.489531,341.719
482.1889: 0.05308184,2.396189,1.506186,316.028
482.4111: 0.001875584,2.568704,1.522333,287.7391
482.6333: -0.06705221,2.719297,1.494467,272.995
482.8556: -0.1491802,2.857247,1.52247,262.1974
483.0778: -0.2226242,2.963527,1.539751,242.0307
483.3: -0.2332153,3.012456,1.528571,192.5497
483.5222: -0.2061477,3.110042,1.521115,143.5422
483.7444: -0.2163408,3.199247,1.516917,122.1016
483.9667: -0.2220316,3.235974,1.515744,111.976
484.1889: -0.2270046,3.233446,1.518849,113.8289
484.4111: -0.2549694,3.204406,1.523266,131.7806
484.6333: -0.3749,3.171611,1.510724,188.347
484.8556: -0.526041,3.180656,1.493175,242.4829
485.0778: -0.6981657,3.122472,1.493971,260.0267
485.3: -0.8652166,3.071327,1.510252,256.2516
485.5222: -1.053956,3.062938,1.478499,254.4901
485.7444: -1.233166,3.064682,1.508258,258.1304
485.9667: -1.401892,2.993824,1.523703,239.3903
486.1889: -1.535289,2.86879,1.478788,212.7757
486.4111: -1.671715,2.716475,1.497661,204.5334
486.6333: -1.788722,2.558379,1.521077,199.8898
486.8556: -1.882056,2.373183,1.498343,191.0103
487.0778: -1.975505,2.135998,1.517055,188.9585
487.3: -2.026918,1.914287,1.490929,196.6508
487.5222: -2.080156,1.682804,1.494716,210.5193
487.7444: -2.173548,1.497285,1.525696,223.5946
487.9667: -2.30681,1.303677,1.489304,216.6334
488.1889: -2.438557,1.113076,1.527229,186.2316
488.4111: -2.550666,0.9435201,1.521859,171.6284
488.6333: -2.617359,0.7965579,1.519327,163.3184
488.8556: -2.669186,0.6604468,1.541692,147.0651
489.0778: -2.726031,0.490229,1.520823,128.2863
489.3: -2.767921,0.3583801,1.53795,116.7325
489.5222: -2.793943,0.284133,1.53909,109.7422
Trial Result: Success object: Telescope | Time Spent: 20.70459
Trial No.:18 Ends
Trial No.:12 Begins
User confirmed on object: Trashcan, this maze officially starts.
503.6222: 2.385126,1.027472,1.568061,95.83228
503.8445: 2.382005,1.030696,1.568931,93.92951
504.0667: 2.378597,1.027562,1.567819,95.67184
504.2889: 2.377488,1.022523,1.566858,99.16165
504.5111: 2.380287,1.009071,1.565993,106.9398
504.7333: 2.379889,0.9928197,1.566498,116.5503
504.9556: 2.380304,0.9852003,1.566891,119.4985
505.1778: 2.385898,0.9812797,1.565854,118.3824
505.4: 2.398957,0.9907887,1.558514,105.3795
505.6222: 2.405925,1.003302,1.550179,92.56837
505.8445: 2.4123,1.021433,1.543435,73.52843
506.0667: 2.410865,1.043003,1.539379,43.48397
506.2889: 2.405946,1.051305,1.53767,24.44091
506.5111: 2.415354,1.046423,1.536584,20.12656
506.7333: 2.432152,1.035131,1.535373,24.41695
506.9556: 2.446471,1.026189,1.532277,27.5719
507.1778: 2.479742,1.026013,1.532753,35.13319
507.4: 2.551877,1.010513,1.52607,73.70206
507.6222: 2.617032,0.96315,1.532129,142.557
507.8445: 2.630089,0.9795485,1.534077,178.08
508.0667: 2.641005,0.9923592,1.529322,196.9537
508.2889: 2.62118,1.016029,1.519471,227.8622
508.5111: 2.615843,1.060237,1.534909,261.4793
508.7333: 2.640527,1.061055,1.532858,270.7553
508.9556: 2.665611,1.031864,1.518579,269.5424
509.1778: 2.695482,1.034123,1.519483,283.6193
509.4: 2.727467,1.089317,1.517864,309.4442
509.6222: 2.767879,1.205033,1.512239,342.0558
509.8445: 2.785103,1.344371,1.507345,345.689
510.0667: 2.783519,1.519884,1.529644,342.6965
510.2889: 2.753901,1.714098,1.499913,340.3385
510.5111: 2.687687,1.973099,1.496781,334.1895
510.7333: 2.639938,2.194981,1.526492,323.4218
510.9556: 2.593523,2.426536,1.482272,307.8804
511.1778: 2.540962,2.632473,1.512525,285.4606
511.4: 2.451245,2.807374,1.536521,264.4736
511.6222: 2.32023,2.941424,1.517325,253.6843
511.8445: 2.174162,3.044475,1.537082,256.8536
512.0667: 2.007538,3.124187,1.523216,265.0343
512.2889: 1.828551,3.178202,1.504668,270.1728
512.5111: 1.610952,3.188092,1.530278,269.2905
512.7333: 1.37233,3.16212,1.484936,265.9745
512.9556: 1.133175,3.12563,1.510432,264.6827
513.1778: 0.9144894,3.124178,1.510721,266.405
513.4: 0.682165,3.146891,1.502288,266.109
513.6223: 0.4234703,3.159336,1.533566,264.6937
513.8445: 0.2144197,3.156399,1.480013,267.087
514.0667: 0.00958716,3.144503,1.497401,266.9363
514.2889: -0.1794977,3.149129,1.510061,260.3061
514.5111: -0.3944812,3.17571,1.481449,253.7037
514.7333: -0.6065469,3.209303,1.508819,250.9893
514.9556: -0.7843319,3.211606,1.513083,251.8766
515.1778: -0.9378692,3.187579,1.486929,256.8248
515.4: -1.108778,3.145295,1.506062,261.5328
515.6223: -1.264479,3.09364,1.525082,256.5762
515.8445: -1.410175,3.010448,1.497193,231.1387
516.0667: -1.566444,2.926525,1.502682,208.6396
516.2889: -1.695038,2.811014,1.51893,181.9339
516.5111: -1.782298,2.671887,1.488921,165.5363
516.7333: -1.826396,2.525844,1.503004,152.3022
516.9556: -1.847886,2.423456,1.512294,130.3157
517.1778: -1.870128,2.328804,1.50607,112.9021
Trial Result: Success object: Table | Time Spent: 13.89424
Trial No.:12 Ends
Trial No.:1 Begins
User confirmed on object: Stove, this maze officially starts.
534.8111: -2.399496,3.123388,1.534726,276.1197
535.0333: -2.399156,3.118124,1.534402,274.4134
535.2556: -2.40259,3.11287,1.53418,271.0779
535.4778: -2.409212,3.110925,1.533656,269.1998
535.7: -2.413566,3.113506,1.532699,269.673
535.9222: -2.417748,3.121517,1.531641,271.9822
536.1445: -2.419833,3.134477,1.531998,276.5143
536.3667: -2.414684,3.155136,1.533385,286.2235
536.5889: -2.411096,3.162521,1.532696,290.8934
536.8111: -2.419691,3.157264,1.529564,285.258
537.0333: -2.443888,3.131241,1.526365,269.1897
537.2556: -2.459518,3.066501,1.508696,239.1503
537.4778: -2.431586,2.997072,1.4993,189.7022
537.7: -2.398387,2.992013,1.508082,137.1095
537.9222: -2.432123,3.015588,1.494365,102.5836
538.1445: -2.480244,3.01286,1.498321,104.709
538.3667: -2.465567,2.989032,1.498426,124.4476
538.5889: -2.386081,2.960636,1.488442,139.9109
538.8111: -2.288342,2.918227,1.479239,153.3901
539.0333: -2.201194,2.823997,1.488423,169.5554
539.2556: -2.113396,2.67165,1.465438,178.0311
539.4778: -2.025031,2.473138,1.501102,185.6678
539.7: -1.963455,2.254801,1.47186,197.2529
539.9222: -1.944211,2.029419,1.489953,205.9712
540.1445: -2.031144,1.762948,1.484924,220.4525
540.3667: -2.179478,1.52091,1.494115,215.1835
540.5889: -2.299765,1.287062,1.514703,202.4274
540.8111: -2.403013,1.092575,1.47506,193.6129
541.0333: -2.52693,0.8782024,1.518065,179.7169
541.2556: -2.663157,0.6565113,1.503167,173.6332
541.4778: -2.769547,0.4130489,1.52645,175.0574
541.7: -2.815716,0.1544839,1.498459,175.6522
541.9222: -2.815913,-0.1119206,1.500474,181.095
542.1445: -2.832892,-0.3853227,1.528452,187.19
542.3667: -2.856658,-0.6629806,1.501233,184.775
542.5889: -2.8538,-0.9209985,1.550632,177.5459
542.8111: -2.83546,-1.197276,1.488995,172.6553
543.0333: -2.810844,-1.493673,1.528415,169.7786
543.2556: -2.796515,-1.757982,1.521752,162.5996
543.4778: -2.778849,-2.033971,1.519751,147.7329
543.7: -2.725476,-2.232472,1.547993,133.2856
543.9222: -2.633284,-2.436792,1.501985,119.9929
544.1445: -2.493109,-2.653752,1.538182,108.3813
544.3667: -2.348289,-2.810258,1.535594,97.13551
544.5889: -2.174857,-2.942392,1.528039,77.51337
544.8111: -2.026664,-3.003568,1.554069,62.56048
545.0333: -1.828762,-3.057885,1.523963,69.47922
545.2556: -1.605286,-3.091513,1.538217,85.17722
545.4778: -1.393327,-3.122231,1.557561,91.52132
545.7: -1.1649,-3.153906,1.524047,91.08596
545.9222: -0.9193376,-3.176136,1.552375,86.71884
546.1445: -0.6277061,-3.172693,1.514269,86.7759
546.3667: -0.3719143,-3.141633,1.520447,86.71392
546.5889: -0.1036984,-3.123625,1.54735,83.6882
546.8111: 0.1543613,-3.116093,1.509123,78.52266
547.0333: 0.4044192,-3.101061,1.5451,73.00085
547.2556: 0.6432075,-3.065108,1.519943,68.28348
547.4778: 0.8742143,-3.016304,1.522712,64.54765
547.7: 1.090692,-2.974182,1.548481,61.09639
547.9222: 1.304524,-2.929001,1.52452,54.88777
548.1445: 1.505094,-2.85393,1.555954,46.71678
548.3667: 1.614718,-2.753026,1.53533,42.40034
548.5889: 1.70689,-2.617252,1.505703,46.03577
548.8111: 1.774302,-2.493494,1.53257,51.07524
549.0333: 1.813747,-2.423705,1.538007,53.85677
Trial Result: Success object: Well | Time Spent: 14.53566
Trial No.:1 Ends
Trial No.:19 Begins
User confirmed on object: Well, this maze officially starts.
561.8111: 1.534373,-2.160394,1.55088,84.82558
562.0333: 1.535916,-2.159021,1.553864,84.63593
562.2556: 1.539966,-2.160937,1.560186,83.67828
562.4778: 1.546169,-2.17485,1.564186,82.11112
562.7: 1.549647,-2.192683,1.564115,85.2732
562.9222: 1.550073,-2.212421,1.563385,89.54127
563.1445: 1.544211,-2.232365,1.564932,96.48413
563.3667: 1.537385,-2.247967,1.56453,102.0178
563.5889: 1.536841,-2.246768,1.563389,96.77274
563.8111: 1.538881,-2.240398,1.561344,91.03375
564.0333: 1.540933,-2.227497,1.560481,85.38915
564.2556: 1.545087,-2.213684,1.555715,83.50342
564.4778: 1.553268,-2.200164,1.550394,84.12212
564.7: 1.583067,-2.201771,1.554719,98.02127
564.9222: 1.599363,-2.248905,1.534452,151.9987
565.1445: 1.58325,-2.298566,1.513028,200.408
565.3667: 1.569505,-2.395741,1.488309,229.9418
565.5889: 1.548421,-2.515013,1.498328,247.9744
565.8111: 1.541514,-2.647484,1.514611,263.2359
566.0333: 1.527574,-2.771604,1.505074,275.2973
566.2556: 1.479704,-2.900402,1.519434,289.9126
566.4778: 1.36561,-2.987242,1.524213,300.3326
566.7: 1.179614,-3.031383,1.514427,297.593
566.9222: 0.978067,-3.072493,1.548712,288.7479
567.1445: 0.775603,-3.105247,1.508857,283.4657
567.3667: 0.5196626,-3.137761,1.529012,282.1947
567.5889: 0.2975028,-3.125309,1.546149,281.6718
567.8111: 0.06303605,-3.088677,1.513843,281.6823
568.0333: -0.1421817,-3.068775,1.545723,281.3956
568.2556: -0.36647,-3.07399,1.531629,282.4765
568.4778: -0.623534,-3.099557,1.51956,285.9141
568.7: -0.8740755,-3.100273,1.551838,289.6454
568.9222: -1.130387,-3.0792,1.508973,291.3859
569.1445: -1.387414,-3.050032,1.552219,293.8665
569.3667: -1.598862,-3.039711,1.530335,299.8386
569.5889: -1.84564,-3.018872,1.514118,311.2742
569.8111: -2.05922,-2.956573,1.545734,324.5016
570.0333: -2.232845,-2.840396,1.512013,333.4877
570.2556: -2.380998,-2.675761,1.525418,343.6376
570.4778: -2.501401,-2.497827,1.515382,0.2117895
570.7: -2.609635,-2.254931,1.498039,14.3142
570.9222: -2.646935,-2.02837,1.540924,23.14652
571.1445: -2.644712,-1.81023,1.50189,23.44145
571.3667: -2.627236,-1.56397,1.533906,21.9157
571.5889: -2.624954,-1.362409,1.540243,21.81062
571.8111: -2.610121,-1.181486,1.51165,34.11646
572.0333: -2.573001,-1.042394,1.525542,63.58435
572.2556: -2.552897,-0.8661964,1.50386,78.18064
572.4778: -2.545296,-0.599301,1.512068,58.22654
572.7: -2.587866,-0.286287,1.525546,28.1318
572.9222: -2.617575,-0.05467716,1.475298,19.83246
573.1445: -2.62221,0.1796246,1.523047,30.95506
573.3667: -2.597878,0.3483772,1.514356,39.31916
573.5889: -2.535944,0.5508672,1.504918,40.99797
573.8111: -2.468728,0.7401385,1.523405,43.6166
574.0333: -2.381195,0.9219133,1.493571,45.86607
574.2556: -2.272005,1.106598,1.501881,47.26143
574.4778: -2.151795,1.261121,1.517918,48.58183
574.7: -2.017375,1.423269,1.498006,50.65984
Trial Result: Success object: Table | Time Spent: 13.16226
Trial No.:19 Ends
Trial No.:20 Begins
User confirmed on object: Well, this maze officially starts.
592.2444: 1.582162,-2.140119,1.569348,94.21461
592.4667: 1.583908,-2.136991,1.569684,91.58103
592.6889: 1.583262,-2.140645,1.569614,93.00355
592.9111: 1.584281,-2.141243,1.569082,92.98367
593.1334: 1.583187,-2.150262,1.569987,97.32557
593.3556: 1.570444,-2.176289,1.57077,111.1807
593.5778: 1.563128,-2.186345,1.569506,115.2246
593.8: 1.575817,-2.179755,1.566041,104.9744
594.0222: 1.600082,-2.154126,1.555185,76.13078
594.2444: 1.608769,-2.129035,1.541333,47.48359
594.4667: 1.62275,-2.106655,1.536043,33.28554
594.6889: 1.638387,-2.057455,1.524385,22.7052
594.9111: 1.649652,-1.987793,1.52018,12.53923
595.1334: 1.667206,-1.909238,1.525883,1.670926
595.3556: 1.681954,-1.854993,1.52335,347.1992
595.5778: 1.716914,-1.781025,1.517349,332.0428
595.8: 1.764774,-1.697326,1.5201,320.6784
596.0222: 1.820953,-1.595826,1.534801,313.5232
596.2444: 1.843364,-1.511825,1.537579,308.8359
596.4667: 1.815311,-1.431213,1.526057,304.8496
596.6889: 1.72543,-1.353832,1.515869,305.3698
596.9111: 1.600874,-1.272684,1.529477,303.149
597.1334: 1.453833,-1.184171,1.544736,298.6599
597.3556: 1.291733,-1.098778,1.515244,298.1921
597.5778: 1.093369,-1.007313,1.539557,302.5324
597.8: 0.9271296,-0.9687406,1.548547,305.8457
598.0222: 0.715068,-0.9374148,1.506664,312.9026
598.2444: 0.5072123,-0.9002926,1.530441,325.0356
598.4667: 0.3684546,-0.8203506,1.532095,339.4409
598.6889: 0.2640083,-0.6892635,1.516443,347.4157
598.9111: 0.1715918,-0.5234494,1.524164,351.9369
599.1334: 0.08808874,-0.3448502,1.528394,358.7057
599.3556: 0.03037677,-0.1729005,1.507177,5.000176
599.5778: 0.004196707,-0.002196672,1.538428,5.503619
599.8: 0.01402218,0.1434452,1.521092,357.3595
600.0222: 0.03818757,0.327589,1.512923,344.2852
600.2444: 0.02633726,0.4946135,1.536526,315.0022
600.4667: 0.006446649,0.6342657,1.509413,291.0431
600.6889: -0.02484978,0.7678415,1.51215,283.3273
600.9111: -0.04326064,0.883495,1.523855,279.6555
601.1334: -0.03796602,0.9961278,1.522737,282.2423
601.3556: -0.0007823203,1.09967,1.529248,301.2565
601.5778: 0.07451296,1.216351,1.520559,341.9845
601.8: 0.1038089,1.327061,1.513426,4.836086
602.0222: 0.07934561,1.478925,1.483937,4.16748
602.2444: 0.04375362,1.676823,1.501059,359.1893
602.4667: 0.04271701,1.870529,1.509433,353.9154
602.6889: 0.04676979,2.093447,1.478204,335.2355
602.9111: 0.03320348,2.316606,1.51394,315.2222
603.1334: -0.008565189,2.513058,1.506399,300.2722
603.3556: -0.0844924,2.672911,1.510149,288.1433
603.5778: -0.1525939,2.79797,1.530855,282.0458
603.8: -0.2494014,2.91302,1.519231,278.0613
604.0222: -0.3848107,3.013089,1.496828,259.3486
604.2444: -0.5464402,3.099046,1.517633,251.9564
604.4667: -0.7347984,3.161827,1.483577,264.7
604.6889: -0.9488437,3.174651,1.486278,266.9225
604.9111: -1.140181,3.183966,1.519432,264.554
605.1334: -1.295911,3.171144,1.516453,242.713
605.3556: -1.342841,3.135186,1.520552,190.9272
605.5778: -1.242684,3.148643,1.520045,148.8344
605.8: -1.069846,3.225844,1.494074,103.2144
606.0222: -0.8811251,3.245039,1.496913,87.90681
606.2444: -0.6808146,3.200912,1.475631,93.95432
606.4667: -0.4359456,3.140087,1.476082,95.06956
606.6889: -0.1975195,3.117046,1.514224,98.72839
606.9111: 0.04212971,3.123365,1.478068,103.1972
607.1334: 0.2977364,3.147661,1.498837,107.815
607.3556: 0.547352,3.140317,1.512753,116.6969
607.5778: 0.7411703,3.112097,1.509539,121.8196
607.8: 0.9043024,3.114302,1.531817,123.6484
608.0222: 1.013174,3.13619,1.517613,127.5059
Trial Result: Success object: Piano | Time Spent: 16.11511
Trial No.:20 Ends
Trial No.:3 Begins
User confirmed on object: Piano, this maze officially starts.
629.3445: 1.80582,3.25965,1.527147,189.7525
629.5667: 1.821194,3.280591,1.544429,191.6638
629.7889: 1.853456,3.308976,1.541164,192.2696
630.0111: 1.876411,3.336242,1.539412,192.9135
630.2333: 1.882496,3.364362,1.538753,197.1947
630.4556: 1.88443,3.379211,1.538561,199.9758
630.6778: 1.880879,3.386807,1.537498,204.7987
630.9: 1.875187,3.388633,1.535497,209.9061
631.1223: 1.872272,3.38094,1.533003,208.271
631.3445: 1.866528,3.364208,1.525569,202.9388
631.5667: 1.854887,3.346969,1.516398,203.8715
631.7889: 1.820612,3.350294,1.508982,226.784
632.0111: 1.782461,3.368532,1.50214,251.4816
632.2333: 1.748399,3.364555,1.503462,252.5112
632.4556: 1.727634,3.344563,1.508183,242.044
632.6778: 1.720595,3.321644,1.513131,222.5188
632.9: 1.717213,3.309442,1.514593,209.5747
633.1223: 1.652328,3.311784,1.530568,222.1817
633.3445: 1.529019,3.351718,1.509758,245.2697
633.5667: 1.38547,3.342739,1.503564,248.0894
633.7889: 1.183781,3.28399,1.47244,245.6927
634.0111: 0.987693,3.226525,1.504777,244.2717
634.2333: 0.8156602,3.185226,1.507694,246.8701
634.4556: 0.5914425,3.151989,1.496495,255.7766
634.6778: 0.3949225,3.057615,1.526454,245.9932
634.9: 0.2611433,2.911775,1.48943,219.0315
635.1223: 0.1586643,2.749448,1.492042,199.9753
635.3445: 0.0735545,2.600016,1.521639,191.7591
635.5667: -0.009943455,2.396917,1.490143,188.5996
635.7889: -0.07478787,2.127905,1.521974,187.8793
636.0111: -0.07768126,1.881508,1.509768,187.7779
636.2333: -0.05926082,1.633236,1.494664,190.2732
636.4556: -0.06315205,1.395467,1.529364,191.798
636.6778: -0.08217656,1.132295,1.493252,192.7084
636.9: -0.08607085,0.8849981,1.533357,188.4612
637.1223: -0.06887461,0.6550688,1.50898,182.1061
637.3445: -0.05599689,0.4401164,1.506711,180.2075
637.5667: -0.06544082,0.2113989,1.532477,180.4702
637.7889: -0.09477174,-0.05001553,1.498559,173.7089
638.0111: -0.1032198,-0.2627339,1.531662,158.0769
638.2333: -0.0735397,-0.4138961,1.512455,130.1639
638.4556: -0.04070399,-0.5629205,1.505378,112.334
638.6778: -0.02286435,-0.7058442,1.523883,101.6899
638.9: -0.01755456,-0.8280525,1.527104,87.97051
639.1223: -0.01750879,-0.9524937,1.537492,80.70603
639.3445: -0.008679934,-1.042203,1.54232,80.85132
639.5667: 0.01019162,-1.091945,1.542528,90.54668
639.7889: 0.03581376,-1.125837,1.541779,127.4103
640.0111: -0.005004138,-1.133323,1.530507,184.6489
640.2333: -0.06675844,-1.067694,1.520295,242.9415
640.4556: -0.1076265,-1.024008,1.512015,264.7607
640.6778: -0.1929874,-1.017227,1.507312,269.6576
640.9: -0.3523687,-1.018845,1.516652,259.369
641.1223: -0.495191,-1.069739,1.529652,228.5429
641.3445: -0.6058757,-1.158667,1.505759,202.5766
641.5667: -0.7197526,-1.286894,1.515337,190.5222
641.7889: -0.817264,-1.422607,1.541881,183.6925
642.0111: -0.898382,-1.613315,1.498085,178.1173
642.2333: -0.9535121,-1.84015,1.522686,174.6583
642.4556: -0.9476355,-2.052646,1.517833,167.5686
642.6778: -0.9154013,-2.258855,1.478932,159.8475
642.9: -0.8683022,-2.482002,1.524594,143.3046
643.1223: -0.8320038,-2.673376,1.520279,116.9254
643.3445: -0.8031764,-2.857141,1.527512,87.73125
643.5667: -0.752141,-3.015763,1.547554,71.21849
643.7889: -0.6663408,-3.124097,1.540798,68.13459
644.0111: -0.5445946,-3.184302,1.558888,70.45039
644.2333: -0.4571139,-3.194777,1.585856,59.48919
644.4556: -0.4726655,-3.154362,1.55942,7.831724
644.6778: -0.5706612,-3.201398,1.547178,317.3217
644.9: -0.6983288,-3.255772,1.527067,293.7321
645.1223: -0.8467097,-3.256157,1.531182,304.3732
645.3445: -0.9816622,-3.226538,1.533838,313.0811
645.5667: -1.09854,-3.19063,1.527383,313.9682
Trial Result: Success object: Mailbox | Time Spent: 16.44772
Trial No.:3 Ends
Trial No.:9 Begins
User confirmed on object: Bookshelf, this maze officially starts.
662.3445: 1.750205,1.345565,1.551598,197.2798
662.5667: 1.767189,1.33551,1.552795,194.6904
662.7889: 1.778175,1.33717,1.552142,189.3995
663.0111: 1.777653,1.344976,1.551564,188.6888
663.2333: 1.763333,1.354474,1.551537,195.5748
663.4556: 1.740109,1.367725,1.552338,204.6184
663.6778: 1.712383,1.383267,1.553498,209.8747
663.9: 1.691913,1.394915,1.555144,209.9091
664.1223: 1.683801,1.402158,1.556862,206.4302
664.3445: 1.681225,1.400341,1.553361,203.6188
664.5667: 1.680511,1.389746,1.544417,201.0376
664.7889: 1.686478,1.377542,1.532875,191.5202
665.0111: 1.695305,1.371736,1.52605,177.2313
665.2333: 1.701591,1.372539,1.521896,163.8167
665.4556: 1.715309,1.385114,1.517139,140.4456
665.6778: 1.723371,1.407477,1.51705,112.54
665.9: 1.717374,1.410513,1.516335,99.93716
666.1223: 1.712563,1.389374,1.514481,104.2718
666.3445: 1.714733,1.352724,1.513096,114.7658
666.5667: 1.732583,1.294052,1.515863,127.1351
666.7889: 1.789236,1.224614,1.520562,140.8056
667.0111: 1.863611,1.170471,1.548304,145.9859
667.2333: 1.95858,1.109862,1.557311,142.8941
667.4556: 2.061419,1.022221,1.532307,143.6943
667.6778: 2.175631,0.8886318,1.526921,154.7598
667.9: 2.301315,0.7581519,1.548835,165.1833
668.1223: 2.42429,0.6123806,1.51284,176.0057
668.3445: 2.540958,0.4211225,1.532124,190.2299
668.5667: 2.577579,0.2209477,1.521194,200.3321
668.7889: 2.561462,-0.03291399,1.511182,203.1754
669.0111: 2.536773,-0.2719439,1.541848,208.4039
669.2333: 2.498976,-0.4872814,1.501131,213.1861
669.4556: 2.42796,-0.7090382,1.526206,210.3842
669.6778: 2.326813,-0.8716944,1.536505,200.0484
669.9: 2.187242,-1.020129,1.523881,185.4304
670.1223: 2.066075,-1.168948,1.546927,172.7155
670.3445: 1.988184,-1.337226,1.53037,164.6038
670.5667: 1.95565,-1.493334,1.523663,165.9452
670.7889: 1.932007,-1.623255,1.558247,161.1884
671.0111: 1.922506,-1.708054,1.555331,150.2238
671.2333: 1.923588,-1.77335,1.555468,127.7084
671.4556: 1.922368,-1.800407,1.550767,122.9116
671.6778: 1.937296,-1.776397,1.553861,116.12
671.9: 1.960971,-1.625167,1.539839,84.23479
672.1223: 1.940685,-1.407811,1.521298,33.21686
672.3445: 1.894778,-1.290024,1.525623,339.7954
672.5667: 1.874065,-1.18861,1.531841,306.7042
672.7889: 1.835481,-1.083791,1.519801,289.0328
673.0111: 1.739022,-0.9794328,1.511876,276.8127
673.2333: 1.58759,-0.9186726,1.492024,274.5174
673.4556: 1.356132,-0.8607739,1.522776,275.818
673.6778: 1.127728,-0.822031,1.534178,275.5155
673.9: 0.8668574,-0.7917835,1.519848,274.5936
674.1223: 0.6056302,-0.806083,1.545768,274.1342
674.3445: 0.3342752,-0.839083,1.496628,275.6631
674.5667: 0.0289565,-0.8667694,1.543886,276.3253
674.7889: -0.241532,-0.8612303,1.511236,274.6597
675.0111: -0.5166178,-0.8307313,1.531873,270.1246
675.2333: -0.7513933,-0.83559,1.53915,270.7464
675.4556: -1.007275,-0.8501127,1.498513,271.5424
675.6778: -1.248974,-0.8653932,1.542392,262.3763
675.9: -1.476855,-0.8679795,1.52279,253.472
676.1223: -1.712665,-0.833464,1.528624,260.762
676.3445: -1.928689,-0.7962303,1.541599,285.4424
676.5667: -2.151557,-0.7556835,1.496066,323.9102
676.7889: -2.319269,-0.7202078,1.531786,341.7871
677.0111: -2.421309,-0.6495114,1.532879,355.6727
677.2333: -2.46606,-0.5519316,1.514696,4.195548
677.4556: -2.503931,-0.3663817,1.518731,8.954997
677.6778: -2.54602,-0.172579,1.523499,13.24851
677.9: -2.580951,0.04640661,1.480035,22.2483
678.1223: -2.589152,0.2819708,1.514668,31.36471
678.3445: -2.540959,0.4745384,1.506959,37.97606
678.5667: -2.399083,0.7266303,1.501497,36.92344
678.7889: -2.292076,0.936633,1.531199,31.81827
679.0111: -2.186749,1.121811,1.48377,26.33068
679.2333: -2.069023,1.33081,1.508938,13.46988
679.4556: -1.964189,1.556848,1.500798,351.8929
679.6778: -1.884776,1.784519,1.501419,331.9174
679.9: -1.871729,1.996737,1.525414,316.0809
680.1223: -1.909267,2.151065,1.48953,308.2419
680.3445: -1.982073,2.316643,1.497484,301.4963
680.5667: -2.056716,2.474918,1.511211,292.9141
680.7889: -2.137728,2.613216,1.501125,284.5442
681.0111: -2.210392,2.723505,1.527598,278.69
681.2333: -2.260877,2.779903,1.527916,277.0279
681.4556: -2.291518,2.79573,1.525913,277.0679
681.6778: -2.304809,2.800571,1.52281,277.0693
681.9: -2.304987,2.803576,1.51965,277.2227
682.1223: -2.302155,2.81175,1.514335,277.1692
682.3445: -2.31262,2.825298,1.508035,278.2418
682.5667: -2.360933,2.834759,1.505634,278.9145
682.7889: -2.432625,2.834579,1.499647,283.4884
683.0111: -2.506691,2.83343,1.498434,283.3134
Trial Result: Success object: Stove | Time Spent: 21.06248
Trial No.:9 Ends
Trial No.:10 Begins
User confirmed on object: Bookshelf, this maze officially starts.
700.4: 1.897616,1.265694,1.543106,197.4751
700.6223: 1.906163,1.242791,1.542824,195.757
700.8445: 1.906184,1.24031,1.547582,194.9366
701.0667: 1.89112,1.259892,1.549681,199.4842
701.2889: 1.86453,1.292096,1.55246,206.4312
701.5111: 1.831763,1.327568,1.552638,215.5149
701.7333: 1.80334,1.360336,1.552849,221.1469
701.9556: 1.793147,1.379778,1.552985,219.143
702.1778: 1.800086,1.392093,1.55129,217.9808
702.4: 1.810777,1.387626,1.545731,213.3803
702.6223: 1.81945,1.375563,1.533899,206.4134
702.8445: 1.82972,1.370531,1.521517,198.0599
703.0667: 1.864697,1.36606,1.516007,169.5876
703.2889: 1.923265,1.381115,1.515622,129.5279
703.5111: 1.970021,1.359493,1.512436,124.5713
703.7333: 2.019788,1.346214,1.511271,109.7923
703.9556: 2.049037,1.342951,1.511135,92.35671
704.1778: 2.069186,1.338182,1.511269,86.85664
704.4: 2.104761,1.323446,1.507167,89.07034
704.6223: 2.151325,1.321555,1.499653,80.80736
704.8445: 2.159053,1.339241,1.497508,43.36938
705.0667: 2.173412,1.319609,1.518523,16.43945
705.2889: 2.242257,1.283714,1.519694,12.42087
705.5111: 2.341685,1.271988,1.499395,14.81298
705.7333: 2.43129,1.323217,1.493178,9.281646
705.9556: 2.525305,1.463175,1.466341,4.144949
706.1778: 2.605983,1.671742,1.489324,354.3761
706.4: 2.659562,1.907024,1.482776,344.2565
706.6223: 2.683126,2.161693,1.469852,330.3561
706.8445: 2.644623,2.398466,1.514488,312.598
707.0667: 2.536753,2.610167,1.486214,287.3874
707.2889: 2.455855,2.751141,1.516959,270.5577
707.5111: 2.374806,2.883953,1.520454,257.82
707.7333: 2.278891,3.010653,1.51918,252.0607
707.9556: 2.162299,3.104138,1.522632,258.9863
708.1778: 1.993707,3.162173,1.486461,265.4528
708.4: 1.781496,3.159866,1.494408,269.2237
708.6223: 1.562212,3.154733,1.524633,271.0449
708.8445: 1.320602,3.162009,1.483332,270.0532
709.0667: 1.039726,3.188958,1.517808,271.9603
709.2889: 0.812575,3.183294,1.51871,271.5618
709.5111: 0.5765778,3.169763,1.485421,269.9411
709.7333: 0.3626347,3.183583,1.52284,272.3313
709.9556: 0.1379827,3.211914,1.489082,269.206
710.1778: -0.1197082,3.255758,1.506289,263.0468
710.4: -0.3451167,3.25522,1.515306,255.7727
710.6223: -0.5734529,3.245622,1.471962,258.8232
710.8445: -0.7721752,3.236247,1.499461,259.1973
711.0667: -0.9814317,3.234422,1.497808,260.723
711.2889: -1.209471,3.220604,1.50678,253.8875
711.5111: -1.373078,3.127064,1.517311,231.8963
711.7333: -1.492669,2.974482,1.469453,205.7353
711.9556: -1.593884,2.795863,1.485856,194.422
712.1778: -1.702044,2.595283,1.505225,186.4534
712.4: -1.822743,2.366022,1.476114,185.2517
712.6223: -1.938212,2.122287,1.520728,194.3637
712.8445: -2.025023,1.87798,1.484002,198.8568
713.0667: -2.112455,1.616629,1.491197,200.2108
713.2889: -2.257555,1.341098,1.504934,201.5643
713.5111: -2.40222,1.12343,1.481105,195.0884
713.7333: -2.524833,0.8838185,1.531778,185.4925
713.9556: -2.585927,0.6700329,1.488026,176.3528
714.1778: -2.63878,0.4158322,1.505919,175.9915
714.4: -2.693944,0.1692371,1.518027,177.5173
714.6223: -2.758236,-0.1007664,1.505878,179.3437
714.8445: -2.798604,-0.3598472,1.543604,183.1973
715.0667: -2.811063,-0.6120292,1.493167,185.1885
715.2889: -2.813948,-0.8820292,1.520623,194.4817
715.5111: -2.817742,-1.084155,1.528345,203.3611
715.7333: -2.828106,-1.282603,1.523524,209.8481
715.9556: -2.815541,-1.422199,1.544089,216.153
716.1778: -2.788807,-1.556089,1.541993,225.5482
716.4: -2.750267,-1.668985,1.544327,238.4354
Trial Result: Success object: Plant | Time Spent: 16.22562
Trial No.:10 Ends
Trial No.:7 Begins
User confirmed on object: Plant, this maze officially starts.
731.1445: -2.547979,-2.140862,1.528001,282.012
731.3667: -2.554885,-2.151595,1.534107,282.8558
731.5889: -2.531289,-2.138212,1.54305,282.9315
731.8112: -2.490431,-2.111422,1.555873,279.6309
732.0333: -2.450027,-2.080042,1.559243,278.3147
732.2556: -2.419007,-2.047719,1.558962,280.3295
732.4778: -2.386065,-2.020393,1.557903,284.7009
732.7: -2.3658,-2.007236,1.558628,285.2372
732.9222: -2.361639,-2.003569,1.559497,284.3705
733.1445: -2.36636,-2.008558,1.559288,282.2778
733.3667: -2.372308,-2.01644,1.557587,282.1643
733.5889: -2.389221,-2.021341,1.558174,287.6764
733.8112: -2.416695,-2.010042,1.555991,318.1797
734.0333: -2.431407,-2.021237,1.53961,352.3523
734.2556: -2.44847,-2.045231,1.528777,14.56401
734.4778: -2.45994,-2.045915,1.519888,25.84294
734.7: -2.481425,-1.977564,1.514134,24.55529
734.9222: -2.494085,-1.861282,1.509809,16.21864
735.1445: -2.48856,-1.734472,1.532267,11.54956
735.3667: -2.496774,-1.620267,1.541688,9.09267
735.5889: -2.514469,-1.491743,1.523762,12.82052
735.8112: -2.537457,-1.367391,1.538049,21.04873
736.0333: -2.542828,-1.277349,1.544488,26.71824
736.2556: -2.542188,-1.204617,1.544764,28.59669
736.4778: -2.537255,-1.130017,1.535739,27.61739
736.7: -2.528329,-1.062091,1.531598,26.03941
736.9222: -2.528563,-1.018958,1.541377,31.14059
737.1445: -2.536742,-1.019622,1.549531,57.62713
737.3667: -2.564875,-1.085337,1.542372,102.9747
737.5889: -2.616482,-1.200539,1.541929,114.9938
737.8112: -2.610991,-1.260835,1.513986,104.1255
738.0333: -2.521904,-1.255491,1.501943,96.40774
738.2556: -2.361176,-1.200488,1.461246,96.7778
738.4778: -2.113875,-1.105889,1.510168,102.853
738.7: -1.906799,-1.079182,1.527264,107.6284
738.9222: -1.703156,-1.096942,1.508046,112.6432
739.1445: -1.549628,-1.123991,1.537694,124.473
739.3667: -1.393202,-1.174784,1.52664,140.3377
739.5889: -1.23093,-1.245899,1.515756,147.2109
739.8112: -1.061021,-1.321026,1.541348,140.6042
740.0333: -0.9163399,-1.326488,1.532421,115.5591
740.2556: -0.7774154,-1.259936,1.510043,89.53552
740.4778: -0.6225088,-1.184384,1.488217,87.30894
740.7: -0.4255927,-1.116572,1.5245,93.56585
740.9222: -0.2170501,-1.085984,1.513058,94.9862
741.1445: 0.01475758,-1.08299,1.512692,84.58409
741.3667: 0.230383,-1.073928,1.537951,78.48515
741.5889: 0.4503039,-1.068529,1.504655,88.50371
741.8112: 0.6925696,-1.067678,1.526413,111.0333
742.0333: 0.8864372,-1.093393,1.527599,122.8687
742.2556: 1.073488,-1.140421,1.511833,126.0502
742.4778: 1.224127,-1.173324,1.537511,128.9615
742.7: 1.388852,-1.192406,1.528853,128.4801
742.9222: 1.561193,-1.188002,1.513415,124.3611
743.1445: 1.739179,-1.148831,1.528103,101.6675
743.3667: 1.885451,-1.107169,1.535737,74.39082
743.5889: 2.020006,-1.072319,1.520185,49.57164
743.8112: 2.188482,-1.021526,1.525434,15.90056
744.0333: 2.320708,-0.9495476,1.528216,359.2533
744.2556: 2.42905,-0.8549434,1.50946,357.2135
744.4778: 2.514632,-0.7637885,1.528272,12.0766
744.7: 2.591118,-0.6648097,1.541452,23.07808
744.9222: 2.647901,-0.5439245,1.529826,19.52191
745.1445: 2.714016,-0.387341,1.529535,17.93192
745.3667: 2.744683,-0.2227253,1.545967,18.79276
745.5889: 2.733357,-0.04369677,1.504661,20.09266
745.8112: 2.712152,0.1697685,1.534914,27.38329
746.0333: 2.723984,0.3131419,1.537515,35.7517
746.2556: 2.756368,0.4260966,1.526862,37.86982
Trial Result: Success object: Trashcan | Time Spent: 15.491
Trial No.:7 Ends
Trial No.:21 Begins
User confirmed on object: Mailbox, this maze officially starts.
767.0111: -1.828892,-3.122512,1.552256,4.196435
767.2333: -1.830564,-3.13196,1.559934,4.963614
767.4556: -1.847126,-3.169422,1.572368,2.285598
767.6778: -1.869199,-3.194981,1.57098,359.7626
767.9: -1.873766,-3.209341,1.573631,4.327984
768.1223: -1.869997,-3.214398,1.574474,8.509684
768.3445: -1.869037,-3.215739,1.574906,9.64681
768.5667: -1.862867,-3.220603,1.57942,14.81296
768.7889: -1.837847,-3.204871,1.589451,0.795921
769.0111: -1.851134,-3.193353,1.546851,0.1368584
769.2333: -1.835912,-3.18264,1.550221,3.120066
769.4556: -1.831162,-3.175159,1.553227,5.198029
769.6778: -1.830926,-3.176671,1.5674,9.203116
769.9: -1.832509,-3.180879,1.572301,11.79565
770.1223: -1.832906,-3.181197,1.572468,12.08066
770.3445: -1.832945,-3.181201,1.572468,12.06899
770.5667: -1.832945,-3.181201,1.572468,12.06899
770.7889: -1.844746,-3.188615,1.52817,342.4854
771.0111: -1.854081,-3.152011,1.562404,347.1771
771.2333: -1.843184,-3.158635,1.563157,349.3513
771.4556: -1.84077,-3.162897,1.5601,352.4008
771.6778: -1.838652,-3.169463,1.558056,355.614
771.9: -1.840079,-3.172927,1.556297,358.6649
772.1223: -1.839592,-3.167441,1.552654,0.7008696
772.3445: -1.841188,-3.161641,1.552432,2.714557
772.5667: -1.837405,-3.158738,1.554178,4.022267
772.7889: -1.824979,-3.162677,1.5487,2.219005
773.0111: -1.810917,-3.16487,1.545738,1.470847
773.2333: -1.809601,-3.158543,1.544679,3.158247
773.4556: -1.819597,-3.15385,1.551246,6.799803
773.6778: -1.822785,-3.156649,1.558208,13.99896
773.9: -1.827712,-3.164043,1.564592,17.09465
774.1223: -1.8277,-3.164673,1.564979,17.28824
774.3445: -1.827721,-3.166263,1.565278,17.76678
774.5667: -1.818187,-3.179271,1.533759,2.457795
774.7889: -1.806968,-3.1772,1.536324,5.092854
775.0111: -1.804501,-3.174821,1.533227,4.508119
775.2333: -1.804393,-3.169107,1.5322,3.918412
775.4556: -1.804746,-3.167827,1.528826,4.659757
775.6778: -1.804892,-3.167956,1.529131,5.744094
775.9: -1.806078,-3.168876,1.530925,6.94862
776.1223: -1.807676,-3.168065,1.530812,7.345355
776.3445: -1.809332,-3.163768,1.529537,7.959142
776.5667: -1.808526,-3.163575,1.532293,9.544885
776.7889: -1.806714,-3.168162,1.53577,11.61494
777.0111: -1.796461,-3.174162,1.546114,20.70484
777.2333: -1.784594,-3.182577,1.549769,30.37263
777.4556: -1.783388,-3.182498,1.549366,31.50409
777.6778: -1.784035,-3.180614,1.549519,30.35212
777.9: -1.789171,-3.177154,1.546853,26.31689
778.1223: -1.798109,-3.171019,1.542898,19.20702
778.3445: -1.811552,-3.162535,1.539217,7.632482
778.5667: -1.8196,-3.156047,1.535951,0.0418417
778.7889: -1.824542,-3.153459,1.533572,356.6024
779.0111: -1.822887,-3.152901,1.532097,357.4636
779.2333: -1.819512,-3.153841,1.530064,359.7982
779.4556: -1.816946,-3.155361,1.529962,0.9202226
779.6778: -1.813618,-3.158663,1.529135,2.35644
779.9: -1.809263,-3.163926,1.527725,5.380721
780.1223: -1.803825,-3.169174,1.525231,10.59295
780.3445: -1.797362,-3.175288,1.522947,15.89225
780.5667: -1.795767,-3.17798,1.522081,18.66472
780.7889: -1.801602,-3.174884,1.519655,16.08797
781.0111: -1.805983,-3.168878,1.51894,13.74094
781.2333: -1.810075,-3.167004,1.532914,12.3706
781.4556: -1.817659,-3.187083,1.562126,13.29459
781.6778: -1.820362,-3.192191,1.564017,12.86658
781.9: -1.820362,-3.192191,1.564017,12.86658
782.1223: -1.820362,-3.192191,1.564017,12.86658
782.3445: -1.856029,-3.199753,1.535381,8.182826
782.5667: -1.832316,-3.176091,1.529444,10.49925
782.7889: -1.824522,-3.166082,1.524929,9.246438
783.0111: -1.817783,-3.15843,1.517131,8.033214
783.2333: -1.812825,-3.154629,1.514203,7.691236
783.4556: -1.809187,-3.152887,1.51482,8.136028
783.6778: -1.8088,-3.152947,1.51467,8.247374
783.9: -1.809306,-3.150918,1.512492,7.157478
784.1223: -1.809415,-3.148281,1.51111,5.241973
784.3445: -1.807384,-3.149432,1.511117,4.419263
784.5667: -1.806635,-3.150672,1.511477,3.72396
784.7889: -1.805332,-3.152164,1.512512,3.802875
785.0111: -1.803943,-3.153435,1.512303,4.852284
785.2333: -1.804694,-3.15372,1.513651,5.5296
785.4556: -1.806913,-3.153232,1.515025,5.384625
785.6778: -1.80827,-3.151315,1.515645,5.674699
785.9: -1.811481,-3.149926,1.51591,5.68927
786.1223: -1.808793,-3.148606,1.517565,9.038039
786.3445: -1.797339,-3.151601,1.519578,19.60132
786.5667: -1.788719,-3.156558,1.52323,26.7373
786.7889: -1.787205,-3.159967,1.524588,28.89322
787.0111: -1.790408,-3.161404,1.526756,27.23829
787.2333: -1.797344,-3.160199,1.528736,22.99016
787.4556: -1.803523,-3.157176,1.53169,17.57989
787.6778: -1.807379,-3.155215,1.535554,13.62554
787.9: -1.818419,-3.155337,1.542254,5.899993
788.1223: -1.824853,-3.156501,1.543714,2.951458
788.3445: -1.829693,-3.157346,1.540276,0.8020889
788.5667: -1.836701,-3.158659,1.535265,357.4225
788.7889: -1.837007,-3.159646,1.532734,356.4277
789.0111: -1.833637,-3.160894,1.531483,357.0744
789.2333: -1.825916,-3.161524,1.532633,0.6833059
789.4556: -1.805934,-3.15934,1.529714,13.29374
789.6778: -1.788412,-3.158101,1.527462,24.21523
789.9: -1.78086,-3.155205,1.526287,29.54512
790.1223: -1.780338,-3.150644,1.525995,29.71688
790.3445: -1.781987,-3.14709,1.525396,28.39213
790.5667: -1.786736,-3.143357,1.526609,26.13701
790.7889: -1.800383,-3.139757,1.528249,19.84958
791.0111: -1.816225,-3.141167,1.529154,14.02999
791.2333: -1.832168,-3.144325,1.530018,8.15444
791.4556: -1.852149,-3.145826,1.530955,359.17
791.6778: -1.867191,-3.147211,1.530048,352.9666
791.9: -1.876885,-3.148289,1.529277,347.7968
792.1223: -1.881279,-3.148551,1.527847,343.7689
792.3445: -1.884956,-3.151523,1.527396,339.0383
792.5667: -1.887582,-3.158076,1.526404,334.4865
792.7889: -1.887987,-3.16528,1.524455,332.9463
793.0111: -1.888644,-3.172049,1.523941,333.739
793.2333: -1.886019,-3.175122,1.522653,335.1844
793.4556: -1.879641,-3.170527,1.521812,336.4115
793.6778: -1.868636,-3.160577,1.51999,335.7869
793.9: -1.860459,-3.152249,1.530425,328.2929
794.1223: -1.836463,-3.14387,1.542633,333.1408
794.3445: -1.805088,-3.139999,1.551565,348.1978
794.5667: -1.784243,-3.138618,1.552374,359.8116
794.7889: -1.771274,-3.145388,1.557011,9.154167
795.0111: -1.781249,-3.152791,1.557771,12.82663
795.2333: -1.831459,-3.156836,1.555056,8.89181
795.4556: -1.907429,-3.168938,1.54846,0.6804208
795.6778: -2.002049,-3.185755,1.533009,345.3858
795.9: -2.054128,-3.19532,1.529225,337.797
796.1223: -2.072364,-3.200808,1.52378,335.7759
796.3445: -2.060652,-3.196972,1.522122,339.7881
796.5667: -2.025302,-3.185374,1.524617,348.4965
796.7889: -1.995679,-3.173978,1.525124,354.5516
Trial Result: Fail at object:  | Time Spent: 30
Trial No.:21 Ends
Trial No.:17 Begins
User confirmed on object: Harp, this maze officially starts.
852.8889: 1.778517,-1.250783,1.506393,14.04378
853.1111: 1.779324,-1.248245,1.508145,10.90183
853.3334: 1.786309,-1.25624,1.51141,11.1035
853.5556: 1.802205,-1.262519,1.513659,15.0486
853.7778: 1.809495,-1.263906,1.511858,16.75253
854: 1.801518,-1.245436,1.503564,9.673007
854.2222: 1.782299,-1.2194,1.495171,359.8413
854.4445: 1.76171,-1.2,1.49139,347.8583
854.6667: 1.748914,-1.189402,1.494394,326.6839
854.8889: 1.761139,-1.185265,1.492332,303.875
855.1111: 1.795317,-1.169824,1.487096,292.198
855.3334: 1.817164,-1.160321,1.487702,286.4164
855.5556: 1.803119,-1.145246,1.490692,285.264
855.7778: 1.735644,-1.117589,1.4843,289.3659
856: 1.594034,-1.0946,1.457765,286.7526
856.2222: 1.380941,-1.087729,1.48128,282.5096
856.4445: 1.177863,-1.049035,1.501845,289.2747
856.6667: 0.9640014,-1.001632,1.476968,295.251
856.8889: 0.7512358,-0.9570373,1.497802,299.2019
857.1111: 0.5434247,-0.9574789,1.49987,290.7494
857.3334: 0.3138192,-0.9805199,1.471812,277.1403
857.5556: 0.1147618,-0.9944329,1.503149,261.7647
857.7778: -0.06305806,-0.9959088,1.481555,240.5095
858: -0.2265914,-0.9817708,1.488599,227.2167
858.2222: -0.4076125,-0.9881738,1.502453,215.0415
858.4445: -0.5566926,-1.041675,1.481808,206.9155
858.6667: -0.6829607,-1.144474,1.492107,199.4763
858.8889: -0.7762463,-1.252382,1.504805,190.3299
859.1111: -0.8508472,-1.405007,1.471871,181.5177
859.3334: -0.9291118,-1.627185,1.47472,173.1321
859.5556: -0.9516591,-1.837243,1.48411,167.1803
859.7778: -0.9415059,-2.057512,1.435471,165.579
860: -0.9146063,-2.250606,1.474101,151.9471
860.2222: -0.8893757,-2.433494,1.477516,132.8295
860.4445: -0.8793482,-2.618992,1.475937,119.3354
860.6667: -0.8574309,-2.773462,1.497696,110.6122
860.8889: -0.8171967,-2.867362,1.488479,92.8764
861.1111: -0.756847,-2.94671,1.480104,88.37251
861.3334: -0.7020071,-3.036501,1.492318,102.0522
861.5556: -0.7831381,-3.133585,1.500788,163.3474
861.7778: -0.9995749,-3.094002,1.481357,234.3648
862: -1.163457,-3.018361,1.483791,275.0969
862.2222: -1.349985,-3.016516,1.482375,282.9406
862.4445: -1.569802,-3.023953,1.439773,292.3897
862.6667: -1.802845,-3.008602,1.478664,303.6328
862.8889: -1.994717,-2.937307,1.475278,317.5832
863.1111: -2.191465,-2.813283,1.469134,324.3508
863.3334: -2.3749,-2.655417,1.50329,340.5555
863.5556: -2.491086,-2.513188,1.459102,353.3406
863.7778: -2.608852,-2.316942,1.481773,359.7014
864: -2.668533,-2.12298,1.480217,2.626888
864.2222: -2.687445,-1.865189,1.475347,7.375814
864.4445: -2.710657,-1.604182,1.502154,13.41386
864.6667: -2.743906,-1.327342,1.4577,15.57226
864.8889: -2.762495,-1.048907,1.498943,17.73151
865.1111: -2.746676,-0.7770182,1.474253,19.78847
865.3334: -2.705114,-0.4616698,1.496533,16.29942
865.5556: -2.700156,-0.2007253,1.491348,16.40099
865.7778: -2.685154,0.0520604,1.462601,22.52543
866: -2.623891,0.2935581,1.508829,33.11902
866.2222: -2.530915,0.5009024,1.471639,39.87453
866.4445: -2.396746,0.7219239,1.496592,39.57032
866.6667: -2.291465,0.9402156,1.50391,33.66592
866.8889: -2.187884,1.16483,1.464572,27.67114
867.1111: -2.083147,1.386933,1.503381,12.86881
867.3334: -1.992581,1.631948,1.467629,352.2375
867.5556: -1.943176,1.877164,1.495397,333.6401
867.7778: -1.958492,2.076913,1.497423,318.6075
868: -2.012269,2.253131,1.486123,308.1591
868.2222: -2.070983,2.395782,1.506876,298.3476
868.4445: -2.144883,2.521775,1.492924,290.8822
868.6667: -2.240911,2.661367,1.491807,286.1727
868.8889: -2.343411,2.761657,1.512862,280.6026
869.1111: -2.419563,2.806565,1.510981,278.1965
869.3334: -2.474073,2.812999,1.492395,280.7082
869.5556: -2.513848,2.804459,1.48957,282.0531
869.7778: -2.535949,2.816592,1.490619,279.1481
Trial Result: Success object: Stove | Time Spent: 17.23656
Trial No.:17 Ends
Trial No.:13 Begins
User confirmed on object: Telescope, this maze officially starts.
888.0778: -3.208645,0.1056631,1.519687,97.68999
888.3: -3.215118,0.1054393,1.522627,98.36539
888.5222: -3.218374,0.09676307,1.520471,98.31624
888.7444: -3.214998,0.0819165,1.518659,98.46857
888.9667: -3.210613,0.07453356,1.52083,97.54404
889.1889: -3.207177,0.0682057,1.519668,97.69286
889.4111: -3.209605,0.05589286,1.517933,102.4877
889.6334: -3.210951,0.04398059,1.516241,109.7673
889.8556: -3.208225,0.04406234,1.515623,115.4715
890.0778: -3.201852,0.05101632,1.515214,115.4625
890.3: -3.191965,0.06568346,1.509103,108.845
890.5222: -3.179601,0.08527908,1.501927,101.6327
890.7444: -3.160534,0.1128928,1.493285,91.03419
890.9667: -3.125119,0.130555,1.491988,75.89326
891.1889: -3.075505,0.1292112,1.490148,54.28217
891.4111: -3.016236,0.1044556,1.495937,32.31428
891.6334: -2.966355,0.0723016,1.498938,24.2161
891.8556: -2.913289,0.03883389,1.504122,31.13104
892.0778: -2.860826,0.01130373,1.509639,62.91135
892.3: -2.837552,-0.02709438,1.483263,125.9167
892.5222: -2.866301,-0.0542972,1.482544,162.91
892.7444: -2.857783,-0.1137977,1.472569,180.3082
892.9667: -2.847668,-0.2233739,1.485879,189.1883
893.1889: -2.826528,-0.371166,1.499539,186.7847
893.4111: -2.793787,-0.5266656,1.490866,185.8139
893.6334: -2.751058,-0.6917778,1.47612,182.4621
893.8556: -2.692395,-0.8481958,1.516663,154.1437
894.0778: -2.635945,-0.9218266,1.487574,121.9142
894.3: -2.520894,-0.9688262,1.471996,102.9107
894.5222: -2.360586,-1.006724,1.441114,102.4494
894.7444: -2.118673,-1.039423,1.466365,107.9564
894.9667: -1.881443,-1.089184,1.485126,108.2955
895.1889: -1.631486,-1.141454,1.478917,105.5291
895.4111: -1.39891,-1.179909,1.518987,113.0478
895.6334: -1.213832,-1.216499,1.486236,138.7228
895.8556: -0.981333,-1.210859,1.498322,157.1907
896.0778: -0.7357715,-1.178522,1.504339,134.2623
896.3: -0.4688044,-1.148244,1.457753,112.0885
896.5222: -0.2306492,-1.115898,1.507654,100.7462
896.7444: -0.01800694,-1.083274,1.467788,101.0386
896.9667: 0.2224713,-1.049874,1.477663,106.3439
897.1889: 0.4848188,-1.060502,1.488408,112.604
897.4111: 0.7585723,-1.104539,1.470037,113.7679
897.6334: 1.013238,-1.139536,1.504102,117.1572
897.8556: 1.268513,-1.183789,1.462317,125.644
898.0778: 1.470697,-1.253579,1.497476,134.1428
898.3: 1.613769,-1.351929,1.491836,136.1761
898.5222: 1.723495,-1.462597,1.487735,127.4503
898.7444: 1.803108,-1.522754,1.506178,123.2843
898.9667: 1.858105,-1.556808,1.499502,123.0842
Trial Result: Success object: Well | Time Spent: 11.12826
Trial No.:13 Ends
Trial No.:5 Begins
User confirmed on object: Table, this maze officially starts.
913.5445: -2.130244,2.01523,1.538028,104.4799
913.7667: -2.127639,2.011028,1.537436,98.46364
913.9889: -2.134345,2.016874,1.536844,91.06981
914.2111: -2.143222,2.01746,1.534936,91.6156
914.4333: -2.145615,2.014438,1.535516,93.85458
914.6556: -2.131251,2.01082,1.526501,93.6584
914.8778: -2.111158,2.008366,1.513811,91.3165
915.1: -2.103878,2.003917,1.507913,92.9859
915.3223: -2.105695,2.003258,1.508246,101.4955
915.5445: -2.114034,2.020356,1.506378,113.7219
915.7667: -2.117374,2.046066,1.505067,117.4134
915.9889: -2.116005,2.068076,1.504531,114.1996
916.2111: -2.108507,2.082172,1.504858,110.2505
916.4333: -2.100369,2.091287,1.504111,103.2533
916.6556: -2.096805,2.090336,1.504248,98.55944
916.8778: -2.096337,2.086112,1.504673,97.42394
917.1: -2.096001,2.073613,1.505423,103.3058
917.3223: -2.095902,2.039582,1.50661,121.8042
917.5445: -2.094329,1.981365,1.504767,145.3531
917.7667: -2.080078,1.881182,1.489772,159.1366
917.9889: -2.042657,1.742727,1.496332,160.0714
918.2111: -1.962595,1.601388,1.495388,147.5982
918.4333: -1.825532,1.458355,1.460485,119.6311
918.6556: -1.718071,1.336153,1.48131,107.9629
918.8778: -1.612116,1.209506,1.49759,100.5786
919.1: -1.488285,1.098039,1.478632,94.41904
919.3223: -1.319445,0.9802747,1.498748,94.79496
919.5445: -1.147342,0.9297209,1.507996,97.479
919.7667: -0.9557943,0.9404061,1.468444,98.0062
919.9889: -0.7686359,0.9740629,1.496353,85.46181
920.2111: -0.6012191,0.988485,1.493898,76.5611
920.4333: -0.3956053,0.958499,1.486637,85.7737
920.6556: -0.2021139,0.9315552,1.511751,97.76548
920.8778: -0.02154795,0.9267505,1.487511,101.0529
921.1: 0.1622158,0.9365698,1.471293,103.402
921.3223: 0.3615248,0.9345971,1.493461,104.9901
921.5445: 0.551636,0.925933,1.483537,107.153
921.7667: 0.7557762,0.9065878,1.480252,109.3186
921.9889: 0.9255623,0.9134033,1.5027,112.3191
922.2111: 1.076283,0.9425272,1.480018,119.7175
922.4333: 1.236975,0.9944782,1.484326,132.6273
922.6556: 1.325933,1.012259,1.492511,142.7509
922.8778: 1.37144,1.01733,1.487522,146.644
Trial Result: Success object: Bookshelf | Time Spent: 9.589947
Trial No.:5 Ends
Trial No.:2 Begins
User confirmed on object: Stove, this maze officially starts.
941.6778: -2.502662,2.992877,1.495324,274.7291
941.9: -2.500929,2.989522,1.497557,275.5437
942.1223: -2.494559,2.997854,1.503176,275.9718
942.3445: -2.480105,3.015721,1.511299,272.9534
942.5667: -2.462259,3.038092,1.515781,268.2316
942.7889: -2.432118,3.0639,1.517989,264.3267
943.0111: -2.404831,3.077701,1.520676,262.3
943.2333: -2.389292,3.089122,1.520926,263.8153
943.4556: -2.382802,3.097051,1.519417,266.5339
943.6778: -2.379793,3.103421,1.518042,268.8619
943.9: -2.379025,3.105948,1.517844,269.5269
944.1223: -2.380583,3.104865,1.516965,267.9275
944.3445: -2.392267,3.106695,1.513568,271.0408
944.5667: -2.436477,3.103571,1.506136,290.2176
944.7889: -2.493961,3.092472,1.486408,328.1163
945.0111: -2.524074,3.071883,1.476491,351.1437
945.2333: -2.517152,3.059202,1.46886,18.50841
945.4556: -2.496561,3.046077,1.474737,50.71762
945.6778: -2.49076,3.032255,1.48619,80.22728
945.9: -2.50568,3.033014,1.49228,99.25867
946.1223: -2.537014,3.040788,1.495392,122.5597
946.3445: -2.565528,3.055413,1.488692,136.516
946.5667: -2.566886,3.056001,1.484555,143.4383
946.7889: -2.539718,3.037062,1.489847,153.7316
947.0111: -2.478637,3.01355,1.483658,152.3109
947.2333: -2.402115,2.993264,1.486986,149.817
947.4556: -2.321663,2.981101,1.491504,144.8736
947.6778: -2.224609,2.979088,1.481287,140.6197
947.9: -2.134347,2.975327,1.483603,144.9125
948.1223: -2.053697,2.920536,1.479867,155.3531
948.3445: -2.01788,2.814468,1.463044,164.8309
948.5667: -2.014125,2.632118,1.468903,177.2864
948.7889: -2.001941,2.436618,1.497265,188.1372
949.0111: -1.970402,2.283797,1.474206,193.0108
949.2333: -1.922651,2.108539,1.479848,200.162
949.4556: -1.900881,1.955862,1.500467,207.7479
949.6778: -1.883537,1.808505,1.48034,203.3201
949.9: -1.833945,1.611821,1.479065,168.9545
950.1223: -1.74776,1.464307,1.497877,129.2466
950.3445: -1.646942,1.345936,1.466703,110.5966
950.5667: -1.515903,1.236022,1.476185,112.3102
950.7889: -1.370277,1.12462,1.495012,116.0017
951.0111: -1.171891,1.031135,1.464129,111.5329
951.2333: -0.9628161,0.9630384,1.497625,104.3518
951.4556: -0.7714829,0.9318178,1.49277,101.1615
951.6778: -0.5843674,0.9039651,1.467953,101.5588
951.9: -0.3947999,0.8484789,1.504451,104.2433
952.1223: -0.2574072,0.7350397,1.496852,116.1787
952.3445: -0.1841305,0.5466857,1.484026,143.7749
952.5667: -0.1233145,0.3780423,1.495883,162.7335
952.7889: -0.0664687,0.2231346,1.474263,173.6132
953.0111: -0.01852102,0.03617698,1.485259,191.5802
953.2333: -0.02392932,-0.1001142,1.487162,211.6658
953.4556: -0.03955013,-0.2820449,1.459795,212.0428
953.6778: -0.02376696,-0.4690287,1.480741,184.2066
953.9: 0.0425686,-0.6142506,1.484943,135.0721
954.1223: 0.08556347,-0.7106169,1.465387,104.3893
954.3445: 0.1095274,-0.8075796,1.483733,91.51897
954.5667: 0.1094495,-0.8859165,1.491126,89.36259
954.7889: 0.0936756,-0.9450661,1.493463,91.45461
955.0111: 0.06471601,-1.00963,1.493755,121.6581
955.2333: -0.02523618,-1.055333,1.479714,177.3148
955.4556: -0.1668912,-1.013415,1.470541,223.084
955.6778: -0.2525334,-0.9821112,1.488892,240.4041
955.9: -0.3001205,-0.9660146,1.500926,258.0576
956.1223: -0.2642301,-0.968622,1.507323,263.2018
956.3445: -0.1212677,-1.005908,1.488208,222.4711
956.5667: 0.1193389,-1.007981,1.482884,160.1702
956.7889: 0.3183608,-0.9686007,1.502859,119.4505
957.0111: 0.5241526,-0.989089,1.474255,110.5859
957.2333: 0.7327765,-1.05812,1.483601,118.3609
957.4556: 0.9211033,-1.085447,1.504399,122.9957
957.6778: 1.083889,-1.091848,1.476207,122.2162
957.9: 1.246749,-1.089952,1.486008,109.5346
958.1223: 1.376111,-1.094466,1.490348,88.11726
958.3445: 1.467823,-1.113403,1.487638,57.40633
958.5667: 1.527303,-1.143844,1.502408,28.52456
958.7889: 1.538306,-1.156955,1.502013,5.973323
959.0111: 1.44381,-1.146446,1.491962,323.5096
959.2333: 1.27786,-1.129988,1.477531,293.6771
959.4556: 1.094066,-1.085226,1.482495,293.4737
959.6778: 0.9477553,-1.041393,1.506506,294.4355
959.9: 0.7946966,-0.9897939,1.467135,298.3493
960.1223: 0.6091806,-0.8981025,1.475669,308.6555
960.3445: 0.4497432,-0.8440255,1.486357,315.8152
960.5667: 0.302108,-0.7732295,1.470956,321.2618
960.7889: 0.1812953,-0.6805602,1.491433,324.5469
961.0111: 0.09988089,-0.5498623,1.48743,320.1261
961.2333: 0.05996499,-0.4218076,1.502,308.4948
Trial Result: Success object: Wheelbarrow | Time Spent: 19.81083
Trial No.:2 Ends
Trial No.:4 Begins
User confirmed on object: Piano, this maze officially starts.
980.3112: 1.791766,3.32843,1.51152,190.3349
980.5334: 1.794422,3.33657,1.517935,188.8831
980.7556: 1.785867,3.346898,1.524246,192.0571
980.9778: 1.778948,3.358073,1.528421,193.7999
981.2: 1.763835,3.360553,1.526946,195.9407
981.4222: 1.743458,3.36535,1.526239,200.0486
981.6445: 1.730479,3.369524,1.521513,202.6976
981.8667: 1.728442,3.356149,1.511357,197.9077
982.0889: 1.737045,3.33825,1.499765,186.5853
982.3112: 1.757195,3.331863,1.493886,169.2326
982.5334: 1.788255,3.339616,1.489531,141.8301
982.7556: 1.809875,3.364833,1.486014,111.7203
982.9778: 1.814004,3.394988,1.484998,84.21828
983.2: 1.812984,3.394875,1.482686,78.08271
983.4222: 1.826478,3.331034,1.488905,109.095
983.6445: 1.809951,3.236377,1.484842,158.7778
983.8667: 1.765446,3.179259,1.491648,208.756
984.0889: 1.743181,3.194036,1.484952,269.0419
984.3112: 1.739059,3.16643,1.477793,281.5231
984.5334: 1.668146,3.153918,1.470161,289.3199
984.7556: 1.542913,3.167283,1.465908,279.1249
984.9778: 1.39303,3.194311,1.485798,266.4873
985.2: 1.242455,3.203177,1.495547,257.6724
985.4222: 1.063425,3.194166,1.467645,259.2971
985.6445: 0.8392805,3.170962,1.507918,264.3938
985.8667: 0.648876,3.157888,1.491288,264.4421
986.0889: 0.4375849,3.163272,1.481623,263.0175
986.3112: 0.1940299,3.150634,1.511807,264.3094
986.5334: -0.04660553,3.131946,1.452906,266.3139
986.7556: -0.2768092,3.116797,1.492629,266.095
986.9778: -0.5066968,3.123283,1.494716,264.3063
987.2: -0.7523087,3.147012,1.476759,260.9121
987.4222: -0.9599209,3.13794,1.510277,255.4906
987.6445: -1.138804,3.107833,1.476572,254.8684
987.8667: -1.307609,3.028568,1.493974,247.0109
988.0889: -1.445708,2.931902,1.505815,220.3203
988.3112: -1.568146,2.844258,1.483411,198.47
988.5334: -1.691464,2.73371,1.499922,179.5224
988.7556: -1.772659,2.607249,1.488451,163.961
988.9778: -1.809943,2.452096,1.466944,159.8137
989.2: -1.849043,2.285066,1.488503,169.1217
989.4222: -1.901342,2.130956,1.491363,182.2511
989.6445: -1.963304,1.95091,1.482658,192.6635
989.8667: -2.018368,1.763879,1.498944,198.685
990.0889: -2.050045,1.563681,1.49406,196.0302
990.3112: -2.029293,1.414986,1.496951,173.4421
990.5334: -1.977773,1.293314,1.503152,133.0802
990.7556: -1.903678,1.173493,1.488217,115.7385
990.9778: -1.75014,1.061668,1.488998,110.3971
991.2: -1.523885,1.02411,1.45245,103.0125
991.4222: -1.232649,1.021922,1.467093,98.19939
991.6445: -0.945026,0.9751294,1.490352,100.9039
991.8667: -0.685809,0.9104568,1.477112,89.83551
992.0889: -0.4950897,0.8473766,1.515422,95.4426
992.3112: -0.3059177,0.6992244,1.474726,132.3978
992.5334: -0.1770294,0.5202137,1.511477,173.8999
992.7556: -0.1007314,0.3527659,1.49236,184.5164
992.9778: -0.06870873,0.1410949,1.484738,187.7795
993.2: -0.03715025,-0.03338657,1.503821,185.924
993.4222: -0.01741278,-0.228507,1.474407,189.7212
993.6445: -0.02300519,-0.4214457,1.49026,201.1918
993.8667: -0.0008572713,-0.6010857,1.488348,172.5486
994.0889: 0.03882669,-0.741962,1.475111,120.8305
994.3112: 0.05973801,-0.8680487,1.497778,101.4618
994.5334: 0.1120194,-0.9425901,1.489277,88.92293
994.7556: 0.231353,-0.9910089,1.468809,81.09065
994.9778: 0.4126523,-1.005872,1.471523,75.07358
995.2: 0.5791818,-1.004665,1.492443,70.6778
995.4222: 0.7672434,-1.009503,1.464612,62.77334
995.6445: 0.9908432,-1.020967,1.485231,49.73697
995.8667: 1.123847,-1.007835,1.506959,42.89064
Trial Result: Success object: Harp | Time Spent: 15.95443
Trial No.:4 Ends
Trial No.:8 Begins
User confirmed on object: Plant, this maze officially starts.
1009.933: -2.427051,-2.201872,1.519841,299.1603
1010.156: -2.433868,-2.197259,1.521222,298.6988
1010.378: -2.438378,-2.184276,1.520455,298.0283
1010.6: -2.43779,-2.173258,1.524614,297.1426
1010.822: -2.436313,-2.165172,1.52655,296.0761
1011.044: -2.424642,-2.158138,1.530037,302.0833
1011.267: -2.415771,-2.155776,1.528183,312.565
1011.489: -2.428541,-2.165192,1.52205,308.702
1011.711: -2.460038,-2.186554,1.509902,294.1031
1011.933: -2.489537,-2.222522,1.495436,276.0766
1012.156: -2.515363,-2.266394,1.495736,234.1191
1012.378: -2.515094,-2.252394,1.49016,190.2895
1012.6: -2.531601,-2.212938,1.48666,165.4857
1012.822: -2.545044,-2.210107,1.480076,151.3998
1013.044: -2.553684,-2.255073,1.475643,135.1949
1013.267: -2.544757,-2.351254,1.461386,133.343
1013.489: -2.523278,-2.450052,1.477565,129.3148
1013.711: -2.516569,-2.567088,1.47236,120.493
1013.933: -2.519205,-2.702087,1.472506,104.2586
1014.156: -2.506468,-2.835917,1.491061,83.25322
1014.378: -2.449767,-2.916519,1.487124,77.44637
1014.6: -2.332496,-2.965021,1.463651,79.95756
1014.822: -2.181708,-2.987182,1.46651,84.40606
1015.044: -2.014255,-3.021546,1.487198,93.00678
1015.267: -1.859092,-3.055388,1.483133,93.9057
1015.489: -1.690023,-3.086411,1.475003,85.79834
1015.711: -1.530963,-3.083697,1.496601,70.78501
1015.933: -1.396011,-3.061715,1.483974,66.58322
1016.156: -1.210938,-3.028176,1.488844,79.24043
1016.378: -1.072471,-3.01817,1.495946,89.68025
1016.6: -0.9409274,-3.03004,1.481663,89.18541
1016.822: -0.8232008,-3.054436,1.483376,81.44261
1017.044: -0.6680511,-3.088564,1.495514,79.3278
1017.267: -0.4746007,-3.111328,1.473478,83.96149
1017.489: -0.2322931,-3.106455,1.458831,86.12237
1017.711: 0.03111847,-3.104701,1.485994,84.69734
1017.933: 0.3072851,-3.10772,1.452499,78.9968
1018.156: 0.6184148,-3.097082,1.483935,70.13367
1018.378: 0.8308563,-3.052198,1.474165,59.31166
1018.6: 1.034548,-2.990129,1.467668,53.31429
1018.822: 1.206452,-2.938211,1.485843,46.34259
1019.044: 1.395376,-2.852855,1.465795,33.28128
1019.267: 1.564426,-2.730909,1.482799,19.59926
1019.489: 1.669505,-2.572882,1.469545,7.291358
1019.711: 1.725689,-2.361239,1.440651,2.509429
1019.933: 1.755487,-2.14042,1.48215,2.358567
1020.156: 1.789702,-1.907017,1.458279,0.899496
1020.378: 1.831487,-1.689174,1.476508,356.2145
1020.6: 1.834952,-1.529152,1.491873,353.3183
1020.822: 1.81783,-1.396727,1.467735,354.5711
1021.044: 1.781702,-1.267944,1.474349,358.0159
Trial Result: Success object: Harp | Time Spent: 11.49542
Trial No.:8 Ends
Trial No.:14 Begins
User confirmed on object: Telescope, this maze officially starts.
1034.333: -2.938584,0.1800349,1.510896,105.0571
1034.556: -2.945297,0.1830581,1.519412,107.8609
1034.778: -2.982013,0.1645947,1.523314,108.3247
1035: -3.038254,0.1341776,1.52446,107.1484
1035.222: -3.085848,0.1035761,1.526618,107.0955
1035.444: -3.121683,0.07650848,1.526482,106.7104
1035.667: -3.135653,0.06252268,1.51855,104.6779
1035.889: -3.140954,0.06036848,1.512314,104.0323
1036.111: -3.139303,0.06474972,1.507316,101.4172
1036.333: -3.129535,0.05669569,1.505377,107.2261
1036.556: -3.106734,0.03979629,1.503618,132.1953
1036.778: -3.06642,0.04941489,1.49856,149.2858
1037: -3.03471,0.06347212,1.491822,169.6312
1037.222: -3.016725,0.08043415,1.48868,182.3215
1037.444: -2.991647,0.0925865,1.491349,179.3598
1037.667: -2.976827,0.08197327,1.491834,170.9501
1037.889: -2.980249,0.02399495,1.491433,169.6266
1038.111: -3.001923,-0.07399745,1.482948,172.2655
1038.333: -3.026375,-0.1948838,1.490871,177.2918
1038.556: -3.005719,-0.3379924,1.499608,180.1071
1038.778: -2.934032,-0.4788298,1.478395,184.4354
1039: -2.80648,-0.6162885,1.488433,177.2516
1039.222: -2.699071,-0.7122324,1.499809,158.0963
1039.444: -2.561074,-0.8077452,1.486928,124.1464
1039.667: -2.41899,-0.9233919,1.487342,102.993
1039.889: -2.259504,-1.015269,1.502692,96.48629
1040.111: -2.078263,-1.059422,1.468514,97.95234
1040.333: -1.867351,-1.074758,1.478293,109.9611
1040.556: -1.667251,-1.116968,1.500201,128.5107
1040.778: -1.479485,-1.157291,1.476199,136.9724
1041: -1.301964,-1.195613,1.496368,149.3059
1041.222: -1.170662,-1.207157,1.490464,167.6432
1041.444: -1.003577,-1.19169,1.483728,171.766
1041.667: -0.8040564,-1.158449,1.493125,144.6097
1041.889: -0.6264812,-1.039588,1.497244,58.18406
1042.111: -0.5346746,-1.000259,1.49671,9.127513
1042.333: -0.3921474,-0.9788008,1.496309,7.54887
1042.556: -0.2350121,-0.9396228,1.467873,0.9114496
1042.778: -0.1238677,-0.8879031,1.479396,351.2911
1043: -0.02604258,-0.8327427,1.493701,347.3727
1043.222: 0.02396969,-0.7994817,1.486464,339.3689
1043.444: 0.04483265,-0.7566509,1.481089,330.063
1043.667: 0.0342546,-0.6946456,1.463699,327.1762
1043.889: 0.004542332,-0.6290771,1.469946,325.4378
Trial Result: Success object: Wheelbarrow | Time Spent: 9.861408
Trial No.:14 Ends
