Participant ID: 430
Maze Mode: testing
Trial No.:11 Begins
User confirmed on object: Trashcan, this maze officially starts.
40.92222: 2.637658,1.057086,1.545169,91.01165
41.14444: 2.650473,1.068848,1.558598,89.13027
41.36667: 2.652658,1.079712,1.574258,85.39984
41.58889: 2.644094,1.08259,1.583858,85.51624
41.81111: 2.634596,1.079666,1.587634,90.48788
42.03333: 2.628273,1.082992,1.587291,95.5569
42.25556: 2.623501,1.096111,1.5865,94.33891
42.47778: 2.624739,1.109977,1.585799,93.04881
42.7: 2.628411,1.119623,1.584788,92.66593
42.92222: 2.629345,1.121498,1.584836,92.4539
43.14444: 2.633892,1.117799,1.583109,93.11513
43.36667: 2.63969,1.114713,1.582752,92.79957
43.58889: 2.646052,1.112036,1.582612,93.39412
43.81111: 2.651944,1.108899,1.582024,93.94926
44.03333: 2.656271,1.10853,1.581337,90.35651
44.25556: 2.65668,1.109496,1.58036,87.73467
44.47778: 2.658149,1.111671,1.579664,85.30579
44.7: 2.661116,1.1116,1.579468,84.51195
44.92222: 2.66454,1.11165,1.578807,84.93617
45.14444: 2.666984,1.112514,1.576653,85.03592
45.36667: 2.667592,1.110084,1.57397,85.49983
45.58889: 2.665185,1.106468,1.571408,86.05034
45.81111: 2.663419,1.102156,1.568477,88.06741
46.03333: 2.659178,1.100939,1.569727,88.09544
46.25556: 2.654892,1.09612,1.56714,89.23619
46.47778: 2.65284,1.084778,1.54764,95.33701
46.7: 2.65384,1.080057,1.542995,97.98457
Trial Result: Fail at object: Trashcan | Time Spent: 6.152447
Trial No.:11 Ends
Trial No.:7 Begins
User confirmed on object: Plant, this maze officially starts.
79.63333: -2.605984,-2.165326,1.543733,276.8485
79.85556: -2.58065,-2.184753,1.546007,279.579
80.07778: -2.532461,-2.213863,1.542335,285.4624
80.3: -2.488519,-2.248882,1.531836,287.7588
80.52222: -2.470382,-2.238112,1.517137,290.9302
80.74445: -2.464546,-2.162485,1.506414,318.0518
80.96667: -2.44246,-2.069387,1.50212,352.4113
81.18889: -2.430116,-1.978145,1.498377,14.19908
81.41111: -2.452013,-1.911467,1.502396,16.98513
81.63334: -2.504581,-1.826458,1.502552,13.99345
81.85556: -2.583698,-1.716779,1.498163,14.04231
82.07778: -2.654361,-1.586752,1.499204,11.37598
82.3: -2.677769,-1.405001,1.486069,8.578278
82.52222: -2.628878,-1.22285,1.488888,19.61695
82.74445: -2.552001,-1.095427,1.511207,62.95353
82.96667: -2.547215,-0.9832441,1.501388,79.65907
83.18889: -2.584593,-0.7866677,1.484231,62.56798
83.41111: -2.650097,-0.5782913,1.496176,33.81485
83.63334: -2.691308,-0.3935758,1.487656,21.10522
83.85556: -2.689355,-0.1856014,1.465374,19.28338
84.07778: -2.655791,0.02606461,1.496163,26.91398
84.3: -2.603929,0.2645516,1.486341,40.9735
84.52222: -2.548744,0.4585512,1.484123,60.15451
84.74445: -2.479333,0.6146947,1.505417,70.93654
84.96667: -2.408656,0.725009,1.491048,70.8163
85.18889: -2.294946,0.8551918,1.49671,57.69312
85.41111: -2.18492,0.9600353,1.504107,54.92061
85.63334: -2.055988,1.049939,1.49615,63.11056
85.85556: -1.908407,1.121821,1.503475,82.8531
86.07778: -1.750684,1.152215,1.500792,94.21619
86.3: -1.548427,1.132305,1.498998,95.28829
86.52222: -1.364336,1.121437,1.515697,83.40972
86.74445: -1.178786,1.129202,1.501843,77.20441
86.96667: -1.007858,1.155046,1.498061,75.05321
87.18889: -0.8335642,1.189506,1.522319,70.13432
87.41111: -0.6653622,1.222993,1.511599,63.97372
87.63334: -0.4939319,1.252213,1.505536,55.57409
87.85556: -0.325419,1.266096,1.52268,72.92422
88.07778: -0.2077705,1.306965,1.525074,94.62015
88.3: -0.1136597,1.417984,1.514728,102.83
88.52222: -0.05393449,1.563192,1.525815,90.10699
88.74445: -0.0297956,1.72402,1.515139,48.39502
88.96667: -0.01103442,1.853483,1.498631,27.6398
89.18889: 0.03983022,1.997081,1.4978,21.45205
89.41111: 0.08784342,2.152427,1.520098,20.98652
89.63334: 0.1181596,2.300784,1.516015,25.33484
89.85556: 0.1396903,2.462121,1.502428,38.65583
90.07778: 0.1764116,2.609779,1.522662,63.29529
90.3: 0.2353946,2.73919,1.519028,94.42202
90.52222: 0.3110214,2.851005,1.505661,95.87464
90.74445: 0.4089319,2.956964,1.521112,99.9132
90.96667: 0.4903108,3.023799,1.532522,118.6237
91.18889: 0.5177134,3.05449,1.533836,161.5266
91.41111: 0.5097704,3.128677,1.533458,214.5834
91.63334: 0.5197539,3.185649,1.529719,242.3798
91.85556: 0.5249648,3.215367,1.528209,257.0179
92.07778: 0.54171,3.215557,1.528302,257.5307
92.3: 0.6279279,3.146249,1.526888,202.8773
92.52222: 0.7920183,3.125739,1.513403,133.6517
92.74445: 0.8873691,3.099887,1.528407,97.79822
92.96667: 0.9621089,3.049996,1.533423,83.38668
93.18889: 1.050753,3.003277,1.534095,85.82001
93.41111: 1.188877,2.975846,1.523259,92.8621
93.63334: 1.361218,2.976879,1.530897,98.01106
93.85556: 1.527836,2.97409,1.540972,106.532
94.07778: 1.698483,2.949203,1.526419,116.1637
94.3: 1.879333,2.896289,1.536673,125.8612
94.52222: 2.06522,2.842041,1.546823,136.3488
94.74445: 2.225993,2.787728,1.527485,147.4288
94.96667: 2.381303,2.728419,1.543376,152.8121
95.18889: 2.481276,2.619604,1.532296,157.8512
95.41111: 2.560916,2.453855,1.52502,159.8565
95.63334: 2.631114,2.274303,1.552727,157.0373
95.85556: 2.698205,2.099386,1.542361,154.0018
96.07778: 2.767978,1.921835,1.541164,154.8841
96.3: 2.814804,1.767118,1.553922,152.8336
96.52222: 2.836266,1.588426,1.547217,146.524
96.74445: 2.840045,1.428704,1.556887,133.0519
Trial Result: Success object: Trashcan | Time Spent: 17.45824
Trial No.:7 Ends
Trial No.:18 Begins
User confirmed on object: Harp, this maze officially starts.
109.9111: 1.710866,-1.156848,1.566813,14.44434
110.1333: 1.7112,-1.185747,1.573099,4.329658
110.3556: 1.732584,-1.221936,1.571342,357.7133
110.5778: 1.75876,-1.250945,1.566636,352.6173
110.8: 1.789242,-1.276371,1.563394,3.931879
111.0222: 1.815064,-1.292865,1.559459,24.77456
111.2444: 1.838103,-1.307049,1.547049,29.73976
111.4667: 1.886291,-1.317998,1.544975,28.74109
111.6889: 1.975478,-1.321212,1.540322,26.9577
111.9111: 2.067533,-1.305067,1.537728,22.6995
112.1333: 2.138642,-1.259979,1.538491,20.18769
112.3556: 2.212982,-1.163309,1.524178,23.1845
112.5778: 2.277719,-1.028378,1.53117,24.67799
112.8: 2.353265,-0.8709087,1.543386,19.79096
113.0222: 2.421758,-0.7454404,1.523702,3.256337
113.2444: 2.513463,-0.6042674,1.531973,352.42
113.4667: 2.556538,-0.4594841,1.533574,346.8816
113.6889: 2.558589,-0.2613462,1.50266,342.1728
113.9111: 2.521639,-0.04653182,1.523326,338.9659
114.1333: 2.49103,0.1441236,1.53134,333.2356
114.3556: 2.456736,0.3436767,1.513236,320.3349
114.5778: 2.404603,0.5420712,1.54904,306.6572
114.8: 2.283003,0.6846949,1.538122,281.8943
115.0222: 2.115072,0.7844085,1.513247,277.5872
115.2444: 1.926329,0.8484802,1.543052,275.4734
115.4667: 1.738968,0.9004405,1.519337,274.4846
115.6889: 1.522246,0.9595209,1.520122,272.4153
115.9111: 1.291328,0.9783279,1.53365,267.1313
116.1333: 1.051464,0.9642268,1.499184,261.6064
116.3556: 0.8118416,0.9575949,1.527743,263.9035
116.5778: 0.5813378,0.9790731,1.510821,268.8763
116.8: 0.3040634,1.025187,1.51725,270.9384
117.0222: 0.09264208,1.039865,1.531386,269.0653
117.2444: -0.1442831,1.044909,1.494379,264.9458
117.4667: -0.3771035,1.048093,1.527277,265.9975
117.6889: -0.5804982,1.067458,1.508569,268.7381
117.9111: -0.8086072,1.092213,1.505513,263.7934
118.1333: -1.020425,1.085568,1.521271,255.7043
118.3556: -1.23069,1.066241,1.489213,254.3951
118.5778: -1.437326,1.037606,1.512056,257.9639
118.8: -1.643676,1.012919,1.504612,258.0384
119.0222: -1.844973,0.9789487,1.499577,234.5196
119.2444: -2.013838,0.9222529,1.515778,209.5508
119.4667: -2.17385,0.8401088,1.487394,200.4723
119.6889: -2.296556,0.7277199,1.494916,195.5962
119.9111: -2.414578,0.609468,1.50209,181.1234
120.1333: -2.538175,0.4895247,1.479656,164.2384
120.3556: -2.642363,0.3719284,1.505384,148.3345
120.5778: -2.682848,0.2800543,1.505387,128.7098
120.8: -2.693488,0.2108479,1.501303,118.0654
121.0222: -2.69262,0.135928,1.504659,108.2031
121.2444: -2.698535,0.08030465,1.511969,99.71494
Trial Result: Success object: Telescope | Time Spent: 11.57952
Trial No.:18 Ends
Trial No.:22 Begins
User confirmed on object: Mailbox, this maze officially starts.
138.6445: -1.809865,-3.135831,1.54005,356.5465
138.8667: -1.827513,-3.129995,1.54891,357.7258
139.0889: -1.825929,-3.130884,1.552149,1.828284
139.3111: -1.798458,-3.145467,1.55339,0.2767968
139.5333: -1.763408,-3.175174,1.54791,354.4801
139.7556: -1.747873,-3.209782,1.53289,344.7868
139.9778: -1.771842,-3.243198,1.523707,323.4405
140.2: -1.789904,-3.264129,1.526766,317.3699
140.4222: -1.811023,-3.270748,1.518345,310.4359
140.6445: -1.862965,-3.257885,1.5093,307.1791
140.8667: -1.962037,-3.221601,1.5014,313.7458
141.0889: -2.062705,-3.161985,1.504816,331.3304
141.3111: -2.15976,-3.066392,1.498467,341.9997
141.5333: -2.241465,-2.941048,1.491452,346.9668
141.7556: -2.321452,-2.808757,1.504457,349.8469
141.9778: -2.398296,-2.696548,1.500671,350.6977
142.2: -2.503432,-2.550614,1.483533,357.256
142.4222: -2.595008,-2.39843,1.501621,5.356481
142.6445: -2.648352,-2.228427,1.483474,7.939786
142.8667: -2.65061,-2.029373,1.486056,16.08048
143.0889: -2.642246,-1.83792,1.501062,26.6639
143.3111: -2.607744,-1.621158,1.482894,46.70641
143.5333: -2.552212,-1.46556,1.5034,60.94101
143.7556: -2.43877,-1.33436,1.482447,71.14738
143.9778: -2.280196,-1.240013,1.494889,78.80262
144.2: -2.123705,-1.15644,1.510206,82.73279
144.4222: -1.941424,-1.070262,1.493153,84.77096
144.6445: -1.744675,-0.9938164,1.503656,91.99966
144.8667: -1.540256,-0.958102,1.509229,94.17982
145.0889: -1.324268,-0.9671528,1.494496,94.34858
145.3111: -1.070167,-0.9721729,1.528401,93.94892
145.5333: -0.8661529,-0.9521793,1.501329,93.19408
145.7556: -0.6353045,-0.9194227,1.514307,94.63295
145.9778: -0.4214206,-0.9157606,1.522541,94.1702
146.2: -0.2257242,-0.9286082,1.505167,87.58357
146.4222: -0.0117344,-0.9506781,1.535823,85.45519
146.6445: 0.1931678,-0.9645525,1.523223,87.97667
146.8667: 0.406031,-0.9625654,1.525165,97.13865
147.0889: 0.598073,-0.9607774,1.540127,100.7142
147.3111: 0.8025162,-0.956821,1.514095,88.22897
147.5333: 1.034908,-0.9668196,1.536374,76.78569
147.7556: 1.239542,-0.9490242,1.53922,72.69788
147.9778: 1.380134,-0.9108651,1.518982,60.72428
148.2: 1.406013,-0.8963133,1.547713,24.94462
148.4222: 1.358007,-0.9444097,1.539568,329.3259
148.6445: 1.305201,-0.9924699,1.538919,304.5398
148.8667: 1.200683,-1.023709,1.528877,298.7917
149.0889: 1.036917,-1.051368,1.522531,302.8797
149.3111: 0.8672698,-1.037457,1.529121,309.9057
149.5333: 0.6697977,-0.9445071,1.497285,321.6449
149.7556: 0.4960419,-0.8281254,1.514454,322.7667
149.9778: 0.3536904,-0.7344205,1.523687,329.2242
150.2: 0.2387525,-0.6541466,1.505319,341.2501
150.4222: 0.1231907,-0.5418336,1.525609,358.7997
150.6445: 0.04295638,-0.3933466,1.504892,9.713221
150.8667: -0.0006333236,-0.19409,1.503385,16.81202
151.0889: -0.02287752,0.001648623,1.518132,24.97526
151.3111: -0.02835515,0.1862326,1.504277,35.45564
151.5333: -0.001003169,0.3776671,1.521716,58.96104
151.7556: 0.06890656,0.5224797,1.511901,73.71734
151.9778: 0.1869006,0.6483334,1.519018,81.71066
152.2: 0.2699114,0.7354429,1.528861,91.67228
152.4222: 0.3821641,0.8548832,1.519552,97.83196
152.6445: 0.5129272,0.9799863,1.518046,106.9461
152.8667: 0.6543128,1.068321,1.52635,114.8419
153.0889: 0.8148961,1.101247,1.510341,121.9698
153.3111: 0.9968463,1.101576,1.5291,126.6994
153.5333: 1.209361,1.106532,1.538003,134.5368
Trial Result: Success object: Bookshelf | Time Spent: 15.27813
Trial No.:22 Ends
Trial No.:17 Begins
User confirmed on object: Harp, this maze officially starts.
163.9889: 1.737323,-1.041754,1.555356,2.993256
164.2111: 1.735609,-1.043187,1.555142,3.837896
164.4333: 1.750625,-1.075194,1.565681,0.9045523
164.6556: 1.778067,-1.131257,1.563074,357.7592
164.8778: 1.794779,-1.173791,1.56971,357.4244
165.1: 1.778452,-1.201661,1.569755,352.2298
165.3222: 1.746098,-1.215026,1.569618,344.4494
165.5444: 1.730422,-1.220621,1.572273,344.0896
165.7667: 1.724557,-1.207112,1.561271,351.7136
165.9889: 1.754276,-1.188775,1.548573,26.2969
166.2111: 1.773451,-1.196961,1.552503,46.00989
166.4333: 1.792718,-1.198383,1.560232,39.57465
166.6556: 1.766587,-1.20674,1.569743,351.5507
166.8778: 1.805681,-1.217449,1.566981,350.9473
167.1: 1.895001,-1.203828,1.547788,12.17094
167.3222: 1.97933,-1.179674,1.542569,27.58696
167.5444: 2.047406,-1.121036,1.532608,28.12366
167.7667: 2.12983,-1.019818,1.528553,29.97603
167.9889: 2.217295,-0.9232135,1.53392,29.88268
168.2111: 2.315724,-0.829423,1.529845,23.91126
168.4333: 2.425134,-0.7398375,1.530544,11.57409
168.6556: 2.498552,-0.6349316,1.545342,0.9718194
168.8778: 2.54191,-0.4737951,1.522228,355.4193
169.1: 2.538307,-0.2646447,1.528324,350.039
169.3222: 2.524053,-0.06017402,1.542781,343.508
169.5444: 2.52078,0.1551869,1.516829,335.553
169.7667: 2.492169,0.3963693,1.54231,316.3784
169.9889: 2.421355,0.5505503,1.536355,302.6261
170.2111: 2.297989,0.6813121,1.516032,293.2827
170.4333: 2.153427,0.786115,1.534585,287.1212
170.6556: 2.014171,0.8695335,1.519378,285.2142
170.8778: 1.834287,0.9679489,1.52509,286.6012
171.1: 1.638536,1.015932,1.539909,284.6388
171.3222: 1.437479,1.020926,1.512865,285.0888
171.5444: 1.233666,1.010292,1.529654,290.0898
171.7667: 1.031954,1.031444,1.520916,297.6154
171.9889: 0.8274565,1.09643,1.516443,303.1682
172.2111: 0.6418886,1.160247,1.524991,309.0651
172.4333: 0.4600757,1.2208,1.504053,317.4781
172.6556: 0.3063056,1.291982,1.512703,331.6032
172.8778: 0.1824664,1.405642,1.512399,343.6013
173.1: 0.1105785,1.569397,1.491343,348.4466
173.3222: 0.05719814,1.759524,1.514706,341.9789
173.5444: 0.00328627,1.956825,1.507725,334.1136
173.7667: -0.06416501,2.172361,1.496979,328.1342
173.9889: -0.1420443,2.401395,1.518644,312.4996
174.2111: -0.1956856,2.565933,1.490365,296.5848
174.4333: -0.2693547,2.726674,1.522861,282.2361
174.6556: -0.3804863,2.822739,1.513959,276.805
174.8778: -0.5496045,2.896052,1.503241,277.8907
175.1: -0.7373213,2.94073,1.517077,271.001
175.3222: -0.9349167,2.988721,1.493625,264.7046
175.5444: -1.140981,3.048602,1.505658,265.4985
175.7667: -1.350795,3.08141,1.511342,267.11
175.9889: -1.602289,3.091707,1.4849,270.0482
176.2111: -1.823807,3.09381,1.514182,271.9416
176.4333: -2.036611,3.107404,1.483287,272.4918
176.6556: -2.212537,3.119685,1.489155,271.1544
176.8778: -2.397259,3.109679,1.502569,269.6335
177.1: -2.552721,3.082347,1.480673,270.7741
177.3222: -2.664621,3.046723,1.498987,275.6068
Trial Result: Success object: Stove | Time Spent: 13.75523
Trial No.:17 Ends
Trial No.:1 Begins
User confirmed on object: Stove, this maze officially starts.
194.3111: -2.595073,2.989381,1.520669,271.673
194.5333: -2.591209,2.984136,1.52353,269.7582
194.7556: -2.590635,2.979435,1.527367,269.2128
194.9778: -2.588929,2.990931,1.532566,276.2321
195.2: -2.587061,2.992691,1.530087,279.6954
195.4222: -2.588764,2.990228,1.526224,273.8552
195.6445: -2.586538,2.976301,1.516916,254.6239
195.8667: -2.544891,2.930403,1.499754,212.6827
196.0889: -2.443626,2.903747,1.487252,171.2436
196.3111: -2.317174,2.87328,1.487326,150.514
196.5333: -2.22899,2.828475,1.489506,144.4662
196.7556: -2.173479,2.750777,1.482078,143.6098
196.9778: -2.148083,2.625729,1.469107,154.6389
197.2: -2.142169,2.435814,1.485384,176.4289
197.4222: -2.118151,2.254691,1.488726,185.1902
197.6445: -2.084689,2.065464,1.471053,194.5009
197.8667: -2.085955,1.869922,1.497701,204.8382
198.0889: -2.144213,1.688249,1.473992,209.086
198.3111: -2.27071,1.46855,1.492769,203.8562
198.5333: -2.376316,1.277947,1.49809,201.2216
198.7556: -2.446972,1.075857,1.478024,189.6531
198.9778: -2.504648,0.8978896,1.505292,173.763
199.2: -2.578385,0.7395241,1.481511,170.3587
199.4222: -2.674938,0.5502635,1.491851,168.0321
199.6445: -2.735053,0.3564333,1.499924,167.9553
199.8667: -2.755852,0.1470728,1.477103,173.5146
200.0889: -2.755171,-0.06806846,1.505538,177.5634
200.3111: -2.760163,-0.303281,1.483136,179.4117
200.5333: -2.767557,-0.5319605,1.501364,177.6476
200.7556: -2.740364,-0.7451016,1.505917,170.8446
200.9778: -2.696006,-0.9484656,1.485644,168.4268
201.2: -2.64215,-1.08138,1.511816,148.4439
201.4222: -2.589,-1.155269,1.507152,106.9355
201.6445: -2.553473,-1.195056,1.504184,83.26067
201.8667: -2.471295,-1.213473,1.492656,80.78804
202.0889: -2.32273,-1.186155,1.484491,86.50925
202.3111: -2.133472,-1.130581,1.502914,91.37146
202.5333: -1.899625,-1.1145,1.482492,96.41689
202.7556: -1.672761,-1.142602,1.489812,96.93973
202.9778: -1.451947,-1.140637,1.508875,94.14333
203.2: -1.258359,-1.121651,1.482782,92.87103
203.4222: -1.028778,-1.087704,1.506643,94.34477
203.6445: -0.7914715,-1.078297,1.512483,96.34501
203.8667: -0.5430942,-1.095621,1.498864,97.23473
204.0889: -0.304468,-1.091391,1.527113,92.56107
204.3111: -0.07808974,-1.064498,1.506061,85.9691
204.5333: 0.1969359,-1.025754,1.525547,91.30158
204.7556: 0.4216009,-1.021918,1.524745,98.3811
204.9778: 0.6574326,-1.041974,1.521966,105.3908
205.2: 0.8451154,-1.041644,1.540415,110.2131
205.4222: 1.048884,-1.027592,1.513918,115.8795
205.6445: 1.243911,-1.051566,1.533812,128.0227
205.8667: 1.390418,-1.141548,1.514521,136.7049
206.0889: 1.520967,-1.283941,1.522908,134.905
206.3111: 1.630245,-1.411961,1.535607,130.6803
206.5333: 1.750372,-1.547827,1.520114,127.3903
206.7556: 1.858113,-1.65765,1.543665,122.46
206.9778: 1.919595,-1.762373,1.5548,115.1096
Trial Result: Success object: Well | Time Spent: 13.03618
Trial No.:1 Ends
Trial No.:5 Begins
User confirmed on object: Table, this maze officially starts.
220.7778: -2.007392,2.091496,1.53288,98.34927
221: -2.013607,2.117106,1.53456,96.31648
221.2222: -2.030851,2.142344,1.537137,96.16667
221.4444: -2.052677,2.144136,1.531768,97.7005
221.6667: -2.084722,2.128269,1.525048,97.83344
221.8889: -2.105575,2.114322,1.517875,92.98405
222.1111: -2.123048,2.117486,1.510169,91.15368
222.3333: -2.131959,2.11789,1.506793,101.3021
222.5556: -2.121912,2.124178,1.502687,109.6151
222.7778: -2.11839,2.088519,1.490635,137.0741
223: -2.093428,2.054326,1.494966,126.7021
223.2222: -2.063797,2.067868,1.501304,82.84027
223.4444: -2.069339,2.095809,1.494964,53.70665
223.6667: -2.05123,2.136064,1.492699,46.82667
223.8889: -1.998799,2.229133,1.485472,51.43993
224.1111: -1.93014,2.360329,1.493514,58.50642
224.3333: -1.821788,2.481944,1.487088,62.85012
224.5556: -1.656793,2.596753,1.466902,63.56533
224.7778: -1.45391,2.720156,1.502314,60.6436
225: -1.263217,2.815183,1.495431,67.91355
225.2222: -1.055767,2.895836,1.496618,86.99743
225.4444: -0.8395236,2.955286,1.511957,96.95748
225.6667: -0.6426414,2.977416,1.483932,100.6115
225.8889: -0.4059748,2.99721,1.511857,101.4474
226.1111: -0.1766528,3.044201,1.509105,99.58986
226.3333: 0.07124742,3.111248,1.502581,96.71416
226.5556: 0.2977484,3.139229,1.521153,97.79885
226.7778: 0.5333067,3.128008,1.497415,100.2853
227: 0.7935253,3.105074,1.533164,101.4596
227.2222: 1.025492,3.106089,1.510459,103.8382
227.4444: 1.26247,3.115495,1.520152,109.6268
227.6667: 1.445705,3.096965,1.535084,116.8592
227.8889: 1.667348,3.037433,1.510046,124.9806
228.1111: 1.861923,2.968011,1.534836,129.8543
228.3333: 2.066887,2.895555,1.527679,139.095
228.5556: 2.254627,2.820306,1.530951,155.606
228.7778: 2.388158,2.723711,1.542301,171.0882
229: 2.486643,2.556983,1.524696,181.5476
229.2222: 2.530153,2.364162,1.541304,189.0519
229.4444: 2.569802,2.189688,1.537859,196.051
229.6667: 2.592443,2.021985,1.514503,202.0672
229.8889: 2.60287,1.836399,1.538511,209.6449
230.1111: 2.575598,1.674831,1.5311,215.5004
230.3333: 2.492307,1.511221,1.524577,216.5605
230.5556: 2.405789,1.348793,1.547597,217.4834
230.7778: 2.324978,1.194221,1.54116,219.2873
231: 2.247983,1.048325,1.562377,222.6333
Trial Result: Success object: Bookshelf | Time Spent: 10.55488
Trial No.:5 Ends
Trial No.:15 Begins
User confirmed on object: Wheelbarrow, this maze officially starts.
244.4778: 0.2022223,0.01296146,1.559189,266.9242
244.7: 0.2057684,0.002432943,1.562655,261.5558
244.9222: 0.2058573,0.002474308,1.56214,260.4753
245.1445: 0.1972221,0.007101309,1.560049,263.9621
245.3667: 0.1896641,-0.002244007,1.549313,259.4885
245.5889: 0.1986296,-0.009130107,1.532079,250.4826
245.8111: 0.209861,-0.02318714,1.521185,233.2293
246.0333: 0.2213111,-0.04740495,1.511224,216.0934
246.2556: 0.2333043,-0.1010341,1.514082,206.6662
246.4778: 0.2375235,-0.1845475,1.516197,211.5375
246.7: 0.2317032,-0.2904529,1.515749,223.0616
246.9222: 0.1907721,-0.3787919,1.514724,239.1178
247.1445: 0.1103803,-0.4750438,1.503492,244.677
247.3667: -0.03386303,-0.5864273,1.524707,249.4423
247.5889: -0.1470177,-0.6806829,1.522373,254.8001
247.8111: -0.2620782,-0.7883719,1.506405,264.2284
248.0333: -0.3497447,-0.8973213,1.524204,260.0688
248.2556: -0.4364985,-0.9896188,1.528466,240.5237
248.4778: -0.5131482,-1.049239,1.518178,208.8803
248.7: -0.5834432,-1.059783,1.526989,185.1902
248.9222: -0.638945,-1.067397,1.530572,179.2757
249.1445: -0.6688845,-1.078679,1.531566,173.3185
249.3667: -0.6852859,-1.10217,1.524625,171.4364
249.5889: -0.7064195,-1.17433,1.519709,180.9706
249.8111: -0.7209426,-1.294602,1.504953,187.0976
250.0333: -0.727562,-1.427567,1.506726,190.3483
250.2556: -0.744192,-1.585084,1.51657,192.7455
250.4778: -0.7899916,-1.764059,1.487621,196.3745
250.7: -0.8584378,-1.952713,1.498756,200.5756
250.9222: -0.9174173,-2.161853,1.514122,208.0401
251.1445: -0.9591767,-2.372779,1.492491,219.4032
251.3667: -1.02565,-2.582937,1.511052,253.1837
251.5889: -1.116923,-2.722797,1.513354,279.6274
251.8111: -1.245812,-2.820069,1.49608,286.4597
252.0333: -1.34943,-2.888405,1.520829,298.8262
252.2556: -1.448307,-2.97131,1.523808,317.4969
252.4778: -1.522689,-3.041593,1.543496,339.8708
Trial Result: Success object: Mailbox | Time Spent: 8.429264
Trial No.:15 Ends
Trial No.:4 Begins
User confirmed on object: Piano, this maze officially starts.
268.9: 1.814528,3.1941,1.554546,178.7219
269.1222: 1.818301,3.18884,1.557256,179.742
269.3445: 1.793111,3.216291,1.555385,181.4391
269.5667: 1.748599,3.275909,1.551853,185.0888
269.7889: 1.722266,3.340396,1.555911,191.082
270.0111: 1.744488,3.364649,1.553653,187.8739
270.2333: 1.787439,3.388606,1.54289,172.0191
270.4556: 1.809012,3.408168,1.538344,165.639
270.6778: 1.843517,3.436353,1.534868,141.723
270.9: 1.849125,3.445348,1.536094,136.0324
271.1222: 1.841203,3.43029,1.535917,146.697
271.3445: 1.807981,3.402882,1.537729,175.3179
271.5667: 1.739017,3.393627,1.534363,221.4135
271.7889: 1.673877,3.388959,1.531733,252.775
272.0111: 1.615526,3.362165,1.527074,252.1595
272.2333: 1.527202,3.341367,1.53236,247.4989
272.4556: 1.462935,3.318202,1.535023,242.1529
272.6778: 1.413087,3.287947,1.518245,236.9948
272.9: 1.335196,3.206893,1.510322,234.3001
273.1222: 1.217836,3.104383,1.518491,242.1423
273.3445: 1.085757,3.03069,1.519728,242.3786
273.5667: 0.9002409,2.981987,1.497468,237.6082
273.7889: 0.6848003,2.943896,1.520995,222.3004
274.0111: 0.5332464,2.880556,1.523504,207.0751
274.2333: 0.3843759,2.776668,1.498098,205.9389
274.4556: 0.2768984,2.655986,1.514206,198.151
274.6778: 0.1615499,2.512138,1.517941,184.9478
274.9: 0.03805165,2.362276,1.502965,175.9924
275.1222: -0.04641393,2.190496,1.52599,168.879
275.3445: -0.08562632,1.989501,1.496138,170.2944
275.5667: -0.08588114,1.771585,1.512139,177.1313
275.7889: -0.09417179,1.531616,1.516349,178.7339
276.0111: -0.112764,1.309943,1.500351,176.0087
276.2333: -0.1132089,1.093369,1.527063,172.6368
276.4556: -0.09452645,0.9019647,1.50045,170.4932
276.6778: -0.06822931,0.6912643,1.515034,171.1386
276.9: -0.06321813,0.4668114,1.515693,169.3959
277.1222: -0.07417139,0.2367269,1.496305,160.3416
277.3445: -0.06222422,0.02745484,1.529606,144.7214
277.5667: -0.02275755,-0.1658283,1.507931,132.522
277.7889: 0.04919685,-0.3777478,1.52279,126.383
278.0111: 0.1194902,-0.5611138,1.528529,117.3768
278.2333: 0.1940172,-0.7292348,1.508322,95.19669
278.4556: 0.2809884,-0.8685889,1.53749,81.87881
278.6778: 0.3968999,-0.9538252,1.520016,77.10128
278.9: 0.5640621,-0.9950994,1.513546,74.28728
279.1222: 0.7444183,-1.022799,1.530086,72.67785
279.3445: 0.9264662,-1.032837,1.511975,66.38682
279.5667: 1.104955,-1.029077,1.529949,56.2062
279.7889: 1.280624,-0.9796122,1.538167,46.28188
280.0111: 1.406595,-0.9045544,1.528892,40.86501
Trial Result: Success object: Harp | Time Spent: 11.33411
Trial No.:4 Ends
Trial No.:24 Begins
User confirmed on object: Chair, this maze officially starts.
297.7111: 0.8840896,-3.181305,1.542292,349.5995
297.9333: 0.8873808,-3.178512,1.547428,347.7307
298.1555: 0.8986346,-3.173973,1.559809,347.8901
298.3778: 0.9113127,-3.17449,1.563503,348.6491
298.6: 0.9188479,-3.179511,1.56232,351.5341
298.8222: 0.9148086,-3.180959,1.565336,350.6594
299.0445: 0.9349133,-3.087534,1.512962,344.3216
299.2667: 0.8736014,-3.13936,1.5233,312.5398
299.4889: 0.8232833,-3.172028,1.524434,284.1404
299.7111: 0.7528788,-3.189252,1.519314,273.8984
299.9333: 0.6394436,-3.20582,1.516709,275.2114
300.1555: 0.5117468,-3.201381,1.519955,281.1124
300.3778: 0.3711131,-3.171394,1.503646,285.0435
300.6: 0.2203933,-3.110387,1.502146,286.3141
300.8222: 0.06818387,-3.049283,1.526646,288.3758
301.0445: -0.0671664,-3.00471,1.516388,293.6095
301.2667: -0.2280499,-2.960276,1.495937,306.3348
301.4889: -0.3754863,-2.897231,1.516924,327.2408
301.7111: -0.5030444,-2.776978,1.497977,337.7687
301.9333: -0.6021843,-2.591806,1.485234,344.2718
302.1555: -0.6848316,-2.422634,1.509239,350.8745
302.3778: -0.7667754,-2.227944,1.499406,2.472446
302.6: -0.8167569,-2.053497,1.505517,16.0879
302.8222: -0.8129904,-1.88169,1.508843,25.57285
303.0445: -0.7673641,-1.735274,1.491425,30.91978
303.2667: -0.6858681,-1.565626,1.511823,40.96319
303.4889: -0.6089638,-1.424821,1.517892,61.52557
303.7111: -0.5557092,-1.276829,1.504971,69.51611
303.9333: -0.5024439,-1.116293,1.51866,63.20475
304.1555: -0.4186411,-0.9497322,1.504896,42.4685
304.3778: -0.2688691,-0.766124,1.495038,25.95361
304.6: -0.1609571,-0.6090359,1.515196,17.34797
304.8222: -0.09421533,-0.4236363,1.49056,15.56305
305.0445: -0.0663882,-0.2443167,1.493411,18.54429
305.2667: -0.02200767,-0.03617606,1.516972,25.42304
305.4889: 0.04309051,0.1615509,1.493698,36.01506
305.7111: 0.1301334,0.360751,1.507753,47.19629
305.9333: 0.1961529,0.5373143,1.520913,59.97408
306.1555: 0.2541036,0.701737,1.5048,73.0518
306.3778: 0.3464552,0.8639622,1.522776,82.02845
306.6: 0.4863309,0.9479164,1.503189,86.69626
306.8222: 0.6802568,0.9855609,1.515785,92.80217
307.0445: 0.828018,1.007874,1.528274,96.09034
307.2667: 1.023807,1.047911,1.507887,92.8716
307.4889: 1.238639,1.09586,1.516796,93.27937
307.7111: 1.446748,1.11176,1.530649,95.7546
307.9333: 1.663643,1.090341,1.505522,97.60356
308.1555: 1.877142,1.068599,1.535503,94.98466
308.3778: 2.110549,1.075478,1.520638,93.62408
308.6: 2.304778,1.106091,1.524688,95.91186
308.8222: 2.47404,1.124396,1.546283,95.78558
309.0445: 2.603286,1.117285,1.528762,96.6322
309.2667: 2.731071,1.095142,1.536578,97.40387
Trial Result: Success object: Trashcan | Time Spent: 11.78998
Trial No.:24 Ends
Trial No.:21 Begins
User confirmed on object: Mailbox, this maze officially starts.
327.9445: -1.889173,-3.18657,1.539619,0.3861135
328.1667: -1.88746,-3.190118,1.547557,6.835212
328.3889: -1.898085,-3.222414,1.54345,11.40432
328.6111: -1.921033,-3.262075,1.533158,9.569928
328.8333: -1.913441,-3.28824,1.525839,10.79833
329.0556: -1.899677,-3.297639,1.520662,5.554556
329.2778: -1.89723,-3.309628,1.518412,358.2838
329.5: -1.898539,-3.32148,1.514146,356.3047
329.7222: -1.89832,-3.331136,1.508293,352.3175
329.9445: -1.891922,-3.334723,1.507706,349.2315
330.1667: -1.895686,-3.340001,1.510403,336.5706
330.3889: -1.900548,-3.352875,1.512933,321.5002
330.6111: -1.88209,-3.343824,1.512554,334.6281
330.8333: -1.834137,-3.340322,1.513276,16.8981
331.0556: -1.806533,-3.35301,1.505827,41.93338
331.2778: -1.765752,-3.335389,1.504821,46.78362
331.5: -1.689727,-3.302215,1.496252,44.8538
331.7222: -1.549508,-3.262222,1.481853,36.10085
331.9445: -1.410407,-3.184604,1.512524,24.33048
332.1667: -1.284421,-3.057651,1.49013,22.19005
332.3889: -1.186808,-2.861623,1.491375,21.60682
332.6111: -1.09959,-2.661469,1.511793,20.91937
332.8333: -0.9973557,-2.411371,1.481691,24.78698
333.0556: -0.9098262,-2.209499,1.5021,24.83085
333.2778: -0.8454412,-1.996243,1.509792,25.08912
333.5: -0.7987866,-1.791887,1.483787,29.61827
333.7222: -0.7337567,-1.578276,1.517542,43.04161
333.9445: -0.6392007,-1.408432,1.496681,62.30637
334.1667: -0.5028258,-1.250056,1.502534,72.51603
334.3889: -0.3772141,-1.10619,1.521464,78.42494
334.6111: -0.2328114,-0.9799271,1.497902,85.93423
334.8333: -0.03699714,-0.8826518,1.531943,94.9798
335.0556: 0.1161168,-0.8639894,1.517623,97.03332
335.2778: 0.2817897,-0.8681589,1.533749,95.26859
335.5: 0.4201058,-0.8573431,1.537489,97.58051
335.7222: 0.5758561,-0.8140945,1.522489,97.57337
335.9445: 0.7515138,-0.7645235,1.515368,101.8319
336.1667: 0.9421585,-0.7575639,1.526182,102.0844
336.3889: 1.166994,-0.7870258,1.499799,94.78894
336.6111: 1.399056,-0.8273342,1.53258,79.12992
336.8333: 1.638675,-0.8461863,1.531777,65.00916
337.0556: 1.851053,-0.8248839,1.520978,62.35461
337.2778: 2.04381,-0.7859288,1.542569,49.97854
337.5: 2.231025,-0.740736,1.516351,34.82523
337.7222: 2.37799,-0.6899519,1.535746,24.15972
337.9445: 2.500724,-0.5738372,1.532687,17.43066
338.1667: 2.577498,-0.4048598,1.522223,18.89585
338.3889: 2.639397,-0.2239302,1.538541,24.34738
338.6111: 2.711084,-0.04263547,1.515478,28.53104
338.8333: 2.782352,0.1439911,1.525781,30.29045
339.0556: 2.802314,0.3453974,1.540673,31.34328
339.2778: 2.775299,0.5187206,1.51979,36.19416
Trial Result: Success object: Trashcan | Time Spent: 11.64439
Trial No.:21 Ends
Trial No.:9 Begins
User confirmed on object: Bookshelf, this maze officially starts.
355.4556: 1.923249,1.084597,1.569333,187.7065
355.6778: 1.912586,1.087641,1.564291,189.6914
355.9: 1.887009,1.122602,1.565291,189.8306
356.1222: 1.841832,1.191729,1.562097,197.2213
356.3445: 1.824421,1.248884,1.574929,199.3875
356.5667: 1.831272,1.276189,1.569415,200.1261
356.7889: 1.85224,1.273192,1.55229,186.5433
357.0111: 1.867286,1.282448,1.5369,177.0993
357.2333: 1.8672,1.28354,1.531069,176.9376
357.4556: 1.868351,1.279692,1.529217,176.3095
357.6778: 1.866495,1.275168,1.530422,177.7776
357.9: 1.862469,1.271621,1.531436,180.4221
358.1222: 1.861105,1.269037,1.530953,180.7074
358.3445: 1.856898,1.265976,1.5312,181.8803
358.5667: 1.853851,1.265858,1.531072,184.3426
358.7889: 1.853843,1.26788,1.530605,186.1578
359.0111: 1.840962,1.267905,1.531464,195.0814
359.2333: 1.749329,1.26777,1.526512,231.5674
359.4556: 1.625774,1.273877,1.51334,251.7514
359.6778: 1.456404,1.264197,1.498364,253.5246
359.9: 1.276303,1.232593,1.527272,248.0648
360.1222: 1.110999,1.184049,1.506511,242.3979
360.3445: 0.9179542,1.100981,1.508981,237.5971
360.5667: 0.7450284,1.034271,1.526862,227.8423
360.7889: 0.5667013,0.9825891,1.496532,214.8102
361.0111: 0.3987949,0.9145151,1.519985,201.5969
361.2333: 0.2528619,0.7772231,1.497811,197.9615
361.4556: 0.1562326,0.5814292,1.502589,198.4759
361.6778: 0.07819844,0.3840214,1.516213,197.6874
361.9: -0.006181085,0.1702739,1.489953,199.8752
362.1222: -0.08172847,-0.02173162,1.513747,203.6445
362.3445: -0.1363366,-0.2396266,1.509016,210.0547
362.5667: -0.1912287,-0.4631344,1.502322,224.8732
362.7889: -0.272424,-0.6415927,1.516915,245.8819
363.0111: -0.3993217,-0.7704399,1.493847,256.2823
363.2333: -0.5679923,-0.8710839,1.504146,261.1283
363.4556: -0.8022631,-0.9689659,1.508222,266.6395
363.6778: -1.011752,-1.031146,1.505249,268.6163
363.9: -1.225133,-1.064332,1.51887,264.7122
364.1222: -1.393357,-1.0633,1.493796,257.8246
364.3445: -1.602682,-1.052601,1.512763,248.0339
364.5667: -1.797821,-1.073542,1.51153,240.7031
364.7889: -1.981646,-1.091725,1.494685,254.2304
365.0111: -2.115316,-1.027947,1.503694,296.7061
365.2333: -2.212359,-0.9239196,1.488679,323.3632
365.4556: -2.327364,-0.7084037,1.46983,337.2512
365.6778: -2.403035,-0.5352144,1.49963,341.71
365.9: -2.469756,-0.3693628,1.484958,350.978
366.1222: -2.532239,-0.2108324,1.479674,3.363037
366.3445: -2.57054,-0.02321632,1.493717,13.71459
366.5667: -2.560383,0.1720292,1.474701,17.8023
366.7889: -2.511694,0.3731812,1.496421,21.20169
367.0111: -2.456649,0.5735468,1.496518,22.45491
367.2333: -2.392173,0.7844068,1.486627,24.66986
367.4556: -2.307399,1.00543,1.505141,19.6179
367.6778: -2.204006,1.190622,1.475089,11.39764
367.9: -2.110122,1.371063,1.500576,359.9739
368.1222: -2.067177,1.52925,1.497549,352.6913
368.3445: -2.054588,1.729247,1.474113,347.0732
368.5667: -2.07453,1.928629,1.494344,340.41
368.7889: -2.112398,2.119055,1.48236,327.2582
369.0111: -2.160697,2.308119,1.482169,313.2418
369.2333: -2.257857,2.461478,1.494248,300.5513
369.4556: -2.409323,2.58574,1.462119,292.0532
369.6778: -2.549989,2.673961,1.490699,289.1265
369.9: -2.668059,2.772719,1.492256,285.3427
370.1222: -2.74183,2.857635,1.494872,275.8547
Trial Result: Success object: Stove | Time Spent: 14.90203
Trial No.:9 Ends
Trial No.:16 Begins
User confirmed on object: Wheelbarrow, this maze officially starts.
383: 0.2574899,-0.2378446,1.523226,283.6354
383.2222: 0.2215322,-0.2571765,1.526681,285.388
383.4445: 0.2183316,-0.2701004,1.539636,288.7802
383.6667: 0.2604977,-0.2634013,1.539967,289.2736
383.8889: 0.3186525,-0.2374304,1.539428,288.5471
384.1111: 0.3689884,-0.208295,1.533408,290.9142
384.3333: 0.3912823,-0.1990069,1.532008,289.1891
384.5556: 0.3934497,-0.2100014,1.530744,282.6067
384.7778: 0.3985479,-0.2214398,1.52035,276.3699
385: 0.4019883,-0.2220345,1.522001,278.4342
385.2222: 0.4000288,-0.2250431,1.523411,280.4201
385.4445: 0.3982664,-0.2292868,1.528003,281.4195
385.6667: 0.3996743,-0.2324362,1.526135,283.1171
385.8889: 0.3953105,-0.2208852,1.527991,294.7448
386.1111: 0.3841201,-0.1986344,1.524471,311.7917
386.3333: 0.3568589,-0.1545664,1.513965,322.2669
386.5556: 0.3204608,-0.0734677,1.504372,325.2772
386.7778: 0.2615469,0.04690399,1.503721,316.6612
387: 0.2006966,0.06638411,1.517018,273.9676
387.2222: 0.1906089,0.02466797,1.514898,236.1465
387.4445: 0.1752061,-0.04386188,1.51001,221.234
387.6667: 0.1448006,-0.1539334,1.506095,222.4954
387.8889: 0.09191773,-0.3124749,1.507361,231.651
388.1111: 0.01034887,-0.4411938,1.501588,239.3863
388.3333: -0.1136695,-0.5422149,1.495207,240.112
388.5556: -0.210114,-0.6179746,1.51392,241.6562
388.7778: -0.3037099,-0.7264087,1.507745,235.0341
389: -0.3776187,-0.8587729,1.509901,215.9958
389.2222: -0.4552083,-0.9652127,1.519559,203.0194
389.4445: -0.5424135,-1.030521,1.515651,192.733
389.6667: -0.6875238,-1.045536,1.505271,205.8551
389.8889: -0.8931981,-0.99981,1.516662,250.5285
390.1111: -1.036449,-0.9835997,1.514966,270.9084
390.3333: -1.195446,-0.9966875,1.492567,277.9451
390.5556: -1.33284,-1.039585,1.509569,266.8423
390.7778: -1.497608,-1.06566,1.514993,254.1745
391: -1.668979,-1.052974,1.491453,249.2934
391.2222: -1.84128,-1.037876,1.503085,241.3018
391.4445: -2.000746,-1.07208,1.500781,235.063
391.6667: -2.161944,-1.154372,1.479312,234.0746
391.8889: -2.337526,-1.28264,1.504416,233.1148
392.1111: -2.470434,-1.385929,1.491568,230.8482
392.3333: -2.609915,-1.482544,1.484762,229.0923
392.5556: -2.692382,-1.572419,1.503966,229.416
Trial Result: Success object: Plant | Time Spent: 9.961641
Trial No.:16 Ends
Trial No.:20 Begins
User confirmed on object: Well, this maze officially starts.
406.5: 1.685496,-1.872967,1.552691,95.41668
406.7222: 1.702764,-1.866673,1.563401,95.7871
406.9445: 1.689363,-1.902855,1.56213,100.109
407.1667: 1.659953,-1.95097,1.562332,100.8652
407.3889: 1.634421,-1.988385,1.564329,100.8068
407.6111: 1.624656,-2.005034,1.558293,94.54754
407.8333: 1.615313,-2.00837,1.552901,89.54045
408.0556: 1.609159,-2.002375,1.548406,82.95805
408.2778: 1.608766,-1.981189,1.542364,68.6149
408.5: 1.606211,-1.943565,1.540697,49.36175
408.7222: 1.585755,-1.893758,1.539905,23.62684
408.9445: 1.593991,-1.841053,1.537876,19.22544
409.1667: 1.608067,-1.749928,1.528152,13.22937
409.3889: 1.639965,-1.642438,1.526286,17.01564
409.6111: 1.710586,-1.537809,1.515489,21.74775
409.8333: 1.844521,-1.42546,1.497039,25.35037
410.0556: 1.994652,-1.304567,1.525532,23.51913
410.2778: 2.135018,-1.126158,1.517994,20.29797
410.5: 2.227434,-0.9607441,1.515931,18.96511
410.7222: 2.319058,-0.7996971,1.532955,16.70639
410.9445: 2.423497,-0.6315986,1.509402,11.72713
411.1667: 2.537441,-0.4443706,1.532074,0.2751072
411.3889: 2.592475,-0.2575815,1.53235,351.4504
411.6111: 2.615838,-0.04605119,1.511338,348.1739
411.8333: 2.63546,0.1389838,1.536032,351.5588
412.0556: 2.666985,0.355316,1.519745,354.9617
412.2778: 2.714549,0.6136582,1.530809,354.6433
412.5: 2.72612,0.8398979,1.540858,351.4104
412.7222: 2.71579,1.069559,1.510028,348.8266
412.9445: 2.698282,1.260865,1.538798,346.3733
413.1667: 2.694833,1.482403,1.524664,343.6439
413.3889: 2.700165,1.712634,1.525848,338.7536
413.6111: 2.675242,1.923229,1.54191,330.8055
413.8333: 2.626905,2.123946,1.513552,321.9872
414.0556: 2.560061,2.312979,1.532681,311.4448
414.2778: 2.491124,2.520704,1.523082,293.0035
414.5: 2.426168,2.687675,1.523371,266.3483
414.7222: 2.346059,2.811115,1.538352,253.0992
414.9445: 2.241846,2.88861,1.514681,244.8945
415.1667: 2.117397,2.932286,1.517494,234.9968
415.3889: 2.017527,2.94386,1.528078,219.0314
Trial Result: Success object: Piano | Time Spent: 9.295849
Trial No.:20 Ends
Trial No.:2 Begins
User confirmed on object: Stove, this maze officially starts.
430.9222: -2.694618,2.961904,1.501324,270.3633
431.1444: -2.70944,2.951284,1.505772,274.0492
431.3667: -2.685173,2.959082,1.519971,279.1538
431.5889: -2.638112,2.984948,1.516361,281.7363
431.8111: -2.59577,3.008878,1.515355,276.0814
432.0334: -2.562595,3.007375,1.5205,265.6014
432.2556: -2.533642,2.988042,1.525381,261.0756
432.4778: -2.51379,2.958004,1.520808,251.7081
432.7: -2.484411,2.921945,1.504912,214.7345
432.9222: -2.437813,2.926235,1.492544,173.5651
433.1444: -2.401514,2.927629,1.476782,149.9698
433.3667: -2.344113,2.899102,1.471534,139.8769
433.5889: -2.252954,2.840672,1.466815,141.2545
433.8111: -2.170157,2.756625,1.477163,148.5586
434.0334: -2.117685,2.632125,1.468441,163.1181
434.2556: -2.079658,2.463656,1.461519,166.9682
434.4778: -2.065125,2.286658,1.48727,176.7233
434.7: -2.034781,2.104112,1.48552,180.5856
434.9222: -1.980968,1.941441,1.48262,175.491
435.1444: -1.936001,1.780089,1.507164,171.6083
435.3667: -1.929929,1.661461,1.497788,175.3169
435.5889: -1.979094,1.508616,1.486748,185.114
435.8111: -2.06761,1.344918,1.494706,191.8135
436.0334: -2.157955,1.181687,1.497412,190.7233
436.2556: -2.260945,0.9895784,1.472453,189.058
436.4778: -2.349201,0.7856991,1.494747,186.1982
436.7: -2.473926,0.5677538,1.486914,179.2757
436.9222: -2.593466,0.3859726,1.4886,167.6442
437.1444: -2.667427,0.2008707,1.505887,162.6819
437.3667: -2.694606,0.02922959,1.475894,164.536
437.5889: -2.686927,-0.166897,1.485443,167.6381
437.8111: -2.677191,-0.3610785,1.497818,170.1959
438.0334: -2.679168,-0.5579312,1.478796,177.6255
438.2556: -2.678413,-0.7635149,1.499214,181.3784
438.4778: -2.654017,-0.9716351,1.495945,177.8821
438.7: -2.611554,-1.214247,1.48899,175.7627
438.9222: -2.591816,-1.429562,1.503356,173.5855
439.1444: -2.597454,-1.648609,1.476485,169.4858
439.3667: -2.608992,-1.850626,1.497871,159.3788
439.5889: -2.589459,-2.045044,1.503006,147.2942
439.8111: -2.543051,-2.250313,1.473925,143.629
440.0334: -2.476475,-2.432192,1.498224,136.6997
440.2556: -2.406237,-2.600066,1.487713,119.9525
440.4778: -2.333345,-2.765152,1.498641,98.60242
440.7: -2.209542,-2.904893,1.507229,76.94418
440.9222: -2.05262,-2.977617,1.48357,68.96683
441.1444: -1.864447,-3.025616,1.502578,68.93801
441.3667: -1.675432,-3.080158,1.498544,76.18117
441.5889: -1.488963,-3.129611,1.486081,81.19133
441.8111: -1.265585,-3.164021,1.51468,80.40341
442.0334: -1.041206,-3.155616,1.496138,76.51376
442.2556: -0.8011915,-3.11882,1.509334,76.35578
442.4778: -0.5641923,-3.108265,1.516246,77.28989
442.7: -0.2976325,-3.115785,1.497132,73.24976
442.9222: -0.05793086,-3.1109,1.531551,71.06319
443.1445: 0.1751146,-3.080574,1.495314,70.71661
443.3667: 0.4057657,-3.032875,1.523667,70.49708
443.5889: 0.604678,-3.017098,1.522822,68.24731
443.8111: 0.8334098,-3.010069,1.510052,63.88525
444.0334: 1.037678,-2.970994,1.541831,52.71171
444.2556: 1.208048,-2.886735,1.514851,39.96056
444.4778: 1.354914,-2.757554,1.523757,31.0024
444.7: 1.46219,-2.636988,1.532884,15.27064
444.9222: 1.600842,-2.481811,1.510169,1.524901
445.1445: 1.696477,-2.332784,1.537478,349.0402
445.3667: 1.725853,-2.162908,1.523888,337.9719
445.5889: 1.707553,-1.994969,1.521929,333.0412
445.8111: 1.67997,-1.833607,1.532142,325.1351
446.0334: 1.660008,-1.68298,1.528094,317.9851
446.2556: 1.642039,-1.542493,1.538595,305.7444
446.4778: 1.607561,-1.433074,1.546848,299.0619
446.7: 1.542539,-1.351759,1.539581,294.7291
446.9222: 1.411981,-1.26462,1.516896,296.4355
447.1445: 1.216096,-1.208772,1.511656,301.0595
447.3667: 1.028982,-1.133543,1.52851,302.3684
447.5889: 0.8739545,-1.041577,1.498312,305.3796
447.8111: 0.688076,-0.9210922,1.507671,306.2655
448.0334: 0.5031105,-0.8334225,1.522696,306.3564
448.2556: 0.3217828,-0.7580218,1.492893,308.661
448.4778: 0.1656747,-0.6831726,1.525447,312.8458
448.7: 0.06626359,-0.5933859,1.52367,315.9919
Trial Result: Success object: Wheelbarrow | Time Spent: 18.0417
Trial No.:2 Ends
Trial No.:12 Begins
User confirmed on object: Trashcan, this maze officially starts.
463.7111: 2.535215,1.043285,1.579695,91.42036
463.9333: 2.540255,1.036752,1.581924,95.53755
464.1556: 2.518847,1.046784,1.578701,102.0669
464.3778: 2.483178,1.083359,1.569424,98.88562
464.6: 2.451682,1.107131,1.563096,85.81408
464.8222: 2.410663,1.114588,1.556273,58.26565
465.0445: 2.326432,1.118343,1.539373,4.678652
465.2667: 2.243775,1.103615,1.528523,333.7678
465.4889: 2.18701,1.122997,1.536015,332.023
465.7111: 2.169747,1.146033,1.532556,343.4926
465.9333: 2.195244,1.163445,1.540957,7.99479
466.1556: 2.233368,1.158538,1.54403,32.88198
466.3778: 2.263135,1.129135,1.547466,65.03602
466.6: 2.274617,1.103947,1.551252,85.62947
466.8222: 2.283683,1.101631,1.550409,86.44357
467.0445: 2.289731,1.101187,1.550712,85.22405
467.2667: 2.297051,1.100488,1.549527,81.94456
467.4889: 2.301225,1.102285,1.549229,80.03098
467.7111: 2.299503,1.113812,1.545948,60.68307
467.9333: 2.260084,1.125136,1.540906,8.545394
468.1556: 2.185555,1.060455,1.529882,301.8169
468.3778: 2.129028,0.9961829,1.52346,270.394
468.6: 2.024669,0.9636015,1.512112,261.0858
468.8222: 1.880077,0.9477589,1.514524,265.7434
469.0445: 1.704134,0.9536379,1.516682,271.3887
469.2667: 1.496267,0.9994551,1.492192,270.8758
469.4889: 1.29072,1.044407,1.522762,267.8016
469.7111: 1.084296,1.063212,1.499262,261.3075
469.9333: 0.8752156,1.061727,1.513548,261.6241
470.1556: 0.6496736,1.077317,1.519537,265.0551
470.3778: 0.4065079,1.104312,1.492346,270.124
470.6: 0.160154,1.112222,1.517416,268.2396
470.8222: -0.08002504,1.077415,1.496054,262.8853
471.0445: -0.3213062,1.029923,1.504004,265.0848
471.2667: -0.5725474,0.9976591,1.517324,270.4013
471.4889: -0.8115278,0.9821562,1.487624,268.4945
471.7111: -1.040339,0.9660402,1.519138,265.2125
471.9333: -1.259808,0.9439769,1.491686,262.2505
472.1556: -1.444052,0.9143814,1.500355,259.0352
472.3778: -1.627234,0.8964958,1.512025,252.7999
472.6: -1.803415,0.8893566,1.490795,239.2871
472.8222: -1.968127,0.8873857,1.519907,217.8777
473.0445: -2.086826,0.8825805,1.520941,200.2341
473.2667: -2.149721,0.8821477,1.513582,185.7822
473.4889: -2.133407,0.8890318,1.495666,182.2755
473.7111: -2.084073,0.8958328,1.504153,177.748
473.9333: -2.087029,0.9181029,1.505986,182.7672
474.1556: -2.128053,0.9342986,1.503526,194.454
474.3778: -2.178789,0.9226406,1.499717,194.6912
474.6: -2.256806,0.8679401,1.490094,196.6089
474.8222: -2.341458,0.7784294,1.475565,189.0125
475.0445: -2.418029,0.7008786,1.493854,175.3906
475.2667: -2.49339,0.6352381,1.499398,169.8113
475.4889: -2.579834,0.5722209,1.494729,174.1401
475.7111: -2.656918,0.5086638,1.501384,179.2633
475.9333: -2.695063,0.42712,1.498526,179.3354
476.1556: -2.699018,0.3062119,1.48481,179.6439
476.3778: -2.669198,0.1251744,1.478765,179.9637
476.6: -2.635893,-0.05322766,1.499818,173.3472
476.8222: -2.641556,-0.2105093,1.485258,168.3769
477.0445: -2.684215,-0.3885191,1.483332,166.2162
477.2667: -2.72033,-0.557466,1.505799,160.6313
477.4889: -2.705869,-0.7098931,1.494628,139.2175
477.7111: -2.686649,-0.7594991,1.508703,102.4419
477.9333: -2.747607,-0.7463584,1.501492,51.11044
478.1556: -2.81216,-0.7483678,1.502505,28.10029
478.3778: -2.854816,-0.7355555,1.499422,17.89918
478.6: -2.871043,-0.7244378,1.502683,14.78415
478.8222: -2.8741,-0.7221248,1.508438,16.71891
479.0445: -2.875396,-0.7041614,1.505129,15.12903
479.2667: -2.871001,-0.6241235,1.503468,16.20801
479.4889: -2.8885,-0.4588856,1.485072,21.10251
479.7111: -2.900447,-0.279051,1.498796,27.32767
479.9333: -2.851813,-0.0946179,1.484869,31.38303
480.1556: -2.770787,0.04638679,1.478288,31.67843
480.3778: -2.661112,0.2377242,1.506034,32.63786
480.6: -2.563966,0.4399039,1.473915,33.40122
480.8222: -2.467236,0.669315,1.484073,37.89379
481.0445: -2.359145,0.8618778,1.49397,43.31846
481.2667: -2.24859,1.022655,1.469462,45.68169
481.4889: -2.11199,1.226489,1.501485,47.81274
481.7111: -2.025522,1.400072,1.483891,51.02155
481.9333: -1.9702,1.561864,1.495768,57.43809
482.1556: -1.921968,1.658198,1.507256,62.29491
Trial Result: Success object: Table | Time Spent: 18.6585
Trial No.:12 Ends
Trial No.:23 Begins
User confirmed on object: Chair, this maze officially starts.
495.1111: 0.8923787,-3.203366,1.561598,355.4263
495.3333: 0.9026921,-3.210418,1.566065,2.627526
495.5556: 0.9133393,-3.208683,1.566998,10.30963
495.7778: 0.914815,-3.190328,1.562726,11.77521
496: 0.9341567,-3.163213,1.546855,27.21306
496.2222: 0.9645195,-3.144344,1.53324,40.54691
496.4445: 1.018724,-3.12064,1.525886,41.96896
496.6667: 1.125941,-3.081179,1.508122,38.47949
496.8889: 1.262557,-3.027246,1.513371,34.9951
497.1111: 1.382113,-2.93095,1.51297,27.33254
497.3333: 1.480668,-2.77822,1.494542,22.62508
497.5556: 1.569854,-2.602013,1.521635,18.84309
497.7778: 1.697419,-2.400566,1.50896,19.7023
498: 1.836052,-2.213086,1.507948,18.37215
498.2222: 1.954099,-2.019442,1.531364,17.77171
498.4445: 2.030819,-1.838672,1.505716,17.90057
498.6667: 2.102198,-1.610389,1.520053,20.16535
498.8889: 2.181792,-1.406192,1.529328,21.95269
499.1111: 2.284724,-1.198591,1.50295,19.72641
499.3333: 2.385463,-0.9877056,1.536634,15.57586
499.5556: 2.456484,-0.772404,1.516754,13.81225
499.7778: 2.503426,-0.517822,1.523197,12.49492
500: 2.547731,-0.2952783,1.536765,7.228155
500.2222: 2.613902,-0.06470785,1.508498,6.672482
500.4445: 2.660367,0.1466853,1.541388,1.700084
500.6667: 2.690246,0.3618447,1.531635,357.2922
500.8889: 2.709681,0.5955123,1.524465,355.3919
501.1111: 2.736562,0.8194855,1.542911,354.4773
501.3333: 2.778509,1.050915,1.514668,352.0255
501.5556: 2.818712,1.283809,1.537371,347.5707
501.7778: 2.819022,1.53482,1.531357,340.5858
502: 2.788082,1.767146,1.522573,339.5728
502.2222: 2.758363,1.98223,1.539868,336.3137
502.4445: 2.734479,2.203935,1.509223,326.0206
502.6667: 2.698209,2.391328,1.532142,312.3692
502.8889: 2.616873,2.551397,1.532325,292.4554
503.1111: 2.49842,2.676734,1.503084,277.1634
503.3333: 2.375074,2.773144,1.524484,260.7084
503.5556: 2.251061,2.856658,1.52247,243.7464
503.7778: 2.130146,2.920258,1.529603,227.2234
Trial Result: Success object: Piano | Time Spent: 8.961266
Trial No.:23 Ends
Trial No.:8 Begins
User confirmed on object: Plant, this maze officially starts.
515.1778: -2.584373,-2.139298,1.549234,287.8361
515.4: -2.581773,-2.146605,1.547887,288.0445
515.6223: -2.590845,-2.152478,1.544395,291.1764
515.8445: -2.610678,-2.16207,1.538242,294.8954
516.0667: -2.623111,-2.168918,1.522446,298.0909
516.2889: -2.587452,-2.143085,1.503823,299.9115
516.5111: -2.543984,-2.113696,1.496022,296.3228
516.7333: -2.491033,-2.052264,1.497833,324.6063
516.9556: -2.420925,-2.006683,1.502961,15.18052
517.1778: -2.39004,-2.003414,1.50055,55.42811
517.4: -2.382221,-2.019857,1.505391,85.24933
517.6223: -2.387596,-2.040841,1.494895,102.1267
517.8445: -2.396554,-2.02031,1.498258,85.22027
518.0667: -2.437122,-1.95875,1.499446,36.29017
518.2889: -2.491803,-1.911819,1.490753,12.78159
518.5111: -2.550565,-1.812773,1.479131,18.95759
518.7333: -2.58415,-1.697511,1.486205,34.70426
518.9556: -2.553206,-1.601954,1.481385,51.35246
519.1778: -2.454175,-1.46275,1.471225,56.8398
519.4: -2.306096,-1.332617,1.498992,69.08942
519.6223: -2.152564,-1.202315,1.495176,78.38459
519.8445: -1.972495,-1.063227,1.489321,83.09048
520.0667: -1.77272,-0.9717908,1.509248,86.39278
520.2889: -1.530212,-0.9386865,1.484145,90.19325
520.5111: -1.292393,-0.9329706,1.517741,90.71461
520.7333: -1.056739,-0.911396,1.493115,92.30006
520.9556: -0.8398563,-0.8799281,1.504576,96.8111
521.1778: -0.6106452,-0.8716712,1.517625,98.73566
521.4: -0.3731224,-0.8961095,1.496588,95.5163
521.6223: -0.1375962,-0.9243071,1.532653,90.26241
521.8445: 0.09914967,-0.9300336,1.513686,85.00413
522.0667: 0.3399063,-0.9300104,1.525043,86.32137
522.2889: 0.5962526,-0.9491153,1.533472,83.21304
522.5111: 0.7811962,-0.9698438,1.50455,74.65668
522.7333: 0.9667434,-0.9739925,1.534003,62.66599
522.9556: 1.125299,-0.9437617,1.512634,56.81807
523.1778: 1.276128,-0.8918106,1.520681,50.83085
Trial Result: Success object: Harp | Time Spent: 8.229475
Trial No.:8 Ends
Trial No.:19 Begins
User confirmed on object: Well, this maze officially starts.
533.0222: 1.685698,-2.058894,1.569846,85.59512
533.2444: 1.690025,-2.06013,1.569463,88.36643
533.4667: 1.695255,-2.060549,1.569604,93.0434
533.6889: 1.705986,-2.056217,1.562944,94.64986
533.9111: 1.718424,-2.044368,1.549109,90.91599
534.1334: 1.716152,-2.038229,1.533008,89.85162
534.3556: 1.721072,-2.023571,1.527027,87.98103
534.5778: 1.723627,-2.021925,1.521511,92.56554
534.8: 1.70872,-2.03955,1.525759,93.03546
535.0222: 1.702816,-2.057252,1.533077,90.81818
535.2444: 1.698476,-2.065146,1.533446,86.00099
535.4667: 1.694456,-2.076833,1.531622,80.52708
535.6889: 1.690952,-2.088509,1.530171,79.17025
535.9111: 1.686163,-2.096189,1.532152,80.09673
536.1334: 1.683254,-2.096406,1.532629,79.03271
536.3556: 1.683125,-2.085345,1.530202,70.44016
536.5778: 1.679972,-2.053119,1.528262,57.09501
536.8: 1.659905,-1.98327,1.525071,32.42902
537.0222: 1.626817,-1.896662,1.521679,9.759274
537.2444: 1.592185,-1.813392,1.515562,349.5398
537.4667: 1.56617,-1.707784,1.508795,328.337
537.6889: 1.556384,-1.572545,1.501153,313.745
537.9111: 1.548081,-1.424883,1.511014,298.9603
538.1334: 1.486809,-1.298415,1.516482,287.1882
538.3556: 1.360739,-1.195594,1.497109,282.5563
538.5778: 1.14679,-1.099323,1.514335,279.5006
538.8: 0.9557972,-1.006586,1.502551,275.3097
539.0222: 0.757777,-0.9102082,1.499115,272.0715
539.2444: 0.5243573,-0.8508172,1.518905,264.3354
539.4667: 0.2965074,-0.8445317,1.485615,262.0569
539.6889: 0.05794481,-0.8674026,1.514735,261.2838
539.9111: -0.1768904,-0.871898,1.504584,264.1522
540.1334: -0.3837416,-0.8634558,1.497741,265.4368
540.3556: -0.6165652,-0.8766236,1.523616,264.3082
540.5778: -0.8956168,-0.9211725,1.482908,264.0144
540.8: -1.109357,-0.9574363,1.509173,269.4599
541.0222: -1.322943,-0.9717605,1.507398,275.7462
541.2444: -1.507366,-0.9840974,1.500346,263.8344
541.4667: -1.705703,-0.9932271,1.513254,257.7666
541.6889: -1.912991,-0.972883,1.488411,274.9033
541.9111: -2.107262,-0.9188983,1.505526,305.9979
542.1334: -2.262284,-0.824281,1.489479,330.6808
542.3556: -2.384791,-0.6689818,1.485087,346.7135
542.5778: -2.498687,-0.4716612,1.500638,0.2609441
542.8: -2.578765,-0.2771559,1.471407,9.114419
543.0222: -2.629134,-0.06908038,1.498425,18.36887
543.2444: -2.617104,0.1174668,1.477759,25.64565
543.4667: -2.552661,0.3250868,1.488363,30.19496
543.6889: -2.474466,0.5374426,1.501151,33.9899
543.9111: -2.380846,0.7535607,1.47593,37.83903
544.1334: -2.280779,0.9610214,1.49669,43.09996
544.3556: -2.171545,1.146098,1.487255,45.72305
544.5778: -2.031756,1.340004,1.489137,45.66424
544.8: -1.930916,1.509266,1.502686,48.44356
545.0222: -1.857652,1.673915,1.47807,54.54804
Trial Result: Success object: Table | Time Spent: 12.32468
Trial No.:19 Ends
Trial No.:6 Begins
User confirmed on object: Table, this maze officially starts.
558.9111: -2.08317,2.088534,1.539163,104.5583
559.1334: -2.081694,2.094466,1.53819,107.287
559.3556: -2.074613,2.097886,1.536014,106.5618
559.5778: -2.062472,2.105249,1.526549,101.2613
559.8: -2.054773,2.117386,1.513574,97.8784
560.0222: -2.051492,2.116326,1.504224,104.6509
560.2444: -2.065196,2.070441,1.486729,143.7834
560.4667: -2.082749,2.032457,1.486785,162.4179
560.6889: -2.088361,1.993831,1.488148,156.2881
560.9111: -2.088603,1.949873,1.491383,144.3479
561.1334: -2.08772,1.918365,1.49553,153.3893
561.3556: -2.089612,1.885405,1.497861,180.5416
561.5778: -2.077713,1.854072,1.494421,197.3374
561.8: -2.088923,1.79088,1.491586,200.9699
562.0222: -2.095616,1.700896,1.482845,173.9495
562.2444: -2.075721,1.644564,1.489373,134.3499
562.4667: -2.039236,1.569787,1.48622,120.9348
562.6889: -1.93474,1.476692,1.469847,117.9869
562.9111: -1.740524,1.369785,1.482956,116.9067
563.1334: -1.561112,1.26589,1.49031,113.6481
563.3556: -1.380491,1.154911,1.464118,112.6688
563.5778: -1.187557,1.061353,1.50223,109.7027
563.8: -1.015481,1.023336,1.492309,105.618
564.0222: -0.8015541,1.00002,1.497509,104.3901
564.2444: -0.5961025,0.9589807,1.520473,107.3124
564.4667: -0.4210035,0.8611373,1.497102,131.6692
564.6889: -0.259175,0.7913818,1.527503,143.9058
564.9111: -0.06463186,0.7916417,1.511119,125.6419
565.1334: 0.1751765,0.8629154,1.486881,100.8327
565.3556: 0.3786067,0.9060069,1.515593,96.23444
565.5778: 0.586717,0.9002874,1.488497,98.14909
565.8: 0.7769434,0.8695772,1.501982,98.19089
566.0222: 0.9935254,0.8611469,1.52492,100.6474
566.2444: 1.224781,0.886934,1.497909,101.4755
566.4667: 1.454776,0.9131374,1.524746,102.9287
566.6889: 1.664602,0.8980584,1.515576,108.8868
566.9111: 1.852004,0.8425537,1.517739,117.0779
567.1334: 2.06387,0.7881562,1.536957,132.8526
567.3556: 2.205552,0.7666316,1.52011,151.3221
567.5778: 2.336475,0.7432129,1.549188,169.7466
567.8: 2.404161,0.6973842,1.544302,181.9371
568.0222: 2.461161,0.608797,1.545312,182.6947
568.2444: 2.48983,0.4414093,1.518198,181.5991
568.4667: 2.489134,0.2312529,1.536412,185.9621
568.6889: 2.492334,0.03022039,1.542865,187.6129
568.9111: 2.497865,-0.1866939,1.513131,197.1463
569.1334: 2.499587,-0.4280887,1.549283,211.7855
569.3556: 2.480215,-0.6020805,1.535001,206.7587
569.5778: 2.419135,-0.7716072,1.526019,197.4828
569.8: 2.342228,-0.9473108,1.54498,193.7459
570.0222: 2.254287,-1.14172,1.531994,196.782
570.2444: 2.193645,-1.36256,1.523965,188.9879
570.4667: 2.133917,-1.565368,1.540565,180.1092
570.6889: 2.064111,-1.757249,1.517661,172.6819
570.9111: 2.003082,-1.937369,1.526945,156.0418
571.1334: 1.925964,-2.154428,1.531018,177.5074
571.3556: 1.853163,-2.352483,1.502949,218.4607
571.5778: 1.787525,-2.517779,1.539814,251.1377
571.8: 1.717027,-2.638474,1.519305,265.0934
572.0222: 1.589301,-2.758197,1.520498,271.5842
572.2444: 1.46586,-2.84702,1.524855,285.7791
Trial Result: Success object: Chair | Time Spent: 13.74958
Trial No.:6 Ends
Trial No.:14 Begins
User confirmed on object: Telescope, this maze officially starts.
586.5: -2.9908,0.139617,1.543573,102.7238
586.7222: -2.982731,0.1372619,1.541388,103.3964
586.9445: -2.998956,0.1550919,1.520491,104.2785
587.1667: -3.027139,0.1816157,1.508468,102.7982
587.3889: -3.064057,0.1880194,1.500214,99.00504
587.6111: -3.096951,0.1692092,1.509872,97.03347
587.8334: -3.125582,0.1491234,1.507321,98.67177
588.0555: -3.140238,0.1444028,1.507711,98.91109
588.2778: -3.152176,0.1046303,1.508105,126.3671
588.5: -3.180966,0.07162248,1.506484,161.3629
588.7222: -3.208411,0.06889915,1.497393,189.4164
588.9445: -3.198795,0.1044512,1.497506,205.3004
589.1667: -3.180928,0.1338603,1.494569,211.616
589.3889: -3.151836,0.1336342,1.495296,192.0891
589.6111: -3.105971,0.1231054,1.499206,161.3088
589.8334: -3.05529,0.1149939,1.498136,148.1529
590.0555: -2.98713,0.08712444,1.495646,161.8006
590.2778: -2.896976,0.0677013,1.500744,170.7806
590.5: -2.808367,0.04583812,1.509599,174.17
590.7222: -2.754719,0.02485736,1.506881,174.8288
590.9445: -2.737238,-0.001599951,1.504893,173.4268
591.1667: -2.738111,-0.03175876,1.503187,159.1249
591.3889: -2.736716,-0.02606935,1.500305,113.9059
591.6111: -2.763773,0.04473247,1.487932,62.16572
591.8334: -2.789937,0.1086322,1.486093,37.36889
592.0555: -2.771345,0.1937326,1.476558,37.16279
592.2778: -2.735961,0.2953236,1.473129,46.84056
592.5: -2.677372,0.4124548,1.485646,57.20022
592.7222: -2.579772,0.5291223,1.47001,64.61031
592.9445: -2.436031,0.6277646,1.480631,69.96865
593.1667: -2.29092,0.7180101,1.496031,76.33823
593.3889: -2.133974,0.7982191,1.482139,84.44045
593.6111: -1.91621,0.8960577,1.498637,93.19205
593.8334: -1.721923,0.9258517,1.488648,97.9062
594.0555: -1.506872,0.9125607,1.494219,99.68093
594.2778: -1.337383,0.9053762,1.50936,103.8451
594.5: -1.132146,0.9201369,1.489508,110.8759
594.7222: -0.9193665,0.9457244,1.505876,120.7224
594.9445: -0.7135983,0.940168,1.510494,133.166
595.1667: -0.5155513,0.8962047,1.489767,150.7639
595.3889: -0.3337217,0.8604428,1.511291,167.1703
595.6111: -0.1231197,0.8688357,1.496603,179.2024
595.8334: 0.06416511,0.9098039,1.511983,183.198
596.0555: 0.2257081,0.9216145,1.517126,183.1476
596.2778: 0.3031934,0.9043278,1.498982,185.7388
596.5: 0.3320405,0.9084198,1.504405,203.8347
596.7222: 0.3262493,0.8923309,1.508918,217.1461
596.9445: 0.2757547,0.8266338,1.495064,223.2446
597.1667: 0.1828226,0.7059623,1.498403,225.8271
597.3889: 0.1128901,0.5617914,1.517912,225.5523
597.6111: 0.07517377,0.3844286,1.502885,231.8133
Trial Result: Success object: Wheelbarrow | Time Spent: 11.3671
Trial No.:14 Ends
Trial No.:10 Begins
User confirmed on object: Bookshelf, this maze officially starts.
613.9: 1.815633,1.329036,1.572226,188.3276
614.1223: 1.812034,1.33041,1.57015,190.5674
614.3445: 1.812714,1.309423,1.559521,188.4107
614.5667: 1.81745,1.28686,1.544582,179.9552
614.7889: 1.816269,1.276241,1.528573,179.8233
615.0111: 1.81571,1.275146,1.525286,180.7609
615.2333: 1.818913,1.276821,1.527477,181.2796
615.4556: 1.825037,1.276146,1.532217,181.7377
615.6778: 1.831305,1.275875,1.53245,181.3705
615.9: 1.834297,1.275697,1.533054,181.916
616.1223: 1.836849,1.274124,1.533818,182.4037
616.3445: 1.831298,1.269876,1.533804,190.9731
616.5667: 1.801199,1.277744,1.535767,219.4383
616.7889: 1.783455,1.301281,1.538632,246.4586
617.0111: 1.776533,1.303491,1.535208,254.4839
617.2333: 1.750004,1.294982,1.530693,256.2795
617.4556: 1.676282,1.278632,1.522342,254.4611
617.6778: 1.555431,1.251925,1.514386,247.84
617.9: 1.410811,1.21586,1.525735,242.0321
618.1223: 1.259486,1.16786,1.515751,240.4525
618.3445: 1.100282,1.099439,1.509462,237.6541
618.5667: 0.9133174,1.045099,1.53074,241.8944
618.7889: 0.7282556,1.03054,1.504923,251.2326
619.0111: 0.5114141,1.030461,1.51012,258.7294
619.2333: 0.289964,1.018778,1.522234,265.1432
619.4556: 0.06036174,0.9958884,1.488507,272.1446
619.6778: -0.1684984,0.9645425,1.515934,273.4448
619.9: -0.4006271,0.9663239,1.499189,272.0049
620.1223: -0.643557,1.005652,1.503084,277.8758
620.3445: -0.8573352,1.014841,1.517624,281.3214
620.5667: -1.070113,0.9947638,1.479952,273.0691
620.7889: -1.245448,0.973601,1.503728,267.0756
621.0111: -1.417348,0.9544189,1.495204,256.8178
621.2333: -1.604709,0.9525925,1.487177,247.3643
621.4556: -1.786383,0.9358828,1.504242,228.7411
621.6778: -1.962743,0.8931288,1.487646,213.7882
621.9: -2.137573,0.8204533,1.480111,206.495
622.1223: -2.321009,0.7357631,1.494482,195.1522
622.3445: -2.474695,0.6535151,1.470228,177.3522
622.5667: -2.600829,0.5670271,1.499035,156.1979
622.7889: -2.676663,0.4562513,1.489632,156.112
623.0111: -2.744682,0.2870328,1.476465,171.6564
623.2333: -2.79056,0.1090476,1.496487,180.3219
623.4556: -2.845295,-0.09155319,1.470927,182.3449
623.6778: -2.904648,-0.3064433,1.485614,183.6548
623.9: -2.91184,-0.5134652,1.491037,182.4105
624.1223: -2.874244,-0.7463899,1.468814,183.8596
624.3445: -2.845923,-0.9432734,1.502635,190.6602
624.5667: -2.833999,-1.138637,1.476915,196.0695
624.7889: -2.844874,-1.322025,1.487262,200.3463
625.0111: -2.841057,-1.505661,1.498385,207.0544
Trial Result: Success object: Plant | Time Spent: 11.38391
Trial No.:10 Ends
Trial No.:3 Begins
User confirmed on object: Piano, this maze officially starts.
640.3889: 1.826855,3.166442,1.5528,187.2904
640.6111: 1.857417,3.138123,1.562691,191.4181
640.8334: 1.860792,3.127385,1.553911,192.6384
641.0555: 1.841532,3.134955,1.543226,188.7406
641.2778: 1.825259,3.150922,1.533367,185.1365
641.5: 1.825264,3.171877,1.525816,185.1059
641.7222: 1.833308,3.195517,1.527398,189.0389
641.9445: 1.840099,3.208084,1.524389,192.562
642.1667: 1.837165,3.210025,1.524474,202.7111
642.3889: 1.806507,3.223413,1.528272,237.9846
642.6111: 1.797396,3.22804,1.52683,247.6077
642.8334: 1.785762,3.218732,1.527989,248.7898
643.0555: 1.745975,3.193684,1.526669,248.5547
643.2778: 1.661348,3.175026,1.518923,248.4077
643.5: 1.530311,3.166827,1.520245,249.014
643.7222: 1.394107,3.149988,1.522968,250.6521
643.9445: 1.2391,3.096756,1.504526,249.1665
644.1667: 1.077448,3.01557,1.512288,249.5995
644.3889: 0.9164265,2.948918,1.521687,250.7795
644.6111: 0.7491971,2.895027,1.500669,240.9364
644.8334: 0.5575342,2.841497,1.510023,219.6378
645.0555: 0.4017873,2.756505,1.520184,203.3438
645.2778: 0.288306,2.650914,1.496181,199.2438
645.5: 0.1838234,2.485656,1.501838,193.3716
645.7222: 0.09581008,2.317455,1.510478,180.6963
645.9445: -0.01234475,2.136933,1.485469,181.2283
646.1667: -0.09263342,1.951572,1.518374,180.7872
646.3889: -0.1132806,1.729396,1.49241,179.4503
646.6111: -0.08165897,1.504679,1.496282,181.9922
646.8334: -0.06706335,1.285263,1.509738,183.3269
647.0555: -0.07669661,1.060089,1.477169,184.9927
647.2778: -0.07180362,0.8054115,1.513309,182.0664
647.5: -0.02204426,0.5880935,1.488722,173.7287
647.7222: 0.02333513,0.3746975,1.497982,181.7691
647.9445: 0.02794386,0.2084367,1.509393,192.1008
648.1667: 0.0003126319,0.009528875,1.488557,201.7201
648.3889: -0.04764345,-0.1852641,1.510141,211.8234
648.6111: -0.09894349,-0.4041773,1.502507,220.3563
648.8334: -0.1715705,-0.5968291,1.504077,236.8547
649.0555: -0.2701036,-0.7634396,1.508969,245.6216
649.2778: -0.3945118,-0.9058272,1.487196,242.3163
649.5: -0.5265091,-1.059205,1.513342,224.103
649.7222: -0.643182,-1.223313,1.505133,211.1613
649.9445: -0.7462861,-1.421725,1.489178,209.0176
650.1667: -0.8325145,-1.611602,1.507702,206.3451
650.3889: -0.9262084,-1.823118,1.48138,204.0607
650.6111: -1.027338,-2.077826,1.505232,201.0415
650.8334: -1.071387,-2.296671,1.486992,204.0419
651.0555: -1.121078,-2.521194,1.490973,224.4584
651.2778: -1.197863,-2.643315,1.508082,253.366
651.5: -1.315844,-2.759986,1.479977,278.7067
651.7222: -1.427347,-2.844987,1.501341,297.575
651.9445: -1.505592,-2.909884,1.50586,318.3372
652.1667: -1.563353,-2.972107,1.515862,339.0481
652.3889: -1.611422,-3.012228,1.519297,347.7098
652.6111: -1.630311,-3.02428,1.529368,350.2988
652.8334: -1.634588,-3.032184,1.532066,349.928
653.0555: -1.63755,-3.043822,1.531446,348.5124
653.2778: -1.638778,-3.053286,1.528623,346.8794
653.5: -1.63511,-3.062129,1.525077,347.6923
653.7222: -1.63188,-3.068452,1.523744,348.1414
653.9445: -1.628504,-3.073271,1.522869,347.9144
654.1667: -1.623883,-3.076742,1.520896,349.134
654.3889: -1.617539,-3.08163,1.518768,349.0969
654.6111: -1.608452,-3.090174,1.52356,345.9982
654.8334: -1.617117,-3.104864,1.524196,344.0164
655.0555: -1.647572,-3.146842,1.524817,350.3237
655.2778: -1.691841,-3.190156,1.526404,355.7743
655.5: -1.720087,-3.204228,1.529604,356.7132
655.7222: -1.725703,-3.177664,1.522256,358.282
655.9445: -1.713477,-3.143889,1.516057,358.5579
Trial Result: Success object: Mailbox | Time Spent: 15.92524
Trial No.:3 Ends
Trial No.:13 Begins
User confirmed on object: Telescope, this maze officially starts.
667.3556: -2.979,0.03306677,1.540052,88.49648
667.5778: -2.991143,0.03114597,1.542196,94.31397
667.8: -3.021389,0.0422531,1.536598,99.39964
668.0222: -3.054752,0.05435145,1.5392,98.64924
668.2444: -3.082094,0.05614742,1.542236,94.48254
668.4667: -3.097026,0.05049344,1.538155,93.34557
668.6889: -3.110676,0.04904465,1.533643,91.83141
668.9111: -3.114908,0.04484763,1.529787,91.98205
669.1334: -3.10983,0.04190298,1.526665,91.28336
669.3556: -3.107395,0.03654123,1.526938,91.62209
669.5778: -3.104285,0.0323795,1.524649,91.72089
669.8: -3.09948,0.02665147,1.524343,92.08168
670.0222: -3.100357,0.02464757,1.524763,92.60537
670.2444: -3.109858,0.02307274,1.526211,93.04019
670.4667: -3.119763,0.0189128,1.525962,95.34417
670.6889: -3.128045,0.01812169,1.525462,95.30208
670.9111: -3.12922,0.01766368,1.523248,95.04355
671.1334: -3.125823,0.01835731,1.517234,94.96452
671.3556: -3.115124,0.01597984,1.518621,97.54756
671.5778: -3.097913,-0.02741572,1.507117,120.4009
671.8: -3.057974,-0.09804865,1.498522,127.2029
672.0222: -3.012305,-0.2148417,1.484403,134.8902
672.2444: -2.969967,-0.3655578,1.48341,151.6325
672.4667: -2.918962,-0.4870076,1.489661,172.0818
672.6889: -2.798538,-0.5739228,1.477923,170.7006
672.9111: -2.615005,-0.6375924,1.492538,142.7674
673.1334: -2.468005,-0.6945088,1.487219,110.3004
673.3556: -2.326033,-0.8051919,1.477064,102.9837
673.5778: -2.17281,-0.9117819,1.498647,100.9755
673.8: -2.017211,-0.9634331,1.487838,100.5253
674.0222: -1.806928,-0.9951156,1.489701,105.9205
674.2444: -1.60282,-1.028888,1.505956,112.1173
674.4667: -1.401502,-1.106203,1.485024,134.4829
674.6889: -1.226614,-1.162862,1.515633,156.5632
674.9111: -1.012899,-1.167033,1.502066,168.1976
675.1334: -0.734524,-1.12591,1.508008,146.7355
675.3556: -0.4939446,-1.089831,1.505483,116.2798
675.5778: -0.268521,-1.099104,1.500773,102.1174
675.8: -0.08824839,-1.103214,1.522465,95.31712
676.0222: 0.128435,-1.090496,1.500121,94.9125
676.2444: 0.3543103,-1.066393,1.521,97.71236
676.4667: 0.5694669,-1.073863,1.52239,105.1787
676.6889: 0.7890838,-1.114265,1.51601,110.1261
676.9111: 0.9948674,-1.147201,1.532282,114.6988
677.1334: 1.254574,-1.177917,1.502138,118.0161
677.3556: 1.469409,-1.230763,1.536965,124.6332
677.5778: 1.630891,-1.329876,1.513156,131.3814
677.8: 1.751839,-1.442822,1.517311,132.6582
678.0222: 1.871599,-1.548775,1.539312,131.5655
Trial Result: Success object: Well | Time Spent: 11.01869
Trial No.:13 Ends
