Participant ID: 431
Maze Mode: testing
Trial No.:24 Begins
User confirmed on object: Chair, this maze officially starts.
102.1578: 0.8145237,-3.185086,1.646535,1.707534
102.38: 0.8085248,-3.190632,1.65281,1.13258
102.6022: 0.7976263,-3.201074,1.660934,0.4221679
102.8244: 0.7926647,-3.2133,1.661588,5.123746
103.0467: 0.7802454,-3.22848,1.659935,7.011758
103.2689: 0.7671477,-3.236835,1.65623,8.170398
103.4911: 0.764774,-3.236513,1.656632,9.67885
103.7133: 0.7628295,-3.23564,1.658661,9.060849
103.9356: 0.7661977,-3.234344,1.656832,11.8587
104.1578: 0.7650068,-3.230672,1.648468,12.13136
104.38: 0.7601337,-3.225945,1.642367,11.96066
104.6022: 0.7582521,-3.222684,1.641232,12.58985
104.8244: 0.7553163,-3.224925,1.645862,13.57867
105.0467: 0.7537516,-3.230439,1.649909,14.44928
105.2689: 0.7531016,-3.236487,1.649893,16.27692
105.4911: 0.7536757,-3.238764,1.643265,19.5372
105.7133: 0.7665775,-3.248482,1.644539,28.62313
105.9356: 0.7876357,-3.25878,1.640611,41.77776
106.1578: 0.794253,-3.257226,1.639359,44.58006
106.38: 0.803905,-3.257956,1.639204,47.3084
106.6022: 0.8101771,-3.264197,1.635663,52.74878
106.8244: 0.8170102,-3.277099,1.637843,62.44233
107.0467: 0.8345399,-3.299569,1.637353,76.0004
107.2689: 0.8550944,-3.342358,1.638057,96.70551
107.4911: 0.8808135,-3.373007,1.637454,111.5958
107.7133: 0.9055977,-3.318458,1.64018,77.2252
107.9356: 0.86339,-3.232818,1.629048,19.1282
108.1578: 0.8380532,-3.215257,1.63069,345.7576
108.38: 0.8356088,-3.210447,1.639858,307.0933
108.6022: 0.8542216,-3.219247,1.63921,281.1082
108.8244: 0.8585844,-3.22145,1.635741,279.8164
109.0467: 0.8282258,-3.222436,1.633899,282.2711
109.2689: 0.7613531,-3.235141,1.632018,286.2171
109.4911: 0.7037799,-3.226042,1.642624,310.8263
109.7133: 0.7183973,-3.211308,1.638714,338.7878
109.9356: 0.7440773,-3.204204,1.638086,350.8283
110.1578: 0.7473037,-3.189653,1.637723,348.8399
110.38: 0.6996144,-3.188448,1.644804,333.7831
110.6022: 0.5877467,-3.226668,1.636281,306.8937
110.8244: 0.4596696,-3.255182,1.63233,294.6725
111.0467: 0.3155991,-3.248939,1.618653,291.9764
111.2689: 0.1394185,-3.205074,1.612081,292.1692
111.4911: -0.07266464,-3.14055,1.637287,304.6069
111.7133: -0.2538452,-3.096558,1.62876,317.4358
111.9356: -0.4259098,-3.056949,1.641104,331.0285
112.1578: -0.5482113,-2.998669,1.64738,344.4631
112.38: -0.640384,-2.909321,1.631769,355.1911
112.6022: -0.7174878,-2.767465,1.633246,0.1778895
112.8244: -0.7792814,-2.597773,1.648719,3.909421
113.0467: -0.8392016,-2.40801,1.634024,6.802646
113.2689: -0.8814807,-2.236126,1.644684,11.4325
113.4911: -0.8884498,-2.036333,1.646124,19.60799
113.7133: -0.8593827,-1.865692,1.627183,24.39261
113.9356: -0.8631462,-1.690867,1.651038,359.9657
114.1578: -0.9265174,-1.554149,1.637771,312.9235
114.38: -0.9684399,-1.467117,1.62325,284.988
114.6022: -0.9999747,-1.353852,1.633796,268.4219
114.8244: -1.010673,-1.239708,1.648432,282.5786
115.0467: -0.9257112,-1.135929,1.650974,352.0059
115.2689: -0.809021,-1.146696,1.637407,50.89791
115.4911: -0.724721,-1.157212,1.630528,73.46477
115.7133: -0.6143736,-1.153079,1.625447,88.75108
115.9356: -0.5286514,-1.132135,1.635396,85.32419
116.1578: -0.4473777,-1.105324,1.639783,81.79461
116.38: -0.3842309,-1.048031,1.639996,70.83675
116.6022: -0.3367869,-0.9291743,1.631815,39.79703
116.8244: -0.2866505,-0.7987754,1.631711,23.94042
117.0467: -0.2362,-0.6607692,1.64066,8.060147
117.2689: -0.1887768,-0.5327646,1.631843,353.4195
117.4911: -0.1197665,-0.3964248,1.619198,346.4865
117.7133: -0.03414796,-0.2249647,1.627766,339.0031
117.9356: 0.01865265,-0.05295487,1.635481,335.4745
118.1578: 0.0269808,0.1221263,1.621426,333.3351
118.38: -0.01283264,0.2707878,1.626842,321.7155
118.6022: -0.05443662,0.4297251,1.642019,308.8077
118.8244: -0.086227,0.5842173,1.630821,296.8893
119.0467: -0.1002239,0.7401946,1.635643,292.9019
119.2689: -0.08399944,0.9247772,1.634769,314.9327
119.4911: -0.0606261,1.111124,1.624014,338.4916
119.7133: -0.05804064,1.316911,1.605292,352.5143
119.9356: -0.06147184,1.506307,1.631354,2.757019
120.1578: -0.05765633,1.684757,1.625824,5.818563
120.38: -0.05287045,1.850017,1.611149,357.6974
120.6022: -0.04221653,2.040066,1.619112,345.8503
120.8244: -0.04916102,2.218626,1.628898,333.0251
121.0467: -0.07800668,2.375839,1.608266,319.6998
121.2689: -0.1261979,2.521054,1.620027,308.7719
121.4911: -0.1700697,2.645465,1.62981,294.0812
121.7133: -0.2152333,2.764181,1.620668,271.1301
121.9356: -0.2464683,2.887089,1.620421,258.8448
122.1578: -0.2723494,2.999137,1.634117,260.168
122.38: -0.281233,3.084698,1.633161,275.0645
122.6022: -0.2462252,3.179198,1.62319,328.7425
122.8244: -0.1754261,3.20385,1.624071,39.58785
123.0467: -0.1739191,3.176564,1.624756,88.43185
123.2689: -0.1883531,3.176527,1.625505,105.7466
123.4911: -0.187798,3.186512,1.62259,104.8727
123.7133: -0.1789072,3.185748,1.620882,101.779
123.9356: -0.1723548,3.186779,1.621595,96.70779
124.1578: -0.1732731,3.188604,1.623208,90.1354
124.38: -0.2010081,3.215409,1.626654,63.03714
124.6022: -0.273514,3.243639,1.629858,17.87206
124.8244: -0.4144829,3.208601,1.620558,307.0498
125.0467: -0.5193956,3.139993,1.612149,263.216
125.2689: -0.6381679,3.126778,1.605213,252.2348
125.4911: -0.7799075,3.154929,1.613531,258.5511
125.7133: -0.9669998,3.220802,1.614967,263.2155
125.9356: -1.112996,3.275216,1.602889,262.3066
126.1578: -1.261922,3.294417,1.628669,248.2722
126.38: -1.352649,3.262534,1.623102,218.8619
126.6022: -1.411323,3.231115,1.614032,207.7946
126.8244: -1.461689,3.190779,1.620253,194.3487
127.0467: -1.463858,3.162426,1.626273,176.1149
127.2689: -1.383739,3.149032,1.631114,159.1722
127.4911: -1.21355,3.164167,1.620289,135.7051
127.7133: -1.033473,3.164656,1.622012,122.5657
127.9356: -0.8391665,3.127997,1.612811,115.819
128.1578: -0.6754674,3.046103,1.589653,128.1021
128.38: -0.5185933,2.955815,1.618968,147.2664
128.6022: -0.3686336,2.924473,1.623253,139.7399
128.8244: -0.1710637,2.941486,1.607335,119.7737
129.0467: 0.01183984,2.972995,1.623543,110.4715
129.2689: 0.180855,2.986176,1.628742,106.1263
129.4911: 0.3567924,2.985064,1.611194,101.358
129.7133: 0.5508578,2.970691,1.618662,98.4299
129.9356: 0.7782705,2.972304,1.627691,94.75209
130.1578: 0.9705164,3.002258,1.604795,94.00532
130.38: 1.167825,3.041083,1.631446,99.18649
130.6022: 1.346163,3.047166,1.637441,107.5112
130.8244: 1.552186,3.022551,1.608135,115.2663
131.0467: 1.748404,2.971777,1.622598,120.3679
131.2689: 1.934413,2.917435,1.6314,130.1125
131.4911: 2.107967,2.865716,1.607228,144.0332
131.7133: 2.259233,2.799097,1.634237,155.1613
131.9356: 2.386299,2.677873,1.628478,162.4971
Trial Result: Fail at object:  | Time Spent: 30
Trial No.:24 Ends
Trial No.:21 Begins
User confirmed on object: Mailbox, this maze officially starts.
162.6022: -1.741293,-3.138002,1.654996,351.046
162.8244: -1.748661,-3.142859,1.671232,355.5167
163.0467: -1.763278,-3.151297,1.67456,1.968973
163.2689: -1.782306,-3.160965,1.67261,4.464689
163.4911: -1.806679,-3.17767,1.657622,7.019145
163.7133: -1.825298,-3.185381,1.64397,9.414654
163.9356: -1.85356,-3.181638,1.646632,357.7795
164.1578: -1.90249,-3.18576,1.653612,319.8003
164.38: -1.937125,-3.203679,1.653905,284.1631
164.6022: -1.939037,-3.193913,1.654882,286.3116
164.8244: -1.928599,-3.168823,1.653736,305.5155
165.0467: -1.90191,-3.147388,1.649613,331.5224
165.2689: -1.86018,-3.147756,1.645469,6.024533
165.4911: -1.815084,-3.183069,1.645894,44.68741
165.7133: -1.790194,-3.226559,1.645373,70.94673
165.9356: -1.778107,-3.25578,1.642784,88.15666
166.1578: -1.771301,-3.276928,1.639603,101.0526
166.38: -1.755018,-3.279086,1.638035,96.55545
166.6022: -1.703071,-3.259915,1.635332,71.51814
166.8244: -1.60461,-3.237765,1.62545,39.41685
167.0467: -1.43612,-3.234622,1.613212,24.19824
167.2689: -1.271214,-3.219232,1.630685,20.41346
167.4911: -1.134284,-3.173908,1.624873,16.47865
167.7133: -1.023466,-3.114022,1.615319,27.03576
167.9356: -0.8899263,-3.085079,1.624648,50.22421
168.1578: -0.725893,-3.094655,1.620271,71.79224
168.38: -0.5372595,-3.128613,1.617497,76.01543
168.6022: -0.2847105,-3.175973,1.637229,77.11336
168.8244: -0.06552962,-3.200114,1.62001,76.65558
169.0467: 0.158325,-3.206146,1.633982,78.96835
169.2689: 0.3477023,-3.214405,1.641712,77.4617
169.4911: 0.5720822,-3.22765,1.616161,70.66501
169.7133: 0.7979383,-3.232001,1.635976,68.46413
169.9356: 1.011225,-3.202309,1.631164,70.16145
170.1578: 1.194497,-3.106128,1.62531,57.53792
170.38: 1.350655,-2.981335,1.62981,36.51817
170.6022: 1.512525,-2.830544,1.623457,13.71334
170.8244: 1.627053,-2.698437,1.636611,3.447472
171.0467: 1.701304,-2.537342,1.622115,358.5294
171.2689: 1.7307,-2.338963,1.633947,356.9902
171.4911: 1.749881,-2.148515,1.64142,349.5024
171.7133: 1.759559,-1.939876,1.62231,337.0512
171.9356: 1.752575,-1.724828,1.627146,325.1163
172.1578: 1.692258,-1.543627,1.631303,311.781
172.38: 1.589595,-1.406986,1.620228,301.5763
172.6022: 1.442297,-1.262086,1.628754,294.8542
172.8244: 1.279737,-1.155555,1.6033,294.3705
173.0467: 1.09693,-1.066476,1.614521,291.1993
173.2689: 0.9103279,-1.011669,1.627557,291.4844
173.4911: 0.7149596,-0.9852654,1.63288,285.1022
173.7133: 0.5309566,-0.924561,1.634907,296.8191
173.9356: 0.3909503,-0.8219787,1.621687,325.2659
174.1578: 0.2655428,-0.719146,1.63449,346.8942
174.38: 0.1495607,-0.6250112,1.626308,359.2444
174.6022: 0.05257676,-0.4839938,1.636441,5.15502
174.8244: 0.02620763,-0.3330987,1.621563,2.281801
175.0467: 0.030963,-0.1243526,1.621467,345.8135
175.2689: 0.01451383,0.07790826,1.627786,333.6826
175.4911: -0.03210451,0.2343356,1.599403,326.9362
175.7133: -0.1101095,0.3787766,1.619857,319.3639
175.9356: -0.1872423,0.5161077,1.616869,299.4477
176.1578: -0.2564797,0.6397485,1.608317,274.7589
176.38: -0.3142093,0.7751058,1.628869,262.2612
176.6022: -0.3926803,0.8961623,1.633657,275.4513
176.8244: -0.5107828,0.9696653,1.620316,283.1993
177.0467: -0.673275,0.9997749,1.603575,284.9483
177.2689: -0.8837974,1.036502,1.628703,296.2295
177.4911: -1.046653,1.088535,1.631792,310.7315
177.7133: -1.225259,1.173963,1.605587,323.4906
177.9356: -1.389611,1.282363,1.619871,336.5146
178.1578: -1.536819,1.390343,1.619093,351.1354
178.38: -1.6591,1.495246,1.611038,8.665839
178.6022: -1.761665,1.621984,1.629562,7.135028
178.8244: -1.835902,1.727062,1.621707,334.1337
179.0467: -1.833123,1.818317,1.631931,322.7092
179.2689: -1.845319,1.89178,1.637074,312.0137
179.4911: -1.913061,1.809902,1.639556,265.0052
179.7133: -1.940339,1.659725,1.623743,218.8139
179.9356: -1.985503,1.514907,1.614633,196.6103
180.1578: -2.013939,1.382863,1.627953,157.0636
180.38: -2.044824,1.313425,1.615515,114.2767
180.6022: -2.107909,1.260154,1.623011,92.56201
180.8244: -2.176361,1.165403,1.6239,114.1011
181.0467: -2.175697,1.099723,1.622462,132.9285
181.2689: -2.013976,1.113773,1.615938,98.14945
181.4911: -1.849241,1.158029,1.611485,83.00504
181.7133: -1.630274,1.155691,1.622892,85.00258
181.9356: -1.381821,1.103386,1.600079,92.74712
182.1578: -1.117855,1.037494,1.60259,89.70386
182.38: -0.8616249,1.017386,1.627767,78.71703
182.6022: -0.6147132,1.024115,1.604933,71.5557
182.8244: -0.3304163,1.014547,1.6236,93.89254
183.0467: -0.07463043,1.015251,1.614125,97.40129
183.2689: 0.173154,0.9991999,1.614045,98.04514
183.4911: 0.3994012,1.003129,1.628491,99.42609
183.7133: 0.6395199,1.044878,1.610448,92.99191
183.9356: 0.9008711,1.088079,1.636317,92.25185
184.1578: 1.157193,1.111005,1.625079,94.26086
184.38: 1.399916,1.117668,1.624895,95.34367
184.6022: 1.644235,1.135458,1.626868,94.93506
184.8244: 1.964833,1.176193,1.606582,88.97647
185.0467: 2.237388,1.187754,1.651709,89.01733
185.2689: 2.451207,1.16191,1.632662,87.18239
185.4911: 2.578046,1.133822,1.64225,87.5668
185.7133: 2.653958,1.121072,1.647994,89.59415
185.9356: 2.695277,1.119068,1.645789,92.23358
Trial Result: Success object: Trashcan | Time Spent: 23.63484
Trial No.:21 Ends
Trial No.:16 Begins
User confirmed on object: Wheelbarrow, this maze officially starts.
204.2467: 0.228115,-0.01424019,1.643727,274.8022
204.4689: 0.2438605,-0.03049674,1.655099,273.0252
204.6911: 0.2690442,-0.04812264,1.666862,272.6837
204.9133: 0.3127408,-0.06391454,1.665867,278.8555
205.1356: 0.3640759,-0.08001205,1.658172,287.2566
205.3578: 0.3862931,-0.08861247,1.655719,287.2769
205.58: 0.3902702,-0.09209516,1.659591,283.4925
205.8022: 0.3827215,-0.08328187,1.653115,284.6818
206.0244: 0.3821629,-0.05597903,1.654185,294.182
206.2467: 0.4021278,0.01609405,1.644961,328.0624
206.4689: 0.4359774,0.07280186,1.636623,359.0569
206.6911: 0.4521145,0.1056167,1.637623,25.62571
206.9133: 0.4501612,0.116098,1.632225,54.37998
207.1356: 0.4156418,0.120177,1.634717,79.45932
207.3578: 0.3808003,0.1290146,1.627791,94.83725
207.58: 0.3619184,0.1407506,1.624639,104.4323
207.8022: 0.3440653,0.1751408,1.626588,107.814
208.0244: 0.3266581,0.231737,1.63063,99.22087
208.2467: 0.2883486,0.2995743,1.634857,92.92748
208.4689: 0.2337409,0.3401991,1.635928,83.92869
208.6911: 0.1973824,0.3431046,1.627083,64.22466
208.9133: 0.1672228,0.3330281,1.62171,24.56763
209.1356: 0.126658,0.3188825,1.627548,333.0764
209.3578: 0.08200008,0.2918819,1.627402,297.705
209.58: 0.02841712,0.2906799,1.633891,277.2739
209.8022: -0.001319497,0.2961329,1.643987,252.0654
210.0244: -0.02221593,0.3481501,1.633944,233.0665
210.2467: -0.03205369,0.4444802,1.621419,201.271
210.4689: -0.07726147,0.5897505,1.629512,188.9888
210.6911: -0.185286,0.736262,1.636305,232.4203
210.9133: -0.2711753,0.8411103,1.626507,257.9875
211.1356: -0.4047672,0.8887531,1.599846,270.2131
211.3578: -0.6355398,0.9168863,1.620771,288.1017
211.58: -0.8504491,0.9502859,1.640995,299.8371
211.8022: -1.065939,0.9814951,1.61706,282.855
212.0244: -1.231569,1.051692,1.615947,288.993
212.2467: -1.405514,1.149626,1.626906,324.4662
212.4689: -1.56521,1.211739,1.599035,355.4136
212.6911: -1.699876,1.280723,1.629103,15.10027
212.9133: -1.783827,1.365014,1.6218,22.96846
213.1356: -1.839705,1.496398,1.615034,5.805583
213.3578: -1.870867,1.657747,1.629461,341.3817
213.58: -1.895079,1.823883,1.62681,328.4662
213.8022: -1.933787,1.996429,1.597558,321.5881
214.0244: -1.948051,2.157848,1.628485,335.7517
214.2467: -1.885257,2.303411,1.632673,31.05148
214.4689: -1.832312,2.423213,1.609438,65.20376
214.6911: -1.776824,2.56426,1.615093,80.83293
214.9133: -1.726886,2.709997,1.614349,95.79282
215.1356: -1.705211,2.810154,1.617855,131.1866
215.3578: -1.745576,2.860347,1.62124,174.5717
215.58: -1.751156,2.884272,1.611257,180.8675
215.8022: -1.717355,2.90073,1.613297,163.8565
216.0244: -1.636854,2.948631,1.614532,133.7372
216.2467: -1.542369,3.023248,1.613516,107.6521
216.4689: -1.429916,3.054342,1.603476,107.6195
216.6911: -1.273089,3.049589,1.608715,109.2087
216.9133: -1.093503,3.051771,1.622161,113.0704
217.1356: -0.8996575,3.068109,1.601052,123.8147
217.3578: -0.6664816,3.090765,1.615061,138.9569
217.58: -0.4922529,3.058428,1.620086,151.8895
217.8022: -0.3110609,3.032808,1.602395,119.5381
218.0244: -0.1878828,3.001954,1.627021,111.6138
218.2467: -0.1197247,2.966506,1.640309,121.5389
218.4689: -0.1259202,2.902277,1.640573,175.2324
218.6911: -0.1636172,2.888186,1.635137,200.7512
218.9133: -0.2930878,2.914532,1.629466,222.1412
219.1356: -0.5047665,2.96121,1.616877,244.4413
219.3578: -0.7276543,2.954351,1.61787,246.6678
219.58: -0.9814899,2.878745,1.608254,237.4547
219.8022: -1.211688,2.787835,1.624608,231.1534
220.0244: -1.432352,2.693347,1.617674,223.6195
220.2467: -1.586182,2.592867,1.633224,211.1931
220.4689: -1.743546,2.410175,1.627491,205.6033
220.6911: -1.849244,2.208862,1.620414,206.5164
220.9133: -1.944368,2.007472,1.639301,207.9438
221.1356: -2.041194,1.837035,1.610862,209.9741
221.3578: -2.155514,1.633417,1.633906,205.4622
221.58: -2.274091,1.393188,1.624693,186.058
221.8022: -2.392767,1.185934,1.622839,182.3415
222.0244: -2.512513,0.9793543,1.634774,177.2573
222.2467: -2.615855,0.8014661,1.6085,175.1091
222.4689: -2.70724,0.5915216,1.628151,158.7038
222.6911: -2.762649,0.3789254,1.622783,156.5231
222.9133: -2.781985,0.1479138,1.622332,163.8057
223.1356: -2.810324,-0.08086808,1.641467,177.0666
223.3578: -2.829547,-0.2947021,1.620906,182.5531
223.58: -2.867781,-0.5076746,1.633699,184.645
223.8022: -2.89186,-0.7351614,1.638627,185.6582
224.0244: -2.8969,-0.9853303,1.615505,189.3704
224.2467: -2.896616,-1.208233,1.651597,196.018
Trial Result: Success object: Plant | Time Spent: 20.29066
Trial No.:16 Ends
Trial No.:17 Begins
User confirmed on object: Harp, this maze officially starts.
240.1356: 1.691096,-1.210752,1.670778,0.4638648
240.3578: 1.69748,-1.243074,1.672789,2.472206
240.58: 1.694054,-1.266246,1.671956,1.624219
240.8022: 1.679348,-1.28894,1.668351,358.9849
241.0244: 1.678631,-1.300302,1.667781,5.597517
241.2467: 1.681955,-1.307366,1.667223,15.15994
241.4689: 1.680587,-1.306392,1.664427,18.91401
241.6911: 1.666945,-1.30571,1.654894,14.44333
241.9133: 1.633362,-1.300229,1.654951,356.6917
242.1356: 1.573138,-1.299566,1.654801,317.4249
242.3578: 1.513032,-1.34263,1.644359,276.0545
242.58: 1.47626,-1.367976,1.643804,261.9745
242.8022: 1.451499,-1.328218,1.649122,283.9576
243.0244: 1.452176,-1.308272,1.649845,296.5781
243.2467: 1.451914,-1.291369,1.655868,299.0678
243.4689: 1.516639,-1.219049,1.654482,340.7369
243.6911: 1.653631,-1.211895,1.641698,34.89225
243.9133: 1.792947,-1.253593,1.634062,85.31254
244.1356: 1.876189,-1.281073,1.633635,118.8216
244.3578: 1.929887,-1.289364,1.637872,147.0587
244.58: 1.957581,-1.293687,1.635214,165.3716
244.8022: 1.959662,-1.296354,1.630784,186.8787
245.0244: 1.952544,-1.319825,1.624122,200.7986
245.2467: 1.966485,-1.40107,1.617998,179.9574
245.4689: 1.958197,-1.490498,1.631961,163.3942
245.6911: 1.937519,-1.555787,1.63489,159.7744
245.9133: 1.910546,-1.611316,1.634983,159.0056
246.1356: 1.887271,-1.709626,1.629418,158.6404
246.3578: 1.883895,-1.861855,1.607329,154.6196
246.58: 1.910234,-2.063544,1.61622,146.2975
246.8022: 1.920922,-2.227888,1.641958,135.9423
247.0244: 1.913574,-2.416818,1.631057,122.0086
247.2467: 1.885914,-2.58772,1.621489,110.826
247.4689: 1.854996,-2.757127,1.634767,121.5968
247.6911: 1.861489,-2.877965,1.627884,107.5045
247.9133: 1.78583,-3.082102,1.651192,165.1523
248.1356: 1.601912,-3.129218,1.638413,258.6376
248.3578: 1.521876,-3.1284,1.622899,289.8361
248.58: 1.39447,-3.129966,1.616064,302.4117
248.8022: 1.244012,-3.139165,1.627631,298.7583
249.0244: 1.005356,-3.17167,1.626141,287.3566
249.2467: 0.7471094,-3.211045,1.606122,283.9353
249.4689: 0.4876284,-3.220814,1.642463,286.8482
249.6911: 0.2366756,-3.203605,1.628778,286.9009
249.9133: -0.001590092,-3.157125,1.62328,293.4666
250.1356: -0.2371868,-3.08855,1.643245,325.2803
250.3578: -0.4398647,-3.072616,1.608845,341.3975
250.58: -0.6391697,-3.055437,1.643076,355.4635
250.8022: -0.8083863,-3.030097,1.631415,358.8636
251.0244: -1.056896,-3.004049,1.627396,322.6008
251.2467: -1.297387,-3.001708,1.637206,289.8414
251.4689: -1.523664,-3.004527,1.61779,286.5458
251.6911: -1.745464,-2.988754,1.645065,302.1522
251.9133: -1.950681,-2.938305,1.637645,316.6379
252.1356: -2.162937,-2.823328,1.628083,328.2129
252.3578: -2.334079,-2.688865,1.64902,343.0296
252.58: -2.486753,-2.54424,1.618992,2.054694
252.8022: -2.605489,-2.40854,1.641553,12.62489
253.0244: -2.699961,-2.245677,1.630258,15.35604
253.2467: -2.754286,-2.047666,1.620211,15.92991
253.4689: -2.757387,-1.839667,1.644592,30.18439
253.6911: -2.755966,-1.638182,1.626934,56.31102
253.9133: -2.772718,-1.431998,1.630834,72.22901
254.1356: -2.77038,-1.144586,1.636791,71.79358
254.3578: -2.768172,-0.8586137,1.607899,42.67687
254.58: -2.768371,-0.597235,1.642279,20.28935
254.8022: -2.773761,-0.3902203,1.628727,13.99929
255.0244: -2.77757,-0.1670287,1.626288,19.88886
255.2467: -2.748797,0.06425986,1.642632,34.20455
255.4689: -2.703053,0.2901939,1.613808,40.64842
255.6911: -2.629611,0.5006654,1.626981,48.1425
255.9133: -2.546969,0.6870004,1.629013,71.47554
256.1356: -2.465744,0.8825788,1.613373,100.164
256.3578: -2.374714,1.069201,1.628952,83.57463
256.58: -2.27288,1.257389,1.612649,45.06414
256.8022: -2.177756,1.399033,1.625083,19.61189
257.0244: -2.102549,1.531597,1.627408,0.4124587
257.2467: -2.047111,1.70366,1.604042,342.9568
257.4689: -2.008895,1.905277,1.622272,331.6468
257.6911: -1.982191,2.104653,1.627979,318.791
257.9133: -1.937098,2.299836,1.602554,326.9097
258.1356: -1.833407,2.524478,1.63378,9.955379
258.3578: -1.851602,2.65944,1.6257,343.4663
258.58: -1.902699,2.766341,1.622504,309.6206
258.8022: -1.96834,2.850255,1.627433,283.2694
259.0244: -2.069023,2.938671,1.614018,273.0072
259.2467: -2.221641,3.032214,1.603493,270.0742
259.4689: -2.391021,3.069223,1.636832,263.7464
259.6911: -2.533704,3.066567,1.618028,258.2063
Trial Result: Success object: Stove | Time Spent: 19.79949
Trial No.:17 Ends
Trial No.:7 Begins
User confirmed on object: Plant, this maze officially starts.
276.6022: -2.623595,-1.899012,1.663871,265.7729
276.8245: -2.62545,-1.899038,1.665686,265.3055
277.0467: -2.61189,-1.905547,1.66979,263.9808
277.2689: -2.590438,-1.912706,1.669161,265.4167
277.4911: -2.556764,-1.921241,1.658514,269.6229
277.7133: -2.512259,-1.926861,1.649466,277.8078
277.9355: -2.449888,-1.885782,1.643133,309.4684
278.1578: -2.37031,-1.828955,1.64125,341.4136
278.38: -2.301896,-1.769566,1.637551,10.34661
278.6022: -2.265368,-1.732221,1.631365,45.82431
278.8245: -2.308784,-1.715143,1.626112,63.82789
279.0467: -2.372571,-1.697871,1.623282,89.65733
279.2689: -2.44532,-1.637314,1.632203,87.94043
279.4911: -2.501786,-1.55033,1.637514,72.08726
279.7133: -2.522585,-1.472912,1.634631,67.43386
279.9356: -2.540394,-1.357388,1.634908,33.83419
280.1578: -2.572366,-1.266443,1.636163,9.946825
280.38: -2.605891,-1.191691,1.634448,10.56535
280.6022: -2.656614,-1.102584,1.627134,28.29993
280.8245: -2.68885,-1.035929,1.638249,62.22545
281.0467: -2.716548,-0.9501486,1.633574,81.34151
281.2689: -2.712503,-0.8402129,1.615589,87.84792
281.4911: -2.702283,-0.686448,1.631293,67.79037
281.7133: -2.728692,-0.4849624,1.634072,24.85856
281.9356: -2.767433,-0.3001944,1.622682,7.623616
282.1578: -2.792542,-0.1293975,1.630727,16.80596
282.38: -2.782833,0.04094666,1.637966,33.54518
282.6022: -2.737498,0.267131,1.609289,40.88409
282.8245: -2.657175,0.4428828,1.625435,50.02857
283.0467: -2.576137,0.6071749,1.63652,68.02642
283.2689: -2.512943,0.7496967,1.613098,92.57524
283.4911: -2.453217,0.8769227,1.630021,97.40308
283.7133: -2.371213,1.053024,1.625151,55.63025
283.9356: -2.273506,1.187699,1.606975,23.1769
284.1578: -2.159898,1.305303,1.618735,6.776587
284.38: -2.07094,1.439087,1.60722,354.0332
284.6022: -1.99992,1.636851,1.588433,347.6369
284.8245: -1.968099,1.816296,1.610293,340.3029
285.0467: -1.940994,1.991652,1.616232,328.0519
285.2689: -1.881479,2.153258,1.605285,337.8334
285.4911: -1.767799,2.330986,1.621273,23.68461
285.7133: -1.706455,2.488803,1.600246,50.45955
285.9356: -1.643972,2.625014,1.61427,76.798
286.1578: -1.562207,2.717422,1.610312,91.78115
286.38: -1.417276,2.798698,1.599487,99.19236
286.6022: -1.213658,2.86231,1.619981,104.3841
286.8245: -0.983647,2.934007,1.618294,114.1992
287.0467: -0.7661907,3.001878,1.6002,124.8034
287.2689: -0.5737334,3.025864,1.627687,141.9363
287.4911: -0.3943282,3.034197,1.60787,138.6029
287.7133: -0.1810857,3.026561,1.616536,121.0629
287.9356: 0.0255658,3.010611,1.629753,114.1947
288.1578: 0.241147,3.015193,1.609358,106.7069
288.38: 0.472978,3.035496,1.627782,100.7047
288.6022: 0.7091966,3.034437,1.63236,98.75823
288.8245: 0.9989693,3.001611,1.604061,99.7873
289.0467: 1.222771,2.968221,1.638641,103.0515
289.2689: 1.472175,2.950405,1.623574,110.8615
289.4911: 1.695592,2.940799,1.619557,119.1627
289.7133: 1.936805,2.891751,1.633303,132.1352
289.9356: 2.140172,2.80032,1.603165,143.3426
290.1578: 2.257353,2.719305,1.623439,150.7926
290.38: 2.486896,2.549373,1.620152,163.493
290.6022: 2.624774,2.421452,1.627676,166.2907
290.8245: 2.715091,2.296644,1.627506,166.0877
291.0467: 2.715091,2.296644,1.627506,166.0877
291.2689: 2.715091,2.296644,1.627506,166.0877
291.4911: 2.991176,1.675174,1.632869,166.6117
291.7133: 3.016967,1.509793,1.642383,162.7573
291.9356: 3.016536,1.507652,1.641777,163.3282
292.1578: 3.01663,1.507504,1.641819,163.3255
292.38: 3.01442,1.515791,1.638782,163.2543
292.6022: 2.860307,1.376007,1.62431,138.2986
292.8245: 2.736371,1.30462,1.627886,130.6001
293.0467: 2.689665,1.285263,1.638624,120.675
293.2689: 2.673605,1.265212,1.63686,108.4145
Trial Result: Success object: Trashcan | Time Spent: 16.94688
Trial No.:7 Ends
Trial No.:1 Begins
User confirmed on object: Stove, this maze officially starts.
308.9911: -2.550288,2.957376,1.640718,269.9395
309.2133: -2.571756,2.952934,1.640217,273.141
309.4356: -2.576284,2.973504,1.641141,281.1834
309.6578: -2.55606,2.99249,1.639477,285.6344
309.88: -2.524993,3.029782,1.639079,288.322
310.1022: -2.503011,3.050468,1.628582,283.1884
310.3245: -2.48706,3.061451,1.618774,280.4276
310.5467: -2.489214,3.094662,1.618039,308.149
310.7689: -2.459619,3.11983,1.617915,3.257549
310.9911: -2.394129,3.072511,1.613527,57.49405
311.2133: -2.342428,3.012731,1.610805,88.45722
311.4356: -2.276772,2.96034,1.608929,113.8532
311.6578: -2.232073,2.929948,1.611424,138.8643
311.88: -2.194155,2.940963,1.609283,158.6795
312.1022: -2.153434,2.986184,1.609073,171.8169
312.3245: -2.074409,3.033707,1.600352,175.0186
312.5467: -1.924176,3.073565,1.598503,139.8196
312.7689: -1.755593,3.089244,1.584045,113.48
312.9911: -1.591431,3.038168,1.603568,108.2919
313.2133: -1.41638,2.989834,1.620867,102.5965
313.4356: -1.199417,2.967896,1.599226,102.9573
313.6578: -1.003716,2.968627,1.619837,109.7581
313.88: -0.8218083,2.970164,1.630471,109.3595
314.1022: -0.619838,2.971611,1.59652,105.4483
314.3245: -0.4508582,2.971752,1.618079,103.6708
314.5467: -0.2901536,2.993503,1.619851,105.5639
314.7689: -0.1451705,3.020586,1.613128,122.5038
314.9911: -0.03456959,3.028722,1.623755,157.3949
315.2133: 0.1073479,3.028373,1.621067,174.5613
315.4356: 0.3699227,3.030881,1.598098,134.0099
315.6578: 0.59693,3.040469,1.630075,104.5443
315.88: 0.8064241,3.048398,1.618323,99.43868
316.1022: 1.031599,3.082555,1.603964,101.0864
316.3245: 1.229073,3.104004,1.634853,106.0029
316.5467: 1.468044,3.090612,1.620964,116.3302
316.7689: 1.721625,3.028553,1.617645,124.9226
316.9911: 1.970749,2.944246,1.631978,136.7222
317.2133: 2.200402,2.834709,1.608504,149.7763
317.4356: 2.3363,2.745475,1.625084,157.5432
317.6578: 2.464582,2.545782,1.62293,171.9642
317.88: 2.550957,2.30735,1.638095,183.5572
318.1022: 2.610644,2.106364,1.641794,190.9536
318.3245: 2.66353,1.900194,1.63188,199.9884
318.5467: 2.684661,1.692441,1.643276,209.9074
318.7689: 2.673382,1.465684,1.618219,213.9146
318.9911: 2.607509,1.2693,1.634689,241.1825
319.2133: 2.596809,1.024087,1.641185,230.2422
319.4356: 2.638634,0.7466209,1.617854,198.2605
319.6578: 2.644116,0.4448337,1.650117,195.0414
319.88: 2.602747,0.1866276,1.623291,198.3837
320.1022: 2.532502,-0.06397767,1.635373,200.9156
320.3245: 2.480206,-0.276155,1.641934,204.8561
320.5467: 2.429813,-0.5008078,1.615274,201.493
320.7689: 2.348931,-0.7189057,1.63859,194.3632
320.9911: 2.224629,-0.9036642,1.618083,184.6478
321.2133: 2.085338,-1.070505,1.621497,174.369
321.4356: 1.989366,-1.221155,1.643774,165.2149
321.6578: 1.936268,-1.403326,1.622551,155.4814
321.88: 1.936498,-1.585753,1.632236,141.599
322.1022: 1.917955,-1.71681,1.652163,125.1338
322.3245: 1.886212,-1.808667,1.633102,111.3059
Trial Result: Success object: Well | Time Spent: 13.59343
Trial No.:1 Ends
Trial No.:18 Begins
User confirmed on object: Harp, this maze officially starts.
328.9356: 1.618558,-1.158534,1.662126,4.512372
329.1578: 1.611935,-1.168114,1.668858,5.560978
329.38: 1.618031,-1.180583,1.671958,10.84556
329.6022: 1.623688,-1.192648,1.668982,15.99846
329.8245: 1.625832,-1.195245,1.663437,16.74544
330.0467: 1.625806,-1.193318,1.661332,13.69283
330.2689: 1.582729,-1.180936,1.661521,340.9822
330.4911: 1.547658,-1.19286,1.651419,290.9532
330.7133: 1.571013,-1.185599,1.64151,249.2522
330.9356: 1.58082,-1.1302,1.643293,251.5776
331.1578: 1.585414,-1.065995,1.643922,282.0701
331.38: 1.578234,-1.063671,1.640099,284.7147
331.6022: 1.558711,-1.098922,1.636142,285.016
331.8245: 1.523864,-1.169588,1.634769,281.0992
332.0467: 1.516217,-1.272604,1.638668,217.5464
332.2689: 1.528873,-1.282037,1.646245,167.191
332.4911: 1.517285,-1.246223,1.649621,132.2666
332.7133: 1.494812,-1.225289,1.646185,120.7555
332.9356: 1.462277,-1.24548,1.649132,139.7062
333.1578: 1.405744,-1.275923,1.655926,182.9612
333.38: 1.34877,-1.238572,1.650973,239.9115
333.6022: 1.310719,-1.160329,1.633831,290.8129
333.8245: 1.191321,-1.104155,1.608505,300.0531
334.0467: 1.028779,-1.03485,1.615937,299.3775
334.2689: 0.8630048,-0.9852774,1.633651,305.0903
334.4911: 0.6970402,-0.9618664,1.612473,315.1389
334.7133: 0.5136106,-0.9398804,1.620668,328.991
334.9356: 0.3477516,-0.8847909,1.638098,343.0633
335.1578: 0.226952,-0.8027397,1.628375,348.6403
335.38: 0.1321247,-0.658298,1.621683,346.3658
335.6022: 0.06470881,-0.4703406,1.626992,353.763
335.8245: -0.001271664,-0.2219945,1.623998,9.642586
336.0467: -0.07493867,0.01641208,1.630943,6.90927
336.2689: -0.1069475,0.2397118,1.644418,1.209076
336.4911: -0.1453163,0.42708,1.612168,331.7861
336.7133: -0.1875426,0.5724568,1.620785,289.1078
336.9356: -0.2365071,0.7065743,1.620438,257.8663
337.1578: -0.299272,0.854426,1.61773,270.2141
337.38: -0.2805798,1.060865,1.63851,333.1686
337.6022: -0.2154122,1.210096,1.617399,8.755285
337.8245: -0.1567155,1.40502,1.599603,10.7377
338.0467: -0.08191852,1.635394,1.620478,11.53018
338.2689: -0.04726163,1.871933,1.6136,20.64616
338.4911: -0.04802222,2.126722,1.604634,36.52185
338.7133: -0.02596956,2.379709,1.626582,52.95656
338.9356: 0.03960386,2.563924,1.59767,70.56647
339.1578: 0.1292132,2.71034,1.611771,91.36269
339.38: 0.1969151,2.858047,1.627371,99.7661
339.6022: 0.2343388,2.982702,1.626909,115.2463
339.8245: 0.1602242,3.021139,1.641446,178.7855
340.0467: -0.001888314,3.129117,1.635297,242.1216
340.2689: -0.1208431,3.179881,1.631193,252.7046
340.4911: -0.2868409,3.225463,1.613619,259.0343
340.7133: -0.4192268,3.244355,1.62759,259.2171
340.9356: -0.6138424,3.244408,1.619674,256.8356
341.1578: -0.8313557,3.220575,1.595506,253.4075
341.38: -1.066768,3.200615,1.623805,257.1879
341.6022: -1.288632,3.182611,1.607522,256.8775
341.8245: -1.466221,3.085787,1.622373,219.4709
342.0467: -1.587614,2.92526,1.612192,189.9927
342.2689: -1.662205,2.743462,1.61014,174.8806
342.4911: -1.760921,2.552476,1.630884,172.136
342.7133: -1.873706,2.37994,1.600601,189.8338
342.9356: -1.971291,2.183973,1.624613,201.9696
343.1578: -2.034324,1.961553,1.611786,205.5641
343.38: -2.092762,1.739568,1.613165,210.5049
343.6022: -2.16872,1.522682,1.624391,199.1602
343.8245: -2.302584,1.319443,1.592539,190.113
344.0467: -2.487259,1.072285,1.607635,179.5405
344.2689: -2.570267,0.8665916,1.615585,167.8001
344.4911: -2.609179,0.7009619,1.611101,160.776
344.7133: -2.653115,0.5567709,1.633377,145.1138
Trial Result: Success object: Telescope | Time Spent: 16.12579
Trial No.:18 Ends
Trial No.:8 Begins
User confirmed on object: Plant, this maze officially starts.
355.88: -2.567409,-1.839717,1.649391,254.602
356.1022: -2.552722,-1.84729,1.653722,254.3086
356.3245: -2.50948,-1.852594,1.660422,256.1346
356.5467: -2.474806,-1.85294,1.65673,258.8979
356.7689: -2.45097,-1.842215,1.655341,266.6833
356.9911: -2.439816,-1.838845,1.657582,270.0986
357.2133: -2.446463,-1.852514,1.655592,265.6479
357.4356: -2.46455,-1.91361,1.643705,235.0314
357.6578: -2.472351,-1.974988,1.63984,191.5334
357.88: -2.503625,-1.996729,1.638548,157.4441
358.1022: -2.506554,-1.995739,1.633323,131.6461
358.3245: -2.494495,-1.931077,1.640358,93.21573
358.5467: -2.542212,-1.888716,1.635316,56.27756
358.7689: -2.60796,-1.866957,1.625622,25.82126
358.9911: -2.640135,-1.863178,1.631853,17.03479
359.2133: -2.659042,-1.850205,1.637132,13.97762
359.4356: -2.670757,-1.800923,1.646433,15.56423
359.6578: -2.70131,-1.701827,1.64023,25.19748
359.88: -2.736609,-1.581769,1.629273,56.22009
360.1022: -2.737831,-1.446468,1.642865,77.11432
360.3245: -2.699172,-1.283071,1.624195,84.5442
360.5467: -2.612672,-1.160145,1.634342,81.45929
360.7689: -2.484018,-1.064179,1.63863,86.9292
360.9911: -2.346539,-0.9757277,1.61479,92.98216
361.2133: -2.175196,-0.9006983,1.647314,103.2343
361.4356: -1.983019,-0.8755627,1.64047,113.8842
361.6578: -1.775762,-0.885889,1.620094,116.0192
361.88: -1.56196,-0.9043077,1.646953,114.0314
362.1022: -1.355122,-0.934118,1.624157,127.3567
362.3245: -1.15594,-1.010274,1.638296,154.814
362.5467: -1.030216,-1.101858,1.633181,169.6813
362.7689: -0.9038703,-1.17638,1.640483,152.823
362.9911: -0.745898,-1.148128,1.642618,91.4229
363.2133: -0.6555648,-1.080061,1.628662,50.91045
363.4356: -0.5489355,-1.012683,1.625216,30.73917
363.6578: -0.3953065,-0.9802212,1.651268,46.87454
363.88: -0.2351603,-0.9761069,1.638132,69.68226
364.1022: -0.05001242,-0.9657745,1.620146,73.83369
364.3245: 0.2061751,-0.9706117,1.642951,79.15543
364.5467: 0.4411027,-0.9461267,1.637902,78.55419
364.7689: 0.6856654,-0.8867936,1.612365,75.19048
364.9911: 0.9158443,-0.8372649,1.655351,69.76167
365.2133: 1.076724,-0.8253269,1.648821,60.0619
Trial Result: Success object: Harp | Time Spent: 9.618214
Trial No.:8 Ends
Trial No.:20 Begins
User confirmed on object: Well, this maze officially starts.
373.6245: 1.834752,-1.817015,1.645123,100.8762
373.8467: 1.835163,-1.817505,1.656317,98.93948
374.0689: 1.827542,-1.794375,1.667024,100.4729
374.2911: 1.809803,-1.759367,1.664645,108.0815
374.5133: 1.784287,-1.721181,1.65789,118.4436
374.7356: 1.767429,-1.702987,1.654889,127.7303
374.9578: 1.761768,-1.697165,1.650321,135.0738
375.18: 1.769687,-1.711767,1.652454,141.1908
375.4022: 1.783868,-1.750242,1.645353,147.1359
375.6245: 1.789502,-1.808421,1.636087,159.1659
375.8467: 1.795461,-1.870034,1.636267,180.2463
376.0689: 1.800108,-1.919081,1.634546,203.5905
376.2911: 1.808128,-1.957619,1.638532,230.5811
376.5133: 1.816488,-1.973729,1.640454,259.564
376.7356: 1.82875,-1.956431,1.636278,291.3829
376.9578: 1.858871,-1.930102,1.63283,313.6742
377.18: 1.884706,-1.913858,1.63442,329.8652
377.4022: 1.902262,-1.914358,1.634073,344.0867
377.6245: 1.904205,-1.93919,1.635125,347.8161
377.8467: 1.83801,-2.024761,1.636155,309.2484
378.0689: 1.796304,-2.200958,1.616938,253.8719
378.2911: 1.749098,-2.356544,1.599055,237.3738
378.5133: 1.642963,-2.490892,1.618175,245.0325
378.7356: 1.498664,-2.650614,1.633662,258.8578
378.9578: 1.372796,-2.772191,1.613056,274.4555
379.18: 1.239768,-2.844474,1.625681,300.3416
379.4022: 1.08867,-2.899039,1.60745,304.7172
379.6245: 0.8488255,-2.961469,1.631947,290.7101
379.8467: 0.6103315,-3.032596,1.634786,279.8157
380.0689: 0.3761669,-3.10638,1.624847,280.9399
380.2911: 0.1406612,-3.154756,1.642293,285.5615
380.5133: -0.09779552,-3.162329,1.613288,292.3646
380.7356: -0.3666943,-3.115876,1.636794,316.9337
380.9578: -0.588765,-3.092797,1.627619,346.5389
381.18: -0.8119767,-3.113356,1.615093,346.986
381.4022: -1.12563,-3.157077,1.641467,296.1322
381.6245: -1.382367,-3.166087,1.613979,267.6153
381.8467: -1.616576,-3.079929,1.635395,288.9734
382.0689: -1.842522,-3.005033,1.6364,308.4666
382.2911: -2.052976,-2.943966,1.618221,321.6239
382.5133: -2.238344,-2.844714,1.645312,344.5508
382.7356: -2.406886,-2.698375,1.613559,7.012509
382.9578: -2.54622,-2.497323,1.636079,9.330379
383.18: -2.667796,-2.293528,1.642597,8.598776
383.4022: -2.786627,-2.079654,1.61953,8.640594
383.6245: -2.859485,-1.847754,1.641812,11.88573
383.8467: -2.878196,-1.588673,1.615496,14.78199
384.0689: -2.866514,-1.319312,1.639426,16.21556
384.2911: -2.879782,-1.040615,1.632192,12.99189
384.5133: -2.905279,-0.75544,1.630123,9.792152
384.7356: -2.890147,-0.4554206,1.648798,16.38092
384.9578: -2.838708,-0.1864945,1.612276,25.54201
385.18: -2.767025,0.06535679,1.647088,33.45439
385.4022: -2.704157,0.304389,1.633439,43.98304
385.6245: -2.653205,0.5236365,1.60869,48.22971
385.8467: -2.544096,0.7235721,1.629971,65.50917
386.0689: -2.411537,0.8539431,1.600027,103.1387
386.2911: -2.268713,1.015728,1.622829,104.012
386.5133: -2.159185,1.267647,1.631674,45.38463
386.7356: -2.110168,1.508984,1.61587,358.5388
386.9578: -2.035552,1.713118,1.633211,344.1798
387.18: -1.9558,1.913214,1.599937,333.7191
387.4022: -1.898856,2.098264,1.620621,310.3205
387.6245: -1.860557,2.264816,1.619553,322.5134
387.8467: -1.794683,2.449171,1.60354,15.82341
388.0689: -1.740599,2.567936,1.618784,51.3542
388.2911: -1.674458,2.660163,1.606993,70.73198
388.5133: -1.556978,2.748187,1.608364,82.07069
388.7356: -1.388653,2.82395,1.61633,92.1531
388.9578: -1.163557,2.908627,1.612262,97.15643
389.18: -0.9634689,2.967945,1.6237,100.3742
389.4022: -0.7414581,3.003363,1.636435,102.284
389.6245: -0.5422597,3.008883,1.613447,100.7707
389.8467: -0.3240906,3.004061,1.621,95.48482
390.0689: -0.08217278,3.009786,1.614038,97.69957
390.2911: 0.1633646,3.03395,1.607192,101.2841
390.5133: 0.4074221,3.04827,1.629833,104.049
390.7356: 0.6332443,3.036804,1.603283,106.6831
390.9578: 0.9016879,3.016029,1.634838,110.4025
Trial Result: Success object: Piano | Time Spent: 17.69942
Trial No.:20 Ends
Trial No.:2 Begins
User confirmed on object: Stove, this maze officially starts.
406.2467: -2.621497,2.871802,1.624454,274.243
406.4689: -2.614821,2.867686,1.626459,274.327
406.6911: -2.587065,2.880614,1.634693,273.5274
406.9133: -2.524068,2.914874,1.64058,272.518
407.1356: -2.434929,2.955909,1.637242,276.0337
407.3578: -2.386377,2.977521,1.631621,278.1998
407.58: -2.371395,2.962553,1.634557,267.8478
407.8022: -2.358841,2.882875,1.634485,235.0385
408.0244: -2.321852,2.802635,1.632766,205.7752
408.2467: -2.277941,2.727714,1.632443,177.7406
408.4689: -2.259075,2.67775,1.637159,155.3153
408.6911: -2.256018,2.653081,1.633395,132.0429
408.9133: -2.256635,2.647591,1.624438,107.2128
409.1356: -2.244307,2.618708,1.616039,93.46786
409.3578: -2.19166,2.483492,1.597343,130.8873
409.58: -2.122611,2.325845,1.577036,169.4019
409.8022: -2.048538,2.16152,1.612552,199.3361
410.0244: -2.022402,2.010405,1.595401,216.4561
410.2467: -2.037509,1.822795,1.584181,224.8669
410.4689: -2.07263,1.645643,1.610866,211.3657
410.6911: -2.161267,1.524278,1.579812,202.709
410.9133: -2.294094,1.39761,1.556306,193.1737
411.1356: -2.462028,1.249806,1.542756,183.0009
411.3578: -2.584711,1.112293,1.581342,171.8437
411.58: -2.548396,1.067356,1.607213,156.2227
411.8022: -2.405648,1.11805,1.628837,104.3614
412.0244: -2.304412,1.18604,1.628289,73.27821
412.2467: -2.164098,1.229013,1.616745,60.6087
412.4689: -2.004738,1.239548,1.628361,53.75502
412.6911: -1.803476,1.192985,1.623158,68.03874
412.9133: -1.592228,1.118902,1.6012,77.12577
413.1356: -1.36909,1.063964,1.630652,81.72701
413.3578: -1.1131,1.053521,1.606398,90.39232
413.58: -0.8839684,1.128237,1.632929,65.28008
413.8022: -0.6654289,1.156974,1.638375,55.30691
414.0244: -0.4925474,1.186245,1.605027,39.51214
414.2467: -0.3149613,1.220513,1.621474,17.21887
414.4689: -0.1206778,1.254712,1.635328,29.9031
414.6911: 0.06798315,1.216449,1.631792,98.56533
414.9133: 0.1400668,1.161072,1.634876,149.9326
415.1356: 0.1860492,1.117751,1.619033,177.5258
415.3578: 0.2469125,1.054287,1.62578,194.934
415.58: 0.330935,1.020166,1.626664,195.4003
415.8022: 0.4815186,1.02819,1.626747,161.6065
416.0244: 0.4609568,1.003249,1.629614,193.6864
416.2467: 0.361317,0.9625345,1.612594,213.7412
416.4689: 0.2278906,0.8885243,1.617889,215.1456
416.6911: 0.1419943,0.8053927,1.646123,213.3252
Trial Result: Success object: Wheelbarrow | Time Spent: 10.82856
Trial No.:2 Ends
Trial No.:22 Begins
User confirmed on object: Mailbox, this maze officially starts.
432.7689: -1.752441,-3.153476,1.65531,3.64743
432.9911: -1.75866,-3.152066,1.658478,2.465787
433.2133: -1.753651,-3.149734,1.658206,4.36285
433.4356: -1.752,-3.154646,1.673911,5.109364
433.6578: -1.743438,-3.172942,1.669659,8.330813
433.88: -1.720943,-3.188841,1.659497,22.73887
434.1022: -1.700255,-3.210663,1.651358,44.13363
434.3245: -1.688874,-3.230413,1.647305,64.39153
434.5467: -1.686345,-3.263704,1.638445,89.28564
434.7689: -1.692323,-3.277741,1.634986,96.75428
434.9911: -1.682794,-3.272146,1.63448,87.06747
435.2133: -1.658772,-3.285686,1.630265,82.61951
435.4356: -1.615818,-3.346068,1.612349,87.50744
435.6578: -1.534139,-3.422903,1.574203,88.18273
435.88: -1.483666,-3.434709,1.570266,85.24876
436.1022: -1.481585,-3.384137,1.598719,72.27955
436.3245: -1.551427,-3.296238,1.634261,27.33222
436.5467: -1.665848,-3.283345,1.640772,327.5126
436.7689: -1.728144,-3.311987,1.638001,292.9556
436.9911: -1.751635,-3.316428,1.637241,291.1251
437.2133: -1.757127,-3.291849,1.642737,311.6773
437.4356: -1.752551,-3.274761,1.643268,339.0532
437.6578: -1.756063,-3.28535,1.639129,351.1836
437.88: -1.753821,-3.299142,1.644907,355.8704
438.1022: -1.741223,-3.306207,1.65056,3.796714
438.3245: -1.71978,-3.305882,1.650189,13.0615
438.5467: -1.669427,-3.306948,1.650043,22.62034
438.7689: -1.568423,-3.301677,1.645531,32.56896
438.9911: -1.405881,-3.303502,1.630932,45.98943
439.2133: -1.23096,-3.319545,1.631352,64.14627
439.4356: -1.10283,-3.306971,1.641472,73.28031
439.6578: -1.016693,-3.213445,1.634794,62.42332
439.88: -0.9896635,-3.001126,1.648063,19.50627
440.1022: -0.9571363,-2.833084,1.646134,3.333783
440.3245: -0.9141695,-2.648674,1.618253,1.436211
440.5467: -0.8465493,-2.472368,1.623609,9.660711
440.7689: -0.82604,-2.249823,1.640455,355.1541
440.9911: -0.8541847,-2.035538,1.619668,331.3288
441.2133: -0.8760644,-1.816275,1.6378,329.4471
441.4356: -0.8280108,-1.605415,1.643874,3.378269
441.6578: -0.7488046,-1.456163,1.619022,49.88001
441.88: -0.6642494,-1.297148,1.634648,94.8141
442.1022: -0.610905,-1.139751,1.619665,105.9402
442.3245: -0.5177994,-1.028023,1.636923,85.3309
442.5467: -0.4140368,-0.9930589,1.617383,87.58431
442.7689: -0.2909672,-0.8851845,1.626433,61.50225
442.9911: -0.2181791,-0.7457276,1.629723,18.89129
443.2133: -0.171785,-0.582072,1.614967,2.00762
443.4356: -0.1513648,-0.3798491,1.626929,354.7956
443.6578: -0.1453205,-0.1969888,1.636185,335.9284
443.88: -0.1322747,0.0133166,1.620768,316.5926
444.1022: -0.0882356,0.204191,1.61037,317.6763
444.3245: -0.07855924,0.4087213,1.625998,307.0182
444.5467: -0.1141494,0.5587696,1.60353,289.4299
444.7689: -0.1695965,0.6986153,1.61037,272.8063
444.9911: -0.1766083,0.8803374,1.641747,304.9054
445.2133: -0.0382927,1.009882,1.623396,38.31048
445.4356: 0.03170381,1.05875,1.617074,79.88473
445.6578: 0.07397453,1.155851,1.618971,91.36744
445.88: 0.08921971,1.274082,1.616145,103.187
446.1022: 0.09722623,1.363249,1.626233,108.6558
446.3245: 0.1564618,1.357698,1.622202,117.5108
446.5467: 0.2424064,1.285881,1.618923,116.4368
446.7689: 0.3681152,1.190538,1.631257,113.541
446.9911: 0.5268586,1.129131,1.625684,112.9518
447.2133: 0.7084202,1.102685,1.607301,116.073
447.4356: 0.8882709,1.076241,1.645058,118.5797
Trial Result: Success object: Bookshelf | Time Spent: 15.07142
Trial No.:22 Ends
Trial No.:9 Begins
User confirmed on object: Bookshelf, this maze officially starts.
461.0578: 1.833573,1.277196,1.665099,183.8995
461.28: 1.840881,1.294362,1.664854,188.6798
461.5022: 1.837397,1.301276,1.667969,190.0253
461.7245: 1.8214,1.315561,1.667871,199.4968
461.9467: 1.813422,1.331118,1.664781,208.3064
462.1689: 1.815311,1.336917,1.658126,208.4676
462.3911: 1.81646,1.3355,1.655657,205.6791
462.6133: 1.81816,1.327519,1.653003,200.9379
462.8356: 1.819677,1.320808,1.651339,196.6072
463.0578: 1.818452,1.314965,1.650698,194.6139
463.28: 1.817187,1.311655,1.648577,193.5685
463.5022: 1.816915,1.312983,1.650262,192.0232
463.7245: 1.815367,1.311144,1.651213,183.9638
463.9467: 1.815712,1.2996,1.643499,176.1638
464.1689: 1.861699,1.292962,1.642089,161.5373
464.3911: 1.921473,1.276357,1.641269,144.9833
464.6133: 1.983049,1.262453,1.639311,125.8918
464.8356: 2.031937,1.259305,1.639028,108.2146
465.0578: 2.062705,1.250562,1.641626,97.96326
465.28: 2.090171,1.240845,1.649243,83.87953
465.5022: 2.106758,1.245388,1.651916,56.59664
465.7245: 2.094616,1.261516,1.648716,24.39127
465.9467: 2.063298,1.271217,1.647968,2.523567
466.1689: 2.04289,1.267183,1.642087,351.3642
466.3911: 2.131246,1.289015,1.634755,5.704806
466.6133: 2.26019,1.324396,1.618358,7.471709
466.8356: 2.395861,1.368184,1.629461,3.320554
467.0578: 2.485037,1.408891,1.631893,3.045595
467.28: 2.56209,1.477694,1.631045,359.7444
467.5022: 2.613966,1.586377,1.618947,351.9147
467.7245: 2.646966,1.754513,1.604382,343.0812
467.9467: 2.666121,1.96328,1.6279,333.7306
468.1689: 2.680017,2.17848,1.62812,322.949
468.3911: 2.671118,2.441689,1.602263,304.4319
468.6133: 2.58742,2.625668,1.621994,291.2534
468.8356: 2.460878,2.745294,1.598884,274.8005
469.0578: 2.300157,2.865559,1.625611,251.6101
469.28: 2.143704,2.991115,1.620903,238.0764
469.5022: 1.968991,3.148061,1.622969,246.802
469.7245: 1.800452,3.246372,1.634823,254.1601
469.9467: 1.603006,3.314176,1.616496,260.5588
470.1689: 1.386231,3.349554,1.637543,266.5375
470.3911: 1.130834,3.361405,1.625899,266.6452
470.6133: 0.934261,3.355702,1.629427,261.4703
470.8356: 0.7286516,3.3046,1.637386,247.7332
471.0578: 0.5496095,3.200693,1.613141,211.9608
471.28: 0.3705066,3.126761,1.635247,193.017
471.5022: 0.1758232,3.08791,1.63377,183.6603
471.7245: -0.050515,3.114584,1.615427,215.719
471.9467: -0.2886397,3.161589,1.631834,256.7746
472.1689: -0.5017354,3.141756,1.615761,266.5529
472.3911: -0.7318081,3.082212,1.623298,266.5735
472.6133: -0.9471049,3.051469,1.635449,271.3809
472.8356: -1.157048,3.028708,1.607264,267.3862
473.0578: -1.337799,3.027673,1.620071,266.2421
473.28: -1.558931,3.001059,1.631046,264.857
473.5022: -1.781209,2.957401,1.599588,265.6487
473.7245: -1.998062,2.923648,1.623456,268.6502
473.9467: -2.212772,2.924345,1.622108,269.9501
474.1689: -2.436481,2.953917,1.598048,266.0699
Trial Result: Success object: Stove | Time Spent: 13.50657
Trial No.:9 Ends
Trial No.:15 Begins
User confirmed on object: Wheelbarrow, this maze officially starts.
488.58: 0.3661966,0.08335356,1.669184,264.9169
488.8022: 0.3725175,0.06824736,1.673132,262.4033
489.0244: 0.3664684,0.07661035,1.672405,265.0863
489.2467: 0.3566986,0.08610852,1.661454,266.7367
489.4689: 0.3516557,0.08996314,1.658105,267.0513
489.6911: 0.3524622,0.09387426,1.655432,267.631
489.9133: 0.3538674,0.08945598,1.65503,264.5008
490.1356: 0.35554,0.06665287,1.653586,246.833
490.3578: 0.3770596,0.03371057,1.656095,216.7556
490.58: 0.4159149,0.02129275,1.653144,183.7341
490.8022: 0.4668416,0.04173201,1.651261,141.8547
491.0244: 0.4798188,0.06561709,1.650426,122.1483
491.2467: 0.4778548,0.07335493,1.646142,114.4091
491.4689: 0.4664679,0.06496771,1.644762,118.2811
491.6911: 0.4598677,0.06079238,1.645071,118.9255
491.9133: 0.4765317,0.09322491,1.639218,91.41392
492.1356: 0.4774545,0.09917396,1.632751,82.75702
492.3578: 0.463352,0.04428713,1.642608,113.6564
492.58: 0.3660305,-0.0143594,1.649226,185.6245
492.8022: 0.2816299,0.0636417,1.638061,267.2224
493.0244: 0.2966629,0.1257141,1.627061,303.7589
493.2467: 0.2978714,0.1620527,1.616916,320.241
493.4689: 0.2857097,0.231779,1.610236,325.0485
493.6911: 0.2808093,0.3526234,1.600438,337.3268
493.9133: 0.2721236,0.4656126,1.611398,3.155951
494.1356: 0.194073,0.5596933,1.60725,2.200518
494.3578: 0.03941841,0.6430141,1.60147,346.4342
494.58: -0.1522763,0.700218,1.626627,313.7021
494.8022: -0.3365465,0.7946718,1.623336,294.09
495.0244: -0.486024,0.8857464,1.600605,278.1776
495.2467: -0.6315217,0.9769019,1.622493,270.0678
495.4689: -0.7549871,1.040203,1.621568,281.7331
495.6911: -0.9266715,1.068567,1.608915,286.6113
495.9133: -1.121101,1.064438,1.625839,279.5897
496.1356: -1.29038,1.126145,1.633581,310.0253
496.3578: -1.422309,1.189217,1.607529,338.725
496.58: -1.556804,1.261276,1.621023,353.5287
496.8022: -1.697262,1.331327,1.620389,12.32294
497.0244: -1.812538,1.378919,1.616254,25.05745
497.2467: -1.907726,1.451902,1.622623,19.46536
497.4689: -1.973287,1.552935,1.616907,2.729334
497.6911: -2.010012,1.715706,1.602149,344.0419
497.9133: -2.011947,1.932322,1.613923,330.6057
498.1356: -2.039594,2.111194,1.612102,318.2167
498.3578: -2.064052,2.262552,1.593434,335.1079
498.58: -2.000148,2.39517,1.612814,38.69355
498.8022: -1.915798,2.515752,1.599622,76.01678
499.0244: -1.798031,2.648811,1.602174,83.97193
499.2467: -1.683357,2.765141,1.617615,96.77018
499.4689: -1.596813,2.840881,1.61583,114.6684
499.6911: -1.581967,2.838965,1.638345,157.3031
499.9133: -1.631771,2.784488,1.634837,180.3321
500.1356: -1.713918,2.656554,1.618999,180.1867
500.3578: -1.794338,2.498246,1.61719,179.0849
500.58: -1.878038,2.299627,1.596544,189.8841
500.8022: -1.954136,2.049136,1.604992,202.1922
501.0244: -2.061232,1.796647,1.62556,204.3577
501.2467: -2.172781,1.567102,1.586825,197.3696
501.4689: -2.297784,1.335856,1.630102,188.4944
501.6911: -2.387215,1.153203,1.617105,182.58
501.9133: -2.469746,0.915815,1.614183,181.2106
502.1356: -2.553778,0.6817267,1.637159,180.0815
502.3578: -2.65564,0.4378852,1.60326,179.4805
502.58: -2.751928,0.1927751,1.635097,179.304
502.8022: -2.79338,-0.05899429,1.629137,179.1857
503.0244: -2.795106,-0.315779,1.628382,174.1141
503.2467: -2.80381,-0.5410511,1.651053,171.3124
503.4689: -2.81216,-0.7832355,1.61751,168.8073
503.6911: -2.829932,-1.020269,1.63553,166.845
503.9133: -2.828123,-1.28503,1.644233,165.4107
504.1356: -2.797416,-1.554676,1.615032,162.7591
504.3578: -2.766105,-1.816472,1.648918,157.7444
504.58: -2.727207,-2.076518,1.62435,141.0733
504.8022: -2.683735,-2.354842,1.626417,123.8792
505.0244: -2.57783,-2.61512,1.637171,98.79965
505.2467: -2.442757,-2.775013,1.615947,86.1245
505.4689: -2.324759,-2.892467,1.657779,68.6329
505.6911: -2.238296,-2.974971,1.644503,53.42149
Trial Result: Success object: Mailbox | Time Spent: 17.53584
Trial No.:15 Ends
Trial No.:13 Begins
User confirmed on object: Telescope, this maze officially starts.
517.5467: -2.976756,-0.004369523,1.654922,81.26097
517.7689: -2.981183,0.003163218,1.652544,84.89861
517.9911: -2.979406,-0.002789479,1.653796,88.1803
518.2133: -2.985649,-0.007535145,1.657107,90.48753
518.4355: -2.998686,-0.007751629,1.658067,93.18224
518.6578: -3.003132,-0.003503559,1.657837,96.64207
518.88: -3.000107,0.00489216,1.657736,94.37463
519.1022: -2.995552,0.009561867,1.648035,93.34724
519.3245: -2.995909,0.06672913,1.644822,58.25674
519.5467: -2.998134,0.07214345,1.654786,53.43337
519.7689: -2.996486,-0.001587,1.669467,102.6595
519.9911: -3.004223,-0.009726916,1.666357,103.9189
520.2133: -3.008296,-0.01871748,1.66453,105.8536
520.4355: -3.023663,-0.05483607,1.652527,128.3528
520.6578: -3.074905,-0.08883122,1.637287,165.7426
520.88: -3.124126,-0.08826947,1.624868,190.0079
521.1022: -3.111427,-0.08312828,1.624436,184.2489
521.3245: -3.028149,-0.06453098,1.626337,145.0753
521.5467: -2.985677,-0.007433865,1.628304,100.2664
521.7689: -2.987103,0.0001843125,1.626883,88.40307
521.9911: -2.98817,0.02185726,1.635605,66.02664
522.2133: -2.995444,0.05194006,1.639438,37.95068
522.4355: -3.006557,0.07853673,1.632728,4.753094
522.6578: -2.956756,0.1063558,1.623102,12.26517
522.88: -2.885855,0.1699732,1.618642,31.13267
523.1022: -2.829859,0.3000198,1.603886,34.1502
523.3245: -2.740094,0.4799131,1.637723,43.56675
523.5467: -2.621282,0.6223021,1.628048,50.71135
523.7689: -2.472806,0.752964,1.603418,42.11634
523.9911: -2.338253,0.8674069,1.631615,28.42311
524.2133: -2.199901,0.9888481,1.625377,15.99126
524.4355: -2.01358,1.082708,1.608978,38.21106
524.6578: -1.809308,1.11589,1.629593,79.07234
524.88: -1.61119,1.124317,1.612922,93.53592
525.1022: -1.402972,1.102737,1.616941,99.28764
525.3245: -1.153928,1.091317,1.642446,96.74145
525.5467: -0.9385601,1.108397,1.611254,90.64866
525.7689: -0.7238426,1.148317,1.629193,72.06702
525.9911: -0.5424976,1.171429,1.632671,45.99232
526.2133: -0.3689544,1.163428,1.599321,27.02165
526.4355: -0.1963554,1.141468,1.616881,16.25697
526.6578: 0.01879282,1.093632,1.626664,60.4219
526.88: 0.1666937,0.9911736,1.617275,139.6159
527.1022: 0.2642117,0.986852,1.618549,190.676
527.3245: 0.4386624,0.9675201,1.60921,205.292
527.5467: 0.6219647,0.923853,1.604014,172.5889
527.7689: 0.8029572,0.9065459,1.621901,145.8528
527.9911: 0.9537582,0.9166185,1.617364,134.1035
528.2133: 1.12965,0.9511217,1.613075,127.3396
528.4355: 1.341354,1.001326,1.629297,107.2819
528.6578: 1.553527,1.017467,1.627245,88.41245
528.88: 1.738256,0.9995053,1.608938,74.26736
529.1022: 1.921749,1.002486,1.632427,45.66913
529.3245: 2.11247,1.041914,1.611715,22.39944
529.5467: 2.273754,1.103338,1.613311,13.42812
529.7689: 2.415431,1.132251,1.636782,14.58118
529.9911: 2.566978,1.04589,1.640471,75.28775
530.2133: 2.587098,0.8811042,1.628016,140.5008
530.4355: 2.602706,0.7451092,1.615549,182.9048
530.6578: 2.657043,0.6099249,1.623457,202.3436
530.88: 2.743695,0.4455183,1.617108,206.4314
531.1022: 2.82293,0.262614,1.619924,207.8821
531.3245: 2.844571,0.07649331,1.631654,214.3568
531.5467: 2.808221,-0.131579,1.608235,220.9132
531.7689: 2.760096,-0.2613883,1.623173,224.9578
531.9911: 2.650892,-0.5266787,1.620451,239.0195
532.2133: 2.552626,-0.7001267,1.622305,259.9641
532.4355: 2.450571,-0.8260018,1.632618,276.2489
532.6578: 2.327114,-0.9424415,1.608687,283.1761
532.88: 2.186329,-1.107273,1.637999,248.7045
533.1022: 2.105614,-1.282588,1.630809,205.0995
533.3245: 2.050267,-1.426917,1.614236,189.898
533.5467: 2.010428,-1.611674,1.631684,171.8991
533.7689: 1.977457,-1.776251,1.637951,141.6552
533.9911: 1.934119,-1.913107,1.614385,112.005
534.2133: 1.908068,-2.002826,1.632129,99.73116
534.4355: 1.908201,-2.025157,1.639244,93.33492
534.6578: 1.919529,-2.00953,1.63944,93.95247
Trial Result: Success object: Well | Time Spent: 17.40598
Trial No.:13 Ends
Trial No.:6 Begins
User confirmed on object: Table, this maze officially starts.
552.1578: -2.010457,2.04911,1.647992,118.7682
552.38: -2.004068,2.060793,1.654914,110.6924
552.6022: -1.997346,2.082296,1.656448,98.34144
552.8245: -1.996122,2.083893,1.6527,99.82289
553.0467: -1.993038,2.075297,1.636179,108.7306
553.2689: -1.997965,2.06221,1.634265,125.7429
553.4911: -1.999547,2.061886,1.628881,135.8802
553.7133: -1.993446,2.084111,1.631093,121.6045
553.9355: -1.992626,2.099302,1.627584,105.0143
554.1578: -1.985952,2.11205,1.630598,89.53172
554.38: -1.987908,2.141798,1.63004,58.90877
554.6022: -2.010799,2.159996,1.627958,22.57723
554.8245: -2.062028,2.153747,1.62808,337.162
555.0467: -2.098868,2.108276,1.625179,297.8635
555.2689: -2.102196,2.097373,1.624545,290.6769
555.4911: -2.083299,2.124718,1.630587,310.2616
555.7133: -2.008593,2.165169,1.639361,3.069545
555.9355: -1.918162,2.096904,1.631633,83.1491
556.1578: -1.94893,1.988817,1.620709,139.4329
556.38: -1.999146,1.891031,1.614384,167.4653
556.6022: -2.024385,1.786906,1.606449,175.0989
556.8245: -2.022721,1.66404,1.615791,178.595
557.0467: -2.009242,1.532442,1.61604,182.2253
557.2689: -2.043492,1.426413,1.600339,196.7486
557.4911: -2.121884,1.310399,1.601722,199.2117
557.7133: -2.23841,1.179658,1.594678,190.1942
557.9355: -2.383048,1.010813,1.614565,182.5778
558.1578: -2.463157,0.8252196,1.596667,177.1755
558.38: -2.51841,0.6118358,1.62082,178.0435
558.6022: -2.581327,0.3828809,1.643472,177.561
558.8245: -2.662012,0.1342356,1.607768,181.0969
559.0467: -2.72913,-0.1236215,1.632749,185.085
559.2689: -2.748966,-0.356059,1.637939,181.957
559.4911: -2.74292,-0.5842819,1.61934,177.588
559.7133: -2.733258,-0.8468118,1.655213,176.2638
559.9355: -2.746412,-1.136978,1.620306,179.4145
560.1578: -2.763657,-1.410466,1.635005,182.0713
560.38: -2.749103,-1.673252,1.649224,176.4746
560.6022: -2.696318,-1.929806,1.61563,156.3942
560.8245: -2.650038,-2.131639,1.647522,140.3351
561.0467: -2.612411,-2.377332,1.631251,119.938
561.2689: -2.554586,-2.617321,1.616792,100.2894
561.4911: -2.462782,-2.771436,1.64145,83.44744
561.7133: -2.342504,-2.877052,1.627474,73.63329
561.9355: -2.173016,-2.987984,1.644937,80.39233
562.1578: -1.951638,-3.12034,1.640019,91.8262
562.38: -1.742596,-3.21225,1.618479,89.72845
562.6022: -1.529636,-3.246536,1.647406,75.25195
562.8245: -1.344869,-3.244556,1.628277,64.97102
563.0467: -1.113226,-3.24149,1.63169,71.06219
563.2689: -0.8721141,-3.241456,1.647895,77.21257
563.4911: -0.6249863,-3.250564,1.61368,76.97095
563.7133: -0.3825993,-3.254174,1.639055,72.24689
563.9355: -0.1663583,-3.217659,1.641512,61.45515
564.1578: 0.0969632,-3.12163,1.6247,49.76374
564.38: 0.2657225,-3.065248,1.656281,38.16092
564.6022: 0.4446323,-3.033925,1.637995,21.51948
Trial Result: Success object: Chair | Time Spent: 12.70738
Trial No.:6 Ends
Trial No.:23 Begins
User confirmed on object: Chair, this maze officially starts.
577.7467: 0.8946863,-3.279807,1.665253,353.919
577.9689: 0.8918753,-3.298441,1.671469,356.834
578.1911: 0.885095,-3.315117,1.672993,0.135049
578.4133: 0.8886787,-3.333406,1.665464,10.07382
578.6356: 0.9047949,-3.357356,1.650057,27.88941
578.8578: 0.9173143,-3.379609,1.639588,44.60651
579.08: 0.9091167,-3.381487,1.637743,40.8568
579.3022: 0.8812218,-3.376966,1.632433,19.94413
579.5245: 0.8550274,-3.375513,1.629637,4.445505
579.7467: 0.8438663,-3.371187,1.628758,0.8455319
579.9689: 0.8405286,-3.370934,1.629936,1.658943
580.1911: 0.8414624,-3.373742,1.628878,2.483327
580.4133: 0.816177,-3.375763,1.634994,343.1545
580.6356: 0.7835386,-3.390279,1.637278,314.495
580.8578: 0.7714614,-3.408573,1.636974,296.0708
581.08: 0.7709527,-3.425736,1.636704,286.751
581.3022: 0.7746253,-3.434462,1.637938,285.0923
581.5245: 0.7802593,-3.425426,1.63577,293.1208
581.7467: 0.7977588,-3.401614,1.636791,315.0897
581.9689: 0.8239865,-3.384809,1.634749,340.8028
582.1911: 0.8484496,-3.373837,1.630958,359.9288
582.4133: 0.8827541,-3.356929,1.629405,17.81614
582.6356: 0.9171948,-3.336383,1.628929,28.45646
582.8578: 0.9350781,-3.300384,1.63322,30.24704
583.08: 0.8727386,-3.243696,1.634085,356.1034
583.3022: 0.7420335,-3.245689,1.621657,308.3499
583.5245: 0.5774452,-3.275115,1.610919,286.8882
583.7467: 0.3933192,-3.294049,1.632557,283.0563
583.9689: 0.218316,-3.280421,1.635789,283.1972
584.1911: 0.03336657,-3.229391,1.612303,288.9746
584.4133: -0.1837342,-3.144242,1.63278,299.5026
584.6356: -0.3778691,-3.087732,1.637004,310.4387
584.8578: -0.5822691,-3.061604,1.612777,310.0321
585.08: -0.7727059,-3.04289,1.644734,289.1432
585.3022: -0.9207362,-2.985081,1.64019,284.1617
585.5245: -1.006556,-2.865613,1.644402,308.7009
585.7467: -1.052161,-2.750308,1.644713,342.7442
585.9689: -1.072849,-2.645136,1.637918,2.791171
586.1911: -1.043118,-2.518697,1.626537,13.6502
586.4133: -0.9865288,-2.324708,1.630697,7.196611
586.6356: -0.9708238,-2.129951,1.637491,348.5688
586.8578: -0.9782354,-1.935819,1.615467,334.6519
587.08: -0.9825189,-1.73568,1.640263,327.7345
587.3022: -0.9512413,-1.576073,1.646251,327.0788
587.5245: -0.8105462,-1.379875,1.624167,7.2705
587.7467: -0.6518738,-1.21449,1.636199,33.05473
587.9689: -0.5139353,-1.056711,1.637645,51.60865
588.1911: -0.3881036,-0.9380252,1.624091,76.32233
588.4133: -0.2671509,-0.8215809,1.640946,89.41959
588.6356: -0.1267514,-0.6432276,1.62426,70.58714
588.8578: -0.06013817,-0.4353546,1.642344,27.7189
589.08: -0.03454263,-0.241358,1.624287,3.410213
589.3022: -0.03885366,-0.08461937,1.626954,346.2952
589.5245: -0.02938412,0.1061578,1.639415,332.945
589.7467: -0.0360317,0.2878131,1.62725,305.39
589.9689: -0.03282439,0.4156489,1.621714,262.3056
590.1911: -0.02446779,0.5817801,1.637524,254.3987
590.4133: -0.02831178,0.8246006,1.621924,291.1708
590.6356: -0.02169055,1.097028,1.633964,329.358
590.8578: -0.0004447587,1.318847,1.635965,349.2899
591.08: 0.02659472,1.533784,1.607407,356.94
591.3022: 0.04050001,1.714156,1.628172,355.4221
591.5245: 0.02641619,1.942917,1.633083,348.748
591.7467: -0.02538044,2.161676,1.604896,330.5629
591.9689: -0.0810619,2.364519,1.627265,304.9868
592.1911: -0.1006739,2.558066,1.623307,282.5926
592.4133: -0.09110348,2.738448,1.608891,269.4962
592.6356: -0.01439341,3.032173,1.649164,341.7164
592.8578: 0.1236731,3.113762,1.631398,59.98739
593.08: 0.2060321,3.122756,1.624231,96.17149
593.3022: 0.3056279,3.122272,1.611451,107.5708
593.5245: 0.4649648,3.117933,1.612581,110.0994
593.7467: 0.6459978,3.126481,1.633443,115.1361
593.9689: 0.8254833,3.152688,1.614748,123.0127
594.1911: 1.003468,3.178425,1.63077,126.5145
Trial Result: Success object: Piano | Time Spent: 16.79249
Trial No.:23 Ends
Trial No.:14 Begins
User confirmed on object: Telescope, this maze officially starts.
608.48: -2.968379,-0.02192541,1.66411,69.2822
608.7022: -2.965566,-0.01196116,1.665652,75.81578
608.9244: -2.969209,-0.01497477,1.669889,86.64862
609.1467: -2.984231,-0.02123006,1.667288,95.00127
609.3689: -2.995127,-0.01341661,1.664635,96.14291
609.5911: -2.996837,-0.002371628,1.659887,93.89552
609.8134: -2.996752,0.004775665,1.654909,92.32129
610.0356: -3.000092,0.007079538,1.651891,90.69685
610.2578: -3.00746,0.006362192,1.651218,89.51359
610.48: -3.01391,0.006119803,1.650327,86.61124
610.7022: -3.017487,0.005663896,1.649896,83.21005
610.9244: -3.023067,0.01879025,1.649655,69.11224
611.1467: -3.035749,0.03367402,1.648646,52.20723
611.3689: -3.046943,0.03892534,1.648316,41.4098
611.5911: -3.049643,0.04008377,1.646139,38.01244
611.8134: -3.042029,0.04115194,1.644883,42.05373
612.0356: -3.011647,0.02147464,1.647352,68.39074
612.2578: -3.004246,-0.03794715,1.646636,118.2892
612.48: -3.037565,-0.07541808,1.641907,157.3119
612.7022: -3.060584,-0.08682863,1.637971,179.2587
612.9244: -3.056811,-0.09883019,1.638423,178.6995
613.1467: -3.037751,-0.1112575,1.638413,169.9148
613.3689: -2.970131,-0.0992731,1.643247,134.6063
613.5911: -2.913522,0.003674258,1.628208,90.03806
613.8134: -2.898813,0.1336747,1.621771,66.33507
614.0356: -2.884973,0.2903812,1.62913,52.99359
614.2578: -2.848726,0.4255116,1.633816,48.15908
614.48: -2.757398,0.5458546,1.622216,49.64988
614.7022: -2.615562,0.6562637,1.612182,52.32909
614.9244: -2.446456,0.7872168,1.63569,48.56319
615.1467: -2.307182,0.9075202,1.620562,46.81502
615.3689: -2.146603,0.9918234,1.630891,69.4707
615.5911: -1.981012,0.9969025,1.623239,110.6587
615.8134: -1.854218,0.991161,1.602588,129.5265
616.0356: -1.648973,0.9938813,1.63545,118.3838
616.2578: -1.434741,1.005922,1.639562,101.4132
616.48: -1.207691,1.022257,1.615176,96.63122
616.7022: -0.999295,1.038451,1.640542,97.78609
616.9244: -0.7857744,1.054679,1.637725,85.47983
617.1467: -0.5496873,1.082041,1.615426,43.72332
617.3689: -0.3588158,1.122788,1.633183,14.69038
617.5911: -0.1883456,1.200041,1.60788,5.457763
617.8134: -0.02155007,1.25211,1.633046,40.70457
618.0356: 0.1139912,1.184711,1.635933,126.5499
618.2578: 0.1503198,1.144129,1.625844,183.0614
618.48: 0.2442107,1.097642,1.620917,191.2001
618.7022: 0.3946384,1.039982,1.634682,181.7794
618.9244: 0.5381641,1.01115,1.637543,170.5211
619.1467: 0.5794792,0.9471121,1.641886,198.828
619.3689: 0.4849471,0.8933831,1.632829,212.6713
619.5911: 0.3432409,0.8298603,1.631966,221.1869
619.8134: 0.2619432,0.7580635,1.640504,222.2151
620.0356: 0.1942902,0.6505089,1.627631,224.5259
Trial Result: Success object: Wheelbarrow | Time Spent: 11.99399
Trial No.:14 Ends
Trial No.:3 Begins
User confirmed on object: Piano, this maze officially starts.
638.1356: 1.781504,3.323984,1.639011,170.694
638.3578: 1.788619,3.32133,1.651764,172.8038
638.58: 1.781826,3.312016,1.664702,180.7206
638.8022: 1.766457,3.303055,1.66435,187.2193
639.0245: 1.759397,3.301679,1.661887,189.8052
639.2467: 1.763648,3.301827,1.648787,187.6185
639.4689: 1.772208,3.296959,1.64712,186.4094
639.6911: 1.778268,3.294317,1.646034,187.3866
639.9133: 1.786258,3.294292,1.645461,186.6064
640.1356: 1.790761,3.295012,1.644586,186.7325
640.3578: 1.796175,3.295802,1.644221,186.4215
640.58: 1.799248,3.296051,1.643488,186.4072
640.8022: 1.800273,3.294904,1.642609,186.0746
641.0245: 1.801726,3.294242,1.641787,185.2075
641.2467: 1.80613,3.295349,1.63863,182.615
641.4689: 1.814335,3.297836,1.638365,175.8351
641.6911: 1.819209,3.297049,1.636977,172.473
641.9133: 1.817677,3.296292,1.637557,173.7247
642.1356: 1.809208,3.299246,1.637195,179.9281
642.3578: 1.802263,3.303185,1.635983,186.6187
642.58: 1.796589,3.305511,1.632868,192.4467
642.8022: 1.787866,3.306295,1.633259,200.9912
643.0245: 1.769354,3.317699,1.634001,218.1033
643.2467: 1.752306,3.343297,1.633482,237.6114
643.4689: 1.739682,3.374172,1.631055,255.6481
643.6911: 1.729759,3.401386,1.627429,270.5546
643.9133: 1.717545,3.407753,1.624988,272.8759
644.1356: 1.719857,3.323597,1.637396,222.7193
644.3578: 1.810811,3.292074,1.644202,154.3605
644.58: 1.858989,3.340056,1.641357,98.92157
644.8022: 1.866906,3.352427,1.639619,85.84567
645.0245: 1.874501,3.29278,1.645486,117.9369
645.2467: 1.837521,3.228741,1.641703,161.4352
645.4689: 1.711538,3.218824,1.630529,226.276
645.6911: 1.606114,3.247001,1.617606,251.5728
645.9133: 1.454106,3.237005,1.613975,255.7885
646.1356: 1.2804,3.197128,1.634157,253.2877
646.3578: 1.100206,3.126937,1.621215,241.3902
646.58: 0.9049603,3.034682,1.618135,230.0086
646.8022: 0.703221,2.972774,1.637966,220.2738
647.0245: 0.4993151,2.949807,1.616658,208.0101
647.2467: 0.3018063,2.945848,1.622102,190.5516
647.4689: 0.1196558,2.936216,1.630777,177.7894
647.6911: -0.1961798,2.943626,1.609322,228.0703
647.9133: -0.4322509,2.983056,1.625972,268.2438
648.1356: -0.6538652,3.010047,1.61581,275.2786
648.3578: -0.8402432,3.045761,1.595796,275.7198
648.58: -1.066429,3.077339,1.627582,271.2848
648.8022: -1.275025,3.055388,1.619909,254.5941
649.0245: -1.440969,2.963376,1.61475,214.7578
649.2467: -1.589999,2.86111,1.623284,189.9087
649.4689: -1.730803,2.74545,1.594411,169.1508
649.6911: -1.870808,2.556873,1.613457,164.2411
649.9133: -1.940746,2.368784,1.600316,176.2531
650.1356: -1.998164,2.143363,1.626768,189.5771
650.3578: -2.061851,1.951761,1.629158,198.8097
650.58: -2.161707,1.718713,1.600677,196.2548
650.8022: -2.279032,1.464701,1.619702,193.631
651.0245: -2.34911,1.196346,1.590377,188.4941
651.2467: -2.400256,0.9512784,1.608682,184.3241
651.4689: -2.472827,0.7345703,1.618968,182.0748
651.6911: -2.591112,0.4722535,1.609413,177.3314
651.9133: -2.676402,0.2589374,1.63679,175.1647
652.1356: -2.730566,0.01301039,1.613597,176.3616
652.3578: -2.743545,-0.2073223,1.628762,179.8327
652.58: -2.747092,-0.4297709,1.640296,166.9855
652.8022: -2.744537,-0.6461378,1.609967,141.5486
653.0245: -2.732081,-0.8387712,1.631981,103.6556
653.2467: -2.701447,-1.02403,1.631606,86.72819
653.4689: -2.660545,-1.213955,1.627871,99.98507
653.6911: -2.677547,-1.437011,1.652575,148.4689
653.9133: -2.686621,-1.624436,1.62706,160.0663
654.1356: -2.687277,-1.846477,1.620494,157.5795
654.3578: -2.664186,-2.061648,1.636639,147.4001
654.58: -2.600874,-2.272667,1.617279,132.9194
654.8022: -2.495062,-2.480301,1.624486,120.8812
655.0245: -2.375249,-2.662327,1.638413,101.2054
655.2467: -2.251053,-2.829035,1.607554,76.1327
655.4689: -2.131158,-2.955346,1.634058,56.4874
655.6911: -2.031075,-3.028781,1.632313,39.47301
655.9133: -1.918921,-3.059585,1.645799,30.121
Trial Result: Success object: Mailbox | Time Spent: 18.10332
Trial No.:3 Ends
Trial No.:4 Begins
User confirmed on object: Piano, this maze officially starts.
670.5911: 1.818686,3.177552,1.656173,185.1118
670.8134: 1.82993,3.174821,1.665407,186.4132
671.0356: 1.821391,3.172889,1.668317,191.9986
671.2578: 1.799155,3.178345,1.666206,204.8396
671.48: 1.786437,3.184865,1.662236,213.4058
671.7022: 1.787959,3.177273,1.655979,210.7828
671.9244: 1.801538,3.170611,1.652723,201.0503
672.1467: 1.812257,3.166902,1.646859,192.3803
672.3689: 1.816424,3.165882,1.644655,189.1161
672.5911: 1.820563,3.170495,1.64379,186.9752
672.8134: 1.821785,3.177255,1.643438,186.2685
673.0356: 1.81875,3.18356,1.643294,188.3529
673.2578: 1.817038,3.188743,1.64233,189.1993
673.48: 1.819922,3.193455,1.641893,186.3499
673.7022: 1.84117,3.200023,1.643658,170.0802
673.9244: 1.861647,3.210205,1.641341,153.8987
674.1467: 1.865878,3.214293,1.639792,149.7634
674.3689: 1.846707,3.19758,1.644696,163.8008
674.5911: 1.784983,3.173831,1.640016,199.6332
674.8134: 1.710553,3.180171,1.625724,231.2707
675.0356: 1.603831,3.184565,1.616663,249.9583
675.2578: 1.466017,3.173263,1.625659,251.3714
675.48: 1.307371,3.149399,1.629976,250.4861
675.7022: 1.119061,3.108315,1.614845,251.4974
675.9244: 0.9183809,3.029187,1.631957,244.917
676.1467: 0.6938084,2.936398,1.634698,229.9786
676.3689: 0.4594706,2.823307,1.601455,212.7855
676.5911: 0.2921917,2.702793,1.632134,196.8634
676.8134: 0.1746054,2.565618,1.623809,181.3503
677.0356: 0.06166603,2.386622,1.617495,174.2245
677.2578: -0.04605623,2.199531,1.63663,166.2462
677.48: -0.1336386,2.000515,1.602652,157.9891
677.7022: -0.199451,1.803646,1.627377,170.1185
677.9244: -0.1839097,1.62463,1.625724,171.5774
678.1467: -0.07424825,1.441736,1.633057,136.1628
678.3689: 0.0004168227,1.333052,1.639479,89.23506
678.5911: 0.01554333,1.179269,1.619095,75.16675
678.8134: 0.03239722,0.9831917,1.633952,93.82882
679.0356: 0.06970824,0.845324,1.638495,96.48775
679.2578: 0.1102433,0.6900805,1.637036,115.5247
679.48: 0.09007762,0.517837,1.652076,153.033
679.7022: 0.0446431,0.3574756,1.629887,173.1406
679.9244: -0.008084916,0.1736757,1.622472,181.073
680.1467: -0.05085603,-0.006948246,1.642302,184.4305
680.3689: -0.02254059,-0.1914531,1.629535,155.9779
680.5911: 0.0189881,-0.3665134,1.618773,126.2407
680.8134: 0.02734858,-0.5346869,1.631549,108.9936
681.0356: -0.01557167,-0.6898688,1.630682,114.9676
681.2578: -0.05289305,-0.794076,1.641172,102.5676
681.48: -0.07292408,-0.8759948,1.639393,80.54037
681.7022: -0.057023,-0.9395244,1.639533,82.07259
681.9244: 0.03066976,-0.9600028,1.641716,84.00461
682.1467: 0.2362577,-0.9475992,1.627673,91.15982
682.3689: 0.4194187,-0.9622313,1.669201,105.8145
682.5911: 0.5876842,-0.9996425,1.634418,112.9828
682.8134: 0.7469095,-1.045764,1.618469,112.2219
683.0356: 0.8880754,-1.053395,1.632218,109.4227
683.2578: 1.045036,-0.9979876,1.621286,92.81413
683.48: 1.176808,-0.9114206,1.62181,69.98508
Trial Result: Success object: Harp | Time Spent: 13.27583
Trial No.:4 Ends
Trial No.:11 Begins
User confirmed on object: Trashcan, this maze officially starts.
700.8578: 2.62386,0.9469941,1.626779,87.46497
701.08: 2.60435,0.9625031,1.639305,85.94881
701.3022: 2.576286,0.9709789,1.641166,85.15261
701.5245: 2.529273,0.9758968,1.641047,87.71619
701.7467: 2.48955,0.9795477,1.650076,91.92615
701.9689: 2.459314,0.9718698,1.66133,94.23318
702.1911: 2.445492,0.9547132,1.667262,91.70482
702.4133: 2.448493,0.9452959,1.663285,83.69571
702.6356: 2.45856,0.9333496,1.659414,71.03422
702.8578: 2.44012,0.9710227,1.645717,27.62595
703.08: 2.377018,0.99903,1.632296,343.7
703.3022: 2.347656,1.01763,1.640003,329.3246
703.5245: 2.325969,1.028653,1.639991,306.1383
703.7467: 2.340974,1.030734,1.644227,278.6185
703.9689: 2.396844,1.04475,1.634334,252.5679
704.1911: 2.445873,1.054158,1.633182,238.7785
704.4133: 2.475388,1.030483,1.638111,233.2468
704.6356: 2.493724,1.004555,1.642367,228.3109
704.8578: 2.520282,0.98524,1.644244,210.5182
705.08: 2.537413,0.9888982,1.640992,199.4731
705.3022: 2.510755,1.015116,1.640109,217.1977
705.5245: 2.48245,1.049063,1.63665,235.0402
705.7467: 2.451291,1.116027,1.636453,267.1117
705.9689: 2.48389,1.215785,1.636859,319.077
706.1911: 2.548575,1.260222,1.633009,353.1633
706.4133: 2.587125,1.283814,1.631048,3.818113
706.6356: 2.574512,1.311266,1.623107,352.861
706.8578: 2.510899,1.308448,1.628609,333.432
707.08: 2.414906,1.2643,1.631447,305.26
707.3022: 2.317557,1.207796,1.636216,290.0154
707.5245: 2.240166,1.175236,1.647362,287.3737
707.7467: 2.149529,1.139758,1.644715,283.2715
707.9689: 2.013516,1.114984,1.637297,279.4949
708.1911: 1.841086,1.112152,1.624437,277.0635
708.4133: 1.650896,1.124542,1.623266,275.4429
708.6356: 1.396905,1.103175,1.633925,259.1221
708.8578: 1.178129,1.057482,1.608922,251.4024
709.08: 0.9613065,1.032177,1.642877,259.9385
709.3022: 0.7653317,1.08245,1.635187,298.9524
709.5245: 0.6234062,1.122133,1.608384,320.8347
709.7467: 0.4656261,1.159754,1.630772,336.769
709.9689: 0.3033017,1.18425,1.621733,352.2927
710.1911: 0.1530287,1.187624,1.620918,1.528236
710.4133: -0.03634969,1.184603,1.635466,311.0914
710.6356: -0.1512852,1.138029,1.637495,242.6194
710.8578: -0.1810941,1.125044,1.636234,174.1978
711.08: -0.2333974,1.129896,1.630161,166.2058
711.3022: -0.3277375,1.106302,1.622031,183.974
711.5245: -0.4649661,1.084706,1.610766,217.4287
711.7467: -0.6310155,1.060159,1.623308,246.292
711.9689: -0.817092,1.045503,1.623029,268.8728
712.1911: -1.029204,1.055822,1.602545,283.9931
712.4133: -1.242138,1.11018,1.622612,307.5406
712.6356: -1.425797,1.143785,1.623847,333.2607
712.8578: -1.642452,1.147076,1.597258,3.386958
713.08: -1.80156,1.146494,1.626977,8.497056
713.3022: -2.047841,1.122572,1.615473,315.905
713.5245: -2.222857,1.008807,1.629818,238.7249
713.7467: -2.33663,0.9126499,1.619381,198.7005
713.9689: -2.428923,0.7811491,1.603177,180.3003
714.1911: -2.500653,0.6234902,1.617702,169.4149
714.4133: -2.57717,0.4804426,1.631447,156.6204
714.6356: -2.664848,0.3518692,1.60893,140.738
714.8578: -2.73294,0.2061113,1.642035,121.8746
Trial Result: Success object: Telescope | Time Spent: 14.23645
Trial No.:11 Ends
Trial No.:5 Begins
User confirmed on object: Table, this maze officially starts.
723.5578: -2.041419,2.180054,1.650415,102.0156
723.78: -2.039238,2.174108,1.654932,106.8855
724.0023: -2.035089,2.159019,1.657237,109.4319
724.2245: -2.03927,2.146954,1.647604,110.4242
724.4467: -2.045165,2.140346,1.64138,112.2213
724.6689: -2.071565,2.105878,1.638349,138.4949
724.8911: -2.122068,2.079836,1.632592,174.6479
725.1133: -2.172032,2.07847,1.623576,210.1312
725.3356: -2.196199,2.094576,1.617629,227.8237
725.5578: -2.17203,2.07022,1.620898,209.0838
725.78: -2.081059,2.045907,1.630105,150.447
726.0023: -2.032718,2.132122,1.630132,67.97565
726.2245: -2.090007,2.184023,1.629302,14.69223
726.4467: -2.114235,2.19507,1.626626,2.257427
726.6689: -2.072163,2.182144,1.62529,34.15237
726.8911: -2.032064,2.133598,1.629567,73.4558
727.1133: -2.009214,2.106894,1.629715,98.43391
727.3356: -2.00105,2.031973,1.614219,132.2941
727.5578: -2.037715,1.903261,1.602578,160.4302
727.78: -2.07039,1.766647,1.593399,170.6705
728.0023: -2.103294,1.595061,1.614954,177.0694
728.2245: -2.143127,1.425714,1.614735,185.7498
728.4467: -2.17573,1.269472,1.608655,193.9277
728.6689: -2.236025,1.13088,1.61543,192.1996
728.8911: -2.334502,1.000791,1.59884,187.5707
729.1133: -2.460414,0.8446314,1.617811,177.4821
729.3356: -2.534485,0.6886596,1.61756,169.824
729.5578: -2.574553,0.4899565,1.604186,165.591
729.78: -2.600743,0.3065583,1.630263,172.1662
730.0023: -2.636494,0.1137044,1.639332,180.774
730.2245: -2.66851,-0.1042442,1.608958,184.0018
730.4467: -2.638365,-0.319048,1.632183,158.8
730.6689: -2.541416,-0.473817,1.628927,117.1409
730.8911: -2.412895,-0.6186852,1.620961,101.2494
731.1133: -2.243857,-0.7837442,1.642274,98.20609
731.3356: -2.065613,-0.9290587,1.583624,106.2634
731.5578: -1.881346,-1.054707,1.597951,106.9907
731.78: -1.729223,-1.109013,1.621078,104.6593
732.0023: -1.553696,-1.142233,1.603218,109.8303
732.2245: -1.386778,-1.176875,1.623117,136.0236
732.4467: -1.251916,-1.219478,1.635528,169.9556
732.6689: -1.099148,-1.247312,1.610933,182.6092
732.8911: -0.8576938,-1.257685,1.640265,147.351
733.1133: -0.6119964,-1.121714,1.634874,60.8898
733.3356: -0.4832579,-1.046238,1.622991,39.60986
733.5578: -0.317746,-0.9991833,1.643393,41.68927
733.78: -0.1058817,-1.017982,1.633229,71.21966
734.0023: 0.1131396,-1.026914,1.623419,72.67669
734.2245: 0.351711,-1.060464,1.645624,89.96745
734.4467: 0.5812215,-1.0758,1.637706,109.3503
734.6689: 0.7917337,-1.054559,1.621376,115.0298
734.8911: 1.009884,-1.058601,1.653259,130.4089
735.1133: 1.221735,-1.092229,1.620796,154.5263
735.3356: 1.414758,-1.146891,1.625453,169.6488
735.5578: 1.589679,-1.201285,1.64825,181.2183
735.78: 1.74002,-1.262515,1.64075,182.9587
736.0023: 1.825007,-1.35505,1.651494,182.0238
736.2245: 1.87894,-1.515098,1.638947,176.5997
736.4467: 1.893153,-1.722248,1.642971,170.9981
736.6689: 1.924689,-1.943509,1.637974,157.4078
736.8911: 1.974871,-2.16782,1.591148,142.8707
737.1133: 1.981042,-2.378924,1.628139,158.6441
737.3356: 1.864107,-2.539429,1.623321,232.947
737.5578: 1.795001,-2.632741,1.60437,267.4849
737.78: 1.726588,-2.756789,1.629833,280.6743
738.0023: 1.664552,-2.877152,1.627606,288.1872
738.2245: 1.587199,-2.99463,1.646768,298.8777
738.4467: 1.513877,-3.062818,1.650584,296.1555
738.6689: 1.50183,-3.006364,1.644522,315.6042
738.8911: 1.543468,-2.890361,1.640593,340.1302
739.1133: 1.564443,-2.795108,1.646573,358.8031
739.3356: 1.494795,-2.75613,1.641731,358.9438
739.5578: 1.324001,-2.825574,1.638926,331.1332
739.78: 1.09328,-2.940958,1.645582,299.183
740.0023: 0.9011102,-2.990764,1.636847,287.6258
740.2245: 0.6751001,-2.996848,1.610075,283.6586
740.4467: 0.4400086,-2.989941,1.639139,280.9727
740.6689: 0.2019487,-3.003422,1.628099,279.549
740.8911: -0.03672392,-3.013485,1.632496,284.8517
741.1133: -0.2488337,-2.961788,1.650258,300.1185
741.3356: -0.4496515,-2.849197,1.61939,318.0762
741.5578: -0.5874186,-2.723792,1.64625,334.2105
741.78: -0.7329375,-2.57443,1.638099,350.6566
742.0023: -0.8363873,-2.431515,1.63358,2.16219
742.2245: -0.8996803,-2.250402,1.640294,1.121412
742.4467: -0.927716,-2.033746,1.623373,338.214
742.6689: -0.9155067,-1.821803,1.639984,325.176
742.8911: -0.8903111,-1.617424,1.628126,322.0282
743.1133: -0.8167636,-1.405456,1.633121,353.2711
743.3356: -0.6689385,-1.208446,1.638589,36.4412
743.5578: -0.5179228,-1.05087,1.613983,46.26613
743.78: -0.3594598,-0.8732501,1.635455,32.88281
744.0023: -0.2490307,-0.6995966,1.642977,19.89919
744.2245: -0.1734713,-0.4936653,1.622488,10.7193
744.4467: -0.1297304,-0.266198,1.643064,353.217
744.6689: -0.06644306,-0.04933666,1.639102,337.6755
744.8911: 0.005805154,0.1666037,1.604548,331.1411
745.1133: 0.02940635,0.3684627,1.633973,304.9487
745.3356: 0.02442346,0.5833968,1.609112,290.4019
745.5578: 0.06796673,0.8102088,1.636019,349.614
745.78: 0.1831924,0.870793,1.646825,74.58685
746.0023: 0.196176,0.9260961,1.629042,100.2723
746.2245: 0.2249531,1.011364,1.625961,99.61392
746.4467: 0.2489835,1.106183,1.630093,100.397
746.6689: 0.3412548,1.146903,1.643515,105.4608
746.8911: 0.5020252,1.110172,1.62458,107.8455
747.1133: 0.6857522,1.062567,1.642529,110.2956
747.3356: 0.883307,1.072191,1.644848,110.6671
Trial Result: Success object: Bookshelf | Time Spent: 24.13445
Trial No.:5 Ends
Trial No.:19 Begins
User confirmed on object: Well, this maze officially starts.
757.3245: 1.621725,-2.001014,1.661871,90.48648
757.5467: 1.622941,-1.982054,1.668116,88.78897
757.7689: 1.63162,-1.992342,1.672096,93.69157
757.9911: 1.620512,-2.012983,1.665635,104.7291
758.2134: 1.612911,-2.019574,1.66706,108.4518
758.4355: 1.616625,-2.01272,1.664372,105.2069
758.6578: 1.62112,-2.008435,1.66077,102.5385
758.88: 1.623288,-2.008711,1.658311,101.4382
759.1022: 1.628728,-2.008777,1.656616,99.90211
759.3245: 1.633477,-2.010284,1.655676,99.42598
759.5467: 1.637388,-2.006483,1.658989,95.33471
759.7689: 1.64049,-2.005279,1.660151,88.50108
759.9911: 1.645235,-1.991976,1.653124,81.12592
760.2134: 1.626782,-1.934824,1.651363,61.34041
760.4355: 1.595956,-1.86703,1.657411,38.9438
760.6578: 1.565521,-1.798389,1.650527,17.6276
760.88: 1.537366,-1.747324,1.650329,0.9824141
761.1022: 1.504679,-1.704939,1.647216,332.5544
761.3245: 1.493143,-1.683109,1.651984,305.0814
761.5467: 1.501578,-1.689598,1.655998,269.7744
761.7689: 1.532921,-1.704332,1.651056,239.8541
761.9911: 1.563317,-1.692436,1.64507,224.4197
762.2134: 1.550771,-1.618849,1.65156,243.6367
762.4355: 1.539968,-1.504175,1.645557,276.4855
762.6578: 1.521682,-1.397078,1.639639,290.3595
762.88: 1.462214,-1.299744,1.637938,289.6629
763.1022: 1.371834,-1.183814,1.638877,293.0957
763.3245: 1.257118,-1.088388,1.645082,294.0331
763.5467: 1.102912,-1.00244,1.623521,288.0096
763.7689: 0.8936816,-0.8907584,1.636126,289.8519
763.9911: 0.7109113,-0.8252981,1.644614,303.6147
764.2134: 0.519799,-0.7881258,1.614344,317.5975
764.4355: 0.3879571,-0.7378759,1.650811,333.1113
764.6578: 0.2745113,-0.6461902,1.639126,353.0517
764.88: 0.190645,-0.5126632,1.619076,3.060308
765.1022: 0.1125321,-0.3367351,1.63626,7.962456
765.3245: 0.03081384,-0.1348342,1.630392,15.93499
765.5467: -0.03859376,0.07609574,1.627399,27.13009
765.7689: -0.0462744,0.3062812,1.634666,44.89658
765.9911: -0.002926328,0.4693255,1.605747,62.21976
766.2134: 0.0575257,0.5945576,1.634615,78.7233
766.4355: 0.1020389,0.7241406,1.634221,90.87369
766.6578: 0.1193001,0.8599321,1.627947,94.51099
766.88: 0.1449127,0.9954857,1.635951,93.60624
767.1022: 0.1760768,1.141276,1.637534,67.26707
767.3245: 0.1347127,1.272381,1.650703,349.9344
767.5467: 0.09753525,1.269052,1.639957,275.5721
767.7689: 0.1200265,1.285405,1.6402,243.1079
767.9911: 0.1115949,1.39338,1.633843,263.7799
768.2134: 0.110997,1.584099,1.623749,320.0856
768.4355: 0.08086561,1.71865,1.599366,334.638
768.6578: 0.02897354,1.880912,1.623093,348.2657
768.88: -0.01373673,2.080677,1.624739,344.3737
769.1022: -0.04590853,2.293524,1.601469,321.7153
769.3245: -0.07417931,2.499127,1.622652,298.9176
769.5467: -0.1280011,2.660684,1.619439,280.1173
769.7689: -0.2179409,2.823858,1.615298,275.6094
769.9911: -0.2217162,3.028375,1.651886,334.9324
770.2134: -0.1111524,3.079194,1.646773,59.65606
770.4355: -0.07319598,3.093162,1.631344,80.77824
770.6578: -0.01779599,3.116238,1.629625,92.25935
770.88: 0.09098242,3.159298,1.621689,100.6935
771.1022: 0.2268108,3.217858,1.630092,103.9554
771.3245: 0.3696913,3.279376,1.627765,100.1505
771.5467: 0.5164844,3.332147,1.614579,98.12027
771.7689: 0.699437,3.358507,1.624695,100.2955
771.9911: 0.8804331,3.33739,1.616169,102.741
772.2134: 1.070051,3.285005,1.625046,103.0649
772.4355: 1.277567,3.225299,1.630121,110.0339
772.6578: 1.46538,3.177166,1.607933,120.1471
772.88: 1.684792,3.110444,1.625142,130.5971
773.1022: 1.892778,3.014321,1.618802,137.0654
773.3245: 2.067647,2.884412,1.608905,139.7306
773.5467: 2.216305,2.711338,1.635772,147.0892
773.7689: 2.351537,2.523697,1.626085,158.9126
773.9911: 2.472345,2.31098,1.632555,183.6138
774.2134: 2.541125,2.101284,1.63592,200.8286
774.4355: 2.576671,1.878369,1.613847,207.2294
774.6578: 2.58186,1.67025,1.647485,215.4596
774.88: 2.580655,1.452805,1.631986,234.4349
775.1022: 2.609525,1.198944,1.636673,230.7682
775.3245: 2.659886,0.9098433,1.652571,199.8944
775.5467: 2.661436,0.6312867,1.616865,192.8587
775.7689: 2.6334,0.3566186,1.646274,197.1372
775.9911: 2.621711,0.03149007,1.621198,205.9931
776.2134: 2.588471,-0.2398742,1.638361,214.0013
776.4355: 2.492412,-0.4618739,1.637954,231.9632
776.6578: 2.38757,-0.6122082,1.616878,248.2814
776.88: 2.292133,-0.8669562,1.646397,215.4901
777.1022: 2.194207,-1.089721,1.62394,208.0055
777.3245: 2.058433,-1.179807,1.629796,282.6418
777.5467: 1.99128,-1.275219,1.63082,312.1693
777.7689: 1.88895,-1.395375,1.615188,302.1459
777.9911: 1.811481,-1.650121,1.657156,210.5992
778.2134: 1.908359,-1.732301,1.642719,121.8239
778.4355: 1.915149,-1.836721,1.632482,106.362
778.6578: 1.920089,-1.994127,1.641062,128.5046
778.88: 1.917378,-2.204376,1.645343,144.7505
779.1022: 1.916545,-2.403359,1.616059,141.7857
779.3245: 1.83221,-2.608684,1.62008,187.1435
779.5467: 1.744693,-2.795351,1.626941,233.2985
779.7689: 1.678583,-2.960019,1.6157,256.5636
779.9911: 1.550095,-3.078673,1.635819,281.1937
780.2134: 1.414005,-3.138642,1.615294,291.894
780.4355: 1.239879,-3.154067,1.624256,315.3689
780.6578: 1.043029,-3.206077,1.628678,306.8658
780.88: 0.7916058,-3.268127,1.616007,292.8682
781.1022: 0.5446734,-3.290452,1.6448,289.4104
781.3245: 0.2913042,-3.276916,1.620632,285.579
781.5467: 0.03840319,-3.234846,1.632698,286.011
781.7689: -0.2160383,-3.210979,1.643452,282.1834
781.9911: -0.4988724,-3.196605,1.622265,280.2293
782.2134: -0.7338281,-3.112249,1.65975,323.2305
782.4355: -0.9316597,-3.062051,1.618808,351.7442
782.6578: -1.176328,-3.033338,1.639933,334.1112
782.88: -1.432868,-3.047062,1.648054,298.1867
783.1022: -1.682927,-3.044524,1.620583,286.5011
783.3245: -1.895272,-2.976909,1.644861,311.0174
783.5467: -2.078295,-2.877109,1.629685,333.3558
783.7689: -2.236408,-2.734769,1.632024,346.5812
783.9911: -2.389198,-2.54742,1.642673,9.783692
784.2134: -2.529686,-2.3885,1.61648,15.29126
784.4355: -2.662392,-2.19263,1.6455,19.8147
784.6578: -2.754306,-1.978968,1.641201,18.50941
784.88: -2.776115,-1.791614,1.621323,31.71065
785.1022: -2.762628,-1.601811,1.645391,63.42038
785.3245: -2.77141,-1.385918,1.62387,78.47972
785.5467: -2.790933,-1.135953,1.628579,69.00993
785.7689: -2.802915,-0.8509915,1.640828,37.1058
785.9911: -2.783516,-0.5878438,1.611224,17.35514
786.2134: -2.738634,-0.3123997,1.646808,6.51082
786.4355: -2.69917,-0.105243,1.623598,12.6084
786.6578: -2.644166,0.1437971,1.627406,30.96111
786.88: -2.594751,0.3130006,1.642372,35.12725
787.1022: -2.51817,0.5163674,1.612207,38.89646
Trial Result: Fail at object:  | Time Spent: 30
Trial No.:19 Ends
Trial No.:10 Begins
User confirmed on object: Bookshelf, this maze officially starts.
800.6578: 1.778426,1.172659,1.662006,183.172
800.88: 1.782526,1.174637,1.664656,185.759
801.1022: 1.772602,1.171932,1.66901,188.5972
801.3245: 1.756237,1.180704,1.670293,199.2108
801.5467: 1.744548,1.186632,1.669116,210.2486
801.7689: 1.740499,1.187922,1.661202,211.3174
801.9911: 1.752538,1.173376,1.644769,199.203
802.2134: 1.759856,1.162524,1.641599,192.5379
802.4355: 1.76247,1.153011,1.635683,189.078
802.6578: 1.748582,1.157341,1.640695,201.2556
802.88: 1.710315,1.195858,1.645603,239.5842
803.1022: 1.704226,1.248063,1.645225,273.2672
803.3245: 1.71558,1.300589,1.637241,305.5913
803.5467: 1.664443,1.281372,1.639494,278.0412
803.7689: 1.592237,1.282803,1.63893,250.2473
803.9911: 1.509319,1.314033,1.628403,246.6156
804.2134: 1.468835,1.323245,1.625026,244.3972
804.4355: 1.50363,1.262447,1.645634,218.0918
804.6578: 1.629448,1.20453,1.650049,163.2525
804.88: 1.730275,1.205132,1.64985,133.3415
805.1022: 1.787432,1.21462,1.644512,111.1691
805.3245: 1.823631,1.219028,1.636851,95.79963
805.5467: 1.832992,1.195054,1.639311,100.2217
805.7689: 1.776778,1.108045,1.649169,147.6968
805.9911: 1.604106,1.089859,1.635705,218.6725
806.2134: 1.430878,1.139151,1.625239,261.5453
806.4355: 1.227094,1.163361,1.634793,276.515
806.6578: 1.00897,1.122277,1.623098,272.524
806.88: 0.7776868,1.090678,1.602426,291.3456
807.1022: 0.5848087,1.097329,1.638603,319.1199
807.3245: 0.4095253,1.11039,1.619806,332.3941
807.5467: 0.156747,1.112839,1.617836,306.2654
807.7689: -0.09982052,1.10272,1.631081,281.7641
807.9911: -0.3543601,1.085768,1.608164,269.027
808.2134: -0.5985118,1.090162,1.627057,274.1919
808.4355: -0.8628044,1.130153,1.625052,283.1765
808.6578: -1.086839,1.172192,1.61075,277.8949
808.88: -1.287262,1.228947,1.634356,288.6666
809.1022: -1.446612,1.300938,1.610363,315.0012
809.3245: -1.578414,1.378889,1.630301,322.9806
809.5467: -1.7261,1.459759,1.620944,305.4203
809.7689: -1.887038,1.424469,1.624462,243.3794
809.9911: -1.99353,1.335807,1.610201,197.0947
810.2134: -2.128382,1.220488,1.614673,183.8782
810.4355: -2.295942,1.101875,1.627504,180.4058
810.6578: -2.468391,0.9485174,1.598672,171.5276
810.88: -2.606608,0.7878385,1.626585,164.3388
811.1022: -2.703064,0.6033254,1.620693,165.1949
811.3245: -2.748746,0.4123114,1.604295,168.0926
811.5467: -2.775049,0.1599129,1.63738,177.5101
811.7689: -2.789744,-0.1016645,1.633649,182.148
811.9911: -2.803956,-0.3797974,1.619711,183.2658
812.2134: -2.803429,-0.6410357,1.649933,185.6315
812.4355: -2.796851,-0.9041586,1.616259,191.1935
812.6578: -2.778298,-1.187728,1.648991,198.0265
812.88: -2.784227,-1.41389,1.645265,201.4404
813.1022: -2.814119,-1.613614,1.618137,200.5334
813.3245: -2.845818,-1.755039,1.637304,211.3609
813.5467: -2.844919,-1.88615,1.628994,226.3835
813.7689: -2.818516,-1.98511,1.632959,240.6526
813.9911: -2.799415,-2.0376,1.627624,256.8829
814.2134: -2.772398,-2.049376,1.620564,271.0248
814.4355: -2.749053,-2.047998,1.622731,279.1315
814.6578: -2.744457,-2.055818,1.626051,277.226
814.88: -2.742764,-2.059531,1.635346,274.4816
815.1022: -2.740351,-2.057446,1.649032,276.1123
815.3245: -2.729356,-2.05848,1.649009,277.2817
815.5467: -2.726251,-2.065024,1.641555,277.2323
815.7689: -2.7263,-2.072063,1.632607,276.4067
815.9911: -2.727179,-2.08091,1.629707,275.5469
816.2134: -2.728921,-2.088082,1.62585,274.9015
816.4355: -2.728302,-2.089751,1.624855,274.8194
816.6578: -2.725086,-2.087431,1.624959,276.2146
816.88: -2.720323,-2.086521,1.626452,276.7885
817.1022: -2.715494,-2.087608,1.629977,276.9612
817.3245: -2.709906,-2.089561,1.637093,277.1116
817.5467: -2.700455,-2.093693,1.639724,276.5208
817.7689: -2.690896,-2.094639,1.638697,274.806
817.9911: -2.685861,-2.096955,1.636568,273.5616
818.2134: -2.684552,-2.121991,1.657344,259.3134
818.4355: -2.668224,-2.186683,1.653475,212.7181
818.6578: -2.594603,-2.216971,1.645695,142.0952
818.88: -2.604683,-2.225966,1.650066,112.2232
819.1022: -2.634954,-2.275395,1.652352,111.8599
819.3245: -2.675055,-2.356061,1.647538,158.3159
819.5467: -2.719339,-2.366785,1.636453,231.519
819.7689: -2.67361,-2.340168,1.62224,277.6682
Trial Result: Success object: Plant | Time Spent: 19.47689
Trial No.:10 Ends
Trial No.:12 Begins
User confirmed on object: Trashcan, this maze officially starts.
834.18: 2.420343,1.088787,1.653855,92.56065
834.4022: 2.405854,1.104304,1.663868,97.80882
834.6245: 2.410872,1.106019,1.662836,102.0816
834.8467: 2.415181,1.089333,1.664638,110.0506
835.0689: 2.427056,1.070232,1.65452,113.7794
835.2911: 2.429371,1.050527,1.654108,114.7165
835.5134: 2.410896,0.9887923,1.654113,137.345
835.7356: 2.383344,0.939067,1.655451,154.4608
835.9578: 2.352836,0.8838965,1.647341,169.3528
836.18: 2.332912,0.8412712,1.645122,186.291
836.4022: 2.318859,0.8296455,1.646745,219.5082
836.6245: 2.337291,0.8380104,1.645826,255.1841
836.8467: 2.37112,0.8375329,1.641226,271.945
837.0689: 2.404644,0.8620452,1.634153,294.7596
837.2911: 2.425346,0.8943145,1.63472,319.4786
837.5134: 2.446217,0.9158921,1.629994,343.8186
837.7356: 2.452344,0.9230249,1.624395,354.1659
837.9578: 2.414638,0.9288454,1.630417,343.3878
838.18: 2.3383,0.8996095,1.638077,298.9137
838.4022: 2.306333,0.8726118,1.640806,276.4442
838.6245: 2.284613,0.8562931,1.641262,262.2211
838.8467: 2.223317,0.8648412,1.638506,261.9631
839.0689: 2.087566,0.8627113,1.630649,264.0331
839.2911: 1.901604,0.8383822,1.621887,266.9387
839.5134: 1.695311,0.8079069,1.647229,266.8612
839.7356: 1.513704,0.8248991,1.650108,270.5044
839.9578: 1.292136,0.8706701,1.621135,267.6801
840.18: 1.043373,0.9123242,1.636177,257.131
840.4022: 0.8005214,0.9165313,1.636416,250.8587
840.6245: 0.5788234,0.8688887,1.61969,235.1258
840.8467: 0.3959463,0.8182046,1.64807,206.1561
841.0689: 0.1746128,0.8077216,1.610284,190.2969
841.2911: 0.01324593,0.7675946,1.635194,180.8367
841.5134: -0.05195525,0.6727363,1.631975,171.0153
841.7356: -0.04618985,0.5069684,1.618075,174.3808
841.9578: -0.02547146,0.3294071,1.641116,182.8176
842.18: -0.05069903,0.1230772,1.640649,195.3309
842.4022: -0.1081566,-0.09980816,1.6042,203.6531
842.6245: -0.1787089,-0.3294842,1.635377,211.4655
842.8467: -0.2487971,-0.5411785,1.619115,232.2236
843.0689: -0.3445636,-0.729875,1.628152,264.5809
843.2911: -0.4431692,-0.8334929,1.631776,285.4164
843.5134: -0.5711755,-0.9985177,1.618173,238.2873
843.7356: -0.6557947,-1.134188,1.638943,179.5657
843.9578: -0.724997,-1.22307,1.633143,162.6716
844.18: -0.7946821,-1.38628,1.623189,165.0764
844.4022: -0.8475786,-1.592719,1.638827,169.8811
844.6245: -0.8957137,-1.791805,1.65001,163.0055
844.8467: -0.9494081,-2.014193,1.613151,151.174
845.0689: -0.9882396,-2.210179,1.635767,136.617
845.2911: -0.9902873,-2.445282,1.630509,131.1009
845.5134: -1.057056,-2.680051,1.620837,189.7153
845.7356: -1.158051,-2.787808,1.633451,247.2566
845.9578: -1.241815,-2.860977,1.623217,262.4973
846.18: -1.399745,-2.917876,1.618249,280.878
846.4022: -1.588417,-2.962231,1.635376,298.9429
846.6245: -1.785702,-2.977987,1.612,327.241
846.8467: -1.950861,-2.960948,1.623909,359.9362
847.0689: -2.117107,-2.903877,1.622464,358.4066
847.2911: -2.289069,-2.752469,1.616143,356.467
847.5134: -2.397469,-2.570025,1.64087,2.628376
847.7356: -2.519684,-2.357459,1.620559,8.875456
847.9578: -2.621698,-2.17419,1.632761,10.2713
848.18: -2.700325,-1.959743,1.649255,12.70509
848.4022: -2.725249,-1.740296,1.62088,29.70855
848.6245: -2.709028,-1.517115,1.636582,54.98833
848.8467: -2.708743,-1.271562,1.63538,70.80006
849.0689: -2.740278,-0.9709017,1.619683,45.71741
849.2911: -2.751933,-0.6409115,1.647259,19.17691
849.5134: -2.708153,-0.3801484,1.603078,16.89677
849.7356: -2.633683,-0.1245795,1.640154,23.32695
849.9578: -2.589982,0.09772152,1.632882,30.31138
850.18: -2.5376,0.3539249,1.612986,36.41251
850.4022: -2.446084,0.5686645,1.639679,46.69423
850.6245: -2.336658,0.7683748,1.60959,47.9407
850.8467: -2.205046,0.9633702,1.62295,44.95048
851.0689: -2.096875,1.164936,1.634779,42.13253
851.2911: -2.008239,1.379431,1.599125,45.9854
Trial Result: Success object: Table | Time Spent: 17.51198
Trial No.:12 Ends
