Participant ID: 432
Maze Mode: testing
Trial No.:8 Begins
User confirmed on object: Plant, this maze officially starts.
113.1956: -2.768293,-2.060795,1.384007,264.09
113.4178: -2.752605,-2.066304,1.385267,264.3987
113.64: -2.739276,-2.0757,1.386934,264.9563
113.8622: -2.730978,-2.080142,1.388574,265.2935
114.0844: -2.732454,-2.081133,1.387856,265.1418
114.3067: -2.732028,-2.080705,1.388673,266.2976
114.5289: -2.723799,-2.064051,1.391416,284.4277
114.7511: -2.719853,-2.063656,1.390593,287.2964
114.9733: -2.717805,-2.075994,1.391201,279.0617
115.1956: -2.709807,-2.083638,1.394159,277.0446
115.4178: -2.689589,-2.087749,1.399228,283.113
115.64: -2.644135,-2.070616,1.393585,286.8822
115.8622: -2.583881,-2.036687,1.386269,281.7649
116.0844: -2.525941,-2.008594,1.384366,274.33
116.3067: -2.487569,-2.001973,1.392298,271.3709
116.5289: -2.46372,-2.011241,1.38926,270.5605
116.7511: -2.461373,-2.025031,1.394941,272.5278
116.9733: -2.463503,-2.032739,1.395184,272.9412
117.1956: -2.464712,-2.037845,1.396077,273.3218
117.4178: -2.462863,-2.044012,1.395678,272.836
117.64: -2.460528,-2.04868,1.394559,273.2597
117.8622: -2.460738,-2.050028,1.394871,273.1422
118.0844: -2.463716,-2.048313,1.39488,273.6262
118.3067: -2.4667,-2.048503,1.393996,273.8992
118.5289: -2.469153,-2.049621,1.394083,274.5495
118.7511: -2.476862,-2.049517,1.394457,277.0001
118.9733: -2.5102,-2.017813,1.392367,300.5008
119.1956: -2.550848,-1.9362,1.376727,330.0635
119.4178: -2.583585,-1.835034,1.364478,355.262
119.64: -2.635849,-1.754809,1.375776,17.67002
119.8622: -2.709146,-1.686534,1.370703,35.31107
120.0844: -2.761013,-1.622705,1.378623,58.28931
120.3067: -2.767434,-1.581982,1.379242,74.72623
120.5289: -2.722926,-1.51278,1.374688,79.93994
120.7511: -2.609786,-1.400527,1.356452,83.35474
120.9733: -2.45981,-1.292261,1.378918,86.64894
121.1956: -2.305875,-1.166123,1.382308,91.23176
121.4178: -2.146298,-1.029055,1.380526,99.09539
121.64: -1.930303,-0.9592354,1.531869,106.6522
121.8622: -1.722121,-0.9239182,1.507661,108.9966
122.0844: -1.505365,-0.9338453,1.530613,115.8368
122.3067: -1.314726,-0.9476101,1.529043,133.615
122.5289: -1.16879,-0.9476304,1.514158,155.9084
122.7511: -1.002369,-0.9588225,1.53482,171.3811
122.9733: -0.8228557,-0.9891613,1.516967,165.6924
123.1956: -0.6038964,-1.01119,1.527097,129.0612
123.4178: -0.4103013,-0.9748604,1.526547,94.91898
123.64: -0.2137519,-0.9160097,1.497204,75.26279
123.8622: 0.003960851,-0.8657327,1.528916,77.89558
124.0844: 0.2340631,-0.8613824,1.518741,80.06339
124.3067: 0.4816268,-0.9033111,1.505967,76.97319
124.5289: 0.6862003,-0.9118272,1.536129,71.61512
124.7511: 0.8743637,-0.8884208,1.513387,66.35496
124.9733: 1.038676,-0.8429348,1.520136,63.37279
125.1956: 1.164703,-0.8264523,1.537145,57.0493
125.4178: 1.267795,-0.8559078,1.525429,44.40335
Trial Result: Success object: Harp | Time Spent: 12.61647
Trial No.:8 Ends
Trial No.:9 Begins
User confirmed on object: Bookshelf, this maze officially starts.
133.8622: 1.74037,1.052475,1.547337,175.461
134.0844: 1.760513,1.082606,1.556674,176.3115
134.3067: 1.778543,1.111153,1.5605,183.1927
134.5289: 1.778273,1.143556,1.561308,194.8067
134.7511: 1.762208,1.175867,1.556366,195.521
134.9733: 1.746638,1.202058,1.555755,180.5163
135.1956: 1.731556,1.211326,1.554896,180.7645
135.4178: 1.704283,1.195696,1.559841,200.3488
135.64: 1.667421,1.181636,1.550224,232.6802
135.8622: 1.652912,1.174092,1.542388,254.0087
136.0844: 1.621575,1.146136,1.534575,271.0472
136.3067: 1.525723,1.091705,1.521266,262.816
136.5289: 1.368018,1.05024,1.517486,251.9243
136.7511: 1.218422,1.001701,1.525753,247.6273
136.9733: 1.047415,0.9313354,1.512334,249.1307
137.1956: 0.8702054,0.8943678,1.525306,268.0707
137.4178: 0.6826429,0.9152868,1.518389,291.3681
137.64: 0.5115132,0.9878714,1.507949,314.9758
137.8622: 0.3470518,1.04759,1.524117,336.045
138.0844: 0.1417475,1.079149,1.516094,342.174
138.3067: -0.09959955,1.060508,1.512329,321.1199
138.5289: -0.3244239,1.030177,1.521953,292.989
138.7511: -0.5078567,1.02995,1.49737,279.028
138.9733: -0.7216098,1.064293,1.50882,270.8906
139.1956: -0.9287283,1.091115,1.512361,275.1977
139.4178: -1.1479,1.131919,1.49151,293.3911
139.64: -1.339784,1.207813,1.511296,316.85
139.8622: -1.500475,1.345973,1.493842,330.1787
140.0844: -1.651667,1.568208,1.494843,336.4257
140.3067: -1.778356,1.752031,1.510456,332.052
140.5289: -1.901736,1.928849,1.491244,324.5004
140.7511: -2.001846,2.092252,1.512254,319.3773
140.9733: -2.115233,2.283869,1.503983,311.703
141.1956: -2.22511,2.478304,1.477871,301.5325
141.4178: -2.341103,2.635962,1.501828,292.8829
141.64: -2.453504,2.736449,1.488542,287.8444
141.8622: -2.566416,2.800144,1.484909,285.3939
142.0844: -2.660433,2.868997,1.499562,282.3435
142.3067: -2.706784,2.934937,1.496489,276.0009
Trial Result: Success object: Stove | Time Spent: 8.678944
Trial No.:9 Ends
Trial No.:17 Begins
User confirmed on object: Harp, this maze officially starts.
157.9956: 1.76552,-1.056203,1.53938,347.7103
158.2178: 1.754966,-1.079513,1.554937,344.5223
158.44: 1.729047,-1.140437,1.55689,347.0768
158.6622: 1.697501,-1.21056,1.550858,357.5001
158.8844: 1.675497,-1.265955,1.558471,358.6147
159.1067: 1.684978,-1.310783,1.558524,7.149448
159.3289: 1.701375,-1.335877,1.557069,12.79208
159.5511: 1.711345,-1.340661,1.560562,16.60697
159.7733: 1.757401,-1.316693,1.55759,36.37848
159.9956: 1.846521,-1.28655,1.541858,59.42808
160.2178: 1.972916,-1.240565,1.5276,59.35473
160.44: 2.101421,-1.133026,1.526448,38.24028
160.6622: 2.213697,-0.9944038,1.496294,24.32977
160.8844: 2.322012,-0.8193499,1.51332,13.75712
161.1067: 2.427259,-0.6763748,1.515442,5.877112
161.3289: 2.573685,-0.5089244,1.487262,2.168926
161.5511: 2.715179,-0.3107579,1.514751,0.8623724
161.7733: 2.789815,-0.09507552,1.498205,358.2041
161.9956: 2.810092,0.1515178,1.504794,355.8071
162.2178: 2.839073,0.4064441,1.518907,353.5447
162.44: 2.904918,0.7087557,1.480277,352.73
162.6622: 2.953119,0.9752879,1.509993,352.9486
162.8844: 2.961454,1.07247,1.514151,352.8668
163.1067: 2.929517,1.511142,1.502077,349.8319
163.3289: 2.923463,1.662168,1.523369,346.9343
163.5511: 2.955261,1.71536,1.502388,309.2068
163.7733: 2.940706,1.897867,1.490035,312.8845
163.9956: 2.847958,1.665342,1.516807,262.1492
164.2178: 2.889565,1.488967,1.520935,231.6277
164.44: 2.885796,1.36609,1.521343,215.3329
164.6622: 2.79847,1.2358,1.496142,207.6901
164.8844: 2.653358,1.116213,1.51098,219.6393
165.1067: 2.485089,1.005646,1.523115,246.2608
165.3289: 2.367568,0.9195901,1.510158,268.2276
165.5511: 2.229448,0.867282,1.526089,283.6787
165.7733: 2.064122,0.8586142,1.501576,286.4702
165.9956: 1.850475,0.8875504,1.513509,281.2146
166.2178: 1.657881,0.8929603,1.518987,277.6152
166.44: 1.400957,0.8806255,1.495601,279.1641
166.6622: 1.147738,0.8741463,1.523995,285.6454
166.8844: 0.899789,0.9064329,1.505637,290.2744
167.1067: 0.6506544,0.9808406,1.49917,300.0436
167.3289: 0.4505355,1.021661,1.513751,309.0766
167.5511: 0.1982567,1.025604,1.489475,301.069
167.7733: -0.05802879,1.014886,1.509754,290.9067
167.9956: -0.2918742,1.03058,1.503957,285.7009
168.2178: -0.5287755,1.078868,1.494071,283.8139
168.44: -0.7671973,1.110777,1.507734,284.3519
168.6622: -1.026978,1.138753,1.479114,293.5641
168.8844: -1.260666,1.191539,1.500281,311.4916
169.1067: -1.443436,1.291916,1.504549,322.7869
169.3289: -1.571038,1.433155,1.48022,328.984
169.5511: -1.701136,1.610026,1.497021,330.0472
169.7733: -1.81992,1.793241,1.483416,326.0557
169.9956: -1.938993,1.991158,1.497075,322.0755
170.2178: -2.043728,2.189089,1.499802,317.1804
170.44: -2.151021,2.386259,1.470217,307.2223
170.6622: -2.287445,2.576132,1.4939,294.6592
170.8844: -2.40785,2.68339,1.475819,288.9666
171.1067: -2.541542,2.756824,1.479321,286.5191
171.3289: -2.625622,2.808011,1.497237,282.644
Trial Result: Success object: Stove | Time Spent: 13.71371
Trial No.:17 Ends
Trial No.:10 Begins
User confirmed on object: Bookshelf, this maze officially starts.
184.1844: 1.761672,1.112826,1.534689,175.5703
184.4067: 1.75337,1.092706,1.533034,174.5875
184.6289: 1.797423,1.19342,1.547287,178.4349
184.8511: 1.812659,1.238739,1.543895,180.1689
185.0733: 1.813254,1.256967,1.539623,180.3471
185.2956: 1.813648,1.26425,1.537856,180.4164
185.5178: 1.813648,1.26425,1.537856,180.4164
185.74: 1.764223,1.311921,1.528245,179.0298
185.9622: 1.763355,1.309389,1.527721,178.9774
186.1844: 1.764701,1.306972,1.530544,179.3794
186.4067: 1.76482,1.318846,1.548201,181.702
186.6289: 1.763367,1.323583,1.548422,186.6557
186.8511: 1.764274,1.327279,1.548285,191.989
187.0733: 1.767986,1.335502,1.5523,196.0938
187.2956: 1.776525,1.347523,1.558002,192.3477
187.5178: 1.778268,1.347297,1.556686,189.0466
187.74: 1.770955,1.337088,1.556213,191.4335
187.9622: 1.755435,1.315918,1.555938,200.1158
188.1844: 1.717758,1.295005,1.550983,224.4365
188.4067: 1.658154,1.286051,1.537422,253.4272
188.6289: 1.560575,1.26168,1.519619,260.7204
188.8511: 1.440616,1.228862,1.515196,254.3412
189.0733: 1.303304,1.175429,1.52291,251.652
189.2956: 1.147166,1.101602,1.506388,254.5035
189.5178: 0.9698782,1.003547,1.514583,253.0105
189.74: 0.774419,0.930591,1.516029,245.9904
189.9622: 0.5741701,0.8795493,1.496683,232.3311
190.1844: 0.3649827,0.7899203,1.514719,206.9285
190.4067: 0.2481038,0.6557166,1.504755,191.6896
190.6289: 0.1744653,0.4681175,1.50067,185.9734
190.8511: 0.1148449,0.2862198,1.521599,183.5009
191.0733: 0.0453782,0.07502969,1.496153,180.4041
191.2956: -0.05182341,-0.1479706,1.51152,187.6841
Trial Result: Fail at object: Wheelbarrow | Time Spent: 7.352057
Trial No.:10 Ends
Trial No.:3 Begins
User confirmed on object: Piano, this maze officially starts.
210.2178: 1.838678,3.188903,1.5283,184.8026
210.44: 1.843434,3.202033,1.536875,184.7188
210.6622: 1.843683,3.21845,1.544937,185.4254
210.8844: 1.831739,3.235392,1.546747,194.2287
211.1067: 1.823347,3.236939,1.545271,197.048
211.3289: 1.815244,3.232142,1.544766,198.8534
211.5511: 1.796272,3.22459,1.54365,208.8243
211.7733: 1.769153,3.22496,1.537695,230.3594
211.9956: 1.753993,3.222099,1.529688,244.2172
212.2178: 1.755153,3.196614,1.529073,237.8297
212.44: 1.824503,3.13235,1.526677,196.729
212.6622: 1.960235,3.105049,1.508795,167.005
212.8844: 2.113807,3.088437,1.506906,159.0756
213.1067: 2.240471,3.049437,1.512343,158.0585
213.3289: 2.328572,2.979199,1.501703,159.1434
213.5511: 2.423689,2.834218,1.483391,165.7545
213.7733: 2.521402,2.6426,1.505278,176.1166
213.9956: 2.628454,2.452667,1.502846,181.8051
214.2178: 2.733199,2.263646,1.497431,193.1908
214.44: 2.775925,2.06996,1.518261,204.3362
214.6622: 2.757756,1.845193,1.488386,209.6243
214.8844: 2.711062,1.632689,1.514712,219.09
215.1067: 2.700508,1.409025,1.512978,219.9832
215.3289: 2.735579,1.180088,1.498929,207.183
215.5511: 2.771607,0.9412396,1.521875,196.1271
215.7733: 2.775201,0.7010162,1.501969,188.8871
215.9956: 2.732912,0.458385,1.502584,188.297
216.2178: 2.703864,0.2340546,1.51842,192.4602
216.44: 2.688086,0.001715085,1.493706,200.7817
216.6622: 2.655377,-0.2530611,1.522586,218.8723
216.8844: 2.58301,-0.4426155,1.509891,229.7708
217.1067: 2.462183,-0.6098399,1.503673,241.4908
217.3289: 2.370891,-0.7524086,1.520131,243.4709
217.5511: 2.298755,-0.942535,1.507142,214.7785
217.7733: 2.250206,-1.115075,1.510799,182.9615
217.9956: 2.183411,-1.261328,1.523726,168.7913
218.2178: 2.093579,-1.411691,1.511694,161.7449
218.44: 1.995474,-1.578719,1.521021,157.8174
218.6622: 1.941597,-1.764522,1.523989,147.9255
218.8844: 1.949941,-1.86797,1.5067,124.9485
219.1067: 1.940796,-1.952541,1.530351,96.74606
219.3289: 1.917634,-2.050926,1.537436,87.48888
219.5511: 1.898938,-2.210243,1.53143,98.34495
219.7733: 1.88026,-2.374192,1.52613,124.1435
219.9956: 1.880452,-2.507862,1.526918,146.4677
220.2178: 1.872441,-2.618854,1.519483,196.0266
220.44: 1.857166,-2.694705,1.530998,242.1876
220.6622: 1.810268,-2.771959,1.522125,267.7922
220.8844: 1.728854,-2.816844,1.517978,275.3952
221.1067: 1.628999,-2.861858,1.526615,285.6639
221.3289: 1.512127,-2.922167,1.505615,296.5727
221.5511: 1.346208,-3.017492,1.497751,299.916
221.7733: 1.147909,-3.109014,1.521481,289.2981
221.9956: 0.946208,-3.145839,1.508992,278.9109
222.2178: 0.7347624,-3.129902,1.513295,271.434
222.44: 0.5223464,-3.128279,1.529564,270.7393
222.6622: 0.2824361,-3.1415,1.508353,278.4446
222.8844: 0.05172579,-3.16846,1.531267,286.7766
223.1067: -0.1823942,-3.170933,1.517793,289.676
223.3289: -0.4115227,-3.139653,1.50612,291.4464
223.5511: -0.6133806,-3.126032,1.525845,294.2671
223.7733: -0.8111207,-3.126978,1.508115,298.361
223.9956: -1.000119,-3.147554,1.511443,307.254
224.2178: -1.169542,-3.143182,1.531334,314.5556
224.44: -1.297671,-3.118145,1.523618,318.1509
Trial Result: Success object: Mailbox | Time Spent: 14.56978
Trial No.:3 Ends
Trial No.:14 Begins
User confirmed on object: Telescope, this maze officially starts.
236.3733: -2.900657,-0.05149715,1.539372,81.38504
236.5956: -2.895615,-0.04989849,1.543872,80.66177
236.8178: -2.912589,-0.04621348,1.550299,82.81193
237.04: -2.948986,-0.04137404,1.55163,88.12312
237.2622: -2.976561,-0.03319532,1.54739,98.60851
237.4845: -2.991722,-0.05805327,1.548213,122.5019
237.7067: -2.99541,-0.1091721,1.538189,144.1746
237.9289: -2.98074,-0.1883836,1.526158,161.8114
238.1511: -2.966641,-0.3061955,1.512254,172.5258
238.3733: -2.917778,-0.4300711,1.529685,166.6206
238.5956: -2.804127,-0.5319204,1.515449,139.6463
238.8178: -2.647394,-0.6123816,1.510857,113.1939
239.04: -2.46368,-0.726945,1.520566,100.9328
239.2622: -2.308332,-0.8351738,1.490541,100.3099
239.4845: -2.131197,-0.9584996,1.511578,104.7019
239.7067: -1.927716,-1.028478,1.518281,104.9098
239.9289: -1.711631,-1.060841,1.496965,115.751
240.1511: -1.481541,-1.104537,1.525468,140.577
240.3733: -1.294742,-1.189198,1.512237,160.447
240.5956: -1.147316,-1.315802,1.501015,177.9777
240.8178: -1.014211,-1.449553,1.519425,189.4617
241.04: -0.8629844,-1.639888,1.500466,188.4997
241.2622: -0.7784988,-1.819835,1.515165,184.3395
241.4845: -0.769532,-2.016605,1.501559,176.6398
241.7067: -0.8054589,-2.208271,1.502779,161.8745
241.9289: -0.8031448,-2.387074,1.52714,134.8349
242.1511: -0.7605629,-2.534677,1.510914,107.7763
242.3733: -0.6813664,-2.680375,1.50707,91.31696
242.5956: -0.5985975,-2.826716,1.520543,79.55696
242.8178: -0.4928147,-2.985192,1.506175,70.02905
243.04: -0.3501614,-3.155911,1.520073,63.06305
243.2622: -0.2357093,-3.227585,1.541403,54.30894
243.4845: -0.1993149,-3.23573,1.532156,30.61653
243.7067: -0.2190541,-3.264445,1.525345,346.2625
243.9289: -0.2615423,-3.296696,1.527872,314.5996
244.1511: -0.3493525,-3.290526,1.520562,305.0309
244.3733: -0.465325,-3.220382,1.52251,314.4685
244.5956: -0.5540568,-3.071221,1.517723,335.9553
244.8178: -0.597067,-2.864288,1.491746,351.0458
245.04: -0.6373674,-2.621834,1.523405,359.8208
245.2622: -0.6983992,-2.367983,1.499828,4.876383
245.4845: -0.7596757,-2.152874,1.507296,13.24994
245.7067: -0.7778114,-1.914979,1.533543,25.52477
245.9289: -0.7405107,-1.723604,1.502077,32.77037
246.1511: -0.6553622,-1.519668,1.511806,46.22298
246.3733: -0.5383925,-1.353918,1.516725,64.51714
246.5956: -0.3992302,-1.207852,1.496035,76.18493
246.8178: -0.2081677,-1.114696,1.518965,83.84402
247.04: 0.01347909,-1.097031,1.489994,87.59021
247.2622: 0.3134959,-1.116524,1.518374,90.25277
247.4845: 0.5574583,-1.099261,1.510138,93.24679
247.7067: 0.8053653,-1.054632,1.504716,95.64809
247.9289: 1.004088,-1.028487,1.526365,93.89011
248.1511: 1.249392,-1.016502,1.500658,88.83757
248.3733: 1.504121,-1.016074,1.506294,71.73091
248.5956: 1.731077,-0.9812977,1.520053,53.42727
248.8178: 1.946495,-0.9156785,1.49128,42.5811
249.04: 2.15333,-0.8197103,1.514944,30.00821
249.2622: 2.37021,-0.6875839,1.502189,17.31454
249.4845: 2.546994,-0.5573908,1.495325,0.1035129
249.7067: 2.659559,-0.3952483,1.516111,342.6441
249.9289: 2.704811,-0.2578362,1.492532,334.933
250.1511: 2.725932,-0.05539006,1.506284,327.5697
250.3733: 2.728445,0.1479768,1.515126,315.4936
250.5956: 2.719086,0.3586941,1.487606,300.9055
250.8178: 2.685478,0.5644881,1.502004,284.5227
251.04: 2.602576,0.7112107,1.511044,272.7919
251.2622: 2.459324,0.8141102,1.495523,263.6492
251.4845: 2.303053,0.8955983,1.516449,257.0072
251.7067: 2.137146,0.959717,1.500742,250.6406
251.9289: 1.931743,1.036591,1.498279,239.507
252.1511: 1.699425,1.098315,1.517782,246.6467
252.3733: 1.45128,1.119068,1.493034,249.2001
252.5956: 1.200486,1.100526,1.505301,246.4753
252.8178: 0.9680719,1.084733,1.511298,239.9159
253.04: 0.7419029,1.071664,1.484317,231.8497
253.2622: 0.5256706,1.011198,1.511944,223.5228
253.4845: 0.4007309,0.9172207,1.491803,219.8605
253.7067: 0.3009224,0.785786,1.492003,220.2931
253.9289: 0.2087522,0.6806548,1.513673,218.7654
254.1511: 0.1165931,0.5990902,1.513818,217.1366
Trial Result: Success object: Wheelbarrow | Time Spent: 18.01333
Trial No.:14 Ends
Trial No.:20 Begins
User confirmed on object: Well, this maze officially starts.
279.9733: 1.77076,-1.961701,1.729132,92.38544
280.1956: 1.768075,-1.958249,1.726846,91.50624
280.4178: 1.761926,-1.955684,1.726776,90.65447
280.64: 1.744268,-1.95483,1.730588,88.94942
280.8622: 1.708757,-1.953828,1.731724,88.96239
281.0844: 1.661458,-1.969362,1.730211,95.92545
281.3067: 1.600509,-2.004827,1.71791,103.4478
281.5289: 1.541911,-2.042089,1.71324,108.2239
281.7511: 1.504489,-2.055144,1.714429,109.6676
281.9733: 1.505497,-2.036771,1.717412,104.9142
282.1956: 1.518334,-2.016087,1.711388,96.69726
282.4178: 1.536264,-1.975317,1.712776,73.71371
282.64: 1.558424,-1.91173,1.698443,50.05411
282.8622: 1.598551,-1.823844,1.6922,32.96712
283.0844: 1.660944,-1.741716,1.698693,18.07464
283.3067: 1.765463,-1.658988,1.685979,7.012077
283.5289: 1.913238,-1.56042,1.697101,4.218512
283.7511: 2.068036,-1.409402,1.699577,8.378017
283.9733: 2.160295,-1.27181,1.679049,9.572701
284.1956: 2.24697,-1.103546,1.702222,7.61011
284.4178: 2.339112,-0.9494576,1.707485,4.615158
284.64: 2.444041,-0.8073679,1.684484,359.8647
284.8622: 2.566796,-0.6393991,1.705885,354.0213
285.0844: 2.645461,-0.4475886,1.711472,347.1551
285.3067: 2.665746,-0.2470311,1.689526,342.9698
285.5289: 2.666642,-0.03662675,1.713398,336.4068
285.7511: 2.666782,0.1477698,1.703093,326.1569
285.9733: 2.668513,0.362996,1.689353,306.5515
286.1956: 2.616907,0.5155585,1.70714,289.4389
286.4178: 2.506992,0.628042,1.6768,278.3154
286.64: 2.357049,0.7058448,1.688593,272.1308
286.8622: 2.185581,0.7790238,1.69496,265.7592
287.0844: 1.986416,0.8569574,1.668813,266.7797
287.3067: 1.757248,0.9373147,1.670907,268.2938
287.5289: 1.513269,0.9644798,1.667805,268.838
287.7511: 1.324761,0.94104,1.634048,267.8368
287.9733: 1.047624,0.9124269,1.656791,258.976
288.1956: 0.8016241,0.9223827,1.618535,256.9624
288.4178: 0.5370569,0.9775025,1.617267,265.6163
288.64: 0.3193097,1.002227,1.618972,273.9183
288.8622: 0.07751489,0.9972786,1.593778,276.8156
289.0844: -0.1685244,0.9957697,1.618036,281.5669
289.3067: -0.4020159,1.013513,1.594491,281.5966
289.5289: -0.6352723,1.061154,1.581748,280.3645
289.7511: -0.8633754,1.084123,1.59075,278.7345
289.9733: -1.119289,1.072515,1.554963,271.9767
290.1956: -1.366038,1.030646,1.577624,255.6865
290.4178: -1.602496,1.000326,1.563924,240.306
290.64: -1.817859,0.9887438,1.532288,229.9848
290.8622: -2.063365,0.9407778,1.554039,211.0652
291.0844: -2.253941,0.8405224,1.53021,193.3629
291.3067: -2.412114,0.6929075,1.532425,175.2566
291.5289: -2.550945,0.5487026,1.546524,158.004
291.7511: -2.691866,0.3978081,1.517656,144.7419
291.9733: -2.848783,0.1667447,1.54155,157.2816
292.1956: -2.914433,-0.03496072,1.531751,182.3652
292.4178: -2.906877,-0.2752168,1.539767,192.2562
292.64: -2.895527,-0.4836777,1.557662,188.9855
292.8622: -2.894999,-0.712732,1.536026,179.6085
293.0844: -2.912672,-0.9466712,1.539339,162.1633
293.3067: -2.912442,-1.172252,1.556639,153.9287
293.5289: -2.894965,-1.398468,1.533573,151.6542
293.7511: -2.876441,-1.631501,1.565618,150.4376
293.9733: -2.888633,-1.901485,1.548653,145.2813
294.1956: -2.915019,-2.118524,1.545883,133.3627
294.4178: -2.888113,-2.32186,1.575578,114.8749
294.64: -2.812054,-2.49192,1.554369,100.9
294.8622: -2.705519,-2.643334,1.568907,92.29413
295.0844: -2.592105,-2.798697,1.580304,81.23494
295.3067: -2.483434,-2.958782,1.556857,71.537
295.5289: -2.382882,-3.103203,1.589831,69.7181
295.7511: -2.324522,-3.157323,1.599989,60.84102
295.9733: -2.263271,-3.181916,1.598154,54.89882
296.1956: -2.141103,-3.191031,1.592658,58.04487
296.4178: -1.968776,-3.172709,1.578085,69.15881
296.64: -1.776459,-3.140158,1.610327,79.23092
296.8622: -1.622994,-3.122578,1.611275,79.75521
297.0844: -1.436921,-3.108151,1.592446,72.28458
297.3067: -1.290299,-3.040931,1.618096,42.03814
297.5289: -1.216471,-2.938533,1.610845,14.99508
297.7511: -1.170087,-2.807277,1.610899,8.935253
297.9733: -1.129954,-2.66827,1.625027,7.29739
298.1956: -1.071139,-2.515685,1.61539,5.179684
298.4178: -0.9729176,-2.326768,1.595972,11.56456
298.64: -0.8688382,-2.125763,1.616952,19.05424
298.8622: -0.823398,-1.966343,1.612176,23.50857
299.0844: -0.7941049,-1.762064,1.59124,30.47659
299.3067: -0.745857,-1.558454,1.625299,43.6521
299.5289: -0.6512057,-1.406787,1.624373,57.08149
299.7511: -0.5076022,-1.272853,1.607539,60.86026
299.9733: -0.3547047,-1.14978,1.628363,64.87864
300.1956: -0.2332658,-0.9877692,1.622916,50.53196
300.4178: -0.1918377,-0.8183133,1.621497,26.67778
300.64: -0.1470319,-0.6373528,1.628527,5.941531
300.8622: -0.105662,-0.5047864,1.621165,356.431
301.0844: -0.03401458,-0.3280924,1.602593,345.7928
301.3067: 0.01689395,-0.1394985,1.618951,341.6414
301.5289: 0.04480612,0.05246466,1.604854,352.5271
301.7511: 0.06225036,0.2590771,1.606087,24.21914
301.9733: 0.07746482,0.4512436,1.622167,55.74641
302.1956: 0.09794061,0.6692814,1.595498,67.84105
302.4178: 0.1001673,0.9186066,1.598375,39.23913
302.64: 0.05228886,1.145783,1.602921,13.91233
302.8622: 0.002304448,1.321203,1.576097,5.314285
303.0844: -0.05072785,1.522724,1.597099,2.523328
303.3067: -0.06979802,1.723005,1.589889,1.491115
303.5289: -0.04080597,1.94748,1.559855,359.7472
303.7511: 0.005384993,2.150577,1.589033,11.63766
303.9733: 0.05041597,2.306596,1.586889,32.42854
304.1956: 0.08139943,2.475823,1.580242,55.2104
304.4178: 0.1126198,2.616948,1.598979,73.72224
304.64: 0.167879,2.717019,1.594305,86.49191
304.8622: 0.256237,2.790528,1.58549,93.0771
305.0844: 0.3851333,2.86057,1.594068,98.04746
305.3067: 0.5179624,2.923226,1.601842,100.7503
305.5289: 0.658496,2.966047,1.595598,105.1758
305.7511: 0.7962744,2.997728,1.608541,110.4019
305.9733: 0.931363,2.991847,1.622509,114.822
306.1956: 1.082814,2.943974,1.609398,116.2132
Trial Result: Success object: Piano | Time Spent: 26.49161
Trial No.:20 Ends
Trial No.:16 Begins
User confirmed on object: Wheelbarrow, this maze officially starts.
322.0956: 0.2864361,0.03242004,1.523852,263.7423
322.3178: 0.2762162,0.01875942,1.523733,262.4919
322.54: 0.2985797,0.005948909,1.5245,262.1738
322.7622: 0.3258194,0.01363463,1.534652,270.7976
322.9845: 0.3496345,0.03421135,1.532311,285.0898
323.2067: 0.3530431,0.04044943,1.529244,287.6151
323.4289: 0.3348904,0.03111117,1.530402,279.9117
323.6511: 0.2887029,-0.03315272,1.522748,256.1914
323.8734: 0.2528561,-0.1610506,1.49415,238.3396
324.0956: 0.2169875,-0.3437641,1.479808,234.4533
324.3178: 0.1419013,-0.5086877,1.491653,237.9944
324.54: -0.02214019,-0.633691,1.467257,250.4109
324.7622: -0.2249445,-0.7164572,1.482823,255.6266
324.9845: -0.4054247,-0.8188369,1.490709,255.5326
325.2067: -0.5485784,-0.9295648,1.468556,243.925
325.4289: -0.6408393,-1.035681,1.489129,217.2902
325.6511: -0.7353296,-1.130128,1.485861,191.8047
325.8734: -0.8143803,-1.2094,1.478724,176.3977
326.0956: -0.8585931,-1.323945,1.46963,171.7018
326.3178: -0.8632551,-1.504272,1.45812,173.6938
326.54: -0.8439933,-1.741581,1.489506,177.3497
326.7622: -0.8607521,-1.967029,1.478649,179.1504
326.9845: -0.9406534,-2.193391,1.466908,194.7887
327.2067: -1.018022,-2.404456,1.481464,222.3838
327.4289: -1.085717,-2.567257,1.460744,248.7997
327.6511: -1.162542,-2.763111,1.463511,276.4749
327.8734: -1.285541,-2.913696,1.479944,298.3914
328.0956: -1.470437,-3.000169,1.457545,303.3765
328.3178: -1.704817,-3.035535,1.470637,306.6879
328.54: -1.935351,-3.036713,1.467105,308.5646
328.7622: -2.186471,-3.00424,1.468683,312.796
328.9845: -2.367109,-2.905318,1.485714,315.5069
329.2067: -2.490119,-2.760521,1.458799,313.5571
329.4289: -2.589007,-2.630532,1.489355,310.2585
329.6511: -2.674272,-2.541093,1.494798,307.9193
Trial Result: Success object: Plant | Time Spent: 7.962133
Trial No.:16 Ends
Trial No.:22 Begins
User confirmed on object: Mailbox, this maze officially starts.
343.6733: -1.731609,-3.143781,1.516657,350.057
343.8956: -1.721468,-3.155837,1.525303,350.4184
344.1178: -1.701,-3.165924,1.529882,356.7265
344.34: -1.684352,-3.166398,1.529763,2.380845
344.5622: -1.681256,-3.153475,1.528048,1.534363
344.7845: -1.670277,-3.137132,1.526025,8.878978
345.0067: -1.651462,-3.121351,1.517526,30.03129
345.2289: -1.65733,-3.124275,1.501692,66.67914
345.4511: -1.664575,-3.14096,1.50226,95.80515
345.6733: -1.647931,-3.160259,1.496356,109.2548
345.8956: -1.590012,-3.169791,1.490764,101.0562
346.1178: -1.512418,-3.172298,1.485717,79.03316
346.34: -1.408375,-3.168142,1.483278,67.52235
346.5622: -1.293783,-3.136785,1.473313,61.67711
346.7845: -1.180972,-3.088472,1.488703,39.94452
347.0067: -1.039051,-3.076661,1.486258,10.86509
347.2289: -0.845161,-3.127532,1.476239,9.158949
347.4511: -0.5750054,-3.180799,1.488799,49.09573
347.6733: -0.3701798,-3.215822,1.470864,70.07098
347.8956: -0.1426826,-3.223484,1.477154,83.00086
348.1178: 0.08066627,-3.239987,1.48396,87.43326
348.34: 0.3140442,-3.27275,1.462986,84.75382
348.5622: 0.5476674,-3.276932,1.487805,74.47613
348.7845: 0.755083,-3.23286,1.469751,65.62735
349.0067: 0.9801627,-3.139235,1.483815,58.33557
349.2289: 1.173266,-3.073152,1.488882,51.92623
349.4511: 1.376859,-3.010204,1.454783,40.8103
349.6733: 1.532687,-2.925476,1.47528,22.49809
349.8956: 1.639082,-2.804824,1.47139,6.865887
350.1178: 1.707903,-2.638359,1.464753,1.679092
350.34: 1.770171,-2.446395,1.486192,3.637244
350.5622: 1.844505,-2.247284,1.475011,8.282351
350.7845: 1.945533,-2.039704,1.471985,12.25766
351.0067: 2.032765,-1.791432,1.487413,21.46834
351.2289: 2.080648,-1.573148,1.454365,25.60082
351.4511: 2.13292,-1.343594,1.489954,28.75693
351.6733: 2.224595,-1.164419,1.489128,26.50959
351.8956: 2.34267,-1.014224,1.467445,23.45931
352.1178: 2.486827,-0.8246524,1.492788,16.33861
352.34: 2.575176,-0.6223253,1.489504,4.613255
352.5622: 2.614103,-0.4053918,1.476048,355.5394
352.7845: 2.648006,-0.1890027,1.498672,348.8643
353.0067: 2.688141,0.05376494,1.474294,336.5457
353.2289: 2.727926,0.2675789,1.478425,315.2041
353.4511: 2.715746,0.4386792,1.49583,295.0048
353.6733: 2.674315,0.573446,1.478031,275.7997
353.8956: 2.625642,0.6999875,1.490145,265.6543
354.1178: 2.571031,0.8407266,1.499972,256.6864
354.34: 2.509035,0.977144,1.489556,243.3733
354.5622: 2.425345,1.054514,1.504947,230.3728
354.7845: 2.342792,1.07059,1.488882,222.5919
355.0067: 2.255144,1.047935,1.491246,218.473
355.2289: 2.177505,1.028614,1.510799,214.2896
Trial Result: Success object: Bookshelf | Time Spent: 11.83597
Trial No.:22 Ends
Trial No.:13 Begins
User confirmed on object: Telescope, this maze officially starts.
369.7622: -2.890038,0.00928589,1.517312,88.1777
369.9845: -2.889901,0.006354216,1.516912,90.82513
370.2067: -2.929762,0.01508883,1.514784,95.58414
370.4289: -2.997641,0.03803576,1.512464,101.4966
370.6511: -3.058063,0.05628998,1.515309,105.9595
370.8734: -3.090426,0.05662568,1.51271,103.0119
371.0956: -3.096712,0.04398394,1.516493,98.6237
371.3178: -3.099092,-0.01637714,1.513619,132.5044
371.54: -3.10631,-0.08268208,1.500592,174.6682
371.7622: -3.094998,-0.1544046,1.488022,184.138
371.9845: -3.060216,-0.2484659,1.479939,172.6113
372.2067: -2.98555,-0.3054175,1.486458,150.6002
372.4289: -2.858861,-0.3553975,1.471418,124.9812
372.6511: -2.723729,-0.4067399,1.476366,112.6029
372.8734: -2.634651,-0.5021644,1.494905,121.6852
373.0956: -2.636124,-0.668968,1.48129,167.4959
373.3178: -2.683319,-0.8537452,1.472184,196.7777
373.54: -2.70771,-1.089055,1.488934,199.3751
373.7622: -2.704233,-1.312931,1.471089,187.186
373.9845: -2.672915,-1.547485,1.473837,169.1173
374.2067: -2.676151,-1.747029,1.491954,157.6879
374.4289: -2.710143,-1.987574,1.457728,146.3188
374.6511: -2.748176,-2.22954,1.482282,127.5097
374.8734: -2.722905,-2.427917,1.491936,108.9696
375.0956: -2.649609,-2.588732,1.467464,94.21992
375.3178: -2.564984,-2.742578,1.484226,80.3306
375.54: -2.46764,-2.928236,1.470548,66.58467
375.7622: -2.376662,-3.08672,1.479472,61.01358
375.9845: -2.242049,-3.182714,1.480213,63.13774
376.2067: -2.090507,-3.217617,1.461533,66.10358
376.4289: -1.878499,-3.206508,1.478722,67.59039
376.6511: -1.680751,-3.172173,1.488336,57.07527
376.8734: -1.479445,-3.12802,1.461611,42.36704
377.0956: -1.284202,-3.062065,1.481519,26.2671
377.3178: -1.143077,-2.950979,1.480685,15.21288
377.54: -1.03446,-2.750242,1.475668,9.572629
377.7622: -0.9649563,-2.563583,1.491693,4.108735
377.9845: -0.8988688,-2.364702,1.466195,3.8248
378.2067: -0.8256019,-2.168034,1.475345,9.349461
378.4289: -0.7776186,-1.957945,1.483292,16.81873
378.6511: -0.7522804,-1.735873,1.457903,26.97491
378.8734: -0.7248923,-1.516205,1.481293,46.36805
379.0956: -0.643185,-1.36859,1.4899,69.58923
379.3178: -0.5187823,-1.257465,1.468236,79.31169
379.54: -0.359904,-1.140744,1.48813,82.22206
379.7622: -0.2522688,-0.9835563,1.492385,58.2865
379.9845: -0.2119935,-0.7843211,1.4723,13.54935
380.2067: -0.1872499,-0.6179824,1.48376,347.3696
380.4289: -0.158105,-0.4641004,1.485476,335.9315
380.6511: -0.09622679,-0.2748724,1.462069,331.4933
380.8734: -0.05002344,-0.05974592,1.48381,333.8657
381.0956: -0.05770952,0.1510177,1.476384,338.3989
381.3178: -0.1205327,0.3491428,1.471221,332.4301
381.54: -0.1917823,0.5329092,1.492537,306.3243
381.7622: -0.2165166,0.6695162,1.484921,278.7954
381.9845: -0.1960878,0.7992663,1.486455,257.0724
382.2067: -0.198848,0.9339906,1.495427,271.139
382.4289: -0.1900838,1.064886,1.49756,322.9946
382.6511: -0.1470361,1.145771,1.491921,30.67654
382.8734: -0.1419736,1.166611,1.495606,73.87968
383.0956: -0.1400121,1.193073,1.498028,94.80379
383.3178: -0.1117388,1.253238,1.497796,100.2575
383.54: -0.04821054,1.358735,1.485785,88.24229
383.7622: -0.01392107,1.513606,1.484929,39.89948
383.9845: -0.02795693,1.643623,1.479095,12.0731
384.2067: -0.05424084,1.786976,1.455833,3.311452
384.4289: -0.07934246,1.923556,1.480392,4.979799
384.6511: -0.06895698,2.070189,1.487043,13.01116
384.8734: -0.009072049,2.213068,1.468902,28.05279
385.0956: 0.08973396,2.360645,1.472579,47.77021
385.3178: 0.1550393,2.493319,1.486765,59.99064
385.54: 0.2019013,2.611076,1.482232,70.69652
385.7622: 0.2462168,2.747932,1.492186,88.83753
385.9845: 0.2851965,2.816571,1.50075,94.96059
386.2067: 0.3081199,2.883627,1.503064,69.11911
386.4289: 0.2674492,2.922105,1.495154,13.09451
386.6511: 0.1890496,2.881007,1.48028,309.8094
386.8734: 0.1089,2.835216,1.469726,270.5553
387.0956: -0.007351801,2.840265,1.476121,260.7303
387.3178: -0.1448832,2.87474,1.484614,258.8387
387.54: -0.3241545,2.946089,1.465098,262.9496
387.7622: -0.5422629,3.015741,1.475401,265.3177
387.9845: -0.7368668,3.013349,1.468614,260.2032
388.2067: -0.9501064,2.96319,1.459942,253.9595
388.4289: -1.133148,2.925975,1.47857,253.5672
388.6511: -1.336007,2.895584,1.471367,253.8816
388.8734: -1.516288,2.846702,1.464917,236.2422
389.0956: -1.646332,2.751818,1.475116,210.6205
389.3178: -1.7403,2.623801,1.453866,194.7878
389.54: -1.820343,2.459042,1.468316,188.3776
389.7622: -1.924474,2.264855,1.479007,188.2006
389.9845: -2.019036,2.120707,1.459324,191.3379
390.2067: -2.096444,1.978525,1.482772,199.4283
390.4289: -2.148238,1.827568,1.478141,209.634
390.6511: -2.183193,1.636547,1.468759,220.7746
390.8734: -2.221923,1.467473,1.486605,212.0426
391.0956: -2.285542,1.324992,1.47798,188.623
391.3178: -2.394322,1.224513,1.460682,175.989
391.54: -2.544286,1.098984,1.480689,165.4501
391.7622: -2.652617,0.9433738,1.48407,157.0995
391.9845: -2.677844,0.8236462,1.466024,149.7372
392.2067: -2.667292,0.7331662,1.489378,124.5683
392.4289: -2.676346,0.7166987,1.48845,96.1321
392.6511: -2.711669,0.6887202,1.48638,78.60272
392.8734: -2.698054,0.6670654,1.485039,70.46175
393.0956: -2.608192,0.6994553,1.471971,68.24227
393.3178: -2.466312,0.8035131,1.47001,65.15852
393.54: -2.311135,0.8739494,1.481403,64.01846
393.7622: -2.149476,0.914977,1.470379,49.08373
393.9845: -2.027321,0.9501821,1.48037,33.29852
394.2067: -1.887307,1.006385,1.478313,38.81789
394.4289: -1.719546,1.06637,1.46938,69.76504
394.6511: -1.577465,1.07939,1.480316,92.28492
394.8734: -1.391521,1.057401,1.464766,101.67
395.0956: -1.18813,0.9985027,1.472942,99.1086
395.3178: -0.9859792,0.9842494,1.493241,84.15104
395.54: -0.7986068,1.023608,1.472918,63.95078
395.7622: -0.614478,1.07349,1.484709,55.63755
395.9845: -0.3943458,1.03786,1.497483,95.73759
396.2067: -0.2486431,0.9587555,1.469842,138.79
396.4289: -0.1023221,0.8968773,1.47579,165.0355
396.6511: 0.06235249,0.8983195,1.489509,152.841
396.8734: 0.2715571,0.9643797,1.474673,119.8522
397.0956: 0.4598336,1.050586,1.488967,109.9413
397.3178: 0.6230017,1.110707,1.49675,97.52515
397.54: 0.7759774,1.139965,1.482135,80.70878
397.7622: 0.9681008,1.105683,1.4731,78.50426
397.9845: 1.202777,1.053358,1.495593,81.83708
398.2067: 1.392182,1.037406,1.484732,86.04967
398.4289: 1.595321,1.03476,1.476993,98.78873
398.6511: 1.750367,1.008573,1.490773,124.1071
398.8734: 1.912723,0.9617746,1.475513,146.7702
399.0956: 2.086713,0.8716262,1.4698,153.351
399.3178: 2.254532,0.7732725,1.487729,161.261
399.54: 2.399591,0.6758807,1.484995,171.0023
Trial Result: Fail at object:  | Time Spent: 30
Trial No.:13 Ends
Trial No.:6 Begins
User confirmed on object: Table, this maze officially starts.
412.3734: -2.124117,2.098081,1.512858,97.10445
412.5956: -2.130758,2.092379,1.513978,101.3254
412.8178: -2.13947,2.083809,1.514808,109.2451
413.04: -2.143152,2.080414,1.515057,111.832
413.2622: -2.137649,2.093165,1.514973,101.2234
413.4845: -2.121333,2.116928,1.508633,82.16633
413.7067: -2.097265,2.15456,1.493294,63.23508
413.9289: -2.061486,2.209608,1.481282,53.11833
414.1511: -2.002555,2.3451,1.466293,56.46455
414.3734: -1.929474,2.505997,1.475512,64.5703
414.5956: -1.839429,2.615471,1.480817,72.53919
414.8178: -1.701848,2.708852,1.451377,84.24062
415.04: -1.540162,2.795718,1.469918,91.52086
415.2622: -1.37904,2.910274,1.478679,94.08301
415.4845: -1.24158,3.033788,1.455384,92.15321
415.7067: -1.124471,3.137315,1.463325,86.55894
415.9289: -1.024119,3.180515,1.466406,87.39613
416.1511: -0.9303845,3.157468,1.466737,97.39956
416.3734: -0.8614016,3.103446,1.47915,118.2983
416.5956: -0.8520831,3.04164,1.493231,174.6976
416.8178: -0.879903,3.049212,1.495193,232.0885
417.04: -0.9289598,3.053933,1.490449,259.947
417.2622: -1.051423,3.03032,1.469994,261.2627
417.4845: -1.207968,2.984846,1.474884,252.9711
417.7067: -1.331598,2.88556,1.470764,230.5905
417.9289: -1.455107,2.733673,1.45511,209.5835
418.1511: -1.582846,2.563627,1.47492,200.9199
418.3734: -1.756035,2.357309,1.4499,198.5635
418.5956: -1.910252,2.161195,1.471431,193.9345
418.8178: -2.000471,1.943286,1.459456,189.9585
419.04: -2.050413,1.744341,1.446427,189.4874
419.2622: -2.134132,1.489373,1.470481,192.4305
419.4845: -2.259213,1.25316,1.443604,190.3598
419.7067: -2.421134,1.003941,1.453578,183.7544
419.9289: -2.52533,0.7501593,1.464526,179.8824
420.1511: -2.587882,0.4823666,1.448749,177.8653
420.3734: -2.647408,0.1676769,1.475131,174.8364
420.5956: -2.714996,-0.1017311,1.44175,174.7843
420.8178: -2.784543,-0.3816105,1.46609,176.6053
421.04: -2.795957,-0.6109617,1.462939,175.3672
421.2622: -2.770164,-0.8758548,1.457106,171.5595
421.4845: -2.748632,-1.144517,1.480011,168.7091
421.7067: -2.748232,-1.409779,1.45146,163.3752
421.9289: -2.753787,-1.688151,1.466035,154.9755
422.1511: -2.715998,-1.939479,1.469347,147.9763
422.3734: -2.622545,-2.209083,1.468586,141.9916
422.5956: -2.529544,-2.430151,1.481551,130.3006
422.8178: -2.421183,-2.643661,1.451536,110.0146
423.04: -2.305131,-2.812218,1.464523,89.0229
423.2622: -2.163265,-2.925069,1.476771,73.14081
423.4845: -1.990936,-2.986961,1.467893,67.16726
423.7067: -1.758083,-3.047297,1.488034,72.91344
423.9289: -1.53142,-3.091757,1.467021,74.69423
424.1511: -1.276207,-3.14807,1.463348,72.48149
424.3734: -0.9645652,-3.164248,1.47784,70.53188
424.5956: -0.7389013,-3.133952,1.452511,70.60733
424.8178: -0.5077161,-3.09667,1.4847,69.26924
425.04: -0.3133947,-3.080246,1.473953,65.28446
425.2622: -0.1136384,-3.089343,1.462662,58.00306
425.4845: 0.08355371,-3.081925,1.48937,52.04192
425.7067: 0.234931,-3.056765,1.478575,45.98862
425.9289: 0.3581581,-3.015785,1.48712,41.08968
Trial Result: Success object: Chair | Time Spent: 13.82856
Trial No.:6 Ends
Trial No.:12 Begins
User confirmed on object: Trashcan, this maze officially starts.
436.0067: 2.443533,0.9623613,1.532894,81.9464
436.2289: 2.452239,0.9603387,1.534102,84.93944
436.4511: 2.451277,0.9483697,1.534547,95.59535
436.6733: 2.4466,0.9477351,1.532263,95.86682
436.8956: 2.441669,0.9580113,1.531324,89.27133
437.1178: 2.448863,0.9620495,1.531927,86.3383
437.34: 2.481343,0.9330144,1.538564,105.9221
437.5622: 2.496884,0.8500365,1.530443,143.8158
437.7845: 2.47022,0.7615356,1.504054,175.7167
438.0067: 2.461726,0.7057924,1.504559,200.8092
438.2289: 2.476691,0.6729378,1.510052,229.3454
438.4511: 2.517678,0.6573889,1.505955,263.51
438.6733: 2.539477,0.6630191,1.50685,283.8658
438.8956: 2.533546,0.6963627,1.502756,287.232
439.1178: 2.487246,0.754319,1.490168,280.8646
439.34: 2.403585,0.8021085,1.48749,274.4194
439.5622: 2.268074,0.8417042,1.476449,270.9884
439.7845: 2.095222,0.8689226,1.492581,271.9045
440.0067: 1.913659,0.9061447,1.497522,272.8148
440.2289: 1.714474,0.9537141,1.466546,270.836
440.4511: 1.499033,1.013653,1.480647,269.507
440.6733: 1.280561,1.031305,1.484067,269.5467
440.8956: 1.070492,0.994631,1.473665,258.9997
441.1178: 0.8897772,0.9647108,1.495834,244.921
441.34: 0.7352363,0.9556705,1.479786,237.7068
441.5622: 0.5538315,0.9561419,1.471845,221.9477
441.7845: 0.3967913,0.9360441,1.487874,201.6817
442.0067: 0.2524309,0.9068438,1.478649,201.3905
442.2289: 0.07054513,0.8931351,1.475169,250.4732
442.4511: -0.04971628,0.9208218,1.490939,306.6304
442.6733: -0.1304599,0.962293,1.484352,358.226
442.8956: -0.2583058,1.013183,1.463409,7.909363
443.1178: -0.4562359,1.058911,1.486346,334.2633
443.34: -0.6460309,1.048835,1.481051,304.4717
443.5622: -0.8329028,1.021608,1.458288,293.3163
443.7845: -1.026491,0.9941699,1.477317,292.6834
444.0067: -1.18431,1.004543,1.474262,298.6475
444.2289: -1.331698,1.063109,1.455726,308.8511
444.4511: -1.46301,1.133973,1.469008,328.7151
444.6733: -1.583211,1.174943,1.475014,350.5874
444.8956: -1.712449,1.183819,1.473481,7.946537
445.1178: -1.802722,1.215461,1.481957,21.5072
445.34: -1.863916,1.276718,1.474331,32.51755
445.5622: -1.886554,1.358328,1.46278,37.55923
445.7845: -1.892242,1.468909,1.469452,42.8387
Trial Result: Success object: Table | Time Spent: 10.04038
Trial No.:12 Ends
Trial No.:24 Begins
User confirmed on object: Chair, this maze officially starts.
456.8734: 0.8703839,-3.320445,1.523905,350.5257
457.0956: 0.8658091,-3.315414,1.522814,355.2175
457.3178: 0.8659035,-3.311182,1.522999,356.6402
457.54: 0.8615799,-3.310878,1.523943,354.7399
457.7622: 0.8513539,-3.308839,1.521479,348.278
457.9845: 0.8401878,-3.30986,1.519957,344.5932
458.2067: 0.8293007,-3.312837,1.522059,338.8687
458.4289: 0.7949042,-3.31118,1.518044,306.9789
458.6511: 0.730755,-3.330509,1.501281,289.0187
458.8734: 0.6247829,-3.361778,1.492481,279.9552
459.0956: 0.5072861,-3.365625,1.495763,270.9707
459.3178: 0.3822995,-3.325506,1.488727,268.7393
459.54: 0.2611601,-3.253313,1.488102,270.9553
459.7622: 0.1168553,-3.179712,1.499429,275.3307
459.9845: -0.01200096,-3.138303,1.496414,279.832
460.2067: -0.1678245,-3.121266,1.479574,285.4036
460.4289: -0.3737805,-3.140943,1.510317,286.1669
460.6511: -0.5575233,-3.160331,1.503791,282.2829
460.8734: -0.7917362,-3.161251,1.481961,275.0876
461.0956: -1.082287,-3.11606,1.479622,272.3881
461.3178: -1.311314,-3.089132,1.484708,278.5707
461.54: -1.547037,-3.074693,1.461997,288.1656
461.7622: -1.743991,-3.044339,1.485655,304.9328
461.9845: -1.944382,-2.963644,1.470251,317.2675
462.2067: -2.125911,-2.824374,1.46986,325.5665
462.4289: -2.293102,-2.696603,1.470226,336.87
462.6511: -2.457825,-2.553152,1.44971,349.0133
462.8734: -2.613342,-2.389029,1.461973,8.144118
463.0956: -2.705227,-2.171459,1.46304,22.07202
463.3178: -2.720227,-1.954201,1.459357,22.8529
463.54: -2.722103,-1.742001,1.481756,37.77005
463.7622: -2.733713,-1.553663,1.456745,52.11137
463.9845: -2.780784,-1.334219,1.462751,49.6805
464.2067: -2.83597,-1.08462,1.483596,29.61574
464.4289: -2.865054,-0.8429456,1.454846,13.78057
464.6511: -2.852934,-0.5994766,1.466337,7.904978
464.8734: -2.856009,-0.3726609,1.471478,11.55841
465.0956: -2.875509,-0.09919907,1.45736,26.61653
465.3178: -2.864055,0.1039706,1.484317,41.37607
465.54: -2.813585,0.299608,1.459481,47.46867
465.7622: -2.709691,0.4955525,1.464183,51.31466
465.9845: -2.629973,0.6415486,1.475155,61.98882
466.2067: -2.538682,0.8081198,1.459632,73.46615
466.4289: -2.455757,0.9440225,1.471155,88.45969
466.6511: -2.359786,1.06019,1.472695,93.55537
466.8734: -2.233256,1.182243,1.456617,81.8955
467.0956: -2.109721,1.352338,1.464772,39.03858
467.3178: -2.047229,1.530793,1.462824,9.576317
467.54: -1.999153,1.696731,1.437584,16.50966
467.7622: -1.953738,1.908152,1.469186,36.52212
467.9845: -1.900479,2.082919,1.474545,48.34991
468.2067: -1.813861,2.27594,1.451525,56.64955
468.4289: -1.713659,2.468053,1.463535,61.35073
468.6511: -1.617806,2.628087,1.468984,70.11341
468.8734: -1.517827,2.754942,1.456907,86.19613
469.0956: -1.392277,2.829772,1.47352,98.69818
469.3178: -1.204088,2.863356,1.450125,103.0597
469.54: -0.9799035,2.855151,1.467863,94.87749
469.7622: -0.7669211,2.858281,1.475715,90.79284
469.9845: -0.5700879,2.869969,1.452135,89.74755
470.2067: -0.3502989,2.894153,1.480995,90.479
470.4289: -0.1060688,2.89688,1.479082,91.23213
470.6511: 0.1369329,2.864717,1.460091,89.44454
470.8734: 0.3774761,2.85548,1.481699,81.49654
471.0956: 0.605158,2.870384,1.4606,77.5951
471.3178: 0.8668692,2.897544,1.475135,79.99124
471.54: 1.089334,2.885966,1.485889,85.84138
471.7622: 1.30571,2.838049,1.462217,90.33168
471.9845: 1.49016,2.813566,1.484705,93.84081
472.2067: 1.712382,2.820816,1.475203,101.2062
472.4289: 1.944067,2.847244,1.462897,115.0346
472.6511: 2.167534,2.828254,1.492574,136.102
472.8734: 2.339802,2.741257,1.482106,153.0736
473.0956: 2.482126,2.590499,1.477451,156.9671
473.3178: 2.629614,2.416598,1.49107,156.4116
473.54: 2.750002,2.258053,1.469314,157.7309
473.7622: 2.849416,2.105773,1.48781,161.6755
473.9845: 2.886337,1.967919,1.497612,161.6527
474.2067: 2.877871,1.798378,1.480644,155.0121
474.4289: 2.838083,1.616305,1.50041,142.4928
Trial Result: Success object: Trashcan | Time Spent: 17.81518
Trial No.:24 Ends
Trial No.:1 Begins
User confirmed on object: Stove, this maze officially starts.
488.2289: -2.406009,3.067256,1.505133,254.8237
488.4511: -2.412888,3.067701,1.503551,258.187
488.6733: -2.414511,3.082352,1.503581,271.5534
488.8956: -2.411852,3.090548,1.502897,281.9437
489.1178: -2.42244,3.09205,1.502102,284.3296
489.34: -2.434173,3.111873,1.500998,300.8229
489.5622: -2.430066,3.136698,1.486347,348.7477
489.7845: -2.428947,3.09099,1.458532,31.11301
490.0067: -2.432984,3.02847,1.465821,64.05167
490.2289: -2.404556,2.980395,1.476457,84.28617
490.4511: -2.34592,2.940777,1.470326,97.53696
490.6733: -2.246887,2.897687,1.463026,102.5186
490.8956: -2.132545,2.87612,1.466359,111.0496
491.1178: -1.983466,2.903589,1.452936,116.0028
491.34: -1.795436,2.974615,1.474714,111.7774
491.5622: -1.546579,3.031101,1.472764,104.4199
491.7845: -1.336125,3.037613,1.448839,98.29301
492.0067: -1.118883,3.050632,1.472916,90.57007
492.2289: -0.9265462,3.075206,1.468696,91.33508
492.4511: -0.7549039,3.096905,1.464443,105.1218
492.6733: -0.5800794,3.097196,1.486588,122.3561
492.8956: -0.4058336,3.060419,1.464726,146.0001
493.1178: -0.1987077,3.012486,1.471887,151.2548
493.34: 0.06343044,3.030695,1.482685,116.9803
493.5622: 0.2768265,3.075873,1.457486,93.31392
493.7845: 0.533572,3.110083,1.489631,87.32995
494.0067: 0.7441941,3.093132,1.480124,87.04855
494.2289: 0.9453542,3.039191,1.459922,87.66249
494.4511: 1.146522,2.987896,1.489653,90.92479
494.6733: 1.373355,2.962477,1.474926,96.5155
494.8956: 1.611308,2.969199,1.469868,107.8475
495.1178: 1.825387,2.954614,1.498231,123.8761
495.34: 2.02007,2.904143,1.481178,137.2422
495.5622: 2.203667,2.800174,1.485454,145.9173
495.7845: 2.40014,2.668873,1.495199,157.9842
496.0067: 2.553835,2.542009,1.470766,173.4587
496.2289: 2.684056,2.401999,1.497079,191.882
496.4511: 2.745707,2.274725,1.493805,201.7724
496.6733: 2.77119,2.079651,1.473266,207.9494
496.8956: 2.777727,1.872889,1.494444,213.944
497.1178: 2.798863,1.668609,1.482201,217.1616
497.34: 2.833096,1.461187,1.482903,227.1808
497.5622: 2.846003,1.258329,1.501833,241.951
497.7845: 2.827343,1.017366,1.46972,247.2159
498.0067: 2.818318,0.7399075,1.48049,210.1306
498.2289: 2.835563,0.5315205,1.491329,190.9531
498.4511: 2.843577,0.3354172,1.468605,188.9805
498.6733: 2.831853,0.1057307,1.489495,203.3173
498.8956: 2.771522,-0.1037861,1.482623,215.6621
499.1178: 2.66247,-0.3081314,1.470482,222.5888
499.34: 2.563478,-0.4925539,1.490735,234.4295
499.5622: 2.471798,-0.668469,1.476296,243.5039
499.7845: 2.38224,-0.8927735,1.488853,232.8986
500.0067: 2.300176,-1.053617,1.490526,212.9853
500.2289: 2.18446,-1.218086,1.46347,192.3121
500.4511: 2.073483,-1.377075,1.47763,170.6028
500.6733: 2.021878,-1.513072,1.49647,149.4068
500.8956: 1.993401,-1.623159,1.495098,135.7229
Trial Result: Success object: Well | Time Spent: 13.08915
Trial No.:1 Ends
Trial No.:19 Begins
User confirmed on object: Well, this maze officially starts.
512.1178: 1.622017,-2.066752,1.52031,72.25117
512.34: 1.624058,-2.070706,1.518839,75.84967
512.5623: 1.626224,-2.086807,1.518949,89.93313
512.7845: 1.627589,-2.091686,1.517441,93.58958
513.0067: 1.637466,-2.090896,1.516732,92.13409
513.2289: 1.662506,-2.10083,1.52069,96.81635
513.4511: 1.688159,-2.148532,1.509923,135.1425
513.6733: 1.701113,-2.160574,1.499077,184.4864
513.8956: 1.711763,-2.144104,1.498523,224.6554
514.1178: 1.69406,-2.167716,1.490689,247.0831
514.34: 1.670853,-2.242012,1.487159,245.3099
514.5623: 1.660551,-2.364204,1.487331,242.8826
514.7845: 1.648185,-2.516254,1.464932,248.1381
515.0067: 1.60073,-2.66726,1.479035,259.8242
515.2289: 1.499402,-2.77637,1.476583,269.7446
515.4511: 1.334311,-2.839793,1.464483,276.5961
515.6733: 1.128129,-2.896333,1.486103,275.7813
515.8956: 0.9102315,-2.961,1.474077,275.7501
516.1178: 0.6319027,-3.049237,1.476846,280.2987
516.34: 0.4013405,-3.084915,1.49003,283.9059
516.5623: 0.1637104,-3.066937,1.457645,284.9306
516.7845: -0.03751246,-3.03481,1.478013,284.4955
517.0067: -0.2626837,-3.022345,1.477166,282.8146
517.2289: -0.5239383,-3.039376,1.463118,281.7669
517.4511: -0.7871346,-3.0527,1.485757,280.8321
517.6733: -1.034267,-3.031942,1.462334,279.8668
517.8956: -1.296177,-2.974652,1.471023,280.4396
518.1178: -1.576396,-2.943294,1.477653,287.7747
518.34: -1.818996,-2.930744,1.449105,298.4709
518.5623: -2.04692,-2.883038,1.481383,317.9663
518.7845: -2.210382,-2.780535,1.464653,328.7314
519.0067: -2.359895,-2.602636,1.459369,339.9219
519.2289: -2.480126,-2.417849,1.477237,354.3786
519.4511: -2.581516,-2.226039,1.461023,7.80239
519.6733: -2.680717,-2.027226,1.47452,18.45806
519.8956: -2.715338,-1.827055,1.475393,33.2647
520.1178: -2.696585,-1.588683,1.456246,50.90297
520.34: -2.701747,-1.329698,1.480705,47.94427
520.5623: -2.754804,-1.061574,1.451691,24.27807
520.7845: -2.82409,-0.8008516,1.471285,9.42943
521.0067: -2.837917,-0.6005797,1.478821,6.04744
521.2289: -2.805667,-0.3556973,1.448208,9.890189
521.4511: -2.74567,-0.1011568,1.469317,15.63639
521.6733: -2.697649,0.1380468,1.461636,24.49689
521.8956: -2.660954,0.3779961,1.453607,35.66155
522.1178: -2.591575,0.5927458,1.478391,42.21753
522.34: -2.47607,0.778789,1.454473,43.54224
522.5623: -2.324775,0.9581583,1.469489,43.087
522.7845: -2.212641,1.126922,1.47567,44.97933
523.0067: -2.12129,1.293614,1.447646,47.66285
523.2289: -2.040216,1.455307,1.474516,50.11292
523.4511: -1.969165,1.551916,1.490843,49.66902
Trial Result: Success object: Table | Time Spent: 11.58167
Trial No.:19 Ends
Trial No.:2 Begins
User confirmed on object: Stove, this maze officially starts.
535.5623: -2.473512,2.933064,1.506612,274.7014
535.7845: -2.481773,2.933207,1.506114,272.5055
536.0067: -2.48522,2.924465,1.508199,262.3376
536.2289: -2.485292,2.905354,1.500717,222.0033
536.4511: -2.437155,2.906232,1.475177,156.72
536.6733: -2.368212,2.93188,1.46606,122.0931
536.8956: -2.263086,2.924693,1.461829,108.845
537.1178: -2.130222,2.924764,1.467564,100.6539
537.34: -1.974501,2.911439,1.464623,91.77567
537.5623: -1.789769,2.856398,1.438077,88.27997
537.7845: -1.582322,2.808742,1.468827,86.11351
538.0067: -1.376712,2.822041,1.457888,86.84798
538.2289: -1.152922,2.878323,1.462869,90.5492
538.4511: -0.9151129,2.910319,1.484081,93.57967
538.6733: -0.6921622,2.886159,1.444727,94.81208
538.8956: -0.4397208,2.833508,1.473721,93.68843
539.1178: -0.1965898,2.815245,1.478022,91.09945
539.34: 0.02464104,2.831072,1.455941,91.0771
539.5623: 0.3018743,2.862075,1.48215,91.12521
539.7845: 0.5639676,2.876432,1.470181,91.20013
540.0067: 0.8234899,2.858925,1.466475,90.73386
540.2289: 1.082367,2.860683,1.483703,91.95168
540.4511: 1.392368,2.883608,1.460133,96.12005
540.6733: 1.648018,2.88321,1.497271,105.6947
540.8956: 1.879351,2.847041,1.476857,110.6816
541.1178: 2.102701,2.771938,1.486534,120.8273
541.34: 2.263034,2.698775,1.495108,136.6406
541.5623: 2.439144,2.595914,1.471069,155.111
541.7845: 2.580632,2.466524,1.495516,180.4508
542.0067: 2.651021,2.304154,1.48669,199.8186
542.2289: 2.666439,2.092236,1.474819,205.191
542.4511: 2.672324,1.895103,1.487599,212.0249
542.6733: 2.652868,1.66059,1.474764,223.7324
542.8956: 2.582725,1.480739,1.493045,242.5797
543.1178: 2.439485,1.355697,1.481153,254.6322
543.34: 2.263558,1.286237,1.470879,257.7958
543.5623: 2.034724,1.195711,1.484517,259.8082
543.7845: 1.81984,1.105848,1.469157,260.0914
544.0067: 1.585212,1.006344,1.476063,259.104
544.2289: 1.347847,0.953482,1.490556,257.2985
544.4511: 1.099372,0.9464213,1.464301,251.374
544.6733: 0.8103595,0.9351765,1.487054,238.5845
544.8956: 0.60932,0.8708727,1.485188,231.7031
545.1178: 0.4387315,0.7661517,1.469624,229.9015
545.34: 0.3044708,0.67809,1.49496,228.2707
545.5623: 0.1658002,0.5767096,1.485427,223.3293
Trial Result: Success object: Wheelbarrow | Time Spent: 10.33987
Trial No.:2 Ends
Trial No.:18 Begins
User confirmed on object: Harp, this maze officially starts.
554.3511: 1.797338,-1.27591,1.52845,347.4275
554.5734: 1.794366,-1.277883,1.527892,346.6271
554.7956: 1.792812,-1.271047,1.525778,348.4254
555.0178: 1.792678,-1.269688,1.525783,348.7657
555.24: 1.792669,-1.269672,1.525777,348.7624
555.4622: 1.792669,-1.269672,1.525777,348.7624
555.6844: 1.795423,-1.233518,1.48765,348.3903
555.9067: 1.801328,-1.237278,1.500122,349.6382
556.1289: 1.800642,-1.234848,1.501983,347.3356
556.3511: 1.802773,-1.251219,1.532426,345.951
556.5734: 1.809613,-1.260712,1.534031,350.4242
556.7956: 1.812821,-1.265174,1.53333,352.0679
557.0178: 1.813273,-1.274142,1.530866,350.7995
557.24: 1.813456,-1.273782,1.531423,350.6381
557.4622: 1.816162,-1.273214,1.530706,350.7389
557.6844: 1.812165,-1.25893,1.519976,344.4807
557.9067: 1.775584,-1.241269,1.503292,325.971
558.1289: 1.696733,-1.229721,1.485634,313.1981
558.3511: 1.585763,-1.229525,1.488155,299.7452
558.5734: 1.459861,-1.217918,1.490058,283.1844
558.7956: 1.316362,-1.173611,1.480583,275.0035
559.0178: 1.151932,-1.08455,1.477775,274.055
559.24: 0.9729226,-1.024079,1.491827,275.1398
559.4622: 0.7983691,-0.9989198,1.479886,281.1693
559.6844: 0.6124506,-0.9837165,1.489725,301.7607
559.9067: 0.4419832,-0.9482768,1.503982,334.9342
560.1289: 0.2600509,-0.9117723,1.480278,340.4258
560.3511: 0.01451847,-0.8973652,1.482426,297.3958
560.5734: -0.2074971,-0.929296,1.478124,263.6581
560.7956: -0.4519864,-0.9618269,1.458816,255.8996
561.0178: -0.6911108,-0.9669193,1.490016,264.2936
561.24: -0.9410194,-0.9308845,1.463155,272.2393
561.4622: -1.18398,-0.8868444,1.467852,270.4956
561.6844: -1.409061,-0.904948,1.479188,260.6253
561.9067: -1.641657,-0.9559207,1.457741,252.9708
562.1289: -1.883252,-0.9714081,1.490314,273.9183
562.3511: -2.091743,-0.9056382,1.47205,316.1047
562.5734: -2.276906,-0.8081617,1.459398,349.8376
562.7956: -2.477345,-0.721007,1.468855,13.57611
563.0178: -2.660107,-0.6353731,1.448247,27.91752
Trial Result: Success object: Telescope | Time Spent: 9.033962
Trial No.:18 Ends
Trial No.:7 Begins
User confirmed on object: Plant, this maze officially starts.
574.0178: -2.484524,-2.106669,1.507193,272.9944
574.24: -2.484377,-2.111086,1.504663,272.7975
574.4622: -2.47751,-2.115907,1.50938,273.685
574.6844: -2.462344,-2.12108,1.51528,277.2655
574.9067: -2.455905,-2.12547,1.513798,276.8107
575.1289: -2.461074,-2.12345,1.514188,277.0284
575.3511: -2.471977,-2.088643,1.529114,295.272
575.5734: -2.449148,-2.002672,1.509044,335.8172
575.7956: -2.412445,-1.955887,1.496869,11.20136
576.0178: -2.402373,-1.92019,1.491437,44.79299
576.24: -2.45093,-1.854813,1.489184,59.19633
576.4622: -2.560187,-1.723223,1.48068,50.51562
576.6844: -2.677077,-1.572871,1.491883,29.37339
576.9067: -2.727983,-1.441778,1.483018,20.31566
577.1289: -2.735962,-1.255582,1.461952,16.18108
577.3511: -2.735666,-1.028804,1.476396,8.571791
577.5734: -2.770175,-0.7988984,1.463611,4.353642
577.7956: -2.81389,-0.5822427,1.454438,10.84852
578.0178: -2.816299,-0.3622976,1.480001,22.32299
578.24: -2.775112,-0.143137,1.454172,28.69051
578.4622: -2.695265,0.07692398,1.465891,30.9364
578.6844: -2.632133,0.2943479,1.470025,37.91014
578.9067: -2.567041,0.516853,1.448438,46.00715
579.1289: -2.447146,0.7199054,1.48011,66.55931
579.3511: -2.298088,0.8255957,1.456288,79.59922
579.5734: -2.089006,0.8905723,1.460943,82.96732
579.7956: -1.904921,0.9513732,1.470827,83.29288
580.0178: -1.705484,1.016738,1.448526,80.39787
580.24: -1.486031,1.070922,1.463148,84.18123
580.4622: -1.263758,1.082189,1.472009,88.08959
580.6844: -1.036524,1.061294,1.452776,82.69421
580.9067: -0.820753,1.070258,1.477116,65.63143
581.1289: -0.621256,1.149914,1.465445,43.53102
581.3511: -0.472241,1.267452,1.469238,33.99488
581.5734: -0.3472027,1.360079,1.479587,25.37203
581.7956: -0.219178,1.492281,1.44998,15.23146
582.0178: -0.103825,1.637845,1.451578,10.32201
582.24: -0.01867336,1.812811,1.470631,10.41293
582.4622: 0.0242233,2.016326,1.448765,16.24356
582.6844: 0.0479181,2.245903,1.466877,36.03613
582.9067: 0.1097583,2.444557,1.485909,63.60558
583.1289: 0.2142588,2.597828,1.46051,81.12833
583.3511: 0.38313,2.761121,1.473857,94.56654
583.5734: 0.5393294,2.880959,1.481393,101.8449
583.7956: 0.6941796,2.987681,1.46809,107.7183
584.0178: 0.8486316,3.053358,1.491984,105.8702
584.24: 1.026223,3.075271,1.472612,98.11282
584.4622: 1.23335,3.030648,1.461113,88.21519
584.6844: 1.433783,2.965134,1.481138,90.36285
584.9067: 1.617526,2.921317,1.475559,96.3186
585.1289: 1.838647,2.896556,1.459699,111.3424
585.3511: 2.093647,2.847808,1.498697,141.8687
585.5734: 2.261274,2.755194,1.490126,153.8177
585.7956: 2.400977,2.59647,1.482529,154.2241
586.0178: 2.509358,2.457592,1.498764,155.3169
586.24: 2.628168,2.287887,1.478327,156.6651
586.4622: 2.74046,2.118416,1.485891,158.6668
586.6844: 2.802163,1.940914,1.506964,158.1893
586.9067: 2.807967,1.763569,1.482134,152.0662
587.1289: 2.784328,1.587696,1.495053,142.0562
Trial Result: Success object: Trashcan | Time Spent: 13.41225
Trial No.:7 Ends
Trial No.:15 Begins
User confirmed on object: Wheelbarrow, this maze officially starts.
598.24: 0.2548573,-0.003841339,1.526254,267.1985
598.4622: 0.2365327,0.008306608,1.526487,267.1207
598.6844: 0.2473792,-0.0007445365,1.524077,270.1509
598.9067: 0.2665666,-0.02684328,1.520043,272.3186
599.1289: 0.2750551,-0.05306913,1.513443,264.2485
599.3511: 0.2649592,-0.09707892,1.493093,242.1749
599.5734: 0.2514319,-0.1981941,1.476513,228.8553
599.7956: 0.2462245,-0.3398985,1.459267,222.786
600.0178: 0.2084139,-0.4742191,1.481465,225.0952
600.24: 0.1150406,-0.5682533,1.478281,234.0262
600.4622: -0.05080472,-0.6628606,1.451323,232.4748
600.6844: -0.2511409,-0.786911,1.479313,215.1757
600.9067: -0.4034851,-0.9431629,1.47289,205.0192
601.1289: -0.5220586,-1.135012,1.457973,200.0507
601.3511: -0.6379609,-1.351474,1.483915,197.9441
601.5734: -0.7710114,-1.619452,1.450979,191.7671
601.7956: -0.8758309,-1.843136,1.470186,191.0881
602.0178: -0.9304817,-2.064729,1.464298,197.6005
602.24: -0.9592817,-2.272238,1.44376,211.7119
602.4622: -1.015965,-2.49742,1.477528,237.7739
602.6844: -1.124616,-2.67381,1.468478,256.043
602.9067: -1.292887,-2.799799,1.457975,271.1833
603.1289: -1.454635,-2.894948,1.480677,294.4273
603.3511: -1.616274,-2.981587,1.46736,322.1086
603.5734: -1.755817,-3.061432,1.492114,347.8129
Trial Result: Success object: Mailbox | Time Spent: 5.671236
Trial No.:15 Ends
Trial No.:5 Begins
User confirmed on object: Table, this maze officially starts.
613.2734: -2.103024,2.059317,1.515977,91.0733
613.4955: -2.102482,2.055277,1.514795,93.11107
613.7178: -2.094451,2.049239,1.512564,93.3784
613.94: -2.071505,2.053227,1.50786,85.27777
614.1622: -2.035437,2.09768,1.492694,66.4195
614.3845: -1.998937,2.176182,1.471179,55.24672
614.6067: -1.957197,2.297674,1.456814,51.12698
614.8289: -1.89061,2.436512,1.468717,55.737
615.0511: -1.779857,2.539155,1.465859,68.61986
615.2734: -1.61807,2.631441,1.441655,80.19608
615.4955: -1.424324,2.732008,1.46301,91.66012
615.7178: -1.241461,2.828533,1.464567,98.2813
615.94: -1.041356,2.920433,1.456905,108.4014
616.1622: -0.8529592,2.931277,1.473088,120.3036
616.3845: -0.6571586,2.866714,1.442973,129.4874
616.6067: -0.4803402,2.761891,1.46578,140.5121
616.8289: -0.3173636,2.629605,1.470518,152.2589
617.0511: -0.1613157,2.482504,1.457023,160.6746
617.2734: -0.04581969,2.300527,1.484289,166.0909
617.4955: 0.01050207,2.093484,1.457504,161.6719
617.7178: 0.03836454,1.850063,1.472009,145.2298
617.94: 0.1259749,1.602998,1.48582,130.3943
618.1622: 0.2482214,1.434726,1.455079,121.5384
618.3845: 0.391711,1.283381,1.48363,114.3812
618.6067: 0.5169062,1.171829,1.476655,112.5203
618.8289: 0.6835067,1.039454,1.465804,112.6295
619.0511: 0.8548741,0.9663613,1.489905,113.9279
619.2734: 1.009773,0.9568231,1.474658,116.9637
Trial Result: Success object: Bookshelf | Time Spent: 6.364233
Trial No.:5 Ends
Trial No.:11 Begins
User confirmed on object: Trashcan, this maze officially starts.
629.5623: 2.51107,1.009947,1.539508,84.69056
629.7845: 2.499276,1.014906,1.53767,85.58213
630.0067: 2.491186,1.012983,1.536325,87.87896
630.2289: 2.494736,1.010958,1.536464,88.9037
630.4511: 2.51044,1.006406,1.538462,90.15643
630.6733: 2.536306,1.012097,1.533807,82.85207
630.8956: 2.551956,1.083568,1.525681,47.16802
631.1178: 2.534457,1.196927,1.500675,23.89003
631.34: 2.517667,1.301252,1.498894,8.372
631.5623: 2.519137,1.34889,1.507967,342.8927
631.7845: 2.561906,1.365072,1.496713,311.7694
632.0067: 2.610488,1.36096,1.497516,280.7394
632.2289: 2.640038,1.339842,1.501272,259.5894
632.4511: 2.635426,1.380005,1.51676,265.3399
632.6733: 2.657329,1.457843,1.511174,255.5704
632.8956: 2.721603,1.640542,1.484931,257.9386
633.1178: 2.752829,1.890895,1.498097,302.9476
633.34: 2.748113,2.057047,1.487248,319.4944
633.5623: 2.678928,2.208418,1.477778,320.9041
633.7845: 2.591159,2.372733,1.501235,311.2998
634.0067: 2.518917,2.532915,1.482448,293.7156
634.2289: 2.467861,2.681278,1.467638,273.8164
634.4511: 2.368364,2.794485,1.482185,258.5626
634.6733: 2.218719,2.871282,1.463817,252.0097
634.8956: 2.021585,2.917365,1.487577,256.1699
635.1178: 1.82179,2.949319,1.490763,256.5327
635.34: 1.591177,2.987988,1.465614,253.5989
635.5623: 1.343685,3.005252,1.489962,246.641
635.7845: 1.11123,2.979423,1.473817,241.6945
636.0067: 0.8865844,2.923703,1.48242,237.9497
636.2289: 0.6562123,2.861532,1.490522,228.1534
636.4511: 0.4572524,2.799789,1.458585,214.5292
636.6733: 0.2990746,2.68956,1.48619,199.8745
636.8956: 0.207945,2.556233,1.468055,194.1394
637.1178: 0.1320059,2.354409,1.471042,193.9503
637.34: 0.05446386,2.146028,1.479718,197.3008
637.5623: -0.03715599,1.934191,1.459412,197.7726
637.7845: -0.1298309,1.717623,1.482932,199.3269
638.0067: -0.2216808,1.501722,1.475339,213.7232
638.2289: -0.3541299,1.287387,1.472905,243.3345
638.4511: -0.5298814,1.161305,1.478154,261.0262
638.6733: -0.7490481,1.095978,1.45236,264.9232
638.8956: -0.9400815,1.047965,1.474905,266.4214
639.1178: -1.15605,0.9805638,1.4605,262.347
639.34: -1.378802,0.9126083,1.466251,259.5733
639.5623: -1.609111,0.8796656,1.471184,254.1796
639.7845: -1.858741,0.8730438,1.439004,239.8513
640.0067: -2.110538,0.8471925,1.466412,212.0277
640.2289: -2.323748,0.7566147,1.462992,183.0478
640.4511: -2.474061,0.6375357,1.461124,167.9636
640.6733: -2.599959,0.5296906,1.482308,151.2377
640.8956: -2.700754,0.4484649,1.47289,131.8802
641.1178: -2.782919,0.3768188,1.489277,113.5452
Trial Result: Success object: Telescope | Time Spent: 11.79466
Trial No.:11 Ends
Trial No.:23 Begins
User confirmed on object: Chair, this maze officially starts.
654.0734: 0.9758408,-3.142507,1.526249,335.9557
654.2956: 0.9696563,-3.119553,1.530639,336.6676
654.5178: 0.9551727,-3.146944,1.527473,350.9636
654.74: 0.9401462,-3.178523,1.524154,356.2996
654.9622: 0.9401462,-3.178523,1.524154,356.2996
655.1844: 0.9401462,-3.178523,1.524154,356.2996
655.4067: 0.9140481,-3.291404,1.482325,357.6145
655.6289: 0.9118131,-3.291199,1.49148,355.6113
655.8511: 0.9106802,-3.305659,1.513616,356.229
656.0734: 0.9141395,-3.315969,1.518445,359.3404
656.2956: 0.9218332,-3.32789,1.524459,6.406652
656.5178: 0.9253566,-3.338297,1.52401,12.14416
656.74: 0.9217888,-3.341822,1.522895,12.06961
656.9622: 0.9026156,-3.336597,1.519192,357.5813
657.1844: 0.8568603,-3.329772,1.505878,325.862
657.4067: 0.7870525,-3.334802,1.487613,294.1574
657.6289: 0.6779696,-3.336953,1.466429,286.0906
657.8511: 0.5590458,-3.326116,1.479947,286.8086
658.0734: 0.4248482,-3.287843,1.46934,288.7218
658.2956: 0.2357435,-3.18819,1.45498,287.8983
658.5178: 0.03695647,-3.077785,1.483682,290.0114
658.74: -0.1656735,-2.983436,1.466413,299.4868
658.9622: -0.3552802,-2.900743,1.450819,317.8316
659.1844: -0.5347251,-2.770994,1.480602,342.4563
659.4067: -0.6464236,-2.599045,1.460759,356.2435
659.6289: -0.7112898,-2.385927,1.470774,357.0196
659.8511: -0.7729052,-2.183743,1.478024,1.796326
660.0734: -0.8218783,-1.976291,1.455403,15.99507
660.2956: -0.8362228,-1.762946,1.485927,37.81501
660.5178: -0.7881396,-1.582233,1.473003,51.50743
660.74: -0.6665661,-1.422589,1.470693,61.88078
660.9622: -0.5608063,-1.300058,1.482732,78.73891
661.1844: -0.442867,-1.163512,1.467171,96.74767
661.4067: -0.3241345,-1.020412,1.486673,91.8787
661.6289: -0.1971033,-0.9505935,1.496575,89.77782
661.8511: -0.09187391,-0.8987961,1.492475,72.99206
662.0734: -0.05820867,-0.783749,1.493003,29.57196
662.2956: -0.07926375,-0.6300685,1.461818,357.737
662.5178: -0.1151099,-0.4324189,1.480796,353.6778
662.74: -0.1088249,-0.2205728,1.485922,358.9285
662.9622: -0.03772268,-0.00337528,1.455925,20.02944
663.1844: 0.02545696,0.1912548,1.475885,40.23191
663.4067: 0.05487479,0.4088235,1.476672,57.39509
663.6289: 0.0570846,0.630891,1.46436,77.9511
663.8511: 0.05738409,0.8258053,1.496084,93.1721
664.0734: 0.06235588,0.9756777,1.492363,95.76451
664.2956: 0.07056102,1.13843,1.487988,64.81716
664.5178: 0.01341389,1.339716,1.478527,15.28167
664.74: -0.0398463,1.512815,1.451299,2.260703
664.9622: -0.08211233,1.709518,1.480411,8.331718
665.1844: -0.07719612,1.885031,1.478557,17.09862
665.4067: -0.02623798,2.108602,1.454716,28.14507
665.6289: 0.04474559,2.33849,1.476351,47.30984
665.8511: 0.1071495,2.55025,1.479569,66.90308
666.0734: 0.1617377,2.737788,1.457876,92.55424
666.2956: 0.2438368,2.887597,1.486301,106.4133
666.5178: 0.4212761,3.011164,1.463695,109.1091
666.74: 0.6001691,3.048026,1.467516,108.9888
666.9622: 0.7678047,3.061657,1.482813,114.7549
667.1844: 0.9101051,3.062658,1.474102,120.8269
667.4067: 1.07017,3.068459,1.483915,127.3612
Trial Result: Success object: Piano | Time Spent: 13.63445
Trial No.:23 Ends
Trial No.:4 Begins
User confirmed on object: Piano, this maze officially starts.
684.2956: 1.890002,3.290571,1.530965,189.1264
684.5178: 1.879552,3.290289,1.530927,196.9753
684.74: 1.866442,3.295316,1.530474,208.1152
684.9622: 1.866642,3.289758,1.529304,207.9401
685.1844: 1.875399,3.26519,1.525878,200.2883
685.4067: 1.859413,3.239672,1.516197,206.6708
685.6289: 1.82008,3.227397,1.509658,227.0299
685.8511: 1.764669,3.210945,1.49961,249.3565
686.0734: 1.676513,3.180265,1.485475,258.6098
686.2956: 1.548432,3.142643,1.485674,260.6063
686.5178: 1.41072,3.090158,1.485554,263.4888
686.74: 1.236663,2.995763,1.467612,259.8195
686.9622: 1.057325,2.91592,1.496642,258.5742
687.1844: 0.8787057,2.876454,1.478071,253.7878
687.4067: 0.6559345,2.866117,1.452152,241.9568
687.6289: 0.4674016,2.832239,1.47628,221.6589
687.8511: 0.3175119,2.746462,1.478764,199.0565
688.0734: 0.2040443,2.618571,1.463821,186.6335
688.2956: 0.09201696,2.465716,1.481137,177.3908
688.5178: -0.01427913,2.292679,1.470912,167.59
688.74: -0.1083102,2.106742,1.47333,154.5151
688.9622: -0.143523,1.903525,1.488075,139.944
689.1844: -0.1204333,1.722347,1.466502,124.6828
689.4067: -0.08950209,1.530653,1.492708,115.2403
689.6289: -0.07930036,1.350798,1.47713,108.0964
689.8511: -0.1016526,1.089744,1.466971,113.6076
690.0734: -0.1149315,0.8099989,1.48666,136.0489
690.2956: -0.1011171,0.5629866,1.46445,149.6256
690.5178: -0.05722335,0.3226747,1.476245,155.5327
690.74: -0.02988457,0.08544479,1.487689,153.2845
690.9622: -0.02174257,-0.1853974,1.453725,140.56
691.1844: 0.009823592,-0.4078676,1.488652,122.956
691.4067: 0.0847341,-0.5718443,1.481575,107.9033
691.6289: 0.2029135,-0.7046205,1.472362,90.48588
691.8511: 0.3237585,-0.8276041,1.489218,77.80565
692.0734: 0.4535199,-0.9377995,1.472706,72.02411
692.2956: 0.5993805,-1.031663,1.476108,64.21199
692.5178: 0.7590032,-1.059038,1.488005,57.90633
692.74: 0.9150374,-1.03034,1.46628,53.65183
692.9622: 1.085188,-0.9843028,1.497817,49.37294
Trial Result: Success object: Harp | Time Spent: 8.977732
Trial No.:4 Ends
Trial No.:21 Begins
User confirmed on object: Mailbox, this maze officially starts.
706.8845: -1.761731,-3.14818,1.517826,356.7517
707.1067: -1.760683,-3.164224,1.51686,359.9572
707.3289: -1.780586,-3.228766,1.514416,3.717013
707.5511: -1.813323,-3.306449,1.509058,3.726903
707.7734: -1.8269,-3.363161,1.523129,1.043897
707.9955: -1.82506,-3.388523,1.519904,357.1532
708.2178: -1.815346,-3.396097,1.520314,353.383
708.44: -1.805182,-3.391711,1.518331,353.1883
708.6622: -1.802677,-3.382771,1.517919,354.2093
708.8845: -1.827393,-3.362408,1.507348,342.9237
709.1067: -1.900409,-3.328704,1.484039,328.1677
709.3289: -2.063477,-3.263131,1.461364,322.4701
709.5511: -2.198382,-3.182647,1.483645,328.9185
709.7734: -2.289045,-3.064058,1.477409,340.9202
709.9955: -2.339945,-2.900969,1.455061,352.4996
710.2178: -2.39728,-2.702707,1.478614,0.7298961
710.44: -2.477724,-2.511544,1.471679,4.88006
710.6622: -2.585506,-2.302921,1.4598,8.511552
710.8845: -2.670335,-2.082251,1.484778,11.66264
711.1067: -2.703489,-1.844307,1.457613,14.56531
711.3289: -2.675424,-1.545178,1.476784,31.2927
711.5511: -2.68498,-1.285528,1.469651,30.83815
711.7734: -2.729955,-1.005537,1.456522,22.17715
711.9955: -2.749666,-0.7820586,1.479517,18.38923
712.2178: -2.741458,-0.5285578,1.451873,16.8379
712.44: -2.694445,-0.2683845,1.467412,18.29339
712.6622: -2.660526,-0.02219127,1.472607,23.17717
712.8845: -2.629759,0.2256883,1.448113,33.67358
713.1067: -2.573792,0.4485151,1.478455,45.8076
713.3289: -2.457551,0.6450075,1.450909,58.51653
713.5511: -2.301212,0.8372995,1.462419,53.15339
713.7734: -2.198963,1.046756,1.46797,39.85273
713.9955: -2.11457,1.29666,1.437868,31.12146
714.2178: -2.033952,1.545731,1.467917,26.38927
714.44: -1.94208,1.770999,1.449871,25.03811
714.6622: -1.82136,1.995358,1.452211,26.98034
714.8845: -1.746516,2.178287,1.472002,31.76402
715.1067: -1.662712,2.39781,1.444244,42.67856
715.3289: -1.542812,2.647644,1.468985,66.84985
715.5511: -1.375426,2.797776,1.465501,83.66176
715.7734: -1.163562,2.884351,1.447932,91.82427
715.9955: -0.9693108,2.959302,1.463439,97.01549
716.2178: -0.774699,3.037693,1.452437,96.51327
716.44: -0.5882543,3.101153,1.457069,96.42707
716.6622: -0.4269497,3.106609,1.465826,98.92448
716.8845: -0.272225,3.053747,1.45347,100.624
717.1067: -0.1048473,2.976687,1.475389,100.3992
717.3289: 0.1024289,2.933385,1.472481,96.73376
717.5511: 0.3146095,2.933394,1.461859,93.36306
717.7734: 0.5385882,2.938178,1.490861,91.11276
717.9955: 0.7392907,2.925593,1.478447,89.01467
718.2178: 0.9223024,2.888142,1.470732,85.45599
718.44: 1.138345,2.865462,1.494015,80.61679
718.6622: 1.358042,2.85701,1.469841,84.80638
718.8845: 1.599731,2.861152,1.47734,99.92772
719.1067: 1.825731,2.834436,1.497087,116.146
719.3289: 2.066714,2.767745,1.466115,127.4591
719.5511: 2.273025,2.686926,1.488945,139.518
719.7734: 2.450135,2.605229,1.493051,150.2493
719.9955: 2.596472,2.509252,1.483301,160.2134
720.2178: 2.678788,2.392646,1.491036,164.2143
720.44: 2.733188,2.21012,1.470885,164.7054
720.6622: 2.765958,2.010753,1.495437,161.3734
720.8845: 2.809034,1.857565,1.503224,157.1026
721.1067: 2.86454,1.730716,1.485075,153.1646
721.3289: 2.906015,1.630371,1.501034,150.529
721.5511: 2.924978,1.544173,1.505779,149.4205
721.7734: 2.919031,1.512393,1.502814,147.7735
Trial Result: Success object: Trashcan | Time Spent: 15.19808
Trial No.:21 Ends
