Participant ID: 433
Maze Mode: testing
Trial No.:24 Begins
User confirmed on object: Chair, this maze officially starts.
41.00667: 0.8798198,-3.368898,1.603936,358.7583
41.22889: 0.8674912,-3.361267,1.604931,357.8657
41.45111: 0.8579364,-3.359583,1.602849,356.9938
41.67334: 0.8558991,-3.365271,1.609727,356.2249
41.89556: 0.8549693,-3.373286,1.614992,357.0395
42.11778: 0.85167,-3.378019,1.614616,356.2021
42.34: 0.8615844,-3.385052,1.615394,358.0683
42.56222: 0.8943211,-3.391632,1.608112,12.43159
42.78445: 0.9249831,-3.393944,1.593258,30.44955
43.00667: 0.9304788,-3.391956,1.595329,38.26986
43.22889: 0.9325885,-3.387589,1.592931,48.09966
43.45111: 0.9520717,-3.388359,1.583604,68.59973
43.67334: 1.017953,-3.377358,1.5751,73.69153
43.89556: 1.1208,-3.339258,1.571438,55.00618
44.11778: 1.209675,-3.283326,1.588563,36.86576
44.34: 1.283449,-3.22265,1.581704,25.96784
44.56222: 1.340377,-3.126248,1.576745,16.88139
44.78445: 1.403705,-3.026187,1.58023,12.4066
45.00667: 1.494628,-2.915692,1.573737,12.41437
45.22889: 1.602857,-2.814285,1.554682,13.2102
45.45111: 1.725722,-2.69607,1.579098,15.20701
45.67334: 1.800403,-2.575414,1.576528,14.06848
45.89556: 1.839048,-2.417731,1.554063,16.07674
46.11778: 1.851024,-2.228322,1.574211,16.58167
46.34: 1.879603,-2.063383,1.579739,20.36769
46.56222: 1.927756,-1.889494,1.559108,25.69706
46.78445: 1.990976,-1.70445,1.568197,20.36548
47.00667: 2.05114,-1.539194,1.57381,16.7329
47.22889: 2.10446,-1.365051,1.545869,12.81855
47.45111: 2.160002,-1.179084,1.556506,11.22548
47.67334: 2.242984,-1.013138,1.557495,11.66978
47.89556: 2.363256,-0.8660281,1.533749,14.70659
48.11778: 2.502694,-0.7329011,1.551396,16.27165
48.34: 2.601751,-0.5964833,1.558197,15.38487
48.56222: 2.656357,-0.4370704,1.54118,18.40585
48.78445: 2.676293,-0.2413273,1.566286,24.08624
49.00667: 2.69701,-0.06047522,1.575506,26.39883
49.22889: 2.733068,0.1034535,1.557708,27.15051
49.45111: 2.779105,0.2618849,1.562188,29.15818
Trial Result: Success object: Trashcan | Time Spent: 8.863619
Trial No.:24 Ends
Trial No.:6 Begins
User confirmed on object: Table, this maze officially starts.
74.37334: -2.146097,2.047828,1.572581,95.16907
74.59556: -2.151025,2.043425,1.577565,97.72083
74.81778: -2.153718,2.037906,1.578751,98.74443
75.04: -2.155585,2.033977,1.577939,101.1928
75.26222: -2.158214,2.037259,1.579471,99.90101
75.48444: -2.158587,2.011089,1.563126,123.4223
75.70667: -2.152592,2.004123,1.553668,140.8
75.92889: -2.142121,1.99985,1.548729,147.7324
76.15112: -2.14025,1.961458,1.545846,144.6376
76.37334: -2.162398,1.889592,1.550311,160.0067
76.59556: -2.177819,1.84664,1.551966,174.6497
76.81778: -2.172014,1.826449,1.554271,177.4805
77.04: -2.196002,1.784204,1.555384,179.6208
77.26222: -2.255442,1.725453,1.548788,181.4176
77.48444: -2.325933,1.638609,1.517782,184.165
77.70667: -2.366949,1.502218,1.522907,187.9985
77.92889: -2.375723,1.386303,1.524242,185.9584
78.15112: -2.383047,1.283616,1.529778,185.7281
78.37334: -2.408426,1.158412,1.525225,183.3118
78.59556: -2.462857,1.010166,1.539203,179.9628
78.81778: -2.482901,0.8836046,1.564678,166.5892
79.04: -2.398322,0.8759301,1.569677,111.7824
79.26222: -2.319597,0.9158709,1.559524,83.63187
79.48444: -2.228459,0.9770452,1.55176,66.06336
79.70667: -2.153767,1.046195,1.546675,31.92474
79.92889: -2.067523,1.06041,1.547628,13.76868
80.15112: -1.977857,1.028574,1.548311,7.327528
80.37334: -1.852944,0.9947289,1.560332,32.4421
80.59556: -1.708155,0.9830647,1.552604,60.12112
80.81778: -1.565214,1.006509,1.554936,79.56353
81.04: -1.419934,1.024651,1.562708,89.42118
81.26222: -1.265163,1.004699,1.538871,104.9813
81.48444: -1.0965,0.9681332,1.564467,108.6253
81.70667: -0.9238771,0.9424086,1.564397,111.8269
81.92889: -0.7402495,0.9264466,1.541491,124.1054
82.15112: -0.5561567,0.9122533,1.566289,141.5775
82.37334: -0.3998393,0.8618153,1.56759,156.5858
82.59556: -0.2719654,0.7676919,1.549491,160.5349
82.81778: -0.1878319,0.64507,1.561745,176.376
83.04: -0.1148563,0.5389057,1.563141,198.3029
83.26222: -0.02506611,0.4240763,1.55629,209.2777
83.48444: 0.04056597,0.3008077,1.572834,212.0019
83.70667: 0.05660079,0.1610289,1.567678,208.8724
83.92889: 0.02020967,-0.0001232373,1.546129,203.1378
84.15112: 0.01487956,-0.174744,1.573119,173.2437
84.37334: 0.03894586,-0.3340928,1.562864,151.2828
84.59556: 0.09447224,-0.4838451,1.566742,133.5173
84.81778: 0.1526754,-0.6130351,1.574806,115.0595
85.04: 0.2086593,-0.7300256,1.559054,92.98551
85.26222: 0.2788472,-0.8486853,1.573611,78.51661
85.48444: 0.3932841,-0.9373823,1.567806,88.26071
85.70667: 0.5530891,-0.9731938,1.55476,109.5056
85.92889: 0.7430912,-0.9671203,1.584054,115.9174
86.15112: 0.9296742,-0.9826204,1.574381,124.372
86.37334: 1.131341,-1.022979,1.561434,133.8536
86.59556: 1.321546,-1.072354,1.583723,145.3374
86.81778: 1.494944,-1.125837,1.565421,165.2713
87.04: 1.648071,-1.175413,1.584484,193.6699
87.26222: 1.758253,-1.259693,1.57794,199.9845
87.48444: 1.809061,-1.410228,1.56209,189.0524
87.70667: 1.824819,-1.606774,1.579642,165.5915
87.92889: 1.848786,-1.795923,1.588889,149.6657
88.15112: 1.891041,-1.997106,1.560741,142.8974
88.37334: 1.941257,-2.201313,1.576578,138.0923
88.59556: 1.979952,-2.363598,1.589273,136.2506
88.81778: 1.989847,-2.513698,1.583054,149.3562
89.04: 1.951185,-2.643662,1.591385,197.1227
89.26222: 1.953559,-2.728726,1.587249,242.3267
89.48444: 1.987534,-2.825979,1.593876,267.9459
89.70667: 1.98541,-2.901666,1.585937,279.1886
89.92889: 1.922475,-2.950017,1.579045,283.949
90.15112: 1.804208,-2.951461,1.57139,286.5073
90.37334: 1.663289,-2.948625,1.591646,293.4765
90.59556: 1.506033,-2.970977,1.579153,304.5574
90.81778: 1.347875,-3.01634,1.592659,316.3735
Trial Result: Success object: Chair | Time Spent: 16.66875
Trial No.:6 Ends
Trial No.:11 Begins
User confirmed on object: Trashcan, this maze officially starts.
105.4622: 2.528178,1.027074,1.592209,90.32211
105.6844: 2.556103,1.034184,1.588072,91.33885
105.9067: 2.559589,1.049001,1.605173,95.29894
106.1289: 2.550606,1.063722,1.608286,94.32632
106.3511: 2.541383,1.06858,1.60205,95.84244
106.5733: 2.547327,1.104675,1.600857,73.26487
106.7956: 2.527483,1.144635,1.577627,27.86224
107.0178: 2.499106,1.186262,1.5686,9.777109
107.24: 2.473989,1.2484,1.563909,5.572681
107.4622: 2.461353,1.336267,1.562097,6.922154
107.6844: 2.470881,1.420354,1.569204,5.364026
107.9067: 2.521019,1.506287,1.553984,0.8542353
108.1289: 2.591231,1.617087,1.543946,355.1682
108.3511: 2.617803,1.780847,1.539315,348.4609
108.5733: 2.603956,1.968588,1.547516,344.2193
108.7956: 2.586172,2.150276,1.559021,338.8614
109.0178: 2.561434,2.349995,1.528937,323.6588
109.24: 2.520745,2.551387,1.553932,301.4348
109.4622: 2.442504,2.704897,1.541819,279.1348
109.6844: 2.342067,2.819459,1.537099,264.3441
109.9067: 2.248492,2.938243,1.55209,256.9761
110.1289: 2.144364,3.065655,1.540779,261.2514
110.3511: 2.004036,3.160495,1.545177,267.4973
110.5733: 1.821872,3.181186,1.517205,267.7399
110.7956: 1.618466,3.151237,1.540987,264.7414
111.0178: 1.417697,3.142316,1.544507,265.3708
111.24: 1.205634,3.156926,1.524767,270.3024
111.4622: 0.9935433,3.158464,1.555158,266.1896
111.6844: 0.8057348,3.110713,1.538982,244.459
111.9067: 0.6402188,3.046588,1.545715,225.2751
112.1289: 0.4790944,3.009526,1.553677,211.517
112.3511: 0.324739,2.987945,1.526687,196.9497
112.5733: 0.1827976,2.954905,1.554049,184.8644
112.7956: 0.07592714,2.875979,1.546567,181.942
113.0178: 0.02690395,2.727325,1.52475,186.9789
113.24: 0.01678032,2.527457,1.55529,191.3742
113.4622: 0.0001020106,2.321352,1.557195,191.1648
113.6844: -0.0270436,2.106144,1.534259,189.8339
113.9067: -0.03779772,1.880213,1.562675,186.5496
114.1289: -0.01312794,1.671658,1.546584,187.7735
114.3511: 0.04190559,1.440012,1.558994,191.2266
114.5733: 0.04938235,1.245996,1.567474,193.5286
114.7956: 0.02926785,1.028337,1.543045,193.5421
115.0178: 0.00274455,0.8190566,1.570025,190.3985
115.24: 0.002775375,0.6050854,1.560782,185.3124
115.4622: 0.02017617,0.3854697,1.564036,193.205
115.6844: 0.01694813,0.165896,1.579455,202.775
115.9067: -0.0200049,-0.05516626,1.547448,211.296
116.1289: -0.07739677,-0.2636301,1.571989,216.424
116.3511: -0.1298039,-0.4603825,1.563734,230.4464
116.5733: -0.1739073,-0.6304998,1.575404,265.0768
116.7956: -0.2356606,-0.7617075,1.584128,281.1136
117.0178: -0.3603613,-0.8735768,1.565,265.9453
117.24: -0.5231205,-0.9778967,1.55842,232.0469
117.4622: -0.6546913,-1.087578,1.570119,209.1252
117.6844: -0.7442176,-1.230302,1.555644,194.0431
117.9067: -0.8187945,-1.395023,1.570858,188.0751
118.1289: -0.8875577,-1.563008,1.569883,184.4914
118.3511: -0.9618485,-1.737095,1.579092,185.7003
118.5733: -0.9926025,-1.921759,1.586118,187.6978
118.7956: -0.9880595,-2.121349,1.567847,200.4759
119.0178: -0.9758855,-2.329385,1.586517,227.0431
119.24: -0.9976759,-2.497942,1.585336,253.7056
119.4622: -1.046417,-2.645891,1.575661,264.0529
119.6844: -1.088664,-2.783488,1.594203,280.1119
119.9067: -1.119298,-2.910015,1.588674,300.5185
120.1289: -1.142298,-3.022316,1.597196,305.6298
120.3511: -1.156944,-3.077684,1.586481,298.9997
120.5733: -1.163484,-3.112392,1.588162,324.2615
120.7956: -1.143559,-3.162874,1.589618,9.032148
121.0178: -1.107505,-3.220715,1.587193,41.95286
121.24: -1.074249,-3.235856,1.589037,53.62151
121.4622: -1.069449,-3.200557,1.591523,45.89394
121.6844: -1.231287,-3.175997,1.580012,359.3833
121.9067: -1.454581,-3.211946,1.580506,321.6098
122.1289: -1.645784,-3.202322,1.576011,313.739
122.3511: -1.851043,-3.130869,1.560349,320.1241
122.5733: -2.03366,-3.063424,1.594436,327.3167
122.7956: -2.196321,-2.984982,1.581164,339.3019
123.0178: -2.350088,-2.886022,1.579959,354.9442
123.24: -2.467624,-2.743809,1.585013,4.237112
123.4622: -2.546975,-2.553133,1.562688,4.161129
123.6844: -2.60021,-2.338134,1.593689,3.744764
123.9067: -2.653716,-2.112843,1.578175,2.684092
124.1289: -2.713205,-1.884065,1.578288,7.159195
124.3511: -2.738511,-1.646566,1.593762,11.2436
124.5733: -2.732398,-1.402176,1.557945,14.20946
124.7956: -2.706168,-1.16271,1.580561,19.38693
125.0178: -2.686318,-0.9347639,1.58067,25.79463
125.24: -2.684738,-0.696061,1.571714,33.35386
Trial Result: Success object: Telescope | Time Spent: 20.00127
Trial No.:11 Ends
Trial No.:18 Begins
User confirmed on object: Harp, this maze officially starts.
138.2845: 1.609714,-1.37569,1.607534,2.788481
138.5067: 1.632072,-1.404093,1.609482,2.510044
138.7289: 1.65227,-1.435376,1.608257,359.1488
138.9511: 1.59608,-1.465189,1.591127,318.0829
139.1733: 1.534323,-1.486922,1.584391,296.0567
139.3956: 1.504752,-1.482486,1.587362,296.433
139.6178: 1.510017,-1.464667,1.586062,301.9218
139.84: 1.512495,-1.479937,1.58041,280.4277
140.0622: 1.54942,-1.479036,1.567762,267.3478
140.2845: 1.583046,-1.433021,1.567905,276.6781
140.5067: 1.561795,-1.353325,1.562506,292.2714
140.7289: 1.49553,-1.276844,1.56021,300.3704
140.9511: 1.41184,-1.198036,1.575132,298.0278
141.1733: 1.34428,-1.116966,1.569099,293.2144
141.3956: 1.254797,-1.048292,1.579839,289.2658
141.6178: 1.123561,-1.02201,1.56632,290.0175
141.84: 0.9769051,-1.016233,1.585802,304.3857
142.0622: 0.8419747,-0.995892,1.587509,318.5838
142.2845: 0.7019318,-0.9671234,1.571003,323.1396
142.5067: 0.5547925,-0.9266016,1.583692,324.0946
142.7289: 0.4096934,-0.8993338,1.58576,328.8545
142.9511: 0.2720395,-0.907295,1.5709,342.3737
143.1733: 0.1451157,-0.9336429,1.581268,348.9648
143.3956: 0.007512499,-0.941479,1.585763,320.1431
143.6178: -0.07898311,-0.952022,1.583006,280.4915
143.84: -0.1251212,-0.9256997,1.585401,267.4854
144.0622: -0.1630944,-0.9242157,1.575591,251.3473
144.2845: -0.2313124,-0.9233502,1.5646,254.1904
144.5067: -0.3438465,-0.9498142,1.564754,258.0225
144.7289: -0.4528525,-0.998451,1.574695,231.9978
144.9511: -0.5455723,-1.017287,1.567849,197.7854
145.1733: -0.6529819,-1.03484,1.578188,183.9707
145.3956: -0.7496735,-1.108268,1.57244,185.4684
145.6178: -0.7946705,-1.257493,1.55275,189.007
145.84: -0.8170673,-1.453612,1.589366,189.8022
146.0622: -0.8521363,-1.648478,1.585933,187.6944
146.2845: -0.9087539,-1.849004,1.561308,190.0994
146.5067: -0.9580225,-2.060994,1.591165,195.9922
146.7289: -0.9726834,-2.271776,1.577279,212.8383
146.9511: -0.9570305,-2.482299,1.578533,246.0753
147.1733: -0.9606055,-2.650825,1.603156,268.2485
147.3956: -0.9991673,-2.77579,1.588022,271.791
147.6178: -1.053559,-2.874193,1.591849,274.4021
147.84: -1.088977,-2.962788,1.583891,279.9821
148.0622: -1.164413,-3.039925,1.581692,289.9245
148.2845: -1.30772,-3.078931,1.563606,296.2842
148.5067: -1.4939,-3.074008,1.57961,298.8053
148.7289: -1.688518,-3.063561,1.586684,304.3736
148.9511: -1.901438,-3.056037,1.562711,315.6087
149.1733: -2.112285,-3.014561,1.595223,332.7844
149.3956: -2.279413,-2.90588,1.560944,350.5877
149.6178: -2.417331,-2.755166,1.575734,354.5578
149.84: -2.536235,-2.587463,1.582879,358.9659
150.0622: -2.665161,-2.396226,1.570657,2.448725
150.2845: -2.739373,-2.193753,1.591208,9.577127
150.5067: -2.773984,-1.968837,1.564801,11.20789
150.7289: -2.767136,-1.732726,1.583023,13.22942
150.9511: -2.770277,-1.487766,1.573781,17.61106
151.1733: -2.789752,-1.224685,1.561068,23.75634
151.3956: -2.783173,-0.9766233,1.588571,30.38874
151.6178: -2.759705,-0.7543468,1.563781,33.59678
Trial Result: Success object: Telescope | Time Spent: 13.61565
Trial No.:18 Ends
Trial No.:10 Begins
User confirmed on object: Bookshelf, this maze officially starts.
167.7289: 1.61879,1.133898,1.58679,173.5869
167.9511: 1.625371,1.130095,1.605129,174.5831
168.1733: 1.62251,1.142113,1.605231,184.0359
168.3956: 1.620083,1.159322,1.599652,193.055
168.6178: 1.649087,1.16131,1.594957,174.7959
168.84: 1.685441,1.15897,1.581107,142.9123
169.0622: 1.712135,1.147707,1.576355,135.655
169.2845: 1.781002,1.173285,1.572735,122.1984
169.5067: 1.821907,1.184394,1.576886,107.5406
169.7289: 1.819617,1.195038,1.567313,78.09212
169.9511: 1.800609,1.214396,1.559935,48.44786
170.1733: 1.818927,1.205059,1.555809,47.28995
170.3956: 1.89695,1.18714,1.551435,60.09898
170.6178: 2.012179,1.209001,1.547313,54.83049
170.84: 2.140099,1.240661,1.553622,37.05959
171.0622: 2.257134,1.247966,1.54544,20.24289
171.2845: 2.365818,1.249024,1.558561,14.88615
171.5067: 2.476305,1.253467,1.565773,42.90726
171.7289: 2.555559,1.227091,1.576374,99.41969
171.9511: 2.558934,1.161385,1.56928,153.9364
172.1733: 2.571405,1.081092,1.558634,175.3598
172.3956: 2.594413,0.960505,1.554454,182.0364
172.6178: 2.639966,0.8046887,1.553404,184.4876
172.84: 2.705595,0.6381943,1.562089,188.8427
173.0622: 2.729699,0.443459,1.56738,194.5766
173.2845: 2.701504,0.2224957,1.539938,197.6033
173.5067: 2.652485,0.007111398,1.566305,201.7407
173.7289: 2.624825,-0.2064661,1.557861,211.2183
173.9511: 2.602492,-0.4224789,1.569215,234.7442
174.1733: 2.539313,-0.5872945,1.580023,258.0846
174.3956: 2.435637,-0.707477,1.556867,272.4869
174.6178: 2.322735,-0.8246535,1.578019,272.29
174.84: 2.227331,-0.9796916,1.562591,240.5506
175.0622: 2.145368,-1.115653,1.571439,217.7302
175.2845: 2.03722,-1.242356,1.571283,201.0543
175.5067: 1.935477,-1.369209,1.567277,175.33
175.7289: 1.867021,-1.503015,1.57729,159.5502
175.9511: 1.849377,-1.656284,1.56094,149.9413
176.1733: 1.851309,-1.847502,1.584709,160.7728
176.3956: 1.849937,-2.040788,1.589955,170.1752
176.6178: 1.81273,-2.234195,1.570418,198.3231
176.84: 1.776705,-2.415071,1.590689,225.0534
177.0622: 1.759755,-2.576001,1.585165,248.8031
177.2845: 1.754428,-2.72803,1.585843,272.3855
177.5067: 1.6907,-2.841649,1.588308,282.8457
177.7289: 1.536518,-2.91194,1.55667,278.3767
177.9511: 1.312868,-2.92937,1.555543,273.558
178.1733: 1.075239,-2.943975,1.594846,271.7859
178.3956: 0.8236265,-2.976446,1.555951,272.3878
178.6178: 0.558728,-3.016023,1.598448,273.0816
178.84: 0.3062705,-3.027885,1.591308,272.9689
179.0622: 0.05673062,-3.015768,1.576681,269.2579
179.2845: -0.1921625,-3.013443,1.602274,267.1709
179.5067: -0.4449605,-3.031413,1.561182,266.6687
179.7289: -0.6990596,-3.062944,1.597274,268.8661
179.9511: -0.9310215,-3.07258,1.599327,270.3954
180.1733: -1.161866,-3.06428,1.576475,272.756
180.3956: -1.391926,-3.052852,1.604921,276.8644
180.6178: -1.616213,-3.048737,1.577835,283.9794
180.84: -1.833786,-3.043177,1.600582,295.7379
181.0622: -2.020428,-3.001147,1.599478,306.4399
181.2845: -2.177097,-2.916199,1.576354,309.0778
181.5067: -2.311561,-2.804646,1.591296,310.0898
181.7289: -2.433729,-2.689559,1.588427,311.6748
181.9511: -2.562158,-2.571047,1.578134,312.8531
Trial Result: Success object: Plant | Time Spent: 14.4598
Trial No.:10 Ends
Trial No.:17 Begins
User confirmed on object: Harp, this maze officially starts.
196.54: 1.729356,-1.103035,1.621014,354.4728
196.7622: 1.741628,-1.106036,1.622703,359.962
196.9845: 1.74473,-1.141421,1.619373,16.25649
197.2067: 1.736702,-1.171896,1.618323,23.51067
197.4289: 1.717722,-1.177287,1.610856,353.693
197.6511: 1.685822,-1.20822,1.589909,295.9301
197.8733: 1.682048,-1.223982,1.585121,277.4783
198.0956: 1.671024,-1.209758,1.585178,279.8195
198.3178: 1.62478,-1.17905,1.588412,289.7732
198.54: 1.510981,-1.15929,1.574097,291.6072
198.7622: 1.362073,-1.127808,1.5897,294.3464
198.9845: 1.192375,-1.076984,1.573902,296.7076
199.2067: 1.0032,-1.005117,1.58239,300.0694
199.4289: 0.8044025,-0.942595,1.590861,312.2637
199.6511: 0.5894187,-0.8984987,1.558571,329.8499
199.8733: 0.3842715,-0.8317629,1.59389,341.4128
200.0956: 0.2523338,-0.7280754,1.574065,352.4154
200.3178: 0.1695357,-0.5758568,1.574497,354.979
200.54: 0.1085744,-0.3992795,1.582968,353.9051
200.7622: 0.05751462,-0.1913221,1.553865,353.8787
200.9845: 0.007587079,0.03374792,1.57515,355.7701
201.2067: -0.01311283,0.2424335,1.573714,353.2389
201.4289: -0.00565711,0.4670022,1.550644,347.1609
201.6511: 0.008723802,0.6964536,1.576334,347.6183
201.8733: 0.004690936,0.9264191,1.548144,348.0384
202.0956: -0.01656654,1.158609,1.550435,352.1772
202.3178: -0.01276045,1.368335,1.566026,358.0353
202.54: 0.01120507,1.556757,1.53948,359.041
202.7622: 0.04799069,1.757123,1.559078,351.5044
202.9845: 0.05252472,1.968567,1.551642,338.3935
203.2067: 0.02076519,2.193653,1.531858,326.3747
203.4289: -0.03025667,2.398419,1.547197,306.6204
203.6511: -0.07279152,2.567614,1.538664,288.9924
203.8733: -0.1102007,2.720457,1.545935,276.9169
204.0956: -0.1780727,2.839027,1.544231,271.1745
204.3178: -0.3002974,2.937875,1.529782,272.3296
204.54: -0.4636664,3.011494,1.543456,267.4035
204.7622: -0.6209528,3.079142,1.543663,266.6443
204.9845: -0.7884446,3.150791,1.521806,268.1063
205.2067: -0.9609855,3.205667,1.543481,266.6722
205.4289: -1.13867,3.220939,1.53381,264.1997
205.6511: -1.342924,3.197322,1.545179,265.013
205.8733: -1.55712,3.185891,1.553295,264.0004
206.0956: -1.77899,3.197544,1.521443,263.752
206.3178: -2.001108,3.222706,1.540097,261.3534
206.54: -2.231601,3.231096,1.531887,261.1452
206.7622: -2.42966,3.218183,1.535347,260.7065
Trial Result: Success object: Stove | Time Spent: 10.52777
Trial No.:17 Ends
Trial No.:21 Begins
User confirmed on object: Mailbox, this maze officially starts.
226.1067: -1.817467,-3.122681,1.630274,1.597374
226.3289: -1.804268,-3.112958,1.636785,9.236056
226.5511: -1.809944,-3.121932,1.631734,18.14597
226.7733: -1.791993,-3.150795,1.608236,50.00806
226.9956: -1.77372,-3.189062,1.591229,75.4873
227.2178: -1.742327,-3.203088,1.59198,76.06022
227.44: -1.700031,-3.174795,1.596161,50.12298
227.6622: -1.616137,-3.182381,1.593291,38.63502
227.8844: -1.539804,-3.177145,1.599549,32.10932
228.1067: -1.481768,-3.141629,1.595793,31.296
228.3289: -1.40391,-3.086843,1.587022,51.21283
228.5511: -1.292749,-3.025081,1.575429,67.49326
228.7733: -1.141055,-2.933628,1.5638,63.5054
228.9956: -1.015766,-2.80107,1.590575,38.56934
229.2178: -0.9318131,-2.652253,1.57883,27.2226
229.44: -0.8761848,-2.460478,1.574455,25.53005
229.6622: -0.8307738,-2.251211,1.595018,24.76315
229.8844: -0.7934443,-2.054363,1.566806,22.38773
230.1067: -0.7588749,-1.848501,1.580825,18.24313
230.3289: -0.7432492,-1.643427,1.570264,24.69054
230.5511: -0.7131845,-1.454201,1.5642,48.00367
230.7733: -0.6290826,-1.310213,1.574448,67.65268
230.9956: -0.4837552,-1.205583,1.552143,75.74718
231.2178: -0.3008897,-1.146366,1.576703,81.93396
231.44: -0.1040608,-1.094794,1.575626,81.92185
231.6622: 0.1190287,-1.024554,1.563569,83.96733
231.8844: 0.358513,-1.001001,1.577593,87.39449
232.1067: 0.6007892,-1.039671,1.540988,101.7624
232.3289: 0.8492247,-1.103612,1.563025,108.5794
232.5511: 1.098933,-1.121635,1.557697,102.3269
232.7733: 1.371144,-1.101013,1.54374,94.37244
232.9956: 1.625598,-1.068473,1.571943,66.07678
233.2178: 1.854219,-1.06672,1.537081,43.95606
233.44: 2.081152,-1.061647,1.56803,32.97351
233.6622: 2.267918,-0.9903105,1.5676,26.92548
233.8844: 2.416127,-0.8420396,1.555753,23.60629
234.1067: 2.527458,-0.6827653,1.573747,19.89016
234.3289: 2.638652,-0.4994567,1.544011,20.63451
234.5511: 2.75244,-0.2927135,1.565014,21.00958
234.7733: 2.810368,-0.0681673,1.55858,21.66887
234.9956: 2.814887,0.1688971,1.556417,28.17945
235.2178: 2.850686,0.3987573,1.583987,35.95295
Trial Result: Success object: Trashcan | Time Spent: 9.440681
Trial No.:21 Ends
Trial No.:20 Begins
User confirmed on object: Well, this maze officially starts.
249.8289: 1.742739,-2.00101,1.624106,88.36945
250.0511: 1.769392,-1.997267,1.623365,96.08137
250.2733: 1.753979,-2.019098,1.619017,109.413
250.4956: 1.734045,-2.03997,1.617457,100.8353
250.7178: 1.71929,-2.025174,1.599333,60.35782
250.94: 1.676521,-1.971716,1.590356,25.10123
251.1622: 1.652578,-1.927413,1.594941,8.550692
251.3844: 1.666909,-1.855358,1.588123,8.559836
251.6067: 1.69997,-1.737309,1.579274,27.06538
251.8289: 1.766235,-1.609833,1.587867,41.56434
252.0511: 1.87084,-1.462395,1.564526,40.68729
252.2733: 2.020616,-1.311664,1.565992,32.8435
252.4956: 2.175826,-1.162139,1.585955,26.09656
252.7178: 2.326684,-0.9991823,1.556891,21.93134
252.94: 2.459827,-0.8142648,1.58228,11.24635
253.1622: 2.584717,-0.6378022,1.571135,357.9026
253.3844: 2.723057,-0.4475951,1.562946,343.2026
253.6067: 2.802504,-0.2525516,1.58085,327.1136
253.8289: 2.827719,-0.03870195,1.551829,330.0937
254.0511: 2.820646,0.1852097,1.578844,340.8765
254.2733: 2.822073,0.4081869,1.568836,351.9797
254.4956: 2.827195,0.6468134,1.55676,357.3788
254.7178: 2.822606,0.8921543,1.580058,0.404033
254.94: 2.793533,1.142129,1.544211,358.149
255.1622: 2.753682,1.40644,1.567066,357.769
255.3844: 2.75195,1.661003,1.565695,357.4962
255.6067: 2.768358,1.903836,1.543488,347.4955
255.8289: 2.752084,2.134235,1.568257,323.3506
256.0511: 2.707757,2.352429,1.542448,299.4636
256.2733: 2.643893,2.569297,1.555822,283.3134
256.4956: 2.577945,2.756353,1.557587,269.1735
256.7178: 2.51293,2.927132,1.545727,249.9721
256.94: 2.422656,3.049181,1.558799,232.1514
Trial Result: Success object: Piano | Time Spent: 7.473639
Trial No.:20 Ends
Trial No.:7 Begins
User confirmed on object: Plant, this maze officially starts.
269.8956: -2.525926,-2.086576,1.620491,275.8434
270.1178: -2.55531,-2.049393,1.627135,278.8764
270.34: -2.568192,-2.024136,1.617172,297.778
270.5622: -2.546102,-2.007667,1.597897,343.0917
270.7845: -2.543155,-2.010409,1.591416,8.603628
271.0067: -2.551663,-1.973511,1.585676,10.92411
271.2289: -2.555553,-1.884498,1.577564,7.937414
271.4511: -2.54838,-1.741411,1.572245,4.575874
271.6733: -2.549737,-1.565517,1.578412,5.055294
271.8956: -2.579397,-1.348483,1.546156,6.623826
272.1178: -2.639724,-1.10792,1.585612,13.00151
272.34: -2.676545,-0.8624344,1.566606,15.7064
272.5622: -2.691761,-0.6024263,1.556547,15.79235
272.7845: -2.702163,-0.349399,1.578684,19.99845
273.0067: -2.71118,-0.08007137,1.538276,27.51118
273.2289: -2.70245,0.190902,1.580536,40.22307
273.4511: -2.640588,0.407653,1.558989,55.93355
273.6733: -2.544769,0.5988013,1.560342,61.45473
273.8956: -2.429589,0.7672129,1.569218,63.02754
274.1178: -2.266312,0.9018843,1.541288,80.1619
274.34: -2.050763,0.9975899,1.549959,90.6796
274.5622: -1.791344,1.035778,1.517397,93.7578
274.7845: -1.535502,1.045663,1.558851,89.30373
275.0067: -1.262734,1.065029,1.540275,84.71609
275.2289: -0.9919158,1.090782,1.551875,83.1441
275.4511: -0.6868895,1.075292,1.567015,85.65404
275.6733: -0.3959206,1.028131,1.526536,90.94786
275.8956: -0.114455,0.987298,1.573406,95.83491
276.1178: 0.1877052,0.9760488,1.525248,95.07376
276.34: 0.5070322,0.9766082,1.556289,91.71002
276.5622: 0.7836068,0.9665916,1.554388,84.09516
276.7845: 1.058318,0.9444973,1.544326,78.56567
277.0067: 1.357007,0.940662,1.577603,79.12284
277.2289: 1.63179,0.9659705,1.530159,83.3468
277.4511: 1.909139,0.9910742,1.576623,87.54365
277.6733: 2.165287,0.9996008,1.548981,88.99973
277.8956: 2.40717,0.9979898,1.551994,89.21636
278.1178: 2.601427,1.019149,1.5841,89.48383
Trial Result: Success object: Trashcan | Time Spent: 8.562384
Trial No.:7 Ends
Trial No.:8 Begins
User confirmed on object: Plant, this maze officially starts.
294.4956: -2.64908,-1.944638,1.630936,267.1496
294.7178: -2.652528,-1.93176,1.629057,273.9238
294.94: -2.598404,-1.881515,1.615354,285.0163
295.1622: -2.532805,-1.820701,1.605656,310.5731
295.3845: -2.469732,-1.804079,1.582507,350.8805
295.6067: -2.471404,-1.806377,1.574954,3.206062
295.8289: -2.480525,-1.773624,1.565728,4.510457
296.0511: -2.475962,-1.689814,1.555041,5.829711
296.2733: -2.478924,-1.559184,1.582827,3.193466
296.4956: -2.516023,-1.378414,1.55752,3.616092
296.7178: -2.609332,-1.167404,1.565631,8.433436
296.94: -2.675978,-0.9480895,1.584174,14.30362
297.1622: -2.71095,-0.7139002,1.547506,17.08884
297.3845: -2.711457,-0.4602923,1.567173,18.13601
297.6067: -2.703481,-0.2031252,1.557811,22.87094
297.8289: -2.688755,0.08011538,1.542681,29.94641
298.0511: -2.623836,0.3460227,1.568164,40.69972
298.2733: -2.534321,0.5423762,1.540488,51.97631
298.4956: -2.396956,0.7080194,1.559338,68.23823
298.7178: -2.20401,0.8325101,1.514482,81.02335
298.94: -1.955036,0.9583915,1.529603,82.82497
299.1622: -1.685745,1.010166,1.537189,74.86546
299.3845: -1.411915,0.9927288,1.514031,74.83083
299.6067: -1.116583,0.9530326,1.546952,79.78725
299.8289: -0.8469303,0.9359621,1.50846,85.78407
300.0511: -0.538972,0.9269935,1.533106,92.31819
300.2733: -0.2698306,0.9089433,1.534635,97.09334
300.4956: 0.007091304,0.8882576,1.525913,95.22317
300.7178: 0.2869447,0.9032771,1.549705,93.26499
300.94: 0.5699576,0.9553921,1.508114,90.13543
301.1622: 0.8467404,0.9948663,1.554293,85.83807
301.3845: 1.115649,0.9990973,1.521649,82.82974
301.6067: 1.387058,0.9846903,1.546041,79.48466
301.8289: 1.652776,1.001412,1.543507,75.15695
302.0511: 1.916641,1.050053,1.529289,71.50813
302.2733: 2.135467,1.120763,1.556913,57.69353
302.4956: 2.302312,1.234762,1.534531,18.59734
302.7178: 2.460274,1.350038,1.560274,345.5922
302.94: 2.579283,1.513287,1.55108,336.4611
303.1622: 2.62041,1.731251,1.540899,334.6424
303.3845: 2.634705,1.956023,1.558979,326.0499
303.6067: 2.643551,2.203631,1.51488,315.6541
303.8289: 2.629685,2.455265,1.532554,296.3478
304.0511: 2.5582,2.647738,1.531768,278.0096
304.2733: 2.454025,2.811239,1.524532,276.834
304.4956: 2.359597,3.004075,1.547011,296.4287
304.7178: 2.248925,3.09699,1.525994,271.1711
304.94: 2.262243,3.021896,1.551662,209.1539
305.1622: 2.375339,2.92723,1.548442,182.2173
305.3845: 2.516723,2.785088,1.537879,180.727
305.6067: 2.612099,2.582437,1.531763,180.6792
305.8289: 2.643833,2.299887,1.493856,186.5578
306.0511: 2.65346,2.006423,1.551281,191.2468
306.2733: 2.692765,1.711115,1.525053,189.9499
306.4956: 2.732105,1.395755,1.557588,189.4893
306.7178: 2.730747,1.089229,1.552988,194.89
306.94: 2.710606,0.7831039,1.548624,197.6124
307.1622: 2.698787,0.4862119,1.579075,200.8928
307.3845: 2.690248,0.1884289,1.540565,205.938
307.6067: 2.645611,-0.09881902,1.58874,215.8877
307.8289: 2.571044,-0.3429413,1.548352,230.667
308.0511: 2.471745,-0.5459334,1.575188,253.333
308.2733: 2.373187,-0.7307665,1.564798,273.376
308.4956: 2.266866,-0.8991901,1.572588,288.5521
308.7178: 2.1652,-1.010216,1.591523,309.045
Trial Result: Success object: Harp | Time Spent: 14.60476
Trial No.:8 Ends
Trial No.:3 Begins
User confirmed on object: Piano, this maze officially starts.
321.7289: 1.803445,3.197869,1.557773,193.9834
321.9511: 1.797541,3.190395,1.567984,195.2269
322.1733: 1.789855,3.21265,1.565406,192.5846
322.3956: 1.76339,3.242203,1.550331,213.5139
322.6178: 1.727728,3.274761,1.533115,249.2312
322.84: 1.698321,3.228879,1.531636,250.8902
323.0622: 1.650125,3.152008,1.525056,258.5929
323.2845: 1.576694,3.083,1.531564,267.5653
323.5067: 1.449389,3.040689,1.518072,272.0134
323.7289: 1.296169,3.028457,1.538387,267.1988
323.9511: 1.134778,2.99873,1.539093,260.1306
324.1733: 0.9546989,2.961058,1.537718,262.0163
324.3956: 0.7500041,2.941919,1.556045,265.445
324.6178: 0.5370758,2.955562,1.532658,261.1817
324.84: 0.3778013,2.897027,1.530696,207.4467
325.0622: 0.2510284,2.828316,1.544934,189.7989
325.2845: 0.1439132,2.692205,1.53217,188.9095
325.5067: 0.04545205,2.50196,1.54249,188.4711
325.7289: -0.04791123,2.298204,1.532784,190.0081
325.9511: -0.1235244,2.068918,1.55414,193.6716
326.1733: -0.118657,1.814797,1.5367,194.0279
326.3956: -0.06417207,1.540908,1.552659,194.528
326.6178: -0.05937532,1.262586,1.542267,194.9811
326.84: -0.09914815,0.9822371,1.540695,191.9161
327.0622: -0.1065625,0.7157542,1.569405,188.325
327.2845: -0.09092928,0.4268365,1.535798,192.7133
327.5067: -0.08426562,0.144875,1.580198,200.7461
327.7289: -0.0955501,-0.1164698,1.554406,204.4727
327.9511: -0.1255298,-0.3599125,1.576339,208.5484
328.1733: -0.1948794,-0.5920808,1.582397,218.2228
328.3956: -0.3013086,-0.7978208,1.564934,241.153
328.6178: -0.4472388,-0.9703232,1.57555,247.8869
328.84: -0.6069563,-1.134622,1.554781,226.3654
329.0622: -0.7249458,-1.31477,1.578263,196.5918
329.2845: -0.8126315,-1.514389,1.557926,191.0563
329.5067: -0.864939,-1.728863,1.580695,197.3556
329.7289: -0.908291,-1.9434,1.573207,207.9326
329.9511: -0.9500574,-2.172717,1.561596,215.1091
330.1733: -0.9960949,-2.395083,1.578483,231.0873
330.3956: -1.042437,-2.602247,1.549947,261.4831
330.6178: -1.098486,-2.783998,1.597077,286.0281
330.84: -1.197878,-2.892057,1.585089,298.0858
Trial Result: Success object: Mailbox | Time Spent: 9.384298
Trial No.:3 Ends
Trial No.:9 Begins
User confirmed on object: Bookshelf, this maze officially starts.
349.4622: 1.770417,1.114149,1.610469,183.5759
349.6844: 1.733643,1.108625,1.611791,201.1294
349.9067: 1.706443,1.119169,1.604121,215.499
350.1289: 1.681722,1.13183,1.58489,234.144
350.3511: 1.647884,1.148823,1.56396,263.4904
350.5733: 1.568001,1.130771,1.551055,265.93
350.7956: 1.42089,1.125263,1.533964,260.1991
351.0178: 1.230349,1.128957,1.559667,257.6059
351.24: 1.021564,1.117984,1.541954,263.4669
351.4622: 0.7994705,1.112572,1.545713,288.1417
351.6844: 0.5851986,1.146656,1.556172,314.4429
351.9067: 0.4006409,1.215224,1.531174,320.8114
352.1289: 0.2456273,1.318261,1.547498,329.4569
352.3511: 0.1030628,1.450942,1.523855,336.1626
352.5733: -0.03276067,1.615929,1.543347,334.0942
352.7956: -0.1079514,1.840923,1.527045,334.0454
353.0178: -0.1393928,2.089605,1.528291,332.9865
353.24: -0.1737267,2.315287,1.557911,326.6136
353.4622: -0.2319282,2.490402,1.530184,303.2841
353.6844: -0.2907915,2.656917,1.548754,284.9208
353.9067: -0.3689037,2.800929,1.529763,273.144
354.1289: -0.5097709,2.902996,1.526438,269.7899
354.3511: -0.7141606,2.957861,1.536032,269.2427
354.5733: -0.950314,3.008404,1.530747,269.1027
354.7956: -1.208329,3.062356,1.508495,267.3068
355.0178: -1.47175,3.089707,1.538817,265.2405
355.24: -1.743286,3.078195,1.498973,264.7589
355.4622: -2.020737,3.051457,1.536889,265.7823
355.6844: -2.283458,3.042433,1.519636,266.3904
355.9067: -2.537143,3.039473,1.50815,265.4042
356.1289: -2.731473,3.003657,1.54702,266.1259
Trial Result: Success object: Stove | Time Spent: 6.931196
Trial No.:9 Ends
Trial No.:12 Begins
User confirmed on object: Trashcan, this maze officially starts.
374.8289: 2.793248,1.014306,1.615667,92.26871
375.0511: 2.791795,1.001016,1.617858,103.9531
375.2733: 2.771725,0.9787778,1.619545,130.5629
375.4956: 2.736061,0.9531617,1.614596,123.0666
375.7178: 2.661362,0.8696615,1.600131,143.9843
375.94: 2.597728,0.84014,1.58849,164.866
376.1622: 2.616813,0.8710861,1.589189,134.5136
376.3845: 2.617825,1.005075,1.584222,70.76932
376.6067: 2.555219,1.126613,1.57578,20.61873
376.8289: 2.53181,1.188435,1.566524,351.3973
377.0511: 2.558777,1.221082,1.563214,334.2835
377.2733: 2.567337,1.249699,1.568554,322.9767
377.4956: 2.551349,1.274819,1.564599,320.8105
377.7178: 2.568829,1.347963,1.562617,331.9645
377.94: 2.612119,1.489426,1.53789,338.4463
378.1622: 2.675378,1.681742,1.524952,338.1389
378.3845: 2.688877,1.888025,1.550321,335.5143
378.6067: 2.63839,2.110845,1.522854,327.903
378.8289: 2.574257,2.333485,1.551491,314.7768
379.0511: 2.519597,2.537702,1.535426,295.3554
379.2733: 2.457827,2.728014,1.540202,267.0372
379.4956: 2.357786,2.880596,1.546188,251.8404
379.7178: 2.185001,3.004408,1.513988,259.0128
379.94: 1.983191,3.093873,1.538144,263.5645
380.1622: 1.786345,3.169821,1.536109,264.099
380.3845: 1.559598,3.249511,1.530488,261.5176
380.6067: 1.28464,3.300859,1.545795,259.8236
380.8289: 0.9884186,3.294286,1.508358,261.0343
381.0511: 0.6686022,3.272764,1.553786,259.805
381.2733: 0.3503084,3.283252,1.508418,259.3664
381.4956: 0.041814,3.294281,1.544201,255.8539
381.7178: -0.258273,3.272123,1.517406,253.2647
381.94: -0.5475829,3.233656,1.524528,248.778
382.1622: -0.8133421,3.211507,1.534565,239.632
382.3845: -1.079654,3.191519,1.518053,235.8679
382.6067: -1.322111,3.124405,1.548958,237.3394
382.8289: -1.512019,2.997167,1.51315,229.4953
383.0511: -1.647221,2.824675,1.540042,195.2297
383.2733: -1.756306,2.669165,1.526845,162.5602
383.4956: -1.88108,2.507666,1.540847,145.7805
383.7178: -1.937751,2.355288,1.549832,128.6599
383.94: -1.943556,2.218167,1.539414,112.8745
Trial Result: Success object: Table | Time Spent: 9.406601
Trial No.:12 Ends
Trial No.:13 Begins
User confirmed on object: Telescope, this maze officially starts.
402.0178: -2.740294,0.008052101,1.608562,84.51727
402.24: -2.706287,-0.046657,1.617937,93.26323
402.4622: -2.724433,-0.07962056,1.60791,111.42
402.6844: -2.747411,-0.06534759,1.607476,113.7154
402.9067: -2.741285,-0.01541947,1.597291,89.4716
403.1289: -2.745879,-0.00972557,1.588185,77.0691
403.3511: -2.739196,-0.0822479,1.581795,85.39298
403.5733: -2.74159,-0.2367584,1.565229,109.5305
403.7956: -2.748939,-0.4003347,1.571713,134.3464
404.0178: -2.737052,-0.5422331,1.574953,158.911
404.24: -2.692375,-0.6828858,1.561536,169.8847
404.4622: -2.636705,-0.8329157,1.579597,183.3287
404.6844: -2.612147,-1.009667,1.577251,193.1891
404.9067: -2.633754,-1.212031,1.54982,197.3568
405.1289: -2.66266,-1.429311,1.578847,182.683
405.3511: -2.673135,-1.634374,1.578929,170.9896
405.5733: -2.667792,-1.825755,1.570055,164.2457
405.7956: -2.698371,-2.037745,1.585521,152.7174
406.0178: -2.756504,-2.260607,1.557785,133.6478
406.24: -2.760053,-2.455162,1.599427,113.9378
406.4622: -2.697731,-2.596853,1.577839,101.8771
406.6844: -2.584523,-2.717236,1.583272,97.831
406.9067: -2.481564,-2.830545,1.592594,86.35718
407.1289: -2.358964,-2.964745,1.568824,81.10871
407.3511: -2.204476,-3.104971,1.600214,81.56612
407.5733: -2.020223,-3.188698,1.594511,84.72752
407.7956: -1.813576,-3.19173,1.580361,82.43037
408.0178: -1.606657,-3.192443,1.600969,76.87135
408.24: -1.392087,-3.214676,1.576202,78.28796
408.4622: -1.160028,-3.257854,1.588267,80.51278
408.6844: -0.9267156,-3.280475,1.59802,83.35241
408.9067: -0.6896389,-3.273284,1.554619,87.58129
409.1289: -0.4525679,-3.251127,1.583014,88.95142
409.3511: -0.2246211,-3.255968,1.580405,87.69357
409.5733: 0.01271949,-3.282593,1.558325,81.70402
409.7956: 0.2534021,-3.299619,1.59861,73.71278
410.0178: 0.4840187,-3.281092,1.570802,65.90257
410.24: 0.7227629,-3.239452,1.57851,63.34648
410.4622: 0.9279684,-3.207833,1.596794,57.20487
410.6844: 1.138122,-3.178687,1.560887,52.68149
410.9067: 1.349186,-3.119364,1.59235,44.24659
411.1289: 1.526968,-3.004544,1.583584,39.30394
411.3511: 1.666766,-2.831208,1.576019,39.72979
411.5733: 1.794525,-2.660699,1.605452,41.63583
411.7956: 1.910786,-2.508595,1.576875,46.40614
Trial Result: Success object: Well | Time Spent: 10.03903
Trial No.:13 Ends
Trial No.:1 Begins
User confirmed on object: Stove, this maze officially starts.
426.6178: -2.560319,3.187149,1.571538,258.1677
426.84: -2.564986,3.189839,1.575409,261.3572
427.0622: -2.564755,3.2055,1.573831,275.0136
427.2845: -2.551559,3.253473,1.555892,312.9241
427.5067: -2.54406,3.270468,1.544904,333.4363
427.7289: -2.581943,3.264698,1.540258,311.142
427.9511: -2.600888,3.213402,1.533287,240.8647
428.1733: -2.493675,3.187023,1.530847,165.7966
428.3956: -2.382375,3.206567,1.53024,123.8459
428.6178: -2.299661,3.192944,1.53168,119.4679
428.84: -2.210049,3.170137,1.532264,125.7102
429.0622: -2.104153,3.146682,1.533038,111.0324
429.2845: -1.997433,3.087742,1.520874,101.861
429.5067: -1.872969,3.01387,1.532191,99.23855
429.7289: -1.727095,2.974612,1.527612,100.8317
429.9511: -1.532518,2.983046,1.494008,105.564
430.1733: -1.301853,3.014323,1.534278,109.5395
430.3956: -1.093255,3.00289,1.5337,109.0317
430.6178: -0.8884546,2.956736,1.513269,100.6715
430.84: -0.6877162,2.923342,1.544691,93.62436
431.0622: -0.4902095,2.908726,1.524731,91.97251
431.2845: -0.2966053,2.872132,1.531868,108.9725
431.5067: -0.1720129,2.76483,1.542443,147.3807
431.7289: -0.0855534,2.628236,1.525886,162.0716
431.9511: -0.02779432,2.462352,1.549979,166.082
432.1733: 0.01401349,2.288219,1.550301,176.8751
432.3956: 0.06096628,2.091941,1.534706,181.5779
432.6178: 0.09665321,1.87778,1.559446,184.8388
432.84: 0.09058496,1.655723,1.540739,190.0386
433.0622: 0.0598062,1.428373,1.544411,190.9205
433.2845: 0.05145006,1.199351,1.560973,186.7563
433.5067: 0.06253511,0.9566406,1.522771,184.5145
433.7289: 0.06926974,0.7134514,1.564158,191.9429
433.9511: 0.05839814,0.485657,1.557395,194.0978
434.1733: 0.03733393,0.2505347,1.547061,185.2272
434.3956: 0.04205256,0.01351981,1.577428,175.4704
434.6178: 0.07742965,-0.2232184,1.545004,164.8551
434.84: 0.1513164,-0.4469023,1.56646,147.6215
435.0622: 0.2322242,-0.6417681,1.570496,122.1335
435.2845: 0.3211172,-0.8251743,1.567046,106.7991
435.5067: 0.4515526,-0.9179556,1.582743,86.60291
435.7289: 0.6115778,-0.9700865,1.563611,87.73302
435.9511: 0.7864729,-1.030181,1.596241,110.6993
436.1733: 0.9705679,-1.082821,1.569161,124.3533
436.3956: 1.172343,-1.140802,1.577802,123.0424
436.6178: 1.366613,-1.20077,1.585767,123.4419
436.84: 1.569836,-1.278985,1.556084,127.9668
437.0622: 1.728807,-1.386584,1.580914,129.7296
437.2845: 1.82298,-1.544346,1.565063,128.8291
437.5067: 1.886707,-1.705916,1.571707,121.6201
Trial Result: Success object: Well | Time Spent: 11.29549
Trial No.:1 Ends
Trial No.:2 Begins
User confirmed on object: Stove, this maze officially starts.
453.8511: -2.693618,3.060997,1.582,261.7821
454.0733: -2.709439,3.06633,1.587218,269.4212
454.2956: -2.704262,3.070964,1.583836,270.8504
454.5178: -2.690281,3.057948,1.574022,251.0075
454.74: -2.58246,2.977607,1.553576,188.3652
454.9622: -2.429803,2.951203,1.535981,149.5811
455.1844: -2.289182,2.927119,1.523703,133.2114
455.4067: -2.186545,2.850678,1.519456,134.6353
455.6289: -2.116646,2.681914,1.497974,148.1225
455.8511: -2.045046,2.466775,1.52847,154.8916
456.0733: -1.960829,2.271512,1.542011,163.1053
456.2956: -1.849824,2.066948,1.529083,173.7076
456.5178: -1.777096,1.846074,1.556645,182.1041
456.74: -1.753058,1.626854,1.530543,179.4201
456.9622: -1.698001,1.431035,1.56217,139.3381
457.1844: -1.60825,1.279327,1.553767,114.8524
457.4067: -1.470603,1.142797,1.547765,113.0289
457.6289: -1.328098,1.032216,1.561601,115.0327
457.8511: -1.163635,0.936423,1.546631,119.0174
458.0733: -0.9801937,0.8403471,1.563804,122.5411
458.2956: -0.7678736,0.8035551,1.563683,133.5956
458.5178: -0.5240265,0.819748,1.524278,156.1454
458.74: -0.3162714,0.8088518,1.564666,176.8355
458.9622: -0.21169,0.7283119,1.560233,192.6782
459.1844: -0.1680915,0.599799,1.557348,197.2425
459.4067: -0.1269249,0.473972,1.576616,206.3649
Trial Result: Success object: Wheelbarrow | Time Spent: 5.885984
Trial No.:2 Ends
Trial No.:22 Begins
User confirmed on object: Mailbox, this maze officially starts.
476.2511: -1.695377,-3.262811,1.629348,355.7579
476.4734: -1.700518,-3.258271,1.630963,358.505
476.6956: -1.676602,-3.253292,1.624508,16.38427
476.9178: -1.621187,-3.254217,1.607793,50.35479
477.14: -1.547811,-3.251126,1.594454,64.25394
477.3622: -1.421649,-3.255174,1.581011,68.76643
477.5844: -1.264584,-3.257839,1.59158,75.44103
477.8067: -1.075374,-3.231139,1.573707,83.60777
478.0289: -0.8558295,-3.162643,1.573397,87.33866
478.2511: -0.6013157,-3.128689,1.57869,89.02811
478.4734: -0.3046725,-3.13587,1.544087,85.97058
478.6956: -0.006522655,-3.142493,1.586248,78.64728
478.9178: 0.300961,-3.109103,1.539354,73.06715
479.14: 0.6249985,-3.036315,1.553272,66.2998
479.3622: 0.9137762,-2.974834,1.572052,63.32485
479.5844: 1.203058,-2.895184,1.545964,53.3634
479.8067: 1.455134,-2.766405,1.581295,34.17517
480.0289: 1.631838,-2.592312,1.544495,11.51668
480.2511: 1.798293,-2.405945,1.582873,5.96713
480.4734: 1.940388,-2.190647,1.554528,5.615962
480.6956: 2.048175,-1.960593,1.587269,5.253211
480.9178: 2.097328,-1.716716,1.557713,4.105183
481.14: 2.113769,-1.464445,1.568758,7.330965
481.3622: 2.188346,-1.234207,1.576057,13.32773
481.5844: 2.298602,-1.018164,1.545974,14.98186
481.8067: 2.400414,-0.8070775,1.577018,13.27638
482.0289: 2.464042,-0.5800925,1.550523,0.9766511
482.2511: 2.493372,-0.3358275,1.560724,347.6931
482.4734: 2.541751,-0.09879561,1.579607,344.6365
482.6956: 2.600358,0.1557739,1.549693,347.873
482.9178: 2.663218,0.390201,1.572459,349.0284
483.14: 2.695548,0.6534371,1.552907,353.0662
483.3622: 2.677069,0.8958802,1.53684,356.9282
483.5844: 2.667316,1.14831,1.572065,356.2525
483.8067: 2.677475,1.419225,1.534905,351.0019
484.0289: 2.710795,1.663574,1.557573,341.6608
484.2511: 2.710317,1.906408,1.559814,331.7433
484.4734: 2.659749,2.135245,1.53319,321.2513
484.6956: 2.599719,2.358102,1.554708,303.6519
484.9178: 2.535917,2.568847,1.538409,283.8452
485.14: 2.476637,2.73189,1.529626,267.6105
485.3622: 2.438176,2.736997,1.537935,257.8467
485.5844: 2.464764,2.574096,1.546141,239.9346
485.8067: 2.542247,2.344674,1.554578,219.9415
486.0289: 2.5774,2.164279,1.563223,214.5315
486.2511: 2.564498,1.999431,1.54794,211.4166
486.4734: 2.513745,1.817857,1.565664,208.6409
486.6956: 2.460577,1.631453,1.571118,209.4752
486.9178: 2.401858,1.413327,1.5347,215.424
487.14: 2.335232,1.217092,1.574108,220.8679
487.3622: 2.25407,1.097709,1.571771,221.0247
Trial Result: Success object: Bookshelf | Time Spent: 11.3492
Trial No.:22 Ends
Trial No.:16 Begins
User confirmed on object: Wheelbarrow, this maze officially starts.
498.6844: 0.2482877,0.02276246,1.616623,268.1343
498.9067: 0.2361644,0.02970322,1.614747,283.8766
499.1289: 0.2491579,0.06326887,1.60623,296.8228
499.3511: 0.2842057,0.1230624,1.586205,306.653
499.5733: 0.3155696,0.1900724,1.577591,301.3214
499.7956: 0.3195977,0.17694,1.570851,273.9187
500.0178: 0.3505565,0.07493673,1.575711,229.363
500.24: 0.3687182,0.0004576836,1.57693,210.9118
500.4622: 0.3330626,-0.0215729,1.574822,225.8084
500.6844: 0.270265,0.09568166,1.562138,269.8242
500.9067: 0.2168247,0.2575285,1.561068,296.2608
501.1289: 0.1191008,0.3777512,1.56148,296.5872
501.3511: -0.0179805,0.4664809,1.549488,294.8391
501.5733: -0.1618325,0.5796113,1.556935,298.038
501.7956: -0.3213956,0.7137501,1.53281,293.7245
502.0178: -0.4866505,0.8537686,1.55687,281.2286
502.24: -0.6663141,0.9497294,1.551232,280.261
502.4622: -0.8980411,1.008847,1.529305,285.0106
502.6844: -1.146515,1.04626,1.567371,279.6416
502.9067: -1.385296,1.079667,1.535378,264.3499
503.1289: -1.628397,1.092751,1.542085,235.9128
503.3511: -1.872229,1.052316,1.542831,218.3112
503.5733: -2.109224,0.9393436,1.528698,209.7261
503.7956: -2.300715,0.8139542,1.548821,194.598
504.0178: -2.465386,0.6544407,1.511377,176.0854
504.24: -2.589633,0.4664424,1.555354,157.999
504.4622: -2.665405,0.2405401,1.526235,160.8811
504.6844: -2.702204,-0.01986652,1.561627,177.3651
504.9067: -2.745739,-0.2738642,1.554399,189.7466
505.1289: -2.790236,-0.5532668,1.545761,192.3587
505.3511: -2.814547,-0.8346478,1.5788,196.5263
505.5733: -2.808582,-1.12372,1.525344,204.832
505.7956: -2.813979,-1.405045,1.577021,212.8223
Trial Result: Success object: Plant | Time Spent: 7.463869
Trial No.:16 Ends
Trial No.:19 Begins
User confirmed on object: Well, this maze officially starts.
519.8734: 1.832979,-2.028318,1.636391,83.60926
520.0956: 1.851367,-2.035598,1.640966,91.6338
520.3178: 1.829114,-2.028634,1.626091,107.9517
520.54: 1.781381,-2.028912,1.604578,133.0253
520.7622: 1.712858,-2.046797,1.589742,172.6425
520.9844: 1.66617,-2.090763,1.59252,191.1924
521.2067: 1.680718,-2.181621,1.598527,177.6247
521.4289: 1.765639,-2.192283,1.599242,114.4973
521.6511: 1.75993,-2.114769,1.599982,69.93941
521.8734: 1.719315,-2.010653,1.594664,32.93603
522.0956: 1.669917,-1.916398,1.570069,4.007337
522.3178: 1.692234,-1.826226,1.577063,353.155
522.54: 1.723866,-1.741328,1.55956,319.3727
522.7622: 1.741153,-1.637463,1.561936,300.9984
522.9844: 1.671596,-1.485791,1.540133,296.34
523.2067: 1.512095,-1.326869,1.559228,289.4971
523.4289: 1.350185,-1.190557,1.570767,288.5703
523.6511: 1.167513,-1.059078,1.539886,288.5623
523.8734: 0.9609702,-0.9509554,1.575471,280.4482
524.0956: 0.7131387,-0.9106966,1.543013,273.138
524.3178: 0.4312555,-0.9171551,1.568324,275.846
524.54: 0.1599208,-0.9110796,1.570512,278.4947
524.7622: -0.1219468,-0.9047935,1.552313,277.0084
524.9844: -0.4057859,-0.9144522,1.580099,275.3651
525.2067: -0.7117709,-0.9410028,1.533792,277.6785
525.4289: -1.009568,-0.9662765,1.595154,285.7659
525.6511: -1.295617,-0.96137,1.566178,289.9
525.8734: -1.573792,-0.9345655,1.584962,291.8959
526.0956: -1.827294,-0.900412,1.584132,304.1547
526.3178: -2.081999,-0.8626211,1.555398,321.0836
526.54: -2.275394,-0.7649519,1.589746,357.0121
526.7622: -2.428382,-0.6288398,1.555082,14.24355
526.9844: -2.539943,-0.4566171,1.574814,18.98103
527.2067: -2.635212,-0.2630657,1.563722,22.93004
527.4289: -2.724627,-0.04416607,1.546118,29.54745
527.6511: -2.748873,0.1875581,1.571966,38.45705
527.8734: -2.716384,0.4124266,1.538491,39.62056
528.0956: -2.629534,0.6370586,1.564417,38.67233
528.3178: -2.528688,0.8607546,1.551296,41.68328
528.54: -2.43441,1.093645,1.540167,43.82396
528.7622: -2.301861,1.286938,1.561294,46.92607
528.9844: -2.143104,1.442687,1.532823,50.637
529.2067: -1.986752,1.574467,1.564098,53.59499
Trial Result: Success object: Table | Time Spent: 9.728317
Trial No.:19 Ends
Trial No.:15 Begins
User confirmed on object: Wheelbarrow, this maze officially starts.
543.1622: 0.1147417,-0.01252611,1.612424,267.5051
543.3845: 0.1251738,-0.03418288,1.61939,273.2081
543.6067: 0.1389696,-0.06735623,1.618661,276.0952
543.8289: 0.1516147,-0.1153968,1.590483,248.4851
544.0511: 0.1800978,-0.1174994,1.578255,234.5862
544.2734: 0.2090805,-0.1491026,1.576034,226.9261
544.4955: 0.2229128,-0.2335504,1.573653,227.3326
544.7178: 0.2110807,-0.3653367,1.562179,232.3686
544.94: 0.1412554,-0.4848589,1.554101,230.4808
545.1622: -0.005257881,-0.5999169,1.528789,222.9908
545.3845: -0.1976965,-0.7299901,1.561748,212.7321
545.6067: -0.3671855,-0.8924011,1.560798,206.2881
545.8289: -0.5317039,-1.092479,1.555002,201.9439
546.0511: -0.6670383,-1.26921,1.578366,192.3965
546.2734: -0.7855982,-1.451075,1.554354,185.0199
546.4955: -0.8899844,-1.647738,1.5881,183.5043
546.7178: -0.9457347,-1.868159,1.558896,191.0259
546.94: -0.9665968,-2.129233,1.562451,217.882
547.1622: -1.025005,-2.379227,1.5863,241.4637
547.3845: -1.125839,-2.578888,1.555547,268.2162
547.6067: -1.225339,-2.741749,1.588462,290.204
547.8289: -1.324931,-2.876687,1.591912,307.4052
Trial Result: Success object: Mailbox | Time Spent: 4.942436
Trial No.:15 Ends
Trial No.:23 Begins
User confirmed on object: Chair, this maze officially starts.
564.3622: 0.9097352,-3.255833,1.591351,1.589795
564.5845: 0.9177551,-3.293504,1.598057,359.9186
564.8067: 0.9353124,-3.34932,1.595292,3.422934
565.0289: 0.9706478,-3.388929,1.577948,20.10474
565.2511: 1.011412,-3.391804,1.578619,46.32259
565.4733: 1.019294,-3.342152,1.578277,52.30542
565.6956: 1.03117,-3.27311,1.601163,60.72044
565.9178: 1.095222,-3.20059,1.590126,71.99197
566.14: 1.219825,-3.113456,1.564649,61.14607
566.3622: 1.362998,-3.009193,1.592499,37.97999
566.5845: 1.476989,-2.878647,1.585526,15.90083
566.8067: 1.572788,-2.707604,1.57205,8.988615
567.0289: 1.664768,-2.50754,1.598962,8.945496
567.2511: 1.757776,-2.295985,1.569936,9.533544
567.4733: 1.861072,-2.075154,1.571839,12.65008
567.6956: 1.947142,-1.838297,1.58778,12.83961
567.9178: 2.024284,-1.591654,1.547033,12.29755
568.14: 2.102901,-1.345587,1.58498,11.49006
568.3622: 2.213853,-1.113974,1.57032,10.78439
568.5845: 2.344009,-0.8921742,1.559682,12.88407
568.8067: 2.439599,-0.6726449,1.58308,6.608583
569.0289: 2.507964,-0.4346057,1.541632,357.7473
569.2511: 2.553405,-0.1785908,1.574445,352.6988
569.4733: 2.613097,0.06912647,1.570063,351.3266
569.6956: 2.673099,0.3330792,1.545598,348.8149
569.9178: 2.718839,0.6062232,1.584055,346.5302
570.14: 2.732648,0.8892808,1.529996,345.8026
570.3622: 2.729284,1.181615,1.561069,343.0858
570.5845: 2.744182,1.457627,1.561965,337.9997
570.8067: 2.768585,1.73027,1.542726,331.0822
571.0289: 2.76049,1.992985,1.580905,321.129
571.2511: 2.703341,2.232094,1.534357,313.5474
571.4733: 2.606277,2.4381,1.561622,298.0363
571.6956: 2.500347,2.630233,1.545854,279.665
571.9178: 2.389449,2.784988,1.527311,253.0668
572.14: 2.250691,2.877041,1.547654,235.423
Trial Result: Success object: Piano | Time Spent: 8.096264
Trial No.:23 Ends
Trial No.:14 Begins
User confirmed on object: Telescope, this maze officially starts.
587.8734: -2.929001,0.02867826,1.616434,96.01161
588.0956: -2.89994,0.02526086,1.611246,96.72678
588.3178: -2.896642,-0.01776677,1.593984,128.281
588.54: -2.914315,-0.0529505,1.577342,161.1674
588.7622: -2.896267,-0.08961597,1.570874,168.9299
588.9844: -2.867334,-0.1705511,1.562977,175.133
589.2067: -2.800611,-0.3115473,1.539455,157.0389
589.4289: -2.72157,-0.4515004,1.564331,125.402
589.6511: -2.622146,-0.566788,1.567964,104.8724
589.8734: -2.477355,-0.6923703,1.569996,106.4932
590.0956: -2.318878,-0.8039581,1.579044,111.0054
590.3178: -2.135924,-0.9041343,1.556628,116.4364
590.54: -1.93263,-1.00505,1.579587,118.2248
590.7622: -1.710643,-1.071488,1.577907,126.048
590.9844: -1.478311,-1.097392,1.560272,154.8069
591.2067: -1.265099,-1.120441,1.5901,174.7681
591.4289: -1.069948,-1.158909,1.56402,180.2281
591.6511: -0.8198927,-1.205142,1.569841,147.4426
591.8734: -0.5793514,-1.201222,1.578109,107.8544
592.0956: -0.3565438,-1.188359,1.561494,97.75356
592.3178: -0.1290135,-1.147062,1.58495,87.43618
592.54: 0.09159052,-1.129447,1.577851,90.52076
592.7622: 0.3232963,-1.117481,1.56376,101.791
592.9844: 0.5387583,-1.093457,1.588235,107.3196
593.2067: 0.7545513,-1.062666,1.560335,114.8904
593.4289: 0.9813725,-1.032118,1.579097,129.7328
593.6511: 1.180922,-1.058496,1.580481,149.3011
593.8734: 1.345736,-1.136213,1.553949,164.6303
594.0956: 1.471396,-1.241061,1.57686,175.2773
594.3178: 1.591747,-1.357298,1.580913,178.4488
594.54: 1.743431,-1.439463,1.563534,142.0874
594.7622: 1.816624,-1.413399,1.581545,79.70687
594.9844: 1.862468,-1.354988,1.583937,48.35537
595.2067: 1.960332,-1.275595,1.566531,33.99867
595.4289: 2.099463,-1.162269,1.575375,21.49004
595.6511: 2.266792,-1.040873,1.553642,17.65735
595.8734: 2.448774,-0.9016316,1.566622,7.830345
596.0956: 2.57132,-0.7069682,1.55794,352.2965
596.3178: 2.639777,-0.4609808,1.541009,345.4127
596.54: 2.692138,-0.2271942,1.572731,339.7153
596.7622: 2.740985,0.01998793,1.540168,332.5605
596.9844: 2.770407,0.2638654,1.567779,312.7803
597.2067: 2.739479,0.4602392,1.567152,293.7594
597.4289: 2.649399,0.6309017,1.549549,279.5709
597.6511: 2.586476,0.7948462,1.572278,267.0522
597.8734: 2.542221,0.9798965,1.554732,262.9515
598.0956: 2.550491,1.2227,1.55263,286.7792
598.3178: 2.589322,1.467095,1.563709,325.3982
598.54: 2.597952,1.685173,1.53641,340.7755
598.7622: 2.562929,1.921953,1.543545,342.3822
598.9844: 2.523415,2.171168,1.564754,332.785
599.2067: 2.475844,2.427891,1.518647,306.2108
599.4289: 2.410433,2.647382,1.536809,271.7736
599.6511: 2.304902,2.813481,1.533123,253.0629
599.8734: 2.13279,2.943766,1.532733,260.9344
600.0956: 1.939663,3.052839,1.543504,262.2901
600.3178: 1.713523,3.160439,1.509929,265.7085
600.54: 1.467325,3.248057,1.538977,267.7896
600.7622: 1.198513,3.270957,1.515123,274.7691
600.9844: 0.9168627,3.198793,1.513586,257.3887
601.2067: 0.6979635,3.10054,1.546973,216.5269
601.4289: 0.4755464,3.024508,1.512069,202.9529
601.6511: 0.2808955,2.919411,1.55375,195.0246
601.8734: 0.145296,2.762156,1.528933,189.0781
602.0956: 0.05270939,2.539804,1.5412,193.8846
602.3178: -0.0328509,2.317161,1.549663,197.9416
602.54: -0.1024029,2.082253,1.521062,198.831
602.7622: -0.137513,1.837714,1.554065,194.9302
602.9844: -0.1304212,1.590079,1.524471,201.5228
603.2067: -0.07528076,1.311239,1.550207,200.7143
603.4289: -0.09162731,1.054003,1.5584,200.5453
603.6511: -0.1465393,0.8201942,1.534523,199.3591
Trial Result: Success object: Wheelbarrow | Time Spent: 16.09238
Trial No.:14 Ends
Trial No.:5 Begins
User confirmed on object: Table, this maze officially starts.
623.3956: -1.762958,2.125983,1.607396,101.3925
623.6178: -1.762275,2.124624,1.605814,113.777
623.84: -1.763714,2.10475,1.592608,134.0075
624.0623: -1.76545,2.060692,1.577644,155.1171
624.2845: -1.782502,1.987108,1.567746,166.5134
624.5067: -1.797134,1.893008,1.555734,156.3703
624.7289: -1.744348,1.827709,1.547143,105.113
624.9511: -1.684639,1.720902,1.534742,89.65801
625.1733: -1.605752,1.561176,1.55478,99.10261
625.3956: -1.528403,1.391084,1.529635,104.8463
625.6178: -1.433971,1.226075,1.551935,98.85669
625.84: -1.288134,1.134017,1.557479,88.22076
626.0623: -1.094148,1.102635,1.541708,88.19753
626.2845: -0.8983029,1.060853,1.577085,103.917
626.5067: -0.7298242,0.9881019,1.561807,136.018
626.7289: -0.5607821,0.9163064,1.566382,149.0656
626.9511: -0.3994091,0.8475922,1.566084,161.2112
627.1733: -0.2525685,0.7672862,1.551001,179.9059
627.3956: -0.1181979,0.6858326,1.573148,195.4403
627.6178: -0.004837965,0.5869193,1.579693,178.2103
627.84: 0.1163041,0.5864117,1.569237,109.524
628.0623: 0.1877232,0.690841,1.564932,72.35323
628.2845: 0.2870055,0.7899112,1.562939,77.69741
628.5067: 0.4135436,0.83981,1.560365,97.83685
628.7289: 0.5736721,0.8856723,1.540796,99.16348
628.9511: 0.7490048,0.8915395,1.55851,102.108
629.1733: 0.9223502,0.8872194,1.561463,106.4709
Trial Result: Success object: Bookshelf | Time Spent: 6.163416
Trial No.:5 Ends
Trial No.:4 Begins
User confirmed on object: Piano, this maze officially starts.
669.8956: 1.551107,3.094741,1.576651,175.6936
670.1178: 1.558771,3.080912,1.582018,172.1549
670.34: 1.569852,3.079164,1.568257,174.8761
670.5623: 1.549114,3.080581,1.55007,198.1793
670.7845: 1.521651,3.099777,1.543197,227.4481
671.0067: 1.514845,3.096518,1.533229,238.4349
671.2289: 1.507995,3.069405,1.519841,230.0449
671.4511: 1.481296,3.067008,1.515644,222.7976
671.6733: 1.432462,3.079735,1.512832,219.371
671.8956: 1.403288,3.094635,1.514679,218.044
672.1178: 1.385116,3.108667,1.518189,219.5401
672.34: 1.359824,3.127052,1.522885,230.1605
672.5623: 1.343637,3.1362,1.527562,241.7719
672.7845: 1.334485,3.125001,1.531977,247.7052
673.0067: 1.31368,3.0928,1.539087,258.4503
673.2289: 1.302158,3.040263,1.548156,267.7054
673.4511: 1.288017,2.994856,1.545598,269.3887
673.6733: 1.238487,2.960582,1.538664,269.0934
673.8956: 1.121367,2.946105,1.521377,269.4391
674.1178: 0.9335094,2.966998,1.500308,275.9559
674.34: 0.7245221,2.999331,1.543086,283.4649
674.5623: 0.5229874,2.972983,1.534238,261.4552
674.7845: 0.3811669,2.893476,1.539143,207.6759
675.0067: 0.2774905,2.878502,1.557533,166.5555
675.2289: 0.2142502,2.913826,1.54194,119.4802
675.4511: 0.1730845,2.963614,1.547683,93.70605
675.6733: 0.1749414,2.966108,1.539843,97.21703
675.8956: 0.2482437,2.9538,1.536506,97.91465
676.1178: 0.4115205,2.959579,1.527604,100.1653
676.34: 0.6216726,2.953737,1.551484,105.1961
676.5623: 0.8292114,2.914864,1.527844,107.4742
676.7845: 1.044234,2.852026,1.522368,103.9296
677.0067: 1.288069,2.849618,1.533761,102.0609
677.2289: 1.550749,2.894958,1.526819,119.87
677.4511: 1.786709,2.901795,1.553271,140.5069
677.6733: 2.019006,2.876846,1.516192,157.2396
677.8956: 2.228765,2.827001,1.528041,173.0832
678.1178: 2.42106,2.759653,1.531668,179.409
678.34: 2.606912,2.679821,1.532204,189.8615
678.5623: 2.725327,2.553367,1.539539,204.9465
678.7845: 2.77471,2.369595,1.517689,209.2849
679.0067: 2.769049,2.171301,1.550896,211.1963
679.2289: 2.757202,1.978175,1.548013,221.7224
679.4511: 2.761686,1.76747,1.530658,240.6547
679.6733: 2.762015,1.530602,1.56507,259.8997
679.8956: 2.733695,1.292729,1.538137,273.0607
680.1178: 2.690331,1.040468,1.543281,262.5348
680.34: 2.695714,0.73206,1.561492,222.0319
680.5623: 2.715894,0.4670512,1.542154,204.0861
680.7845: 2.709939,0.1911067,1.575278,199.6904
681.0067: 2.659081,-0.06948325,1.541452,217.7659
681.2289: 2.599888,-0.3277818,1.560976,228.7209
681.4511: 2.542171,-0.5475357,1.565628,245.9943
681.6733: 2.498143,-0.7294692,1.545814,280.4983
681.8956: 2.42831,-0.8697332,1.574034,295.5617
682.1178: 2.334776,-0.9460102,1.561138,300.5414
Trial Result: Success object: Harp | Time Spent: 12.62684
Trial No.:4 Ends
