Participant ID: 435
Maze Mode: testing
Trial No.:17 Begins
User confirmed on object: Harp, this maze officially starts.
185.2089: 1.983783,-1.076952,1.576044,341.4467
185.4311: 1.985209,-1.093011,1.575358,340.9541
185.6533: 1.984889,-1.113998,1.576834,341.0756
185.8756: 1.984292,-1.139723,1.581421,340.5837
186.0978: 1.984804,-1.183953,1.601022,339.731
186.32: 1.976893,-1.233301,1.600997,338.9212
186.5422: 1.965094,-1.264325,1.597311,339.1654
186.7645: 1.966246,-1.276724,1.59331,343.8549
186.9867: 1.966889,-1.285111,1.59391,345.8839
187.2089: 1.97018,-1.294184,1.59456,350.3856
187.4311: 1.965927,-1.305262,1.595718,348.2047
187.6533: 1.951066,-1.317031,1.59427,337.8667
187.8756: 1.951081,-1.319997,1.593014,338.9909
188.0978: 1.951113,-1.320225,1.590799,340.7158
188.32: 1.949074,-1.321772,1.589423,343.0518
188.5422: 1.945252,-1.321709,1.588031,345
188.7645: 1.944589,-1.318298,1.587131,347.1107
188.9867: 1.947934,-1.310883,1.584433,348.704
189.2089: 1.938256,-1.305102,1.578743,334.7707
189.4311: 1.935465,-1.313367,1.57534,305.9721
189.6533: 1.96648,-1.310929,1.575493,277.6199
189.8756: 2.001611,-1.294286,1.573145,262.8349
190.0978: 2.016908,-1.282337,1.569039,267.1595
190.32: 2.001805,-1.289162,1.567869,280.9583
190.5422: 1.955064,-1.316963,1.569446,291.5711
190.7645: 1.89101,-1.33001,1.565295,293.989
190.9867: 1.799185,-1.318894,1.557886,293.4781
191.2089: 1.673473,-1.27045,1.550117,289.5542
191.4311: 1.520002,-1.193277,1.570149,290.5476
191.6533: 1.361895,-1.154162,1.568213,292.9302
191.8756: 1.207049,-1.160697,1.565063,292.1631
192.0978: 1.062975,-1.165442,1.570818,276.2852
192.32: 0.9342688,-1.136409,1.561338,263.6469
192.5422: 0.7698171,-1.051,1.556565,256.9598
192.7645: 0.558113,-0.9560633,1.558766,252.2948
192.9867: 0.3186961,-0.9389097,1.522291,247.737
193.2089: 0.09062025,-0.977874,1.534342,241.6801
193.4311: -0.1065906,-1.018239,1.542204,230.8186
193.6533: -0.3145455,-1.041465,1.533505,215.5485
193.8756: -0.4835309,-1.093513,1.548637,202.7033
194.0978: -0.6020199,-1.191516,1.529293,192.5963
194.32: -0.707176,-1.348694,1.522674,184.483
194.5422: -0.8060617,-1.525648,1.521476,180.4364
194.7645: -0.884775,-1.710561,1.509458,175.3709
194.9867: -0.9178427,-1.908555,1.534345,161.047
195.2089: -0.89823,-2.111678,1.511219,147.5208
195.4311: -0.8556197,-2.327997,1.517618,137.2309
195.6533: -0.8280796,-2.527005,1.514933,122.933
195.8756: -0.8076618,-2.675371,1.522255,105.9743
196.0978: -0.796701,-2.733234,1.517279,105.6426
196.32: -0.755474,-2.719152,1.50209,99.67357
196.5422: -0.6413411,-2.722618,1.495557,97.23194
196.7645: -0.5154794,-2.793114,1.471526,93.7839
196.9867: -0.4001287,-2.883597,1.43912,92.38404
197.2089: -0.2710367,-2.975579,1.4547,81.49355
197.4311: -0.1592802,-3.020179,1.51373,67.79085
197.6533: -0.2070667,-2.976512,1.543833,6.495018
197.8756: -0.3491985,-3.019164,1.540926,310.7309
198.0978: -0.4721963,-3.049426,1.520569,292.6036
198.32: -0.5916669,-3.03277,1.51597,289.4654
198.5422: -0.734471,-3.007306,1.529013,283.2352
198.7645: -0.9393116,-3.008396,1.517521,277.2243
198.9867: -1.209643,-3.045744,1.497489,279.6586
199.2089: -1.49837,-3.03628,1.519192,290.0594
199.4311: -1.780772,-2.962025,1.495838,299.5991
199.6533: -2.049544,-2.876113,1.510494,312.8141
199.8756: -2.282179,-2.757756,1.501891,330.6992
200.0978: -2.448717,-2.576309,1.504708,348.528
200.32: -2.57513,-2.351979,1.503685,357.9762
200.5422: -2.673222,-2.090146,1.485841,13.98236
200.7645: -2.731694,-1.801277,1.509177,23.47399
200.9867: -2.730435,-1.505142,1.504183,21.27579
201.2089: -2.728995,-1.19463,1.521831,10.14503
201.4311: -2.742368,-0.8614835,1.5036,359.9512
201.6533: -2.724954,-0.5086737,1.513449,0.01859087
201.8756: -2.66977,-0.1601632,1.497071,7.77286
202.0978: -2.612178,0.1898298,1.50541,13.36232
202.32: -2.517706,0.5395434,1.515824,20.7665
202.5422: -2.368515,0.8826618,1.494693,19.46244
202.7645: -2.219062,1.218577,1.523395,8.86467
202.9867: -2.108731,1.542951,1.489336,359.9074
203.2089: -2.020619,1.851599,1.511125,341.481
203.4311: -1.986021,2.14762,1.475068,316.7131
203.6533: -2.059373,2.378031,1.497745,303.0887
203.8756: -2.190645,2.545154,1.503533,296.5257
204.0978: -2.37901,2.7152,1.490957,289.5306
Trial Result: Success object: Stove | Time Spent: 19.29101
Trial No.:17 Ends
Trial No.:15 Begins
User confirmed on object: Wheelbarrow, this maze officially starts.
225.4422: 0.2213913,0.1130528,1.571711,261.7694
225.6644: 0.2273473,0.1160963,1.56861,261.1442
225.8867: 0.2636446,0.107383,1.570413,261.8878
226.1089: 0.3228036,0.08791029,1.572491,262.0464
226.3311: 0.3787125,0.0696277,1.565771,263.5017
226.5533: 0.4240557,0.05753201,1.57007,266.741
226.7756: 0.4538964,0.05393088,1.582652,269.4597
226.9978: 0.4960459,0.04868695,1.580857,264.7914
227.22: 0.5337967,0.03744042,1.587969,262.9984
227.4422: 0.5484433,0.01830477,1.573173,231.0585
227.6644: 0.5563141,0.01988751,1.560724,182.5139
227.8867: 0.533183,0.009608269,1.556932,169.0032
228.1089: 0.5114616,-0.05056345,1.556778,190.6154
228.3311: 0.4573297,-0.1261699,1.551247,234.3294
228.5533: 0.3695216,-0.2520948,1.527757,240.0298
228.7756: 0.2085768,-0.4071059,1.551741,241.1088
228.9978: 0.04116478,-0.5756719,1.550835,250.0557
229.22: -0.1201638,-0.7475259,1.536629,263.2988
229.4422: -0.2964441,-0.8675627,1.548441,271.4187
229.6644: -0.4894688,-0.971908,1.532573,251.3038
229.8867: -0.6304893,-1.120647,1.548696,194.6866
230.1089: -0.7141152,-1.292405,1.520433,171.2385
230.3311: -0.7678193,-1.523081,1.533499,172.8118
230.5533: -0.8165668,-1.78494,1.511409,167.39
230.7756: -0.85149,-2.07652,1.535747,149.8615
230.9978: -0.8016942,-2.344692,1.511244,134.0284
231.22: -0.720887,-2.569428,1.524448,117.1604
231.4422: -0.6252136,-2.762714,1.520518,91.76632
231.6644: -0.4823109,-2.945775,1.533222,76.61012
231.8867: -0.2568638,-3.057831,1.505559,75.09526
232.1089: 0.01171576,-3.135569,1.527511,77.59377
232.3311: 0.3099538,-3.205973,1.522676,75.08866
232.5533: 0.6392087,-3.257565,1.553876,68.80683
232.7756: 0.9520392,-3.254776,1.518057,56.75943
232.9978: 1.222197,-3.258519,1.545557,42.58339
233.22: 1.473733,-3.218664,1.538889,22.80231
233.4422: 1.633975,-3.073834,1.537524,12.10304
233.6644: 1.727849,-2.843963,1.543263,2.999005
233.8867: 1.817789,-2.592609,1.553774,2.063879
234.1089: 1.93417,-2.311992,1.548152,8.526162
234.3311: 2.035966,-1.986894,1.565116,14.6124
234.5533: 2.11511,-1.649634,1.536765,19.3926
234.7756: 2.224275,-1.324337,1.568953,19.21523
234.9978: 2.368767,-1.024805,1.553659,9.486426
235.22: 2.497297,-0.7215433,1.58226,4.171599
235.4422: 2.587281,-0.4237491,1.558607,15.36043
235.6644: 2.652305,-0.1451779,1.581774,7.754924
235.8867: 2.70602,0.1300133,1.564736,330.613
236.1089: 2.70708,0.4052682,1.563001,297.0875
236.3311: 2.690516,0.6390945,1.561195,280.4236
236.5533: 2.681679,0.8402438,1.558514,265.7204
236.7756: 2.639481,1.021323,1.58406,272.4805
236.9978: 2.657333,1.222814,1.5656,328.8464
237.22: 2.714532,1.434644,1.531616,353.7856
237.4422: 2.756164,1.704216,1.572644,349.19
237.6644: 2.735465,1.971955,1.560833,328.3297
237.8867: 2.672257,2.282421,1.553394,318.017
238.1089: 2.568621,2.571116,1.559951,297.374
238.3311: 2.429199,2.811061,1.551768,270.5396
238.5533: 2.265854,2.985783,1.555453,252.0427
238.7756: 2.080472,3.143668,1.564636,253.6864
238.9978: 1.842603,3.286025,1.542191,266.8161
239.22: 1.597769,3.347738,1.569565,263.3128
239.4422: 1.340978,3.348988,1.535513,264.0927
239.6644: 1.076141,3.323836,1.57363,276.6667
239.8867: 0.8008149,3.298876,1.540981,275.5818
240.1089: 0.4851823,3.286444,1.561392,271.1409
240.3311: 0.1606757,3.25961,1.528092,265.7941
240.5533: -0.1687877,3.23716,1.545721,262.695
240.7756: -0.5035206,3.245724,1.510386,257.7102
240.9978: -0.7999218,3.244509,1.536537,249.7688
241.22: -1.104186,3.223818,1.505934,245.909
241.4422: -1.361484,3.239466,1.533982,259.307
241.6644: -1.583414,3.242574,1.489822,253.814
241.8867: -1.753656,3.157566,1.528821,203.6874
242.1089: -1.845224,3.008607,1.498872,184.1862
242.3311: -1.878396,2.806793,1.507426,166.4748
242.5533: -1.912769,2.612973,1.513207,152.3185
242.7756: -1.984578,2.369069,1.512154,162.845
242.9978: -2.0065,2.100736,1.520625,170.1089
243.22: -1.95426,1.851787,1.49682,137.8334
243.4422: -1.934507,1.626174,1.517745,108.3879
243.6644: -1.928929,1.409671,1.503135,96.77155
243.8867: -1.878221,1.238375,1.522194,96.81806
244.1089: -1.870387,1.091308,1.509184,168.4602
244.3311: -1.950583,1.062229,1.517185,238.947
244.5533: -2.054424,1.002755,1.500018,245.7419
244.7756: -2.231732,0.8716628,1.491921,203.2919
244.9978: -2.38958,0.6849561,1.483963,189.082
245.22: -2.469824,0.4532014,1.48456,179.0197
245.4422: -2.54842,0.2388658,1.51375,152.4526
245.6644: -2.660731,0.0264422,1.488785,135.229
245.8867: -2.75018,-0.2229075,1.515097,155.8855
246.1089: -2.764655,-0.4944815,1.486261,164.0725
246.3311: -2.771321,-0.7729163,1.514875,174.6852
246.5533: -2.800045,-1.050693,1.487958,189.9064
246.7756: -2.805321,-1.328468,1.530617,188.9887
246.9978: -2.776615,-1.616004,1.491999,180.2368
247.22: -2.737192,-1.921753,1.521525,160.8145
247.4422: -2.721428,-2.209747,1.489857,131.3795
247.6644: -2.685969,-2.482271,1.515361,111.1977
247.8867: -2.550165,-2.683717,1.483105,95.99067
248.1089: -2.380383,-2.840773,1.503815,81.62859
248.3311: -2.231654,-2.950296,1.4674,59.18618
248.5533: -2.078631,-2.980438,1.509519,42.59893
Trial Result: Success object: Mailbox | Time Spent: 23.35597
Trial No.:15 Ends
Trial No.:21 Begins
User confirmed on object: Mailbox, this maze officially starts.
275.9422: -1.672353,-3.071991,1.542073,353.3172
276.1645: -1.66799,-3.099588,1.541623,354.8646
276.3867: -1.671084,-3.15543,1.546014,356.0644
276.6089: -1.687418,-3.233595,1.543417,357.8593
276.8311: -1.711265,-3.312335,1.536101,0.3050593
277.0533: -1.727375,-3.373655,1.548883,1.713711
277.2756: -1.731425,-3.396007,1.552178,0.2305662
277.4978: -1.724958,-3.391682,1.559229,359.5537
277.72: -1.720659,-3.382396,1.558659,359.7351
277.9422: -1.665878,-3.378241,1.546846,39.51885
278.1645: -1.612472,-3.410356,1.534309,70.88132
278.3867: -1.561737,-3.444974,1.526534,92.61107
278.6089: -1.539873,-3.428656,1.516553,89.01756
278.8311: -1.477225,-3.397509,1.506627,73.95655
279.0533: -1.323413,-3.392104,1.490002,72.97906
279.2756: -1.083044,-3.401177,1.519428,72.47409
279.4978: -0.8666666,-3.373293,1.516024,75.14843
279.72: -0.6666706,-3.329472,1.51683,75.54777
279.9422: -0.4503892,-3.312732,1.52628,78.71703
280.1645: -0.1888128,-3.307505,1.510496,76.59821
280.3867: 0.1243726,-3.293122,1.539761,69.85397
280.6089: 0.4517625,-3.223696,1.504949,64.285
280.8311: 0.7739769,-3.138279,1.535034,55.75451
281.0533: 1.069084,-3.062168,1.506653,45.22453
281.2756: 1.315501,-2.925498,1.545119,30.56715
281.4978: 1.50567,-2.731386,1.532059,15.90753
281.72: 1.663498,-2.529646,1.545597,0.3666523
281.9422: 1.814712,-2.302643,1.544589,339.7878
282.1645: 1.944054,-2.000693,1.52508,4.989174
282.3867: 2.032243,-1.689871,1.546313,22.61081
282.6089: 2.169997,-1.398463,1.531968,28.88948
282.8311: 2.341038,-1.086946,1.553191,13.11318
283.0533: 2.475001,-0.7666633,1.552294,6.045066
283.2756: 2.59871,-0.468834,1.555883,12.08429
283.4978: 2.728088,-0.1775435,1.552435,18.62866
283.72: 2.82552,0.1316376,1.570818,25.82147
Trial Result: Success object: Trashcan | Time Spent: 8.152563
Trial No.:21 Ends
Trial No.:2 Begins
User confirmed on object: Stove, this maze officially starts.
303.6311: -2.475585,3.041708,1.546751,267.8228
303.8533: -2.465243,3.050027,1.549648,267.2757
304.0756: -2.438661,3.045512,1.549644,268.5793
304.2978: -2.416278,3.033024,1.550907,267.6941
304.52: -2.404417,3.039969,1.548868,270.5427
304.7422: -2.400085,3.071371,1.547621,268.9913
304.9644: -2.40657,3.116864,1.542117,259.9686
305.1867: -2.409665,3.15121,1.543606,255.5857
305.4089: -2.384889,3.132164,1.535269,235.3305
305.6311: -2.276485,3.089679,1.508726,149.5181
305.8533: -2.247935,3.06818,1.509951,125.3341
306.0756: -2.209846,3.007465,1.496372,141.7853
306.2978: -2.163159,2.920554,1.491294,161.822
306.52: -2.09532,2.767806,1.460663,175.2669
306.7422: -2.013381,2.542742,1.499771,181.228
306.9644: -1.921893,2.323502,1.503627,191.3906
307.1867: -1.869945,2.112948,1.51671,212.6683
307.4089: -1.876359,1.894224,1.509761,223.9151
307.6311: -1.909159,1.664542,1.519267,240.2835
307.8533: -1.828348,1.433839,1.511578,173.8982
308.0756: -1.750553,1.323635,1.498551,88.29353
308.2978: -1.699785,1.16748,1.498524,72.29451
308.52: -1.589147,1.037813,1.512683,79.3128
308.7422: -1.40287,0.9731185,1.481525,90.61849
308.9644: -1.148856,0.9481028,1.498218,99.27534
309.1867: -0.8888835,0.8982781,1.509981,118.3549
309.4089: -0.6194053,0.840582,1.514687,128.2098
309.6311: -0.3825012,0.7974808,1.522626,138.0042
309.8533: -0.1503328,0.8066598,1.532574,109.3584
310.0756: 0.04966329,0.8126602,1.542654,94.03696
310.2978: 0.2633611,0.8460014,1.532803,87.71867
310.52: 0.5008723,0.9096043,1.502076,83.31139
310.7422: 0.7909541,0.9489799,1.548331,84.99175
310.9644: 1.097124,0.9372908,1.531095,94.42876
311.1867: 1.417251,0.9300216,1.55349,95.07071
311.4089: 1.748838,0.9396941,1.539834,105.6852
311.6311: 2.033924,0.8763363,1.573818,139.2862
311.8533: 2.257213,0.7875402,1.545375,163.4843
312.0756: 2.479027,0.669938,1.559552,180.0377
312.2978: 2.650993,0.512034,1.570022,194.2445
312.52: 2.751192,0.294433,1.534224,203.1344
312.7422: 2.788639,-0.01544514,1.554646,215.5033
312.9644: 2.775777,-0.2686699,1.53355,221.7394
313.1867: 2.700724,-0.5128298,1.55627,221.6849
313.4089: 2.551704,-0.7363173,1.547332,220.8929
313.6311: 2.394297,-0.961863,1.576811,211.7708
313.8533: 2.250258,-1.193768,1.543015,188.0555
314.0756: 2.097855,-1.40444,1.551493,161.546
314.2978: 1.966779,-1.613523,1.53745,145.9563
314.52: 1.883176,-1.846299,1.552084,146.7778
314.7422: 1.867291,-2.090891,1.539196,141.2491
314.9644: 1.849723,-2.34934,1.546991,135.7219
315.1867: 1.758722,-2.596433,1.535503,192.9164
315.4089: 1.672138,-2.773204,1.544262,248.3321
315.6311: 1.549734,-2.916056,1.5446,273.5041
315.8533: 1.346305,-2.981484,1.521959,289.7207
316.0756: 1.119288,-3.010798,1.541438,307.6582
316.2978: 0.8507476,-3.085982,1.515171,295.9126
316.52: 0.5529277,-3.134293,1.543086,287.362
316.7422: 0.2553748,-3.087683,1.521006,287.6979
316.9644: -0.02727813,-3.019069,1.534212,286.1108
317.1867: -0.2849381,-2.928495,1.497781,308.5384
317.4089: -0.4983998,-2.780844,1.526017,330.2671
317.6311: -0.6425522,-2.557039,1.502064,339.1315
317.8533: -0.7493063,-2.285635,1.53176,338.8542
318.0756: -0.8457039,-1.998494,1.49914,331.2341
318.2978: -0.9366474,-1.707639,1.513754,320.4625
318.52: -1.036931,-1.445262,1.485765,300.5958
318.7422: -1.201018,-1.255544,1.51739,280.1157
318.9644: -1.429622,-1.121809,1.505892,287.2771
319.1867: -1.679307,-0.9867784,1.522573,303.4903
319.4089: -1.938018,-0.886785,1.496013,287.0591
319.6311: -2.141145,-0.878911,1.52173,237.5238
319.8533: -2.356841,-0.7271442,1.502003,300.1394
320.0756: -2.430558,-0.5274699,1.491228,5.880158
320.2978: -2.502925,-0.2936687,1.491624,20.74038
320.52: -2.564905,-0.05568901,1.496612,41.16935
320.7422: -2.632148,0.2235087,1.49668,28.36927
320.9644: -2.57198,0.4861635,1.488657,28.44328
321.1867: -2.433363,0.7318061,1.502706,31.52654
321.4089: -2.301863,0.9998941,1.506546,17.54452
321.6311: -2.166223,1.274806,1.493469,2.881198
321.8533: -2.00383,1.550504,1.485142,351.4527
322.0756: -1.887762,1.856936,1.489471,328.7996
322.2978: -1.902088,2.122242,1.480233,304.5009
322.52: -1.890389,2.374586,1.510655,335.8083
322.7422: -1.796174,2.559387,1.493267,45.58345
322.9644: -1.748981,2.729277,1.514776,65.59372
323.1867: -1.664845,2.864587,1.499077,87.69294
323.4089: -1.506867,2.96527,1.48032,98.7366
323.6311: -1.270267,3.021564,1.500502,107.9547
323.8533: -1.012991,3.091817,1.516331,108.0281
324.0756: -0.7564893,3.179912,1.506767,98.5401
324.2978: -0.4991004,3.208034,1.54351,98.33074
324.52: -0.2343107,3.192028,1.527776,99.78501
324.7422: 0.06412047,3.184117,1.546416,99.75246
324.9644: 0.3835362,3.210919,1.53038,94.19046
325.1867: 0.7237485,3.214294,1.55955,94.73637
325.4089: 1.06241,3.174607,1.540406,98.88602
325.6311: 1.386035,3.139709,1.567215,111.4369
325.8533: 1.709733,3.100047,1.545079,127.705
326.0756: 2.011877,2.983999,1.566047,143.1351
326.2978: 2.2626,2.8227,1.556436,154.0792
326.52: 2.469998,2.665037,1.568526,164.0807
326.7422: 2.624869,2.479017,1.576792,186.553
326.9644: 2.716472,2.245645,1.54626,205.61
327.1867: 2.766377,1.983962,1.573017,211.2716
327.4089: 2.809434,1.747875,1.55488,220.4318
327.6311: 2.778157,1.544105,1.569693,241.3864
327.8533: 2.632803,1.381385,1.541428,253.8652
328.0756: 2.394881,1.239905,1.558117,261.3207
328.2978: 2.135011,1.11234,1.545418,266.2723
328.52: 1.855103,1.010187,1.570402,270.7774
328.7422: 1.564891,0.9764299,1.549975,272.5897
328.9644: 1.27718,0.9526203,1.551986,259.7468
329.1867: 1.01576,0.9251471,1.530745,249.0308
329.4089: 0.7649744,0.9111972,1.553622,241.3438
329.6311: 0.5350675,0.867507,1.510988,233.2841
329.8533: 0.3293717,0.7068592,1.500541,229.313
Trial Result: Success object: Wheelbarrow | Time Spent: 26.477
Trial No.:2 Ends
Trial No.:7 Begins
User confirmed on object: Plant, this maze officially starts.
346.2645: -2.437201,-1.867839,1.559983,262.0116
346.4867: -2.38861,-1.885057,1.555974,266.2287
346.7089: -2.294704,-1.935696,1.536269,270.2815
346.9311: -2.238296,-1.95602,1.548149,292.119
347.1534: -2.203759,-1.909088,1.535516,337.8434
347.3755: -2.204299,-1.869462,1.519764,2.198062
347.5978: -2.223809,-1.852731,1.523771,34.0811
347.82: -2.278959,-1.886483,1.518159,67.59704
348.0422: -2.326847,-1.909775,1.524504,83.42223
348.2645: -2.344563,-1.861611,1.527594,58.0112
348.4867: -2.413536,-1.801978,1.513511,2.67312
348.7089: -2.491146,-1.757053,1.505519,357.233
348.9311: -2.579104,-1.67376,1.507082,8.448442
349.1534: -2.664373,-1.540174,1.499452,3.291755
349.3755: -2.692883,-1.321607,1.472955,2.225874
349.5978: -2.68077,-1.035034,1.515329,3.036907
349.82: -2.690216,-0.7369298,1.499347,4.323408
350.0422: -2.710407,-0.4226189,1.510083,8.548992
350.2645: -2.690529,-0.1077204,1.494296,15.6016
350.4867: -2.664433,0.1816203,1.498727,33.19941
350.7089: -2.647012,0.4358583,1.487188,47.62716
350.9311: -2.562822,0.6441303,1.51981,61.64703
351.1534: -2.41944,0.7870183,1.507656,74.59212
351.3755: -2.290077,0.9500026,1.519344,66.24177
351.5978: -2.206444,1.169491,1.49776,20.56692
351.82: -2.092901,1.378905,1.502117,351.0437
352.0422: -1.957621,1.619318,1.475757,336.1467
352.2645: -1.884355,1.891394,1.499321,319.2346
352.4867: -1.911965,2.130391,1.478886,313.9322
352.7089: -1.834287,2.346811,1.516655,18.08952
352.9311: -1.732257,2.470096,1.493962,70.00095
353.1534: -1.63011,2.62887,1.509913,80.80677
353.3755: -1.511428,2.77685,1.497965,91.3383
353.5978: -1.340036,2.891144,1.504352,103.5772
353.82: -1.090516,2.942697,1.48046,111.1924
354.0422: -0.805582,2.971339,1.513332,109.7237
354.2645: -0.533218,3.021976,1.496401,101.236
354.4867: -0.2301996,3.070441,1.534566,96.63219
354.7089: 0.08018334,3.064558,1.52227,101.1324
354.9311: 0.3743403,3.081134,1.549749,95.33266
355.1534: 0.6570252,3.127726,1.533586,80.52551
355.3755: 0.945132,3.143574,1.565872,84.54089
355.5978: 1.240725,3.116143,1.544872,90.39218
355.82: 1.532187,3.078709,1.56409,107.9651
356.0422: 1.822,3.043606,1.543875,131.1826
356.2645: 2.085768,2.931948,1.563152,150.5104
356.4867: 2.288399,2.77431,1.557965,159.5378
356.7089: 2.477451,2.617884,1.559934,161.2454
356.9311: 2.631848,2.433673,1.571584,162.9301
357.1534: 2.70294,2.211767,1.558328,164.2152
357.3755: 2.733074,1.956699,1.577009,158.6491
357.5978: 2.778391,1.722996,1.567227,150.9906
Trial Result: Success object: Trashcan | Time Spent: 11.73923
Trial No.:7 Ends
Trial No.:22 Begins
User confirmed on object: Mailbox, this maze officially starts.
375.22: -1.776726,-3.160514,1.551667,5.572094
375.4422: -1.774621,-3.185839,1.555693,4.876419
375.6645: -1.736651,-3.247823,1.553046,2.630735
375.8867: -1.680805,-3.325062,1.549488,358.0699
376.1089: -1.638448,-3.38786,1.55694,354.1497
376.3311: -1.614064,-3.422715,1.563583,352.2256
376.5533: -1.604141,-3.43952,1.566632,355.5524
376.7756: -1.559386,-3.436927,1.548908,36.71582
376.9978: -1.490737,-3.449956,1.528429,70.68087
377.22: -1.392351,-3.413785,1.513746,72.67503
377.4422: -1.257888,-3.338612,1.520472,59.08503
377.6645: -1.169852,-3.208745,1.522347,34.28227
377.8867: -1.118228,-3.021917,1.501,13.68585
378.1089: -1.065408,-2.768972,1.531859,6.785177
378.3311: -0.9856068,-2.499725,1.510877,4.145059
378.5533: -0.8986608,-2.20258,1.521263,354.4025
378.7756: -0.8827836,-1.916733,1.518806,329.9456
378.9978: -0.8810911,-1.661085,1.516898,313.8791
379.22: -0.8800066,-1.437694,1.516581,292.7698
379.4422: -0.9042,-1.259068,1.527105,274.0705
379.6645: -0.91745,-1.095899,1.52931,306.2082
379.8867: -0.7783609,-1.00379,1.529874,47.92998
380.1089: -0.6890617,-0.9738457,1.525075,82.96686
380.3311: -0.536722,-0.898914,1.506898,68.21513
380.5533: -0.3882302,-0.7498962,1.518863,21.17463
380.7756: -0.3023004,-0.5978791,1.519405,10.39764
380.9978: -0.2311907,-0.4190511,1.537678,9.091018
381.22: -0.1615084,-0.216894,1.53442,344.0345
381.4422: -0.05460448,-0.02361909,1.528509,339.5093
381.6645: 0.04630271,0.1869332,1.548227,25.96594
381.8867: 0.07018887,0.4007248,1.526093,39.84741
382.1089: 0.1441705,0.5773832,1.547282,62.53684
382.3311: 0.2821747,0.704092,1.525148,76.75626
382.5533: 0.4884005,0.8018205,1.544508,90.53375
382.7756: 0.7018079,0.9015712,1.53521,102.2035
382.9978: 0.9420242,0.9910567,1.534264,114.08
383.22: 1.169072,0.99617,1.530961,130.9824
Trial Result: Success object: Bookshelf | Time Spent: 8.286081
Trial No.:22 Ends
Trial No.:4 Begins
User confirmed on object: Piano, this maze officially starts.
399.3756: 1.824736,3.351107,1.596657,194.6079
399.5978: 1.815278,3.382645,1.597917,196.6232
399.82: 1.790807,3.458443,1.58689,193.43
400.0422: 1.721943,3.540302,1.576371,226.4877
400.2645: 1.702407,3.60457,1.571929,257.9924
400.4867: 1.720817,3.593454,1.577607,254.496
400.7089: 1.803377,3.508621,1.567482,176.7337
400.9311: 1.877383,3.50679,1.566718,123.8933
401.1534: 1.957975,3.477978,1.556959,94.57362
401.3756: 2.022877,3.415848,1.553418,52.23664
401.5978: 2.114626,3.256329,1.556014,78.72659
401.82: 2.202014,3.056817,1.572461,152.0026
402.0422: 2.34635,2.922401,1.538458,170.8922
402.2645: 2.52123,2.768278,1.580353,172.4011
402.4867: 2.624072,2.552918,1.56739,173.1111
402.7089: 2.651168,2.304683,1.570546,195.3556
402.9311: 2.686789,2.05481,1.575255,205.975
403.1534: 2.683861,1.822827,1.571062,218.5281
403.3756: 2.578617,1.606321,1.555603,235.3419
403.5978: 2.415617,1.418255,1.573138,244.6451
403.82: 2.243916,1.272235,1.549626,253.9968
404.0422: 1.995641,1.157787,1.554042,261.8575
404.2645: 1.703495,1.12416,1.546189,263.5759
404.4867: 1.41488,1.088627,1.571822,262.6147
404.7089: 1.134285,1.018607,1.539375,253.4002
404.9311: 0.8432302,0.9618706,1.558554,240.7829
405.1534: 0.546997,0.9020472,1.509335,217.3098
405.3756: 0.3062299,0.7693173,1.530884,197.5663
405.5978: 0.1821372,0.547702,1.511957,176.18
405.82: 0.07255836,0.2972115,1.527468,165.9979
406.0422: -0.03445806,0.02413493,1.510694,156.291
406.2645: -0.06878772,-0.2530796,1.521013,135.5968
406.4867: -0.05393293,-0.503642,1.506734,119.0343
406.7089: -0.06625028,-0.7157115,1.511955,100.3328
406.9311: -0.06436083,-0.8672211,1.521925,84.75553
407.1534: -0.00486976,-0.9805067,1.524221,83.00874
407.3756: 0.1400261,-1.01872,1.514485,81.79762
407.5978: 0.3578388,-1.019335,1.528868,78.90742
407.82: 0.610962,-1.032402,1.531286,73.0254
408.0422: 0.8895952,-1.031218,1.52259,67.47711
Trial Result: Success object: Harp | Time Spent: 9.062895
Trial No.:4 Ends
Trial No.:8 Begins
User confirmed on object: Plant, this maze officially starts.
427.2534: -2.425982,-2.070099,1.53438,274.5266
427.4756: -2.423178,-2.050682,1.532929,273.0817
427.6978: -2.407972,-2.050545,1.541536,275.0811
427.92: -2.3729,-2.077051,1.556954,277.6676
428.1422: -2.337363,-2.123232,1.558608,275.6515
428.3644: -2.319154,-2.124046,1.558002,293.8762
428.5867: -2.322801,-2.092556,1.553421,305.0352
428.8089: -2.328705,-1.98821,1.527312,352.5795
429.0311: -2.368051,-1.884002,1.514064,9.754468
429.2534: -2.436257,-1.816723,1.511101,18.9695
429.4756: -2.529477,-1.722104,1.514037,13.19525
429.6978: -2.602244,-1.561005,1.494082,9.712525
429.92: -2.596539,-1.377288,1.476779,25.42702
430.1422: -2.566926,-1.276593,1.490142,70.49765
430.3644: -2.496313,-1.221374,1.489707,85.13882
430.5867: -2.322398,-1.18679,1.469996,87.77833
430.8089: -2.068419,-1.176558,1.517183,85.00993
431.0311: -1.798609,-1.13742,1.50108,81.42442
431.2534: -1.488013,-1.070258,1.513591,78.53843
431.4756: -1.167571,-1.042096,1.525955,67.99593
431.6978: -0.8280528,-1.03375,1.491507,51.3639
431.92: -0.5446439,-0.9519637,1.511627,36.61205
432.1422: -0.3457595,-0.8507802,1.516681,23.92939
432.3644: -0.1586676,-0.7621762,1.531106,25.68947
432.5867: -0.01503574,-0.7662079,1.557039,82.76765
432.8089: 0.05060497,-0.8082466,1.522042,94.96896
433.0311: 0.1438839,-0.8668999,1.519579,88.39211
433.2534: 0.3057975,-0.9495861,1.517895,84.59499
433.4756: 0.5330094,-0.9846475,1.526064,77.58949
433.6978: 0.7541059,-0.9557082,1.516873,75.63895
433.92: 0.9629647,-0.9342561,1.559247,68.8884
Trial Result: Success object: Harp | Time Spent: 6.974886
Trial No.:8 Ends
Trial No.:24 Begins
User confirmed on object: Chair, this maze officially starts.
444.7756: 0.8062466,-3.231328,1.583691,1.750054
444.9978: 0.8450277,-3.295156,1.578787,3.182482
445.22: 0.9097363,-3.386324,1.551955,358.2514
445.4422: 0.9145094,-3.453359,1.543594,319.0685
445.6645: 0.9050315,-3.510427,1.546087,280.9508
445.8867: 0.8459923,-3.522045,1.540302,264.9207
446.1089: 0.6977663,-3.490167,1.518142,273.2455
446.3311: 0.4975216,-3.451296,1.533301,282.6628
446.5533: 0.2940114,-3.374601,1.525606,291.6404
446.7756: 0.06552091,-3.269307,1.525229,290.1943
446.9978: -0.2021607,-3.199263,1.540509,286.6305
447.22: -0.4866432,-3.217536,1.512104,268.5974
447.4422: -0.772135,-3.207089,1.552736,268.8889
447.6645: -1.005917,-3.126787,1.493405,297.3178
447.8867: -1.127329,-3.098761,1.53531,323.2415
448.1089: -1.137064,-3.053809,1.514393,3.484327
448.3311: -1.071457,-2.955857,1.496669,14.61706
448.5533: -0.9571331,-2.771813,1.504969,4.303051
448.7756: -0.8751881,-2.515066,1.491014,356.2305
448.9978: -0.8626072,-2.214953,1.49513,348.6835
449.22: -0.8423296,-1.929602,1.522646,330.3925
449.4422: -0.813199,-1.633769,1.483938,309.634
449.6645: -0.8680523,-1.388713,1.507945,285.7001
449.8867: -0.9730982,-1.236416,1.494907,267.8557
450.1089: -1.079552,-1.095969,1.510857,268.3613
450.3311: -1.245131,-0.9981694,1.511077,282.2896
450.5533: -1.482472,-0.9650853,1.461491,289.8426
450.7756: -1.805261,-0.9466664,1.496912,302.3986
450.9978: -2.087029,-0.8413238,1.506556,319.3587
451.22: -2.31241,-0.6951045,1.481608,338.8832
451.4422: -2.486762,-0.5480708,1.48988,357.8934
451.6645: -2.582727,-0.3637982,1.497177,21.31827
451.8867: -2.628641,-0.1172258,1.487527,34.23649
452.1089: -2.644739,0.1548308,1.508199,30.56499
452.3311: -2.623564,0.4298059,1.486476,34.93102
452.5533: -2.516151,0.6960173,1.493906,38.88382
452.7756: -2.351734,0.8939081,1.492396,72.65482
452.9978: -2.23765,1.089319,1.519057,96.08302
453.22: -2.136426,1.346804,1.513381,74.31607
453.4422: -2.044848,1.629176,1.502746,9.905092
453.6645: -1.921627,1.875164,1.481961,333.7065
453.8867: -1.87908,2.112618,1.508415,299.5462
454.1089: -1.867988,2.376636,1.474394,319.449
454.3311: -1.742771,2.610533,1.513437,40.0084
454.5533: -1.612101,2.760098,1.507175,68.09743
454.7756: -1.437528,2.902371,1.515147,83.0466
454.9978: -1.233859,3.040499,1.504946,98.2996
455.22: -0.997133,3.159381,1.5225,112.873
455.4422: -0.7220831,3.225426,1.511539,108.7589
455.6645: -0.4341269,3.255849,1.54071,97.53416
455.8867: -0.1408903,3.28555,1.523395,102.1719
456.1089: 0.157281,3.31381,1.548753,107.5658
456.3311: 0.4536724,3.308013,1.542441,88.98994
456.5533: 0.7416794,3.265483,1.567649,75.76129
456.7756: 1.056383,3.233505,1.54324,84.91634
456.9978: 1.361162,3.19239,1.570958,110.2277
457.22: 1.629234,3.126742,1.565983,132.2746
457.4422: 1.890473,3.048582,1.572321,144.191
457.6645: 2.149329,2.953375,1.556523,155.3529
457.8867: 2.356757,2.815285,1.580732,161.142
458.1089: 2.49173,2.625412,1.563612,165.5254
458.3311: 2.612301,2.398025,1.584442,164.887
458.5533: 2.738774,2.144711,1.551892,163.2233
458.7756: 2.835504,1.864499,1.586265,159.6658
Trial Result: Success object: Trashcan | Time Spent: 14.35958
Trial No.:24 Ends
Trial No.:23 Begins
User confirmed on object: Chair, this maze officially starts.
479.8089: 1.134155,-3.331257,1.588596,341.7691
480.0311: 1.160227,-3.349316,1.587333,343.6694
480.2534: 1.180825,-3.373851,1.585028,349.2247
480.4756: 1.191448,-3.412554,1.570521,0.5654281
480.6978: 1.214235,-3.452157,1.543201,26.33731
480.92: 1.262371,-3.494504,1.542271,44.84166
481.1422: 1.309367,-3.478515,1.541498,42.57065
481.3644: 1.395459,-3.389617,1.528319,31.22995
481.5867: 1.510867,-3.246072,1.547571,8.854254
481.8089: 1.606866,-3.073442,1.547976,4.546352
482.0311: 1.677629,-2.845539,1.523799,7.436062
482.2534: 1.732083,-2.579674,1.559535,7.12086
482.4756: 1.797457,-2.316261,1.53995,2.072426
482.6978: 1.835073,-2.051091,1.55326,344.6804
482.92: 1.799963,-1.805354,1.546795,318.4684
483.1422: 1.732023,-1.578553,1.550503,302.4311
483.3644: 1.659682,-1.370149,1.53238,280.9879
483.5867: 1.563926,-1.212969,1.551078,263.2308
483.8089: 1.426446,-1.126502,1.542958,278.6544
484.0311: 1.222157,-1.119181,1.549518,289.0361
484.2534: 1.025857,-1.089685,1.571965,298.3981
484.4756: 0.9471013,-1.035231,1.552067,334.1396
484.6978: 1.012334,-1.063389,1.522198,51.02382
484.92: 1.143292,-1.119722,1.516013,81.7737
485.1422: 1.37796,-1.12967,1.504277,69.37817
485.3644: 1.648759,-1.076663,1.523775,51.74286
485.5867: 1.908563,-0.9583625,1.50125,42.80864
485.8089: 2.163286,-0.8281583,1.533891,26.49467
486.0311: 2.39131,-0.6932251,1.522818,19.18432
486.2534: 2.550061,-0.5010617,1.56124,7.86531
486.4756: 2.615988,-0.2948598,1.546652,336.3535
486.6978: 2.70293,-0.09469908,1.555186,309.8149
486.92: 2.792253,0.1508793,1.539891,312.8888
487.1422: 2.777273,0.3681372,1.554033,303.7954
487.3644: 2.650117,0.5474061,1.546019,295.4783
487.5867: 2.480097,0.6990733,1.559745,281.53
487.8089: 2.277305,0.8538854,1.539713,265.0449
488.0311: 2.045714,0.9592815,1.561072,243.5873
488.2534: 1.768676,1.027391,1.540222,256.1908
488.4756: 1.472853,1.074037,1.567492,266.6833
488.6978: 1.178407,1.112348,1.521311,261.936
488.92: 0.9097666,1.096892,1.549569,242.3658
489.1422: 0.6607361,1.084734,1.523785,270.2905
489.3644: 0.4689581,1.149121,1.556186,321.4101
489.5867: 0.3147145,1.286309,1.526383,340.9411
489.8089: 0.1803978,1.46766,1.544552,353.9124
490.0311: 0.06317796,1.665354,1.524751,357.0932
490.2534: -0.02493493,1.898993,1.5341,347.8284
490.4756: -0.04941469,2.181084,1.493007,333.7704
490.6978: -0.0852152,2.470984,1.512142,308.5719
490.92: -0.1975229,2.68382,1.511569,294.037
491.1422: -0.3418116,2.849404,1.523358,281.8498
491.3644: -0.5010201,3.007512,1.51402,264.3569
491.5867: -0.6772205,3.173472,1.534723,258.0122
491.8089: -0.8742279,3.278738,1.511465,263.6817
492.0311: -1.12414,3.30409,1.522002,263.7746
492.2534: -1.378709,3.307661,1.520853,253.1387
492.4756: -1.579252,3.244977,1.484077,198.5139
492.6978: -1.702203,3.137955,1.499535,172.8895
492.92: -1.78338,3.036068,1.509559,158.9162
493.1422: -1.834049,2.978861,1.496845,120.903
493.3645: -1.840873,2.967683,1.510388,92.11713
493.5867: -1.737427,2.976777,1.494023,86.53638
493.8089: -1.496234,3.040277,1.474786,85.84518
494.0311: -1.179158,3.089111,1.507629,90.78179
494.2534: -0.8751174,3.092519,1.497867,94.08739
494.4756: -0.5219814,3.107345,1.529515,95.25047
494.6978: -0.1550326,3.139088,1.514726,97.83551
494.92: 0.230105,3.141985,1.543346,98.84531
495.1422: 0.5999022,3.130701,1.540241,100.8912
495.3645: 0.9303033,3.134473,1.546214,111.3256
495.5867: 1.220955,3.103516,1.559209,131.2829
Trial Result: Success object: Piano | Time Spent: 16.00288
Trial No.:23 Ends
Trial No.:6 Begins
User confirmed on object: Table, this maze officially starts.
509.9978: -2.098463,2.01607,1.560312,91.95476
510.22: -2.130056,1.979503,1.555569,99.19206
510.4422: -2.193526,1.990143,1.539021,100.4544
510.6645: -2.254659,2.06388,1.515097,63.09297
510.8867: -2.319257,2.104018,1.512177,21.8728
511.1089: -2.3232,2.119474,1.513264,350.313
511.3311: -2.23943,2.144563,1.503354,348.2422
511.5533: -2.177509,2.187521,1.508564,331.7878
511.7756: -2.189862,2.23447,1.500395,308.498
511.9978: -2.194256,2.310498,1.507366,310.5704
512.22: -2.141051,2.440552,1.502746,0.5292459
512.4423: -2.062793,2.543702,1.488793,52.16217
512.6644: -1.977417,2.693322,1.493829,69.23126
512.8867: -1.874503,2.834557,1.497144,85.45917
513.1089: -1.713913,2.933414,1.493796,96.83688
513.3311: -1.471528,2.979464,1.46367,102.6282
513.5533: -1.194385,3.000409,1.50858,110.5323
513.7756: -0.9332268,3.052588,1.49791,117.5742
513.9978: -0.6828032,3.080907,1.528975,132.3
514.22: -0.4520822,3.064572,1.516713,149.8112
514.4423: -0.2008952,3.098994,1.538077,129.4439
514.6644: 0.04207378,3.170342,1.521755,94.41734
514.8867: 0.2961195,3.195945,1.554313,80.5431
515.1089: 0.576341,3.154128,1.531533,83.9016
515.3311: 0.854026,3.099675,1.567317,92.15102
515.5533: 1.150848,3.08911,1.537227,98.12955
515.7756: 1.477019,3.083426,1.568061,114.2413
515.9978: 1.782933,3.001816,1.559971,130.1428
516.22: 2.044307,2.895688,1.568958,142.3967
516.4423: 2.264728,2.778033,1.554372,153.6824
516.6644: 2.434923,2.62217,1.579194,168.0084
516.8867: 2.526417,2.426961,1.557302,188.5346
517.1089: 2.5992,2.188839,1.577934,196.466
517.3311: 2.679707,1.925441,1.559788,199.2255
517.5533: 2.760421,1.630796,1.584868,194.2117
517.7756: 2.771165,1.303626,1.559308,190.8134
517.9978: 2.759632,1.005397,1.590218,189.5586
518.22: 2.764709,0.6836867,1.554226,189.9972
518.4423: 2.75119,0.3541974,1.589519,201.91
518.6644: 2.690844,0.02717924,1.553167,214.6454
518.8867: 2.638236,-0.246659,1.574401,219.3234
519.1089: 2.567865,-0.5053301,1.537532,234.1271
519.3311: 2.450178,-0.7211196,1.589737,251.4457
519.5533: 2.315702,-0.866543,1.554692,250.4071
519.7756: 2.143212,-0.9761299,1.582054,286.1379
519.9978: 2.05788,-1.103512,1.578012,309.6436
520.22: 1.976907,-1.31329,1.575662,277.0278
520.4423: 1.948089,-1.549404,1.558692,196.1053
520.6644: 1.890619,-1.725835,1.541261,164.9545
520.8867: 1.838565,-1.899267,1.557764,132.4523
521.1089: 1.825028,-2.10312,1.53851,126.04
521.3311: 1.87991,-2.33926,1.516937,124.2076
521.5533: 1.891734,-2.538151,1.558042,128.0591
521.7756: 1.760989,-2.707023,1.556025,203.7075
521.9978: 1.610417,-2.817886,1.555578,247.6459
522.22: 1.452557,-2.960914,1.555892,264.9959
522.4423: 1.276779,-3.094146,1.538419,279.0529
522.6644: 1.042186,-3.192288,1.526791,283.0528
522.8867: 0.774943,-3.212975,1.530937,290.3233
523.1089: 0.5084545,-3.259406,1.540474,290.7878
523.3311: 0.2337708,-3.32043,1.529762,288.9781
523.5533: -0.03362473,-3.330542,1.547762,289.1019
523.7756: -0.2992148,-3.307749,1.531646,286.6139
523.9978: -0.5699155,-3.30105,1.548262,282.3127
524.22: -0.8440154,-3.312547,1.531433,266.8121
524.4423: -1.121309,-3.274334,1.545812,274.1612
524.6644: -1.390177,-3.198824,1.519625,294.2072
524.8867: -1.651739,-3.136392,1.540414,307.3896
525.1089: -1.925781,-3.074445,1.501872,324.3617
525.3311: -2.192956,-2.973546,1.527201,340.9602
525.5533: -2.390311,-2.808393,1.498036,0.4165738
525.7756: -2.563791,-2.623492,1.508805,10.81133
525.9978: -2.705635,-2.412034,1.484543,17.78787
526.22: -2.799178,-2.158431,1.510748,15.15543
526.4423: -2.813951,-1.886717,1.496258,12.06663
526.6644: -2.840935,-1.610146,1.522566,350.2197
526.8867: -2.863354,-1.342312,1.484295,351.0622
527.1089: -2.860497,-1.062658,1.513966,1.642093
527.3311: -2.823235,-0.790002,1.486692,14.70363
527.5533: -2.768988,-0.572127,1.537951,57.44006
527.7756: -2.762935,-0.4641054,1.490872,107.9229
527.9978: -2.750635,-0.4182276,1.513291,129.9206
528.22: -2.692475,-0.4225662,1.506476,127.0829
528.4423: -2.585528,-0.5051447,1.486459,117.9191
528.6644: -2.432353,-0.6734559,1.478106,99.4556
528.8867: -2.227849,-0.8099396,1.495904,92.6289
529.1089: -1.979791,-0.8694221,1.476308,96.31209
529.3311: -1.727265,-0.9293732,1.517142,114.9701
529.5533: -1.494524,-1.007864,1.504173,141.3281
529.7756: -1.255728,-1.063972,1.526753,159.9572
529.9978: -1.030271,-1.072692,1.507273,177.8487
530.22: -0.7526755,-1.006119,1.531574,139.9425
530.4423: -0.5033575,-0.9403717,1.517616,93.0983
530.6644: -0.2392548,-0.9422835,1.514485,81.24174
530.8867: 0.04017118,-0.9210226,1.545755,81.624
531.1089: 0.2820008,-0.8949973,1.525398,85.48302
531.3311: 0.5045831,-0.9329528,1.548372,108.4102
531.5533: 0.7042063,-0.9483554,1.511837,106.4315
531.7756: 0.7857395,-0.8694119,1.552661,52.61515
531.9978: 0.7074648,-0.8282189,1.563747,336.5493
532.22: 0.6024067,-0.8086159,1.558525,315.1926
532.4423: 0.3933307,-0.7184436,1.521351,317.0667
532.6644: 0.2365946,-0.5636137,1.540744,343.8006
532.8867: 0.1708134,-0.3783593,1.516239,8.671305
533.1089: 0.1209915,-0.1505496,1.527564,18.34753
533.3311: 0.06585558,0.09378096,1.516807,29.00049
533.5533: 0.03738513,0.3480529,1.514737,48.69307
533.7756: 0.07537597,0.5517036,1.521777,70.41174
533.9978: 0.1182827,0.736179,1.521815,84.97189
534.22: 0.1047168,0.9173883,1.511634,90.39391
534.4423: 0.09338623,1.058594,1.524308,85.42682
534.6644: 0.03552966,1.197491,1.530759,357.3282
534.8867: -0.00584225,1.167217,1.539562,270.8478
535.1089: -0.006444211,1.157739,1.536393,261.7076
535.3311: 0.02604863,1.176765,1.543513,316.1993
535.5533: 0.2179905,1.09679,1.522795,60.02019
535.7756: 0.3753407,0.9952797,1.502222,101.4111
535.9978: 0.6260923,0.9471578,1.503564,98.59088
536.22: 0.9118302,0.9681683,1.506499,83.70963
536.4423: 1.217687,1.012537,1.518025,79.87807
536.6644: 1.539911,1.018752,1.537492,76.90925
536.8867: 1.861307,1.057198,1.534718,56.26507
537.1089: 2.135245,1.171505,1.536171,36.99521
537.3311: 2.364579,1.313303,1.545166,14.6066
537.5533: 2.544571,1.459273,1.526589,343.1494
537.7756: 2.64711,1.615981,1.561476,321.7953
537.9978: 2.710657,1.748554,1.554887,305.8838
538.22: 2.821545,1.880203,1.56953,291.6215
538.4423: 2.942999,2.042648,1.570992,309.6214
538.6644: 2.988674,2.193152,1.585423,329.9286
538.8867: 2.960261,2.339134,1.574363,335.5859
539.1089: 2.830316,2.499352,1.545949,314.0093
539.3311: 2.655349,2.662911,1.561067,279.692
539.5533: 2.469087,2.832239,1.545877,264.5103
539.7756: 2.251675,2.980887,1.557668,256.3398
Trial Result: Fail at object:  | Time Spent: 30
Trial No.:6 Ends
Trial No.:3 Begins
User confirmed on object: Piano, this maze officially starts.
561.22: 1.593468,3.327765,1.594865,175.2749
561.4423: 1.582223,3.341273,1.596768,174.6701
561.6644: 1.577809,3.342486,1.592577,169.9985
561.8867: 1.615394,3.324139,1.573064,154.871
562.1089: 1.681353,3.306748,1.560921,133.6255
562.3311: 1.781591,3.26832,1.554354,125.6371
562.5533: 1.929629,3.210717,1.558147,139.2139
562.7756: 2.077234,3.12443,1.574094,158.02
562.9978: 2.223551,2.988647,1.550796,162.7669
563.22: 2.340967,2.800876,1.569477,167.4093
563.4423: 2.451041,2.611833,1.575535,184.4032
563.6644: 2.599913,2.420184,1.561126,193.2256
563.8867: 2.724616,2.192697,1.578,191.798
564.1089: 2.786871,1.94438,1.562537,186.0432
564.3311: 2.828754,1.717371,1.587952,188.1476
564.5533: 2.852647,1.529327,1.572675,213.3276
564.7756: 2.866374,1.426103,1.588843,269.0841
564.9978: 2.881427,1.374398,1.589457,307.5986
565.22: 2.80615,1.29325,1.573334,292.3678
565.4423: 2.642909,1.21786,1.548034,281.5991
565.6644: 2.402267,1.148786,1.568943,265.2635
565.8867: 2.151635,1.074012,1.565187,257.6089
566.1089: 1.887098,1.02118,1.551022,267.1675
566.3311: 1.603911,1.020041,1.563363,270.8346
566.5533: 1.328817,1.049584,1.554351,271.0672
566.7756: 1.070876,1.032245,1.56119,250.4427
566.9978: 0.8410328,1.011777,1.541267,235.3774
567.22: 0.6135027,1.016317,1.543526,214.2316
567.4423: 0.3740483,1.039821,1.522782,189.5787
567.6644: 0.1817541,1.026135,1.54438,178.5632
567.8867: 0.0130774,0.9867932,1.536355,205.1895
568.1089: -0.1442311,0.9794113,1.537768,270.3305
568.3311: -0.2894988,0.9618182,1.536197,289.7989
568.5533: -0.4908825,0.9715403,1.509521,293.1058
568.7756: -0.7246906,1.007304,1.536773,298.84
568.9978: -0.9615299,1.020677,1.515239,305.5148
569.22: -1.196212,1.02757,1.506045,323.6359
569.4423: -1.387224,1.074218,1.516264,340.2905
569.6644: -1.554273,1.144683,1.484318,352.2118
569.8867: -1.715514,1.183554,1.514188,356.1085
570.1089: -1.877319,1.148996,1.513919,318.1051
570.3311: -2.01077,1.079252,1.512816,270.1697
570.5533: -2.15812,1.038287,1.491897,231.991
570.7756: -2.305741,1.01734,1.481691,186.5231
570.9978: -2.4653,0.9613801,1.498156,169.0216
571.22: -2.575396,0.8021595,1.473317,169.9087
571.4423: -2.649912,0.5897084,1.503202,180.8128
571.6644: -2.719867,0.364218,1.485424,179.1655
571.8867: -2.80985,0.1054437,1.502844,173.1676
572.1089: -2.860872,-0.1661364,1.509171,180.761
572.3311: -2.842967,-0.431313,1.50911,178.5199
572.5533: -2.84125,-0.7102883,1.509314,166.6197
572.7756: -2.854017,-0.9896407,1.49845,153.1979
572.9978: -2.80262,-1.201705,1.511379,107.1158
573.22: -2.781429,-1.361459,1.509845,77.83913
573.4423: -2.78667,-1.510307,1.506628,71.40214
573.6644: -2.821705,-1.717821,1.491827,79.90669
573.8867: -2.851693,-1.996542,1.504248,121.0556
574.1089: -2.818679,-2.227713,1.487313,132.2867
574.3311: -2.70662,-2.419257,1.491461,124.0634
574.5533: -2.584896,-2.600635,1.497616,112.0623
574.7756: -2.440392,-2.793293,1.49172,98.40047
574.9978: -2.260917,-2.926515,1.515389,75.50862
575.22: -2.107687,-2.983472,1.495193,56.43237
Trial Result: Success object: Mailbox | Time Spent: 14.42645
Trial No.:3 Ends
Trial No.:16 Begins
User confirmed on object: Wheelbarrow, this maze officially starts.
589.2867: 0.4886871,0.1474307,1.580992,258.722
589.5089: 0.4960586,0.161177,1.582465,257.6273
589.7311: 0.4981489,0.1851431,1.581105,265.546
589.9534: 0.4991503,0.2025425,1.579595,269.9533
590.1756: 0.4974991,0.2013482,1.577634,261.8163
590.3978: 0.5003902,0.1909911,1.57615,250.7459
590.62: 0.4971198,0.1911633,1.575699,250.713
590.8422: 0.478732,0.1792262,1.562632,249.0898
591.0645: 0.4505772,0.1517306,1.555837,246.4955
591.2867: 0.4238292,0.1011274,1.559902,246.1478
591.5089: 0.4227165,-0.02013242,1.548828,228.3296
591.7311: 0.4357725,-0.1747583,1.553496,196.7297
591.9534: 0.4181612,-0.3022681,1.545462,158.1992
592.1756: 0.3077044,-0.4425815,1.524582,156.5609
592.3978: 0.05984066,-0.5790548,1.49111,214.8181
592.62: -0.05155837,-0.677016,1.501862,239.1403
592.8422: -0.1338917,-0.7727079,1.534007,259.4544
593.0645: -0.274349,-0.8429835,1.526376,274.2945
593.2867: -0.4502705,-0.9484572,1.52305,235.7971
593.5089: -0.5719184,-1.094946,1.514999,176.6638
593.7311: -0.6990459,-1.282794,1.509996,178.0177
593.9534: -0.8243577,-1.48324,1.499048,179.473
594.1756: -0.9410254,-1.710708,1.519933,171.8563
594.3978: -0.9636821,-1.957116,1.514002,151.048
594.62: -0.9234642,-2.19699,1.521813,132.1523
594.8422: -0.892545,-2.433211,1.518065,116.7885
595.0645: -0.8582667,-2.65007,1.50055,99.61831
595.2867: -0.8020058,-2.789005,1.515434,91.28238
595.5089: -0.7280743,-2.902815,1.511074,103.1701
595.7311: -0.776951,-3.046253,1.528442,194.673
595.9534: -0.8685493,-3.026195,1.523392,274.7563
596.1756: -0.9960181,-3.051078,1.5101,284.4525
596.3978: -1.174625,-3.07475,1.522279,299.3972
596.62: -1.363957,-3.129965,1.505838,304.6433
596.8422: -1.571931,-3.173459,1.52215,306.833
597.0645: -1.773821,-3.134604,1.496783,310.3428
597.2867: -1.991734,-3.031701,1.517688,310.975
597.5089: -2.207449,-2.915121,1.507005,312.4475
597.7311: -2.422167,-2.780602,1.501061,313.8867
597.9534: -2.57943,-2.619932,1.517609,313.3006
Trial Result: Success object: Plant | Time Spent: 9.051352
Trial No.:16 Ends
Trial No.:9 Begins
User confirmed on object: Bookshelf, this maze officially starts.
613.7311: 1.708375,1.407686,1.605867,180.8681
613.9534: 1.708411,1.427986,1.600434,181.3008
614.1756: 1.692503,1.444431,1.592107,195.9263
614.3978: 1.642013,1.449319,1.578898,224.6693
614.62: 1.581208,1.45639,1.568568,248.0016
614.8422: 1.568792,1.396233,1.576352,218.2714
615.0645: 1.646262,1.34592,1.555438,150.221
615.2867: 1.726152,1.350058,1.551441,117.1641
615.5089: 1.827391,1.318647,1.557896,115.0399
615.7311: 1.941373,1.29679,1.564984,77.40551
615.9534: 2.026122,1.215019,1.563448,31.85098
616.1756: 2.163707,1.100156,1.575987,41.51715
616.3978: 2.34018,0.9304031,1.557179,115.3461
616.62: 2.433519,0.787112,1.553817,179.4263
616.8422: 2.513554,0.5873984,1.542346,187.0912
617.0645: 2.540393,0.3347876,1.560852,182.6377
617.2867: 2.56534,0.0849492,1.573102,180.5498
617.5089: 2.564324,-0.176082,1.561336,194.7929
617.7311: 2.486123,-0.4282339,1.569479,217.3778
617.9534: 2.374655,-0.6580793,1.569528,220.1513
618.1756: 2.293067,-0.894488,1.572469,199.6172
618.3978: 2.206077,-1.132782,1.55533,176.9606
618.62: 2.087158,-1.373553,1.564105,167.8464
618.8422: 1.946851,-1.623258,1.545253,167.1213
619.0645: 1.878139,-1.872154,1.566705,161.6808
619.2867: 1.88815,-2.130059,1.541377,157.732
619.5089: 1.89386,-2.356291,1.569697,132.9014
619.7311: 1.79183,-2.585309,1.557344,171.1205
619.9534: 1.633771,-2.745523,1.564912,234.9077
620.1756: 1.498898,-2.891752,1.543194,258.0233
620.3978: 1.331291,-2.999794,1.549879,277.6566
620.62: 1.115011,-3.045703,1.514944,286.4884
620.8422: 0.8478045,-3.057171,1.549902,293.4276
621.0645: 0.6315069,-3.060347,1.550938,329.7488
621.2867: 0.4614109,-3.104952,1.543585,17.01413
621.5089: 0.2520717,-3.09515,1.555274,6.954981
621.7311: -0.002656151,-3.049053,1.520404,312.5143
621.9534: -0.2017856,-3.014884,1.555413,289.4938
622.1756: -0.4041304,-3.006428,1.531639,284.6387
622.3978: -0.6688321,-3.045926,1.52427,280.0716
622.62: -0.9601263,-3.06079,1.547263,281.0213
622.8422: -1.249796,-3.030356,1.513391,286.6527
623.0645: -1.544392,-3.004545,1.538456,294.2855
623.2867: -1.837618,-2.983565,1.491334,304.7316
623.5089: -2.094109,-2.91336,1.550931,321.5931
623.7311: -2.279851,-2.780556,1.520349,336.0209
623.9534: -2.424579,-2.61627,1.525632,352.8181
624.1756: -2.546678,-2.433073,1.49914,21.15938
624.3978: -2.682388,-2.199958,1.513114,16.70267
624.62: -2.730336,-1.929707,1.488405,14.27146
624.8422: -2.743447,-1.649857,1.523306,9.304035
625.0645: -2.777441,-1.377069,1.494824,5.123762
625.2867: -2.824791,-1.089496,1.513294,5.582337
625.5089: -2.805095,-0.7893459,1.504102,8.138641
625.7311: -2.748541,-0.4957089,1.510159,8.956054
625.9534: -2.714819,-0.2169136,1.515691,11.76534
626.1756: -2.687469,0.0703941,1.506922,22.44438
626.3978: -2.613523,0.3452017,1.518799,34.22849
626.62: -2.500736,0.614309,1.50609,35.07491
626.8422: -2.396742,0.8996053,1.524017,25.25655
627.0645: -2.288837,1.187091,1.501041,16.74769
627.2867: -2.1646,1.455504,1.524384,5.428638
627.5089: -2.02643,1.721897,1.490475,342.1844
627.7311: -1.933938,1.976848,1.521132,321.0658
627.9534: -1.915249,2.20278,1.492798,309.3091
628.1756: -1.910481,2.406487,1.519485,302.4423
628.3978: -1.917868,2.56093,1.498794,291.7607
628.62: -2.022682,2.673543,1.509794,286.0134
628.8422: -2.218814,2.729093,1.472727,282.4445
Trial Result: Success object: Stove | Time Spent: 15.48165
Trial No.:9 Ends
Trial No.:19 Begins
User confirmed on object: Well, this maze officially starts.
649.4423: 1.683882,-2.169596,1.605004,85.78081
649.6645: 1.688346,-2.164131,1.601893,83.54704
649.8867: 1.659344,-2.145128,1.598231,81.37168
650.1089: 1.602366,-2.124039,1.590055,88.2685
650.3311: 1.51816,-2.138674,1.553927,121.9845
650.5533: 1.472649,-2.142061,1.547063,131.8051
650.7756: 1.488853,-2.065972,1.543595,78.93805
650.9978: 1.48375,-1.997721,1.53697,11.58666
651.22: 1.585915,-1.966713,1.542798,359.3275
651.4423: 1.662527,-1.892401,1.535218,342.519
651.6645: 1.667281,-1.837242,1.548667,298.7668
651.8867: 1.738353,-1.736235,1.547838,279.8864
652.1089: 1.816663,-1.623402,1.5442,254.1148
652.3311: 1.878992,-1.538485,1.566176,221.8875
652.5533: 1.836718,-1.431406,1.554246,243.8153
652.7756: 1.735191,-1.322379,1.530165,272.0307
652.9978: 1.548949,-1.2588,1.527303,273.5853
653.22: 1.347936,-1.154463,1.555264,290.3489
653.4423: 1.134285,-1.047614,1.533611,293.6494
653.6645: 0.8990799,-0.9653851,1.560714,288.2947
653.8867: 0.6527831,-0.9315209,1.520615,288.9504
654.1089: 0.4217381,-0.8562801,1.552753,326.3921
654.3311: 0.2770395,-0.6956727,1.539138,356.7359
654.5533: 0.1854421,-0.5003164,1.537353,16.6079
654.7756: 0.08826177,-0.3064584,1.541703,8.443985
654.9978: -0.004261082,-0.08235788,1.527647,342.0127
655.22: -0.03060016,0.1704724,1.519609,329.752
655.4423: -0.0495021,0.4348928,1.515968,307.607
655.6645: -0.1571795,0.6340882,1.531175,284.0699
655.8867: -0.3188992,0.7647986,1.514811,264.4901
656.1089: -0.4722094,0.899455,1.529934,260.0643
656.3311: -0.6420584,1.049,1.5213,273.6577
656.5533: -0.8497679,1.145821,1.519544,288.1734
656.7756: -1.115804,1.197515,1.479395,298.3321
656.9978: -1.364037,1.290963,1.523191,325.222
657.22: -1.520205,1.429929,1.510632,348.3354
657.4423: -1.656286,1.596734,1.52293,6.056587
657.6645: -1.762828,1.756965,1.510251,34.11
657.8867: -1.857589,1.93097,1.506027,68.50936
658.1089: -1.90354,2.027863,1.522529,93.91475
Trial Result: Success object: Table | Time Spent: 8.895151
Trial No.:19 Ends
Trial No.:13 Begins
User confirmed on object: Telescope, this maze officially starts.
673.1978: -2.994176,-0.1130857,1.543096,79.19229
673.42: -2.977265,-0.1346352,1.539464,79.1057
673.6422: -2.973253,-0.151161,1.543873,90.65298
673.8644: -3.005019,-0.1505545,1.54112,96.66993
674.0867: -3.082096,-0.127624,1.526507,98.7944
674.3089: -3.157505,-0.06134504,1.510951,76.63251
674.5311: -3.223883,0.03069144,1.493521,26.92811
674.7534: -3.219914,0.1174837,1.48331,9.525347
674.9756: -3.080869,0.1963072,1.467977,33.69315
675.1978: -2.969112,0.3106568,1.479491,51.22123
675.42: -2.873466,0.4967358,1.498105,61.54128
675.6422: -2.780778,0.7249253,1.483303,57.29537
675.8644: -2.652086,0.9498937,1.507514,46.67636
676.0867: -2.460188,1.122293,1.490399,38.64439
676.3089: -2.253955,1.315096,1.517313,20.30354
676.5311: -2.111506,1.53394,1.492776,352.0674
676.7534: -1.996117,1.755599,1.516778,325.4252
676.9756: -1.874723,1.993538,1.472415,305.7317
677.1978: -1.818198,2.194689,1.505817,298.8952
677.42: -1.781356,2.405689,1.494099,345.1631
677.6422: -1.670963,2.548497,1.504888,63.57092
677.8644: -1.519453,2.683988,1.479543,87.89558
678.0867: -1.308167,2.818484,1.510465,96.05856
678.3089: -1.06996,2.94153,1.493817,105.9452
678.5311: -0.8091058,3.013862,1.522231,120.3335
678.7534: -0.5463284,3.000717,1.508413,129.1856
678.9756: -0.2673884,2.998455,1.54387,113.1867
679.1978: 0.02687712,3.033428,1.511998,98.50031
679.42: 0.3659742,3.077173,1.548834,95.84621
679.6422: 0.7185768,3.053965,1.531935,97.9833
679.8644: 1.084047,3.011374,1.566004,96.29705
680.0867: 1.441729,2.987415,1.523186,104.3322
680.3089: 1.787135,2.915403,1.564546,121.2893
680.5311: 2.069934,2.802395,1.543548,134.9214
680.7534: 2.312552,2.670904,1.557692,152.9283
680.9756: 2.478526,2.513822,1.570454,174.7102
681.1978: 2.599504,2.300917,1.552249,197.1532
681.42: 2.68891,2.070555,1.577112,205.6108
681.6422: 2.789442,1.839904,1.558918,205.1237
681.8644: 2.880315,1.587574,1.586596,197.4978
682.0867: 2.871232,1.324027,1.547746,199.484
682.3089: 2.827499,1.03677,1.590522,196.4653
682.5311: 2.802143,0.7342598,1.558194,196.4758
682.7534: 2.780677,0.4327439,1.584023,203.1328
682.9756: 2.726773,0.1473106,1.563345,205.7803
683.1978: 2.636014,-0.1431916,1.57856,209.6914
683.42: 2.539233,-0.4269654,1.564657,211.7245
683.6422: 2.435798,-0.691894,1.574916,211.4867
683.8644: 2.297061,-0.9150632,1.561423,204.9576
684.0867: 2.144632,-1.143943,1.557921,178.2538
684.3089: 2.046928,-1.380023,1.555428,157.1089
684.5311: 2.003666,-1.576027,1.542481,144.8753
Trial Result: Success object: Well | Time Spent: 11.70487
Trial No.:13 Ends
Trial No.:18 Begins
User confirmed on object: Harp, this maze officially starts.
696.9534: 1.811112,-1.226216,1.588926,354.1085
697.1756: 1.810767,-1.221159,1.602709,353.5804
697.3978: 1.806748,-1.219702,1.606901,350.6578
697.62: 1.810195,-1.208056,1.60501,354.267
697.8422: 1.806046,-1.192421,1.598395,352.0066
698.0645: 1.733602,-1.185037,1.565529,299.9947
698.2867: 1.66659,-1.186318,1.559734,277.0044
698.5089: 1.537969,-1.159554,1.542569,278.9011
698.7311: 1.334101,-1.13202,1.547758,284.7582
698.9534: 1.124687,-1.075335,1.550792,292.1006
699.1756: 0.8985065,-0.9805416,1.524254,290.5493
699.3978: 0.6405407,-0.9203278,1.551503,271.6631
699.62: 0.3587375,-0.9322216,1.514386,254.5226
699.8422: 0.05981154,-0.9639578,1.542391,243.4236
700.0645: -0.2114812,-0.9847905,1.508071,213.9175
700.2867: -0.460081,-1.031716,1.503964,191.6606
700.5089: -0.6452925,-1.176537,1.504527,180.7979
700.7311: -0.7806404,-1.393072,1.505527,180.2007
700.9534: -0.8984375,-1.613009,1.513705,182.2674
701.1756: -0.9690493,-1.837019,1.519272,186.5147
701.3978: -0.9949967,-2.110817,1.477265,201.8613
701.62: -0.994037,-2.424804,1.491942,228.6001
701.8422: -1.082375,-2.648203,1.502601,253.6919
702.0645: -1.188643,-2.81295,1.497315,279.2666
702.2867: -1.255704,-2.983436,1.512716,296.8625
702.5089: -1.32104,-3.146682,1.503266,303.2676
702.7311: -1.45462,-3.20873,1.498697,308.5713
702.9534: -1.651281,-3.170591,1.486839,314.7776
703.1756: -1.865816,-3.082288,1.514749,322.7873
703.3978: -2.098446,-2.959917,1.485076,329.642
703.62: -2.335771,-2.78598,1.515236,344.894
703.8422: -2.491006,-2.541532,1.49368,0.2565732
704.0645: -2.632945,-2.272517,1.515942,5.188962
704.2867: -2.767497,-2.004786,1.485351,7.312495
704.5089: -2.85361,-1.714727,1.518275,12.99812
704.7311: -2.852632,-1.428389,1.484547,20.81209
704.9534: -2.816373,-1.122414,1.512266,29.40352
705.1756: -2.770436,-0.8375389,1.465418,37.51158
Trial Result: Success object: Telescope | Time Spent: 8.596449
Trial No.:18 Ends
Trial No.:1 Begins
User confirmed on object: Stove, this maze officially starts.
719.2089: -2.574249,3.213483,1.546621,249.7442
719.4312: -2.574887,3.224252,1.548622,257.1262
719.6533: -2.582115,3.220277,1.547048,264.852
719.8755: -2.583596,3.154065,1.53761,255.115
720.0978: -2.550845,3.017143,1.510921,224.1925
720.32: -2.528133,2.894135,1.502579,202.2611
720.5422: -2.524979,2.808138,1.508288,158.4148
720.7645: -2.548424,2.774241,1.492096,93.61494
720.9867: -2.566493,2.716381,1.501987,85.70107
721.2089: -2.513524,2.68209,1.502885,107.9161
721.4312: -2.403502,2.722971,1.493453,110.4143
721.6533: -2.257602,2.780734,1.503704,110.9302
721.8755: -2.127711,2.769799,1.509525,135.8504
722.0978: -2.027296,2.7607,1.509122,168.9453
722.32: -1.938183,2.737004,1.491887,185.2079
722.5422: -1.905,2.616097,1.475256,187.6592
722.7645: -1.900014,2.398542,1.493963,162.3232
722.9867: -1.891946,2.175069,1.503651,147.2021
723.2089: -1.853832,1.917944,1.471096,138.8869
723.4312: -1.78504,1.652394,1.475021,123.1558
723.6533: -1.684655,1.422621,1.455245,107.2769
723.8755: -1.526398,1.252656,1.505444,88.63184
724.0978: -1.331109,1.157297,1.486406,78.53316
724.32: -1.10409,1.08352,1.516124,71.42973
724.5422: -0.8569082,1.015308,1.480744,59.90654
724.7645: -0.593458,1.024574,1.519333,44.43728
724.9867: -0.393609,1.161083,1.48359,28.96095
725.2089: -0.2333268,1.354465,1.510221,1.932974
725.4312: -0.09702346,1.56122,1.495298,348.6094
725.6533: 0.01023598,1.818778,1.530548,1.023054
725.8755: 0.03571646,2.103939,1.48809,13.5716
726.0978: 0.1157404,2.388012,1.528616,45.38832
726.32: 0.242799,2.592231,1.503678,77.44308
726.5422: 0.3667796,2.773953,1.52159,101.1541
726.7645: 0.519577,2.955581,1.507899,103.3961
726.9867: 0.7306363,3.078908,1.525431,100.8671
727.2089: 1.005971,3.114599,1.529966,100.1346
727.4312: 1.277386,3.133029,1.551108,104.8864
727.6533: 1.563473,3.14246,1.524695,120.8726
727.8755: 1.845463,3.065479,1.548157,138.2587
728.0978: 2.086269,2.921006,1.55124,147.6154
728.32: 2.284165,2.777831,1.569085,159.4729
728.5422: 2.449514,2.614265,1.551751,179.6614
728.7645: 2.544587,2.405943,1.555581,203.7608
728.9867: 2.616138,2.153296,1.559587,208.6149
729.2089: 2.687845,1.905275,1.569951,205.0673
729.4312: 2.764749,1.625884,1.557227,196.5815
729.6533: 2.794199,1.315118,1.574336,191.1464
729.8755: 2.764414,0.9918742,1.558761,190.0222
730.0978: 2.739396,0.6628164,1.576577,192.3978
730.32: 2.735204,0.3177689,1.544668,198.8735
730.5422: 2.676707,-0.02709061,1.576617,207.7314
730.7645: 2.581989,-0.3398491,1.553521,212.808
730.9867: 2.498429,-0.6336152,1.569658,215.2487
731.2089: 2.391494,-0.9012517,1.557329,219.1124
731.4312: 2.263375,-1.143571,1.569819,199.2025
731.6534: 2.118968,-1.363093,1.533081,160.5412
731.8755: 2.025558,-1.590579,1.553657,143.6002
732.0978: 2.000304,-1.744751,1.517814,133.7185
Trial Result: Success object: Well | Time Spent: 13.22743
Trial No.:1 Ends
Trial No.:11 Begins
User confirmed on object: Trashcan, this maze officially starts.
744.72: 2.61447,1.019123,1.616522,97.84774
744.9423: 2.668986,1.008003,1.617639,98.64661
745.1645: 2.65873,1.014291,1.614122,97.2689
745.3867: 2.653744,1.027731,1.611836,98.63718
745.6089: 2.649717,1.041985,1.594495,98.27082
745.8311: 2.63441,1.030483,1.587435,95.15938
746.0533: 2.627192,1.053345,1.576518,57.93789
746.2756: 2.593945,1.108163,1.563444,18.9924
746.4978: 2.576856,1.203866,1.548138,4.561146
746.72: 2.575483,1.34861,1.554441,1.654529
746.9423: 2.595015,1.51596,1.561143,358.3275
747.1645: 2.643459,1.727364,1.52414,346.3548
747.3867: 2.701277,1.982776,1.553164,327.357
747.6089: 2.66086,2.232044,1.533869,315.4524
747.8311: 2.540917,2.456395,1.530628,302.9783
748.0533: 2.426713,2.653975,1.550777,285.7305
748.2756: 2.304066,2.820487,1.543946,261.1786
748.4978: 2.141094,2.940996,1.559009,243.0922
748.72: 1.904084,3.033449,1.540664,252.2898
748.9423: 1.644031,3.111671,1.55746,263.2402
749.1645: 1.364997,3.186189,1.522287,272.6884
749.3867: 1.10144,3.205702,1.556602,274.2841
749.6089: 0.8559395,3.109141,1.520326,246.6073
749.8311: 0.6332322,2.989992,1.542478,223.0576
750.0533: 0.4287994,2.881929,1.517183,209.0647
750.2756: 0.2116216,2.731988,1.526749,188.7946
750.4978: 0.1015128,2.546069,1.515164,178.1423
750.72: 0.04329521,2.283511,1.525601,181.6432
750.9423: -0.0009427294,2.036564,1.534665,171.2651
751.1645: -0.04654972,1.803716,1.517589,145.1542
751.3867: -0.05646101,1.568172,1.549891,150.6547
751.6089: -0.02945308,1.335192,1.520445,182.0632
751.8311: 0.02177144,1.105361,1.551348,190.6485
752.0533: 0.03039797,0.8779516,1.522923,198.1159
752.2756: 0.02056203,0.6081105,1.543118,194.431
752.4978: 0.03577176,0.3422529,1.538642,196.2335
752.72: 0.06490397,0.06371149,1.523647,203.8998
752.9423: 0.04376145,-0.1986491,1.552203,215.4648
753.1645: -0.03464941,-0.4226257,1.525677,227.9505
753.3867: -0.1262451,-0.6054904,1.553144,247.2303
753.6089: -0.2211154,-0.7553,1.532934,265.205
753.8311: -0.3368737,-0.9076952,1.532937,255.1565
754.0533: -0.4789519,-1.068106,1.503322,212.4422
754.2756: -0.626627,-1.222184,1.520612,182.391
754.4978: -0.7117096,-1.429907,1.494009,165.7229
754.72: -0.7633916,-1.698489,1.517158,168.2749
754.9423: -0.8236002,-1.955929,1.517352,162.4311
755.1645: -0.8842683,-2.222532,1.500056,142.3505
755.3867: -0.8850539,-2.463522,1.524924,123.9503
755.6089: -0.8827215,-2.695773,1.512406,148.3201
755.8311: -1.001731,-2.860785,1.536409,226.8045
756.0533: -1.106307,-2.949845,1.516609,262.9468
756.2756: -1.203808,-3.049419,1.52947,279.8032
756.4978: -1.278689,-3.149429,1.515078,301.4294
756.72: -1.351524,-3.244771,1.527291,326.4939
756.9423: -1.406923,-3.27179,1.514549,343.7584
757.1645: -1.488688,-3.263646,1.523662,336.7327
757.3867: -1.650447,-3.250808,1.515333,316.1263
757.6089: -1.843613,-3.228689,1.500911,321.4892
757.8311: -2.035993,-3.129738,1.484128,337.9716
758.0533: -2.227523,-2.942901,1.483021,346.7331
758.2756: -2.409722,-2.729424,1.506313,355.9089
758.4978: -2.588288,-2.490672,1.483029,2.785922
758.72: -2.708666,-2.193595,1.493241,8.115036
758.9423: -2.767039,-1.876593,1.504099,12.84791
759.1645: -2.809105,-1.577565,1.505104,18.77996
759.3867: -2.828355,-1.296846,1.479902,26.54884
759.6089: -2.791384,-1.021148,1.493565,32.01303
759.8311: -2.723042,-0.7664527,1.472797,34.52416
Trial Result: Success object: Telescope | Time Spent: 15.38101
Trial No.:11 Ends
Trial No.:12 Begins
User confirmed on object: Trashcan, this maze officially starts.
770.5645: 2.492867,0.949635,1.61397,85.98053
770.7867: 2.460289,0.9345853,1.609924,90.34696
771.0089: 2.392368,0.9190233,1.600247,105.8716
771.2311: 2.327258,0.9018203,1.576493,124.4357
771.4534: 2.271339,0.8697509,1.574384,140.241
771.6756: 2.294911,0.8965706,1.575856,89.01408
771.8978: 2.261862,0.9549787,1.553915,18.66956
772.12: 2.262096,1.016217,1.539633,1.508058
772.3422: 2.320556,1.097223,1.541759,4.096736
772.5645: 2.387857,1.167887,1.542702,353.2688
772.7867: 2.498259,1.219796,1.544893,302.041
773.0089: 2.607272,1.242656,1.572943,275.7346
773.2311: 2.653615,1.271549,1.570074,259.5567
773.4534: 2.635717,1.32424,1.563941,260.8068
773.6756: 2.634263,1.376419,1.56307,250.0584
773.8978: 2.677188,1.484743,1.55859,263.3527
774.12: 2.744253,1.640917,1.5713,308.0515
774.3422: 2.769353,1.750287,1.566966,319.3073
774.5645: 2.779662,1.788388,1.571423,310.4935
774.7867: 2.759114,1.722383,1.54995,255.7182
775.0089: 2.700396,1.575404,1.541497,236.9639
775.2311: 2.545667,1.382022,1.521115,246.8965
775.4534: 2.330204,1.245051,1.538968,259.9956
775.6756: 2.069184,1.173095,1.533887,274.1208
775.8978: 1.78395,1.073713,1.569736,273.5355
776.12: 1.493236,0.9706671,1.536286,269.568
776.3422: 1.200404,0.9241001,1.569284,260.7822
776.5645: 0.9037942,0.9000257,1.53011,247.536
776.7867: 0.6446896,0.840115,1.558798,235.3395
777.0089: 0.4531655,0.7418453,1.522768,215.7786
777.2311: 0.2865525,0.6226922,1.536916,184.0978
777.4534: 0.1306179,0.4741065,1.515745,163.9838
777.6756: 0.03410747,0.2472716,1.508096,167.8447
777.8978: -0.007159658,-0.04695594,1.510046,198.1611
778.12: -0.08661888,-0.3037126,1.534168,223.0984
778.3422: -0.1952671,-0.5263758,1.516679,233.5176
778.5645: -0.2983126,-0.7443947,1.539889,238.195
778.7867: -0.3682294,-0.9816162,1.524824,195.8437
779.0089: -0.4982945,-1.193367,1.523739,177.8574
779.2311: -0.6725504,-1.409746,1.48725,169.2251
779.4534: -0.8099847,-1.650342,1.525165,170.7981
779.6756: -0.8551465,-1.907344,1.491272,167.6303
779.8978: -0.8605688,-2.169391,1.524148,152.0933
780.12: -0.8566353,-2.424607,1.488306,126.0389
780.3422: -0.8279989,-2.652425,1.504721,105.4702
780.5645: -0.7588434,-2.81605,1.51187,95.85529
780.7867: -0.6696979,-2.943533,1.514776,85.97455
781.0089: -0.5898199,-3.086084,1.523896,81.49124
781.2311: -0.5271714,-3.200857,1.525503,59.19368
781.4534: -0.5625128,-3.209388,1.51743,354.3172
781.6756: -0.6129812,-3.264544,1.514843,307.0637
781.8978: -0.6609523,-3.283775,1.52158,299.4575
782.12: -0.7258728,-3.277388,1.514429,290.9038
782.3422: -0.7580843,-3.155537,1.50721,331.3185
782.5645: -0.7487271,-2.974455,1.471018,5.640133
782.7867: -0.7521678,-2.710745,1.49966,355.9172
783.0089: -0.7695891,-2.453681,1.513521,357.5533
783.2311: -0.7921469,-2.142228,1.49216,10.73911
783.4534: -0.7571756,-1.80559,1.52258,22.87964
783.6756: -0.6572098,-1.516561,1.519606,30.83251
783.8978: -0.5567045,-1.233973,1.531229,30.62026
784.12: -0.4234425,-0.9565062,1.542711,24.5254
784.3422: -0.2572793,-0.6780749,1.508732,15.34305
784.5645: -0.1300136,-0.3877978,1.539297,2.183252
784.7867: -0.08104249,-0.09945101,1.500001,352.249
785.0089: -0.05398417,0.1735025,1.5403,336.7656
785.2311: -0.03543275,0.3977313,1.514294,293.256
785.4534: 0.01126073,0.5848342,1.537576,251.7191
785.6756: 0.009812512,0.756517,1.540739,243.2277
785.8978: -0.03947464,0.9131367,1.527274,261.0721
786.12: -0.03254306,1.10958,1.538646,307.6897
786.3422: 0.05772397,1.305196,1.514388,5.2695
786.5645: 0.1049578,1.51316,1.543001,16.99073
786.7867: 0.0938703,1.756268,1.518646,7.732531
787.0089: 0.06959325,2.01182,1.525775,12.95971
787.2311: 0.09103729,2.245058,1.53767,36.50886
787.4534: 0.1386584,2.48263,1.515367,52.18404
787.6756: 0.187406,2.702909,1.538052,70.22598
787.8978: 0.2239065,2.885186,1.521257,95.7336
788.12: 0.2731543,3.032227,1.542181,110.7428
788.3422: 0.3423123,3.131036,1.532628,119.4231
788.5645: 0.3602699,3.187292,1.548754,143.9486
788.7867: 0.2663494,3.269341,1.531271,204.0076
789.0089: 0.1718851,3.365055,1.5382,237.6592
789.2311: 0.03271606,3.395157,1.528772,245.3575
789.4534: -0.1962282,3.402844,1.51345,247.5296
789.6756: -0.4400016,3.379132,1.531187,248.3768
789.8978: -0.6645505,3.308419,1.501374,248.0513
790.12: -0.877263,3.216664,1.519688,240.3157
790.3422: -1.110402,3.172339,1.514377,246.1695
790.5645: -1.349802,3.138674,1.51669,259.3579
790.7867: -1.54896,3.039034,1.530325,251.6159
791.0089: -1.671793,2.879654,1.503188,198.1721
791.2311: -1.814382,2.749646,1.507956,168.8733
791.4534: -1.939373,2.61831,1.496935,155.7142
791.6756: -1.979592,2.473974,1.508819,143.2139
791.8978: -1.945649,2.346711,1.501506,130.4745
Trial Result: Success object: Table | Time Spent: 21.67899
Trial No.:12 Ends
Trial No.:10 Begins
User confirmed on object: Bookshelf, this maze officially starts.
808.7867: 1.818469,1.250742,1.584306,184.3319
809.0089: 1.842345,1.252009,1.598575,185.59
809.2311: 1.867309,1.250486,1.60848,189.2642
809.4534: 1.875107,1.240406,1.605157,200.1903
809.6756: 1.865347,1.251039,1.599073,216.0483
809.8978: 1.844477,1.269888,1.594633,207.4092
810.12: 1.876268,1.284558,1.570108,150.7153
810.3422: 1.923361,1.363689,1.558414,100.777
810.5645: 1.983727,1.39472,1.558251,89.56939
810.7867: 2.012752,1.339071,1.55816,97.84804
811.0089: 2.052202,1.296538,1.555971,94.56875
811.2311: 2.121474,1.273487,1.556391,56.24484
811.4534: 2.246528,1.274639,1.540161,28.61218
811.6756: 2.390516,1.3838,1.532049,11.42006
811.8978: 2.516853,1.499682,1.550678,350.085
812.12: 2.647011,1.609942,1.540908,335.685
812.3422: 2.74543,1.776783,1.562863,330.7307
812.5645: 2.760354,1.987118,1.531561,325.1229
812.7867: 2.723119,2.196573,1.556656,315.0497
813.0089: 2.66368,2.39612,1.551248,305.0297
813.2311: 2.570953,2.609346,1.554668,288.996
813.4534: 2.403858,2.783034,1.541031,274.5521
813.6756: 2.203162,2.903943,1.548707,254.4745
813.8978: 1.996275,3.048521,1.546261,257.5867
814.12: 1.761715,3.18791,1.542477,260.674
814.3422: 1.495689,3.2359,1.534446,260.8176
814.5645: 1.216542,3.209919,1.532607,256.5294
814.7867: 0.9555191,3.177658,1.539941,237.8451
815.0089: 0.7023323,3.137562,1.516644,212.8066
815.2311: 0.457416,3.023182,1.528037,200.2031
815.4534: 0.2810543,2.816951,1.507731,190.3133
815.6756: 0.1444583,2.608546,1.531203,178.1021
815.8978: 0.02870221,2.388315,1.508715,170.8456
816.12: -0.02542282,2.13432,1.536419,179.3462
816.3422: -0.0135759,1.883535,1.516916,203.0203
816.5645: -0.01341715,1.648038,1.538251,220.7685
816.7867: -0.04684218,1.435671,1.518066,232.8123
817.0089: -0.06025917,1.295256,1.54724,274.1783
817.2311: -0.02516029,1.138166,1.535619,282.8903
817.4534: 0.03283259,0.9440838,1.54101,226.8899
817.6756: 0.06716777,0.7944237,1.535352,195.9724
817.8978: 0.04169092,0.5977542,1.510411,187.9077
818.12: -0.01991353,0.3457691,1.531473,187.5223
818.3422: -0.04535419,0.08703262,1.535882,197.2567
818.5645: -0.0451277,-0.1861909,1.511422,209.2415
818.7867: -0.1084702,-0.4647327,1.544222,225.7448
819.0089: -0.215454,-0.6654357,1.527874,249.3575
819.2311: -0.2978449,-0.820553,1.550228,271.6255
819.4534: -0.3902299,-0.9955439,1.534417,262.8236
819.6756: -0.4820935,-1.192447,1.516271,204.661
819.8978: -0.6348531,-1.362212,1.503238,180.616
820.12: -0.7578789,-1.568541,1.51034,167.5091
820.3422: -0.8020378,-1.819515,1.480034,172.3572
820.5645: -0.8507093,-2.085971,1.524897,200.2478
820.7867: -0.9266057,-2.343391,1.506736,223.0258
821.0089: -0.9907657,-2.577807,1.523053,246.9392
821.2311: -1.025216,-2.799969,1.507335,267.7602
821.4534: -1.066304,-2.99275,1.535179,286.7452
821.6756: -1.131672,-3.128331,1.5186,292.5438
821.8978: -1.179993,-3.234726,1.533719,298.8681
822.12: -1.261959,-3.306652,1.499699,300.5289
822.3422: -1.402041,-3.286243,1.474239,306.7276
822.5645: -1.612884,-3.186056,1.504177,311.5886
822.7867: -1.845006,-3.067975,1.516782,312.1902
823.0089: -2.091181,-2.947616,1.489835,313.4565
823.2311: -2.316324,-2.812891,1.520431,312.9349
823.4534: -2.522863,-2.666627,1.474178,311.3127
823.6756: -2.714648,-2.543525,1.520114,311.6901
Trial Result: Success object: Plant | Time Spent: 15.14834
Trial No.:10 Ends
Trial No.:14 Begins
User confirmed on object: Telescope, this maze officially starts.
834.9534: -3.025135,0.004177272,1.548535,86.64902
835.1756: -3.030779,-0.01334617,1.544543,87.05676
835.3978: -3.059034,-0.003192097,1.543651,94.64176
835.62: -3.073361,0.006462842,1.537777,107.3882
835.8422: -3.101382,-0.04149681,1.524054,124.8639
836.0645: -3.129986,-0.08446351,1.513887,123.9085
836.2867: -3.150161,-0.06371528,1.493153,83.18399
836.5089: -3.204571,0.005674362,1.485586,21.55205
836.7311: -3.187636,0.08069462,1.480965,6.306795
836.9534: -3.097252,0.1750054,1.486898,22.87254
837.1756: -2.995106,0.2815637,1.492287,39.93781
837.3978: -2.838032,0.4137833,1.475778,42.08703
837.62: -2.64246,0.556429,1.499932,39.23774
837.8422: -2.492098,0.7563638,1.495608,32.71615
838.0645: -2.373519,0.9746582,1.494961,28.57548
838.2867: -2.240492,1.17878,1.498869,20.20045
838.5089: -2.093871,1.392859,1.489654,357.5387
838.7311: -1.984725,1.642169,1.505683,337.629
838.9534: -1.957022,1.918832,1.476828,326.0791
839.1756: -1.913072,2.181433,1.510619,317.121
839.3978: -1.812276,2.422853,1.495596,336.6135
839.62: -1.631898,2.611998,1.506962,54.43922
839.8422: -1.483326,2.766231,1.493226,89.98022
840.0645: -1.285126,2.904449,1.505512,105.4379
840.2867: -1.027944,2.972765,1.49233,108.1763
840.5089: -0.7582759,3.020549,1.527188,101.5668
840.7311: -0.5059863,3.075034,1.50921,97.25513
840.9534: -0.2263106,3.134981,1.539372,97.42944
841.1756: 0.06567526,3.14511,1.525673,93.83508
841.3978: 0.3544293,3.162287,1.531714,67.93427
841.62: 0.6316774,3.173991,1.53239,67.021
841.8422: 0.9256749,3.169065,1.53858,95.95371
842.0645: 1.204941,3.138893,1.555444,112.5396
842.2867: 1.493538,3.077142,1.553375,122.5611
842.5089: 1.765771,3.024568,1.558115,133.1333
842.7311: 2.038194,2.964435,1.537277,146.7136
842.9534: 2.255592,2.848033,1.574667,160.8509
843.1756: 2.431562,2.659774,1.554468,167.7023
843.3978: 2.570689,2.468965,1.577029,185.3054
843.62: 2.704155,2.259576,1.546894,195.4208
843.8422: 2.806197,2.017029,1.581403,202.9861
844.0645: 2.807733,1.775134,1.553647,224.7215
844.2867: 2.788405,1.552591,1.572145,244.8867
844.5089: 2.733973,1.359031,1.544166,251.0799
844.7311: 2.591256,1.241478,1.556081,260.8389
844.9534: 2.365893,1.164111,1.548675,271.2354
845.1756: 2.115233,1.091416,1.566892,269.3154
845.3978: 1.843275,1.013289,1.537974,260.7272
845.62: 1.549874,0.9845701,1.565253,258.112
845.8422: 1.254103,1.004856,1.531042,252.3846
846.0645: 0.9709734,0.9892939,1.555304,241.9801
846.2867: 0.7271032,0.9148638,1.522251,237.976
846.5089: 0.4950647,0.8262674,1.557686,232.4218
846.7311: 0.2551856,0.7014517,1.519776,229.4399
Trial Result: Success object: Wheelbarrow | Time Spent: 12.08327
Trial No.:14 Ends
Trial No.:20 Begins
User confirmed on object: Well, this maze officially starts.
856.2867: 1.638314,-2.029611,1.593788,92.89898
856.5089: 1.63187,-2.041552,1.593638,102.1276
856.7311: 1.610792,-2.080739,1.582738,103.2661
856.9534: 1.604064,-2.082973,1.559421,66.9865
857.1756: 1.548409,-2.051327,1.551991,11.95189
857.3978: 1.559457,-2.003377,1.550992,7.110109
857.62: 1.599622,-1.894467,1.528518,10.28802
857.8422: 1.640962,-1.766904,1.543797,8.142546
858.0645: 1.688835,-1.621606,1.543791,345.4676
858.2867: 1.738907,-1.479661,1.548966,296.1967
858.5089: 1.75949,-1.338513,1.537448,265.1201
858.7311: 1.80375,-1.162071,1.553095,313.0666
858.9534: 1.978646,-1.077721,1.547955,31.2051
859.1756: 2.141308,-1.040779,1.53539,64.73807
859.3978: 2.280877,-0.9671627,1.565421,64.65286
859.62: 2.373042,-0.8164959,1.557964,27.49694
859.8422: 2.469615,-0.6241204,1.554815,20.16229
860.0645: 2.562778,-0.4278294,1.578837,2.507176
860.2867: 2.651242,-0.2502487,1.545207,316.9622
860.5089: 2.724526,-0.1623179,1.553542,260.7807
860.7311: 2.778511,-0.2130584,1.563547,220.1114
860.9534: 2.786098,-0.3748118,1.549165,202.0538
861.1756: 2.70214,-0.5533881,1.571595,227.7758
861.3978: 2.564787,-0.6796497,1.562204,268.2553
861.62: 2.359473,-0.7835623,1.532174,278.3995
861.8422: 2.10696,-0.882701,1.56299,273.1364
862.0645: 1.830102,-0.9743763,1.530219,273.403
862.2867: 1.526841,-1.024893,1.563982,278.3574
862.5089: 1.231983,-1.005679,1.532066,280.9099
862.7311: 0.964983,-0.9789277,1.551141,286.7471
862.9534: 0.711887,-0.9624923,1.527573,296.0795
863.1756: 0.4849759,-0.914435,1.553885,326.2706
863.3978: 0.2945416,-0.8431321,1.542891,339.3422
863.62: 0.1411255,-0.7606443,1.538966,350.1756
863.8422: -0.04420539,-0.7668941,1.549891,296.7485
864.0645: -0.1824788,-0.832004,1.53123,253.3731
864.2867: -0.348873,-0.8908538,1.533861,240.4783
864.5089: -0.5029454,-0.9507467,1.531973,199.0861
864.7311: -0.6762109,-0.9528228,1.514175,182.0833
864.9534: -0.9169825,-0.9292194,1.537845,200.3626
865.1756: -1.173023,-0.9147439,1.519427,249.0173
865.3978: -1.392334,-0.9533638,1.504781,266.6067
865.62: -1.616997,-1.003198,1.526529,252.0639
865.8422: -1.843191,-1.008742,1.504606,233.3715
866.0645: -2.063194,-1.007543,1.523385,209.8086
866.2867: -2.264753,-1.050544,1.504953,197.3082
866.5089: -2.464981,-1.084413,1.527585,219.2872
866.7311: -2.588519,-0.9530336,1.523596,321.4767
866.9534: -2.609935,-0.8659426,1.519908,8.161859
867.1756: -2.646461,-0.6839896,1.501197,20.31241
867.3978: -2.697489,-0.4956768,1.508661,27.83719
867.62: -2.772746,-0.2698148,1.47446,24.59548
867.8422: -2.805788,-0.02464187,1.507495,26.60839
868.0645: -2.738332,0.2084339,1.474428,32.36502
868.2867: -2.622758,0.4426194,1.509296,33.85349
868.5089: -2.516399,0.6832228,1.500395,31.30696
868.7311: -2.410202,0.9321098,1.509489,27.01623
868.9534: -2.261524,1.165991,1.502297,20.64238
869.1756: -2.101153,1.389476,1.501566,2.988724
869.3978: -2.006028,1.622036,1.507841,342.412
869.62: -1.95393,1.855776,1.502871,327.4535
869.8422: -1.896413,2.105026,1.507486,312.9293
870.0645: -1.830287,2.334605,1.504475,321.5186
870.2867: -1.742193,2.562596,1.514898,17.74755
870.5089: -1.67745,2.745461,1.497273,55.21297
870.7311: -1.573558,2.885867,1.509727,84.97094
870.9534: -1.412377,3.003966,1.502614,99.07426
871.1756: -1.23291,3.112534,1.519163,107.4663
871.3978: -1.020402,3.239653,1.495917,103.607
871.62: -0.7896359,3.343854,1.530945,90.67249
871.8422: -0.5445368,3.333275,1.501678,98.56522
872.0645: -0.2889045,3.283458,1.54035,104.231
872.2867: -0.03016507,3.27,1.523484,104.3644
872.5089: 0.2415033,3.277489,1.528434,111.6015
872.7311: 0.496484,3.230146,1.53693,116.8377
872.9534: 0.783279,3.11708,1.49696,118.9671
Trial Result: Success object: Piano | Time Spent: 17.05805
Trial No.:20 Ends
Trial No.:5 Begins
User confirmed on object: Table, this maze officially starts.
888.8422: -2.042853,2.084836,1.562738,96.85962
889.0645: -2.064663,2.09872,1.558838,101.2804
889.2867: -2.077205,2.090084,1.549592,111.0021
889.5089: -2.138186,2.011393,1.522196,136.2588
889.7311: -2.206949,1.934486,1.498013,133.8083
889.9534: -2.243372,1.961659,1.497133,82.31113
890.1756: -2.312222,2.032257,1.500311,16.88191
890.3978: -2.30882,2.085068,1.49482,356.8262
890.62: -2.245177,2.150646,1.48194,350.281
890.8422: -2.169633,2.204947,1.490642,334.7846
891.0645: -2.115991,2.276619,1.498855,313.2843
891.2867: -2.074942,2.442138,1.483852,327.7336
891.5089: -1.975152,2.597984,1.482665,41.34045
891.7311: -1.872979,2.700621,1.486017,76.26752
891.9534: -1.699568,2.806568,1.49425,90.30042
892.1756: -1.498087,2.920776,1.509371,96.58738
892.3978: -1.25333,3.043859,1.499687,99.93327
892.62: -0.9960236,3.10964,1.530086,102.708
892.8422: -0.7592731,3.094948,1.506664,122.1438
893.0645: -0.5502902,3.079594,1.533698,143.3018
893.2867: -0.3047101,3.100577,1.51602,132.8163
893.5089: -0.06138815,3.138632,1.543354,110.2911
893.7311: 0.1637173,3.135126,1.521376,102.9289
893.9534: 0.424943,3.10203,1.539937,101.5356
894.1756: 0.7019107,3.099038,1.549438,100.3099
894.3978: 0.9879362,3.141595,1.536043,89.83776
894.62: 1.248379,3.147618,1.566231,87.19953
894.8422: 1.508678,3.082835,1.544097,112.4359
895.0645: 1.768715,3.004862,1.571332,132.6131
895.2867: 2.034918,2.91822,1.543772,144.3485
895.5089: 2.272224,2.788967,1.57378,156.6986
895.7311: 2.423947,2.598861,1.556879,173.4914
895.9534: 2.545935,2.384025,1.57415,187.7878
896.1756: 2.667505,2.16358,1.562233,195.583
896.3978: 2.741282,1.938698,1.585428,206.7138
896.62: 2.714556,1.723742,1.565543,217.6033
896.8422: 2.625905,1.498812,1.563653,222.7134
897.0645: 2.513063,1.288718,1.565729,227.1729
897.2867: 2.370591,1.087472,1.545377,232.1158
Trial Result: Success object: Bookshelf | Time Spent: 8.707096
Trial No.:5 Ends
