Participant ID: 437
Maze Mode: testing
Trial No.:16 Begins
User confirmed on object: Wheelbarrow, this maze officially starts.
30.36444: 0.2092542,-0.03093661,1.556938,272.3523
30.58667: 0.218385,-0.03212532,1.557968,269.1388
30.80889: 0.2379087,-0.007162811,1.554233,281.288
31.03111: 0.257223,0.007876463,1.55633,281.3946
31.25333: 0.2603222,-0.01852552,1.554682,245.8468
31.47556: 0.2703147,-0.05122005,1.542782,225.1874
31.69778: 0.2971432,-0.1091414,1.527377,204.6499
31.92: 0.3311555,-0.1439632,1.52008,180.2184
32.14222: 0.3427465,-0.1550891,1.51218,159.3464
32.36444: 0.3267215,-0.1836855,1.509824,160.8093
32.58667: 0.2889131,-0.280291,1.496078,190.7811
32.80889: 0.2308559,-0.3677598,1.50424,235.6816
33.03111: 0.1704858,-0.4513164,1.504307,255.28
33.25333: 0.06629923,-0.548436,1.491087,260.408
33.47556: -0.05409338,-0.6524311,1.50272,255.598
33.69778: -0.1241729,-0.7656006,1.510574,223.5396
33.92: -0.1908427,-0.8726368,1.505835,202.4521
34.14222: -0.2933032,-0.9807367,1.504687,203.9683
34.36444: -0.4014726,-1.079636,1.511122,200.1265
34.58667: -0.5269017,-1.189881,1.500987,184.9813
34.80889: -0.6609135,-1.311831,1.515989,173.0553
35.03111: -0.7611942,-1.463336,1.506682,170.6175
35.25333: -0.8159869,-1.651563,1.508984,173.0099
35.47556: -0.8554772,-1.843389,1.525461,174.802
35.69778: -0.8856484,-2.045013,1.509857,173.1356
35.92: -0.8703108,-2.248751,1.523265,146.8788
36.14222: -0.8181771,-2.416953,1.523081,124.6423
36.36444: -0.7402602,-2.579735,1.511569,114.2123
36.58667: -0.6504653,-2.706285,1.525917,97.8857
36.80889: -0.5746033,-2.810445,1.531879,82.14053
37.03111: -0.492657,-2.944034,1.522108,74.52488
37.25333: -0.3987783,-3.048599,1.542722,66.66882
37.47556: -0.3299865,-3.077642,1.528222,50.83845
37.69778: -0.3537889,-3.070131,1.543679,0.9012012
37.92: -0.4063447,-3.131357,1.530185,306.5925
38.14222: -0.4553061,-3.172863,1.526655,285.7591
38.36444: -0.5686597,-3.178621,1.511216,282.8352
38.58667: -0.7650749,-3.1713,1.522041,278.154
38.80889: -0.9877694,-3.140183,1.518562,278.0933
39.03111: -1.235155,-3.079293,1.512011,283.95
39.25333: -1.486259,-3.049023,1.540554,289.1078
39.47556: -1.730713,-3.047664,1.504772,292.8054
39.69778: -1.97519,-3.024129,1.540908,300.2475
39.92: -2.18193,-2.946243,1.513204,304.1691
40.14222: -2.347487,-2.8175,1.528262,303.7471
40.36444: -2.491015,-2.693354,1.526809,305.691
40.58667: -2.624072,-2.554453,1.51634,305.9202
40.80889: -2.722422,-2.42205,1.552765,305.5795
Trial Result: Success object: Plant | Time Spent: 10.82784
Trial No.:16 Ends
Trial No.:21 Begins
User confirmed on object: Mailbox, this maze officially starts.
58.48667: -1.696925,-3.015131,1.565626,353.6276
58.70889: -1.665729,-3.047684,1.595816,349.6463
58.93111: -1.665952,-3.104431,1.591558,350.2928
59.15334: -1.701568,-3.17866,1.584806,349.0925
59.37556: -1.746376,-3.242103,1.573213,350.8388
59.59778: -1.818122,-3.303545,1.558287,322.3588
59.82: -1.843344,-3.34954,1.54939,296.7433
60.04222: -1.845106,-3.331966,1.548469,304.6689
60.26445: -1.77816,-3.257493,1.544755,2.821141
60.48667: -1.656947,-3.219234,1.540842,34.99516
60.70889: -1.544898,-3.17471,1.532616,40.41578
60.93111: -1.410175,-3.137373,1.534327,56.78943
61.15334: -1.272209,-3.076829,1.515296,69.23851
61.37556: -1.142398,-2.990753,1.533826,66.81225
61.59778: -1.062541,-2.870531,1.534394,21.97142
61.82: -0.9758211,-2.779321,1.528247,3.297516
62.04222: -0.9080862,-2.653164,1.509371,357.4905
62.26445: -0.8745948,-2.472039,1.519025,357.6209
62.48667: -0.8456084,-2.272386,1.525334,358.0464
62.70889: -0.8166893,-2.062188,1.506676,3.779643
62.93111: -0.7761296,-1.845402,1.528167,14.36009
63.15334: -0.7497662,-1.645441,1.521119,23.85331
63.37556: -0.6999863,-1.471261,1.510666,46.35582
63.59778: -0.6054621,-1.331665,1.514662,59.87841
63.82: -0.4739029,-1.227065,1.504665,61.9506
64.04222: -0.3595095,-1.12088,1.53106,44.48343
64.26444: -0.2923031,-0.9885173,1.517998,11.25507
64.48667: -0.2164623,-0.8428993,1.50865,1.995481
64.70889: -0.1550249,-0.6725003,1.513043,350.5756
64.93111: -0.08963528,-0.4998395,1.495911,335.6682
65.15334: 0.007886659,-0.2934498,1.512852,338.9722
65.37556: 0.05301389,-0.08376727,1.512464,348.1097
65.59778: 0.07046301,0.1264863,1.491692,7.362528
65.82: 0.09620534,0.323208,1.512318,34.71055
66.04222: 0.1343395,0.4934391,1.495067,53.33104
66.26444: 0.1785908,0.6362582,1.506204,66.62125
66.48667: 0.2081465,0.7512045,1.513901,82.47296
66.70889: 0.2801851,0.8325883,1.505418,93.53654
66.93111: 0.4358654,0.8812966,1.468363,96.39045
67.15334: 0.651684,0.8895937,1.485944,85.92465
67.37556: 0.8690432,0.8962201,1.499665,79.39655
67.59778: 1.124166,0.9013143,1.481058,81.20876
67.82: 1.377389,0.8994852,1.510936,84.77605
68.04222: 1.62314,0.9013332,1.485661,84.17241
68.26444: 1.890714,0.9040657,1.504173,81.65178
68.48667: 2.143967,0.9415781,1.496841,81.71278
68.70889: 2.386489,1.00134,1.489499,84.49582
68.93111: 2.569495,1.03705,1.529886,87.08189
Trial Result: Success object: Trashcan | Time Spent: 10.80684
Trial No.:21 Ends
Trial No.:11 Begins
User confirmed on object: Trashcan, this maze officially starts.
83.20889: 2.62171,1.073015,1.554266,86.91888
83.43111: 2.618992,1.062675,1.554395,88.36089
83.65334: 2.613575,1.050227,1.55413,88.68521
83.87556: 2.622987,1.096716,1.543244,49.4506
84.09778: 2.582031,1.164915,1.517255,357.4438
84.32: 2.561929,1.210861,1.507558,338.2552
84.54222: 2.592456,1.272832,1.505247,342.9543
84.76445: 2.658043,1.397127,1.49268,349.8331
84.98667: 2.744998,1.576466,1.480149,345.3613
85.20889: 2.790495,1.768895,1.493356,334.9194
85.43111: 2.776017,1.988131,1.4643,325.4861
85.65334: 2.72034,2.204033,1.487911,315.4396
85.87556: 2.668419,2.401418,1.485341,300.6723
86.09778: 2.613179,2.61802,1.466689,284.9428
86.32: 2.510634,2.800619,1.486843,272.9734
86.54222: 2.361575,2.922742,1.46483,256.1898
86.76445: 2.200585,3.00819,1.484494,243.6099
86.98667: 2.026915,3.107366,1.479418,252.7929
87.20889: 1.806504,3.20272,1.480131,262.2412
87.43111: 1.566003,3.241086,1.48225,262.4177
87.65334: 1.308031,3.228007,1.469229,265.2273
87.87556: 1.05147,3.206073,1.495484,270.7677
88.09778: 0.7954963,3.188846,1.465957,270.2745
88.32: 0.5383159,3.172674,1.499624,266.5953
88.54222: 0.296629,3.14024,1.475758,265.8771
88.76445: 0.07345077,3.106474,1.475888,260.557
88.98667: -0.1095859,3.103889,1.487326,265.9327
89.20889: -0.2463484,3.096759,1.494551,268.9377
89.43111: -0.3590026,3.055227,1.472086,264.1036
89.65334: -0.5096296,3.035365,1.463026,261.3748
89.87556: -0.7024026,3.038385,1.483717,264.0803
90.09778: -0.9037603,3.005523,1.473879,259.5689
90.32: -1.105819,2.963067,1.482986,262.4677
90.54222: -1.296703,2.915646,1.485256,244.0787
90.76445: -1.454056,2.858356,1.468176,213.24
90.98667: -1.572463,2.765726,1.47395,191.4493
91.20889: -1.659577,2.62409,1.463157,173.8844
91.43111: -1.728087,2.450222,1.478625,157.737
91.65334: -1.803077,2.264171,1.481889,167.5608
91.87556: -1.890687,2.055449,1.479987,180.9716
92.09778: -1.955586,1.837935,1.502573,193.8526
92.32: -2.00581,1.610784,1.473737,212.1072
92.54222: -2.077826,1.404128,1.503766,208.651
92.76445: -2.187905,1.236893,1.474188,189.7578
92.98667: -2.375129,1.090934,1.491174,179.122
93.20889: -2.515284,0.9250342,1.514125,167.5324
93.43111: -2.595002,0.751375,1.489328,157.0624
93.65334: -2.6358,0.5965836,1.515238,139.8119
93.87556: -2.650826,0.4337327,1.528461,124.1054
Trial Result: Success object: Telescope | Time Spent: 11.00615
Trial No.:11 Ends
Trial No.:7 Begins
User confirmed on object: Plant, this maze officially starts.
103.92: -2.580814,-2.040221,1.580626,273.553
104.1422: -2.581569,-2.04452,1.580678,273.7546
104.3644: -2.598289,-2.041844,1.572733,288.8162
104.5867: -2.586981,-1.982584,1.552873,336.4425
104.8089: -2.521568,-1.909432,1.539675,9.190585
105.0311: -2.44627,-1.817844,1.526245,15.53411
105.2533: -2.425462,-1.723285,1.530721,7.463306
105.4756: -2.44014,-1.594386,1.521693,359.9471
105.6978: -2.498774,-1.408248,1.497016,356.8029
105.92: -2.557882,-1.190441,1.517673,359.1214
106.1422: -2.570396,-0.9653974,1.49568,3.243338
106.3644: -2.554433,-0.7144569,1.504539,5.14967
106.5867: -2.560527,-0.4696259,1.514658,7.363521
106.8089: -2.574752,-0.2207088,1.489978,11.22779
107.0311: -2.570373,0.02639076,1.519292,18.00158
107.2533: -2.540345,0.2553069,1.496509,25.78214
107.4756: -2.482382,0.4730965,1.506936,32.95053
107.6978: -2.410279,0.6630928,1.513445,45.85558
107.92: -2.324139,0.8089821,1.497102,66.71152
108.1422: -2.197295,0.8959204,1.495043,85.93971
108.3644: -2.014429,0.9366425,1.470213,89.97752
108.5867: -1.772453,0.9450456,1.501693,85.56299
108.8089: -1.537195,0.9563478,1.503237,80.21564
109.0311: -1.28137,0.9786448,1.487052,70.72872
109.2533: -1.025795,0.9806443,1.507799,60.43362
109.4756: -0.7703046,0.9736187,1.475632,44.50427
109.6978: -0.5500857,0.9741673,1.507673,29.41652
109.92: -0.3715701,1.005161,1.499879,21.70144
110.1422: -0.1464182,1.042325,1.49287,57.22114
110.3644: 0.07360572,1.068753,1.508427,84.13426
110.5867: 0.2905914,1.091999,1.483455,93.94443
110.8089: 0.5258008,1.093958,1.502672,99.84792
111.0311: 0.7734931,1.092858,1.502357,96.54908
111.2533: 1.045458,1.093169,1.488997,92.34749
111.4756: 1.321079,1.068519,1.510554,92.90919
111.6978: 1.605182,1.020738,1.477203,91.40035
111.92: 1.874317,0.9873047,1.517655,88.38094
112.1422: 2.130282,0.9883099,1.48626,88.24084
112.3644: 2.368608,1.005019,1.512502,88.17521
112.5867: 2.562675,1.001724,1.525238,87.05262
Trial Result: Success object: Trashcan | Time Spent: 8.984547
Trial No.:7 Ends
Trial No.:9 Begins
User confirmed on object: Bookshelf, this maze officially starts.
125.7422: 1.777739,1.134312,1.552005,182.7801
125.9644: 1.756003,1.158017,1.552845,189.8278
126.1867: 1.726371,1.18222,1.550145,203.789
126.4089: 1.709949,1.184556,1.549912,207.477
126.6311: 1.690633,1.17067,1.547518,215.5945
126.8533: 1.645826,1.147433,1.519994,252.4669
127.0756: 1.553228,1.144319,1.491277,276.8361
127.2978: 1.39106,1.145584,1.458702,279.8244
127.52: 1.168562,1.140524,1.474026,271.2193
127.7422: 0.9240046,1.10747,1.475613,268.4195
127.9644: 0.6559451,1.049957,1.472889,272.8749
128.1867: 0.3709367,1.02397,1.492597,275.1602
128.4089: 0.07620347,1.023781,1.473989,276.5751
128.6311: -0.2149675,1.015942,1.506939,277.2636
128.8533: -0.4982442,1.002188,1.473932,282.4943
129.0756: -0.7647626,1.019987,1.50724,291.489
129.2978: -1.011085,1.078314,1.476907,298.4332
129.52: -1.243265,1.182527,1.494851,306.2954
129.7422: -1.455247,1.301867,1.4771,318.9711
129.9644: -1.647694,1.458536,1.477217,334.2209
130.1867: -1.784392,1.671588,1.471149,344.0933
130.4089: -1.879603,1.918223,1.472271,331.7185
130.6311: -1.991863,2.142843,1.497959,314.2218
130.8533: -2.128565,2.334874,1.467691,303.7626
131.0756: -2.282259,2.506463,1.489601,295.1544
131.2978: -2.431787,2.658194,1.474131,287.4747
131.52: -2.583971,2.79722,1.491992,278.5904
Trial Result: Success object: Stove | Time Spent: 6.152664
Trial No.:9 Ends
Trial No.:18 Begins
User confirmed on object: Harp, this maze officially starts.
146.9867: 1.856006,-1.061525,1.558054,339.8434
147.2089: 1.872064,-1.070137,1.559711,338.8931
147.4311: 1.900055,-1.096699,1.564199,338.9555
147.6533: 1.925978,-1.081177,1.552093,343.9124
147.8756: 1.999162,-1.031925,1.535158,17.34436
148.0978: 1.96057,-0.9718065,1.530725,358.7523
148.32: 1.787268,-0.9963174,1.511929,288.9647
148.5422: 1.640741,-1.003728,1.498491,282.108
148.7645: 1.449842,-1.010991,1.512673,281.7606
148.9867: 1.241028,-0.9897863,1.505962,285.0489
149.2089: 1.013287,-0.9431554,1.502144,282.8711
149.4311: 0.777603,-0.9416949,1.525768,274.2135
149.6533: 0.5292401,-0.97601,1.494118,268.4854
149.8756: 0.2721817,-1.003539,1.52728,263.7285
150.0978: 0.02164147,-1.005103,1.506294,260.5137
150.32: -0.2304131,-1.003446,1.516314,248.0729
150.5422: -0.438985,-1.038937,1.52095,214.3005
150.7645: -0.6494112,-1.068682,1.504705,198.4163
150.9867: -0.9217054,-1.055028,1.526224,235.8009
151.2089: -1.175351,-1.007141,1.503773,267.1592
151.4311: -1.4127,-1.016482,1.531702,254.7975
151.6533: -1.637356,-1.052915,1.51587,246.2556
151.8756: -1.872574,-1.076671,1.513517,264.156
152.0978: -2.072799,-1.034301,1.531523,310.7924
152.32: -2.253375,-0.9855947,1.504815,334.9174
152.5422: -2.414225,-0.9104115,1.519186,356.1733
152.7645: -2.563365,-0.818578,1.520005,11.74371
152.9867: -2.6992,-0.7163403,1.500254,25.31192
153.2089: -2.751552,-0.5753206,1.525496,35.50818
Trial Result: Success object: Telescope | Time Spent: 6.562914
Trial No.:18 Ends
Trial No.:22 Begins
User confirmed on object: Mailbox, this maze officially starts.
165.2422: -1.719961,-3.16796,1.559444,350.2822
165.4644: -1.710367,-3.173889,1.567315,353.0397
165.6867: -1.707344,-3.175712,1.569531,353.8918
165.9089: -1.697002,-3.220782,1.580298,352.1686
166.1311: -1.700475,-3.24699,1.569052,351.6783
166.3533: -1.703451,-3.261827,1.562778,352.9324
166.5756: -1.710368,-3.271619,1.565707,355.9944
166.7978: -1.740379,-3.276911,1.572313,348.6064
167.02: -1.846054,-3.222913,1.552752,325.0224
167.2422: -1.976665,-3.139957,1.541451,318.7144
167.4644: -2.103128,-3.027866,1.535366,324.9423
167.6867: -2.226891,-2.850809,1.512756,332.9132
167.9089: -2.341228,-2.641619,1.537335,344.9381
168.1311: -2.469934,-2.438131,1.522444,354.3275
168.3533: -2.590528,-2.214655,1.52618,1.644184
168.5756: -2.653233,-1.968233,1.519039,5.154695
168.7978: -2.653112,-1.707598,1.507882,8.89528
169.02: -2.623442,-1.494019,1.534143,29.79651
169.2422: -2.573423,-1.326147,1.503642,55.60123
169.4644: -2.469649,-1.195003,1.510916,74.6511
169.6867: -2.292169,-1.103443,1.493711,84.729
169.9089: -2.058831,-1.047298,1.523777,89.77829
170.1311: -1.807129,-0.9940044,1.502169,93.52461
170.3533: -1.513313,-0.9571633,1.520628,96.29288
170.5756: -1.206583,-0.9682758,1.50713,98.93369
170.7978: -0.8983334,-1.003475,1.506938,96.47732
171.02: -0.5968565,-1.014753,1.519485,94.71528
171.2422: -0.2810562,-1.015513,1.505973,94.27558
171.4644: 0.03080609,-1.031693,1.526229,88.75488
171.6867: 0.3373561,-1.070525,1.498867,91.13313
171.9089: 0.6292384,-1.072706,1.529011,90.86469
172.1311: 0.934413,-1.042453,1.498005,87.63464
172.3533: 1.244657,-1.018209,1.527056,82.07874
172.5756: 1.555937,-1.008693,1.488136,77.28836
172.7978: 1.83909,-0.9572039,1.515176,54.83465
173.02: 2.077686,-0.8617693,1.489262,32.12669
173.2422: 2.291731,-0.7353443,1.501848,17.63786
173.4644: 2.479472,-0.5809809,1.483244,2.005517
173.6867: 2.627331,-0.3890662,1.491545,343.2292
173.9089: 2.683363,-0.1552659,1.479059,329.6606
174.1311: 2.663023,0.09906073,1.49042,321.7639
174.3533: 2.615111,0.3341673,1.492096,305.5252
174.5756: 2.541987,0.5704863,1.475509,280.7228
174.7978: 2.41938,0.7378069,1.510585,254.8558
175.02: 2.273101,0.8459646,1.490566,242.0415
175.2422: 2.136525,0.9092173,1.523197,225.473
Trial Result: Success object: Bookshelf | Time Spent: 10.25081
Trial No.:22 Ends
Trial No.:2 Begins
User confirmed on object: Stove, this maze officially starts.
188.0756: -2.53191,3.110885,1.517705,258.2018
188.2978: -2.498217,3.111243,1.524194,263.8
188.52: -2.491178,3.12184,1.517894,291.3748
188.7422: -2.428186,3.12124,1.48216,6.238408
188.9644: -2.336987,3.014926,1.477844,65.96216
189.1867: -2.277171,2.898255,1.490627,98.83553
189.4089: -2.214019,2.80762,1.48466,115.1401
189.6311: -2.144677,2.712278,1.485195,128.871
189.8533: -2.062781,2.658142,1.489571,142.7442
190.0756: -1.983371,2.608149,1.453777,163.7032
190.2978: -1.935069,2.511881,1.456333,178.5967
190.52: -1.910306,2.359836,1.439484,174.1392
190.7422: -1.903275,2.159491,1.470908,151.0271
190.9644: -1.907448,1.964072,1.487443,148.984
191.1867: -1.885687,1.768845,1.469807,136.4693
191.4089: -1.835828,1.573696,1.49347,124.0267
191.6311: -1.754783,1.372312,1.476989,110.6759
191.8533: -1.634516,1.188821,1.500237,97.41061
192.0756: -1.464741,1.078972,1.489497,89.71454
192.2978: -1.257775,1.015353,1.495942,95.66555
192.52: -1.032106,0.9667802,1.499479,96.06202
192.7422: -0.7879073,0.9183072,1.485302,88.95078
192.9644: -0.5404985,0.9017172,1.515964,89.38629
193.1867: -0.280475,0.9207801,1.486653,90.54779
193.4089: -0.01785358,0.9443026,1.513533,91.86288
193.6311: 0.2470904,0.9439493,1.488376,91.31965
193.8533: 0.5356578,0.9278907,1.501505,89.95349
194.0756: 0.8181703,0.9354333,1.502054,87.89065
194.2978: 1.101275,0.9517012,1.487591,87.41479
194.52: 1.357941,0.9416665,1.509828,86.99852
194.7422: 1.620914,0.9324003,1.476428,74.96655
194.9644: 1.857663,0.9619361,1.515482,43.91598
195.1867: 2.072519,1.016795,1.489282,29.75051
195.4089: 2.279456,1.11508,1.494303,15.35251
195.6311: 2.445058,1.226028,1.498841,353.4283
195.8533: 2.627094,1.348192,1.475603,345.7269
196.0756: 2.776755,1.521114,1.503711,343.8239
196.2978: 2.835476,1.744818,1.464078,340.0612
196.52: 2.819107,1.995179,1.48586,326.1096
196.7422: 2.792912,2.233516,1.482242,310.6587
196.9644: 2.765016,2.499348,1.458151,293.9547
197.1867: 2.687213,2.73412,1.487552,280.3679
197.4089: 2.561483,2.905656,1.457026,267.3356
197.6311: 2.43046,3.039896,1.4754,259.5157
197.8533: 2.308857,3.179342,1.486909,259.6618
198.0756: 2.185701,3.339334,1.491667,259.7791
198.2978: 2.068626,3.446786,1.49832,261.7204
198.52: 1.905232,3.45702,1.481574,261.2866
198.7422: 1.669909,3.395921,1.457632,259.2344
198.9644: 1.397012,3.347322,1.498709,259.2495
199.1867: 1.11309,3.339189,1.469686,257.5265
199.4089: 0.8293804,3.347908,1.490403,252.7879
199.6311: 0.5521407,3.338004,1.485405,251.0052
199.8533: 0.2740987,3.318242,1.473612,251.8924
200.0756: -0.006769783,3.32135,1.495604,253.9623
200.2978: -0.2922243,3.338061,1.456563,252.521
200.52: -0.5559592,3.324877,1.495071,250.2795
200.7422: -0.8020868,3.269095,1.465555,248.0788
200.9644: -1.029665,3.182199,1.479085,243.4157
201.1867: -1.233878,3.047399,1.467922,219.2406
201.4089: -1.431633,2.886862,1.464387,196.5834
201.6311: -1.584062,2.683887,1.47012,182.0559
201.8533: -1.682183,2.433806,1.465907,180.989
202.0756: -1.776493,2.18659,1.485864,184.6712
202.2978: -1.860278,1.933135,1.441698,176.1936
202.52: -1.847263,1.712626,1.4828,143.0484
202.7422: -1.774393,1.534239,1.467692,126.9923
202.9644: -1.619518,1.361319,1.453509,119.007
203.1867: -1.420814,1.224379,1.475009,111.6744
203.4089: -1.188128,1.093305,1.459144,112.8253
203.6311: -0.9357476,0.980692,1.499278,115.6177
203.8533: -0.6825535,0.8939991,1.467938,124.5377
204.0756: -0.4337777,0.7941736,1.487062,142.1189
204.2978: -0.2676385,0.6545321,1.489366,166.1963
204.52: -0.165067,0.4799514,1.485465,179.2161
204.7422: -0.1103513,0.2806766,1.506203,192.8561
204.9644: -0.08734819,0.06762423,1.475838,210.0219
Trial Result: Success object: Wheelbarrow | Time Spent: 17.22477
Trial No.:2 Ends
Trial No.:4 Begins
User confirmed on object: Piano, this maze officially starts.
219.7089: 1.82187,3.111167,1.524935,185.6081
219.9311: 1.814151,3.163255,1.529175,190.6151
220.1533: 1.777844,3.243424,1.524477,200.6259
220.3756: 1.750205,3.292107,1.522608,204.4658
220.5978: 1.749425,3.298354,1.517679,204.8463
220.82: 1.708742,3.281564,1.481501,234.4485
221.0422: 1.610984,3.250555,1.459202,253.0801
221.2645: 1.445387,3.22409,1.435539,253.829
221.4867: 1.260488,3.189226,1.465632,246.2907
221.7089: 1.043609,3.116344,1.446649,243.3486
221.9311: 0.8043961,3.020715,1.46522,232.674
222.1533: 0.5566625,2.927988,1.467037,223.0304
222.3756: 0.3323573,2.817824,1.449466,208.4956
222.5978: 0.1704313,2.629843,1.467061,195.7768
222.82: 0.06907213,2.386945,1.454375,193.5162
223.0422: -0.005959254,2.141545,1.475772,193.1807
223.2645: -0.07247259,1.874716,1.462132,192.4785
223.4867: -0.1485169,1.61031,1.497576,202.5607
223.7089: -0.2393668,1.358835,1.457069,224.8304
223.9311: -0.3993449,1.184857,1.48237,253.0591
224.1533: -0.6033001,1.087451,1.452062,263.0147
224.3756: -0.8480162,1.027841,1.479874,263.7149
224.5978: -1.095962,0.9796255,1.470289,265.0492
224.82: -1.35489,0.944764,1.485574,272.0828
225.0422: -1.555156,0.9857359,1.507149,304.2287
225.2645: -1.675415,1.016575,1.513344,328.1197
225.4867: -1.727345,1.022443,1.502963,359.8398
225.7089: -1.728713,1.025347,1.506438,14.38411
225.9311: -1.710998,1.022627,1.500232,18.25173
226.1533: -1.624844,1.007418,1.506226,49.50657
226.3756: -1.471759,0.9736596,1.506927,75.77871
226.5978: -1.285465,0.970305,1.497381,81.93634
226.82: -1.072438,0.9703671,1.492672,97.66431
227.0422: -0.8529932,0.9886527,1.488968,113.8219
227.2645: -0.6549459,0.9549398,1.506161,129.9577
227.4867: -0.4441665,0.9077788,1.488732,119.4413
227.7089: -0.2655395,0.8783558,1.516254,105.6071
227.9311: -0.1343799,0.8131121,1.505797,123.2289
228.1533: -0.08626606,0.6413273,1.486578,166.0136
228.3756: -0.05629461,0.4240828,1.469368,167.9459
228.5978: -0.03452316,0.183616,1.516182,165.7948
228.82: 0.007572426,-0.05033825,1.492867,158.1396
229.0422: 0.06558257,-0.2725104,1.501744,139.7898
229.2645: 0.08967733,-0.4828311,1.509715,120.451
229.4867: 0.1405402,-0.6807851,1.505671,95.92581
229.7089: 0.271824,-0.8023716,1.510114,76.77074
229.9311: 0.464062,-0.8820097,1.509824,74.27335
230.1533: 0.6827573,-0.9342666,1.520289,69.5022
230.3756: 0.9368565,-0.9670757,1.489818,57.84661
230.5978: 1.171065,-0.9707476,1.534157,45.71605
Trial Result: Success object: Harp | Time Spent: 11.26113
Trial No.:4 Ends
Trial No.:15 Begins
User confirmed on object: Wheelbarrow, this maze officially starts.
241.8422: 0.20609,-0.09574188,1.554318,278.4819
242.0645: 0.2585151,-0.07399306,1.550189,277.4905
242.2867: 0.3243776,-0.00133451,1.539119,291.1469
242.5089: 0.4093945,0.08277553,1.524004,324.2288
242.7311: 0.4374365,0.1120214,1.521474,336.5982
242.9533: 0.4329593,0.1271572,1.523034,344.01
243.1756: 0.458028,0.1433058,1.519957,11.88274
243.3978: 0.494354,0.1279366,1.5155,46.70011
243.62: 0.504153,0.1098365,1.512216,63.26309
243.8422: 0.4963492,0.1283894,1.50632,59.65068
244.0645: 0.3948604,0.2104192,1.499779,11.73866
244.2867: 0.3153332,0.272788,1.49316,352.5585
244.5089: 0.2991119,0.3786458,1.479143,353.2777
244.7311: 0.2574652,0.4695663,1.507312,353.6453
244.9533: 0.1718717,0.5669863,1.486156,342.3437
245.1756: 0.125932,0.7418064,1.47603,349.596
245.3978: 0.113918,0.9740283,1.465824,353.5063
245.62: 0.08964193,1.205576,1.490429,354.1709
245.8422: 0.04603786,1.442479,1.464814,353.7166
246.0645: 0.01618465,1.683287,1.489971,356.651
246.2867: 0.006963693,1.919282,1.470974,348.2092
246.5089: -0.003040178,2.14886,1.471764,328.1624
246.7311: -0.05553225,2.350806,1.485106,308.9022
246.9533: -0.1463588,2.542525,1.465645,293.7549
247.1756: -0.2609195,2.699973,1.480697,272.6095
247.3978: -0.377184,2.84817,1.468732,252.53
247.62: -0.5000249,3.017107,1.478719,246.8436
247.8422: -0.6622609,3.140386,1.483701,251.3433
248.0645: -0.8570227,3.214295,1.465768,257.8111
248.2867: -1.05137,3.244684,1.488338,251.3097
248.5089: -1.244663,3.229221,1.462827,228.9088
248.7311: -1.434637,3.157979,1.482422,206.6048
248.9533: -1.595598,3.001925,1.453412,195.9283
249.1756: -1.720883,2.797941,1.475335,186.6272
249.3978: -1.804023,2.585848,1.475116,166.7158
249.62: -1.92133,2.353359,1.474569,169.2534
249.8422: -1.998035,2.117988,1.495963,183.3614
250.0645: -2.04587,1.822121,1.467323,197.9381
250.2867: -2.129131,1.582515,1.505655,203.2738
250.5089: -2.255202,1.342612,1.465846,188.858
250.7311: -2.379852,1.143834,1.498531,178.016
250.9533: -2.496085,0.9021877,1.495568,172.8702
251.1756: -2.59079,0.6392591,1.498913,179.8992
251.3978: -2.679449,0.3832452,1.508886,184.3716
251.62: -2.760335,0.1046043,1.494341,183.8551
251.8422: -2.795541,-0.1840371,1.529002,179.6562
252.0645: -2.790402,-0.4791455,1.498844,173.517
252.2867: -2.792345,-0.7562764,1.531067,172.8088
252.5089: -2.807771,-1.028912,1.503495,168.929
252.7311: -2.83451,-1.309635,1.53237,166.2337
252.9533: -2.82744,-1.585512,1.521769,165.772
253.1756: -2.774914,-1.870251,1.523571,155.1076
253.3978: -2.722915,-2.135027,1.52382,142.9485
253.62: -2.662086,-2.415738,1.502061,128.2977
253.8422: -2.53303,-2.641574,1.533085,105.7786
254.0645: -2.342906,-2.796306,1.499341,87.01601
254.2867: -2.166406,-2.89704,1.530394,65.93547
254.5089: -2.033154,-2.956507,1.546712,37.54882
Trial Result: Success object: Mailbox | Time Spent: 12.96022
Trial No.:15 Ends
Trial No.:12 Begins
User confirmed on object: Trashcan, this maze officially starts.
270.2978: 2.706863,1.035421,1.547233,91.39069
270.52: 2.673331,1.016564,1.55238,90.23998
270.7422: 2.643159,0.9731964,1.553332,98.3735
270.9644: 2.616437,0.9562277,1.554105,112.0417
271.1867: 2.598205,0.9562037,1.53869,140.7115
271.4089: 2.491133,0.9799492,1.50796,220.8313
271.6311: 2.418292,1.024181,1.508241,254.6839
271.8533: 2.344604,1.03646,1.505191,270.135
272.0756: 2.255585,1.007355,1.515062,276.3918
272.2978: 2.114035,0.9767016,1.49918,275.5944
272.52: 1.903193,1.005039,1.460764,272.7076
272.7422: 1.658368,1.058527,1.498152,266.6058
272.9644: 1.417087,1.066597,1.497285,268.2914
273.1867: 1.172621,1.021782,1.483198,255.8724
273.4089: 0.9457672,0.9987582,1.503165,246.0904
273.6311: 0.715067,0.9781471,1.47342,234.1442
273.8533: 0.5105282,0.9226261,1.512369,211.2763
274.0756: 0.3543592,0.8263008,1.496207,196.9271
274.2978: 0.2365087,0.6560626,1.494989,185.6171
274.52: 0.1437806,0.4671126,1.503452,166.388
274.7422: 0.0335597,0.2504367,1.483954,169.0005
274.9644: -0.07483748,0.01043193,1.516862,186.826
275.1867: -0.1141717,-0.2194172,1.501431,199.6141
275.4089: -0.1304595,-0.4522094,1.494419,214.4924
275.6311: -0.2029797,-0.6233591,1.526476,244.67
275.8533: -0.3107786,-0.7296515,1.506211,262.3117
276.0756: -0.4431103,-0.8178512,1.517546,266.5674
276.2978: -0.5322327,-0.9626559,1.522214,219.1241
276.52: -0.6112403,-1.095412,1.50819,193.7366
276.7422: -0.6943204,-1.256709,1.511226,177.7021
276.9644: -0.783512,-1.419634,1.517597,173.6601
277.1867: -0.8841925,-1.613352,1.498637,175.9732
277.4089: -0.9585659,-1.831566,1.523408,172.1054
277.6311: -0.9872207,-2.055902,1.513435,179.8156
277.8533: -1.004301,-2.280116,1.506759,214.9816
278.0756: -1.025121,-2.463861,1.529431,235.7653
278.2978: -1.063689,-2.620409,1.514558,251.6531
278.52: -1.111583,-2.750411,1.533206,274.5679
278.7422: -1.131224,-2.848395,1.552846,300.2445
278.9644: -1.080578,-2.935388,1.544392,355.981
279.1867: -1.000461,-3.077823,1.551885,36.21399
279.4089: -0.9152077,-3.210464,1.549038,53.03716
279.6311: -0.826045,-3.331775,1.534737,62.39973
279.8533: -0.7781653,-3.430113,1.544925,72.62616
280.0756: -0.7969275,-3.414689,1.565479,39.73505
280.2978: -1.00702,-3.389253,1.54388,315.0118
280.52: -1.206366,-3.407173,1.5335,293.0832
280.7422: -1.420879,-3.379027,1.543737,297.4034
280.9644: -1.638208,-3.301589,1.51968,305.3735
281.1867: -1.885781,-3.147616,1.524849,314.3136
281.4089: -2.109026,-3.011521,1.543425,326.0239
281.6311: -2.345314,-2.86198,1.503493,340.936
281.8533: -2.515625,-2.670845,1.540796,1.805003
282.0756: -2.618184,-2.449285,1.505408,8.644382
282.2978: -2.683455,-2.178534,1.536933,6.797116
282.52: -2.744184,-1.904569,1.505345,6.68782
282.7422: -2.801589,-1.590435,1.518053,5.138618
282.9644: -2.800481,-1.27757,1.505201,5.422495
283.1867: -2.762136,-0.9518952,1.493775,4.285953
283.4089: -2.742258,-0.641087,1.509616,6.33283
283.6311: -2.730988,-0.3274276,1.485114,13.41222
283.8533: -2.679432,-0.03360793,1.5092,21.33395
284.0756: -2.592577,0.2422403,1.473976,29.7149
284.2978: -2.508176,0.4924356,1.512847,32.75724
284.52: -2.42807,0.7295809,1.489495,35.52569
284.7422: -2.323583,0.9686213,1.50208,39.50571
284.9644: -2.187001,1.178574,1.503633,42.23545
285.1867: -2.018515,1.379398,1.491572,44.24475
Trial Result: Success object: Table | Time Spent: 15.22597
Trial No.:12 Ends
Trial No.:20 Begins
User confirmed on object: Well, this maze officially starts.
297.5089: 1.651022,-1.989403,1.568547,85.5276
297.7311: 1.646483,-1.989826,1.567838,93.6532
297.9533: 1.647074,-1.984921,1.564969,100.6205
298.1756: 1.66719,-1.967437,1.556904,94.89585
298.3978: 1.691264,-2.004376,1.548602,108.9926
298.62: 1.660534,-2.078783,1.534976,155.8719
298.8422: 1.573687,-2.127609,1.522509,200.9592
299.0645: 1.503425,-2.174843,1.524769,223.3886
299.2867: 1.474441,-2.205906,1.525556,249.799
299.5089: 1.52949,-2.245685,1.525179,253.8977
299.7311: 1.575401,-2.358882,1.513438,229.5338
299.9533: 1.552982,-2.465593,1.515213,228.5376
300.1756: 1.462462,-2.584944,1.498767,242.8607
300.3978: 1.310236,-2.708946,1.489197,256.1448
300.62: 1.138245,-2.801023,1.506194,267.0277
300.8422: 0.9414228,-2.878794,1.502051,274.1168
301.0645: 0.7141426,-2.952755,1.519501,279.5246
301.2867: 0.4520927,-2.980446,1.503645,279.0701
301.5089: 0.1652075,-2.976704,1.515486,276.8558
301.7311: -0.1104461,-2.987836,1.525741,275.9699
301.9533: -0.3941884,-3.013366,1.510682,276.0309
302.1756: -0.6694484,-3.010981,1.533517,279.5213
302.3978: -0.9547721,-2.981542,1.505809,281.0704
302.62: -1.231187,-2.959894,1.54419,282.3709
302.8422: -1.508557,-2.961289,1.509855,285.8374
303.0645: -1.798705,-2.944882,1.535079,294.4028
303.2867: -2.030576,-2.864531,1.521269,304.2784
303.5089: -2.25406,-2.703637,1.520835,315.7734
303.7311: -2.405765,-2.546047,1.527359,340.1376
303.9533: -2.553387,-2.358273,1.509085,357.6395
304.1756: -2.667369,-2.13586,1.532561,7.429973
304.3978: -2.729245,-1.894444,1.503816,10.87333
304.62: -2.749327,-1.638174,1.524629,10.27029
304.8422: -2.769006,-1.396438,1.522007,13.69784
305.0645: -2.800263,-1.125161,1.519733,14.80939
305.2867: -2.812215,-0.8329391,1.525361,12.79418
305.5089: -2.791579,-0.5097271,1.49165,14.62542
305.7311: -2.757108,-0.1998791,1.52134,20.82395
305.9533: -2.72384,0.09517673,1.472342,35.95433
306.1756: -2.658343,0.3899611,1.491568,44.54287
306.3978: -2.52153,0.6359074,1.471731,57.74159
306.62: -2.363939,0.832466,1.485382,73.71156
306.8422: -2.245569,0.993458,1.505377,81.78474
307.0645: -2.147188,1.156609,1.497827,79.80492
307.2867: -2.052101,1.287647,1.507647,56.87986
307.5089: -1.983605,1.425034,1.494955,21.69309
307.7311: -1.936427,1.619567,1.455662,7.603674
307.9533: -1.91464,1.866916,1.473264,355.9944
308.1756: -1.925284,2.07632,1.482519,321.4302
308.3978: -1.85585,2.318809,1.469962,337.5028
308.62: -1.728559,2.523041,1.494184,43.62418
308.8422: -1.660633,2.723166,1.468483,66.51765
309.0645: -1.566129,2.906827,1.47993,90.82553
309.2867: -1.423606,3.037365,1.472895,103.1167
309.5089: -1.208662,3.129683,1.452541,101.7478
309.7311: -0.9611434,3.191522,1.479803,99.16585
309.9533: -0.703422,3.246589,1.453209,95.15538
310.1756: -0.4080377,3.287912,1.466373,95.84898
310.3978: -0.1134247,3.272818,1.472754,98.47405
310.62: 0.1798603,3.214704,1.46359,98.89147
310.8422: 0.4466203,3.175653,1.492005,105.991
311.0645: 0.7133517,3.145623,1.460311,112.1701
311.2867: 0.9590673,3.111831,1.499727,118.4264
Trial Result: Success object: Piano | Time Spent: 14.19286
Trial No.:20 Ends
Trial No.:6 Begins
User confirmed on object: Table, this maze officially starts.
325.2533: -1.985749,2.138738,1.54102,95.75372
325.4756: -2.005887,2.131768,1.541415,106.3931
325.6978: -2.014204,2.11802,1.540058,119.1306
325.92: -2.01752,2.093692,1.526974,131.6615
326.1422: -2.038787,2.06658,1.507699,153.6801
326.3644: -2.077315,2.054132,1.497754,182.6209
326.5867: -2.089382,2.029687,1.495763,190.1607
326.8089: -2.089152,1.979802,1.499285,188.0147
327.0311: -2.085772,1.95596,1.490617,199.2226
327.2533: -2.013989,1.926074,1.480195,168.1288
327.4756: -1.943213,1.847421,1.47144,133.9525
327.6978: -1.914501,1.695088,1.478851,123.7282
327.92: -1.876568,1.553481,1.506099,130.0928
328.1422: -1.851007,1.441812,1.507874,149.6066
328.3644: -1.72657,1.355213,1.492324,128.0396
328.5867: -1.518975,1.271726,1.482774,114.3358
328.8089: -1.290336,1.177062,1.48082,114.1942
329.0311: -1.033857,1.062926,1.470079,118.4847
329.2533: -0.7731289,0.9674262,1.505867,126.5927
329.4756: -0.5112478,0.8768703,1.464732,139.8325
329.6978: -0.2937729,0.7372304,1.506845,161.1538
329.92: -0.1671095,0.5520068,1.47346,178.84
330.1422: -0.102251,0.3187617,1.500282,192.588
330.3644: -0.04558501,0.09118581,1.500107,204.5558
330.5867: 0.01461915,-0.164909,1.486728,209.4298
330.8089: -0.01017059,-0.4056973,1.517706,217.2308
331.0311: -0.1193101,-0.6139439,1.486066,229.1113
331.2533: -0.2753444,-0.8160033,1.514121,230.6409
331.4756: -0.4111089,-1.039474,1.49954,207.2774
331.6978: -0.5505352,-1.292652,1.495238,197.9785
331.92: -0.6680732,-1.550454,1.509659,189.0893
332.1422: -0.7760714,-1.828106,1.488157,181.0223
332.3644: -0.8452758,-2.086433,1.52226,185.6272
332.5867: -0.9143606,-2.340136,1.489727,215.6211
332.8089: -0.9988151,-2.566893,1.532604,247.6942
333.0311: -1.140248,-2.741462,1.513051,266.4772
333.2533: -1.310551,-2.848295,1.515162,289.3331
333.4756: -1.465695,-2.949413,1.545007,304.9044
333.6978: -1.568341,-3.008047,1.516146,334.4283
333.92: -1.447861,-3.067909,1.559584,49.35671
334.1422: -1.325578,-3.172445,1.543471,72.30428
334.3644: -1.151078,-3.220361,1.54665,77.78534
334.5867: -0.9242408,-3.22173,1.521666,75.72758
334.8089: -0.6450658,-3.175254,1.524461,72.06006
335.0311: -0.3691237,-3.127367,1.532357,67.05008
335.2533: -0.08212756,-3.083744,1.503188,61.23498
335.4756: 0.1781805,-3.020972,1.540597,54.02858
335.6978: 0.3834137,-2.942275,1.512731,45.98983
Trial Result: Success object: Chair | Time Spent: 10.73954
Trial No.:6 Ends
Trial No.:19 Begins
User confirmed on object: Well, this maze officially starts.
344.6422: 1.700448,-2.076839,1.566984,82.81631
344.8644: 1.693951,-2.080786,1.56655,89.08176
345.0867: 1.684083,-2.079649,1.565414,93.0117
345.3089: 1.681469,-2.067086,1.558555,87.90707
345.5311: 1.643124,-1.978127,1.545995,40.50257
345.7533: 1.533347,-1.89478,1.519741,351.6129
345.9756: 1.482957,-1.785275,1.51157,339.3063
346.1978: 1.483595,-1.628346,1.483984,332.8207
346.42: 1.474859,-1.442634,1.480541,312.2323
346.6422: 1.380698,-1.281307,1.483983,298.9987
346.8644: 1.200428,-1.168609,1.477807,296.468
347.0867: 0.9904406,-1.075544,1.503581,296.9473
347.3089: 0.7568144,-0.9731102,1.48137,296.4958
347.5311: 0.5359229,-0.8464366,1.521307,305.3068
347.7533: 0.33728,-0.7199052,1.506684,327.7481
347.9756: 0.1736561,-0.5541943,1.509624,349.6403
348.1978: 0.09657288,-0.3467535,1.491763,1.41247
348.42: 0.06817383,-0.1090611,1.496199,0.4494255
348.6422: 0.02325848,0.1347361,1.507268,359.351
348.8644: -0.03042159,0.4086056,1.489234,0.6460337
349.0867: -0.04239705,0.6913309,1.508301,2.193076
349.3089: -0.01455184,0.9837272,1.469545,1.293138
349.5311: 0.008495251,1.270078,1.496937,359.5343
349.7533: -0.003364902,1.553428,1.4625,357.0958
349.9756: -0.01705313,1.841509,1.493876,354.1032
350.1978: -0.02584091,2.090829,1.47782,340.0978
350.42: -0.0481744,2.337661,1.473288,313.6701
350.6422: -0.1303769,2.533551,1.48462,284.7095
350.8644: -0.2540464,2.686973,1.470308,265.0867
351.0867: -0.3667327,2.814535,1.492991,250.6796
351.3089: -0.4771696,2.959538,1.497129,245.9846
351.5311: -0.5964624,3.131217,1.504769,249.5126
351.7533: -0.6598328,3.251572,1.503684,252.9
351.9756: -0.6614327,3.311414,1.491845,227.0527
352.1978: -0.6063877,3.344764,1.476679,181.1017
352.42: -0.5742905,3.400644,1.464734,133.7217
352.6422: -0.5994287,3.405533,1.465957,126.072
352.8644: -0.6116701,3.409893,1.482067,115.494
353.0867: -0.5978011,3.381787,1.481078,108.8451
353.3089: -0.5268064,3.325461,1.473359,103.7613
353.5311: -0.4008609,3.254254,1.482567,99.24673
353.7534: -0.2513665,3.176277,1.479336,96.22217
353.9756: -0.09781951,3.088069,1.469484,82.84484
354.1978: 0.06179191,3.026877,1.484133,74.08562
354.42: 0.2550801,2.994497,1.467301,72.69887
354.6422: 0.4891033,2.9926,1.487478,74.54993
354.8644: 0.7283162,2.97994,1.484594,78.75993
355.0867: 0.9808185,2.957175,1.478962,81.23528
355.3089: 1.222096,2.963337,1.501579,84.64308
355.5311: 1.482482,2.983079,1.468742,95.98401
355.7534: 1.736232,2.997805,1.49438,105.1556
355.9756: 1.956682,2.956207,1.480514,123.0337
356.1978: 2.146728,2.861538,1.481411,143.8787
356.42: 2.327304,2.750851,1.49604,158.8796
356.6422: 2.49726,2.600036,1.47538,176.2266
356.8644: 2.636096,2.41311,1.492187,190.0138
357.0867: 2.701045,2.20456,1.470017,196.7989
357.3089: 2.71466,1.982067,1.491475,188.2629
357.5311: 2.733756,1.813492,1.507044,183.7209
357.7534: 2.756978,1.675213,1.498165,186.5605
357.9756: 2.775121,1.54888,1.512893,195.7329
358.1978: 2.725357,1.474282,1.521922,233.008
358.42: 2.68732,1.457175,1.517311,259.6255
358.6422: 2.657658,1.469607,1.519278,270.2532
358.8644: 2.645716,1.628261,1.517332,302.4413
359.0867: 2.67474,1.820535,1.500731,328.3411
359.3089: 2.675376,2.011384,1.491639,349.5536
359.5311: 2.621563,2.231961,1.474789,348.2301
359.7534: 2.490749,2.451092,1.480941,312.0088
359.9756: 2.368294,2.668233,1.467041,291.2162
360.1978: 2.219223,2.866101,1.464368,274.5676
360.42: 2.011244,2.980334,1.46005,257.2394
360.6422: 1.769736,3.050123,1.465034,252.6169
360.8644: 1.518285,3.109791,1.474052,256.183
361.0867: 1.232155,3.164749,1.47017,260.5009
361.3089: 0.9437335,3.170042,1.49388,264.9034
361.5311: 0.6442475,3.136628,1.459114,269.5543
361.7534: 0.3561981,3.106209,1.487746,270.6646
361.9756: 0.08334151,3.083366,1.462922,269.9495
362.1978: -0.1713353,3.053264,1.48947,265.6344
362.42: -0.4070063,3.005213,1.473327,262.5315
362.6422: -0.6559165,2.962224,1.48467,264.0403
362.8644: -0.9076593,2.955143,1.487786,268.8977
363.0867: -1.147331,2.943385,1.472326,256.2415
363.3089: -1.339437,2.846905,1.482597,224.4703
363.5311: -1.524294,2.705681,1.468722,209.0853
363.7534: -1.668661,2.526084,1.478832,187.5653
363.9756: -1.787877,2.333442,1.4696,162.6898
364.1978: -1.88769,2.132051,1.488237,142.2009
364.42: -1.907084,1.964993,1.490834,111.602
364.6422: -1.900408,1.871239,1.491106,84.64055
Trial Result: Success object: Table | Time Spent: 20.40174
Trial No.:19 Ends
Trial No.:13 Begins
User confirmed on object: Telescope, this maze officially starts.
376.8644: -2.830165,-0.01748351,1.551469,79.41639
377.0867: -2.865738,-0.02450753,1.551954,88.57381
377.3089: -2.927993,-0.01978705,1.544876,103.0276
377.5311: -2.985929,-0.004613299,1.535623,112.9719
377.7534: -3.008971,-0.03267355,1.526278,128.6023
377.9756: -2.999943,-0.1239136,1.507555,138.6553
378.1978: -2.974319,-0.2747404,1.483089,142.0694
378.42: -2.913576,-0.4202201,1.48584,138.1662
378.6422: -2.77904,-0.5157956,1.457202,117.3599
378.8644: -2.603581,-0.6060185,1.441779,116.1765
379.0867: -2.404883,-0.7012502,1.501227,112.553
379.3089: -2.216425,-0.8012147,1.482752,112.3158
379.5311: -1.998969,-0.9023916,1.511933,105.2909
379.7534: -1.768282,-0.9468341,1.504683,91.92752
379.9756: -1.519925,-0.9959928,1.501135,103.1778
380.1978: -1.326496,-1.111089,1.521152,135.5243
380.42: -1.173389,-1.240144,1.499636,148.5499
380.6422: -1.05304,-1.401124,1.516872,161.3483
380.8644: -0.9558192,-1.577029,1.512458,166.8415
381.0867: -0.8576169,-1.771857,1.508605,165.1025
381.3089: -0.8147306,-1.993989,1.513595,157.3645
381.5311: -0.8140628,-2.25645,1.472906,143.0965
381.7534: -0.81266,-2.511665,1.5096,121.4388
381.9756: -0.7785773,-2.638364,1.519877,100.9975
382.1978: -0.737557,-2.69519,1.523092,89.54475
382.42: -0.6878099,-2.72364,1.523875,89.45126
382.6422: -0.6722444,-2.704129,1.522397,82.50643
382.8644: -0.7292182,-2.593539,1.497429,51.1511
383.0867: -0.7923148,-2.395118,1.527999,26.84966
383.3089: -0.8412871,-2.148826,1.506761,13.89566
383.5311: -0.8399991,-1.903056,1.519677,15.49837
383.7534: -0.7706993,-1.663003,1.491242,21.6755
383.9756: -0.6329247,-1.416299,1.507234,24.68491
384.1978: -0.5109718,-1.160635,1.518262,25.88676
384.42: -0.3827502,-0.8856894,1.498869,22.98149
384.6422: -0.2520192,-0.6249646,1.504173,11.72952
384.8644: -0.1201486,-0.3471442,1.469429,2.125113
385.0867: -0.0463632,-0.07093231,1.506716,346.8196
385.3089: -0.03115099,0.2043441,1.477271,338.8685
385.5311: -0.02217878,0.5007704,1.506999,349.7719
385.7534: -0.01829498,0.8026379,1.481388,354.3392
385.9756: -0.01455359,1.105955,1.49272,355.8946
386.1978: -0.03807196,1.39175,1.490671,359.0705
386.42: -0.07132108,1.680078,1.470401,358.7722
386.6422: -0.08778513,1.931761,1.491695,344.1157
386.8644: -0.0661369,2.166082,1.462363,324.7634
387.0867: -0.0431481,2.383332,1.49434,309.8527
387.3089: -0.06494404,2.545263,1.485562,293.1479
387.5311: -0.1052124,2.671203,1.476203,277.1945
387.7534: -0.1448725,2.783671,1.491813,264.7258
387.9756: -0.1743962,2.883307,1.4995,243.5905
388.1978: -0.1466022,2.963248,1.488384,192.7796
388.42: -0.07745525,3.055444,1.489258,146.4313
388.6422: -0.02809183,3.118794,1.494485,125.5113
388.8644: 0.02583608,3.176056,1.494168,113.0324
389.0867: 0.08170797,3.219956,1.479553,111.5617
389.3089: 0.09671286,3.191195,1.481935,129.7466
389.5311: 0.0494362,3.067638,1.468966,168.0095
389.7534: -0.008445013,2.873905,1.453989,177.3529
389.9756: -0.05300774,2.664185,1.491989,178.7401
390.1978: -0.06724213,2.43876,1.471006,180.7225
390.42: -0.05279502,2.189827,1.480253,183.0697
390.6422: -0.05520827,1.958194,1.494722,183.5191
390.8644: -0.08405313,1.72146,1.482959,185.9243
391.0867: -0.1555236,1.509222,1.502262,214.2154
391.3089: -0.2504807,1.316979,1.472482,242.6261
391.5311: -0.407771,1.195754,1.483642,265.5595
391.7534: -0.6093478,1.125897,1.45579,270.6094
391.9756: -0.8411428,1.097748,1.493518,272.1855
392.1978: -1.0703,1.070777,1.482847,275.2721
392.42: -1.318761,1.023229,1.48935,262.691
392.6422: -1.550255,0.9912194,1.502884,244.7318
392.8644: -1.778586,0.98806,1.474847,231.1094
393.0867: -2.001828,0.9807022,1.508516,216.8988
393.3089: -2.192461,0.9316635,1.491392,202.2908
393.5311: -2.364934,0.8579518,1.483266,189.4515
393.7534: -2.495309,0.8072722,1.499495,173.7194
393.9756: -2.608024,0.7734175,1.499733,158.3099
394.1978: -2.669123,0.7525402,1.518121,139.7079
394.42: -2.586881,0.7897058,1.504549,95.86062
394.6422: -2.429149,0.8661695,1.490039,68.12295
394.8644: -2.221025,0.934383,1.495339,54.61731
395.0867: -2.012428,0.9651437,1.485049,34.52859
395.3089: -1.794807,0.9617387,1.47349,6.834344
395.5311: -1.558516,0.9874873,1.496867,359.3039
395.7534: -1.252079,1.023103,1.472495,37.38511
395.9756: -0.9688658,1.036115,1.506905,66.7336
396.1978: -0.704915,1.048978,1.480013,74.10502
396.42: -0.4254518,1.047733,1.503575,82.36942
396.6422: -0.1714722,1.056808,1.495007,89.4054
396.8644: 0.1019532,1.081862,1.48819,94.85562
397.0867: 0.3539214,1.076215,1.509001,97.57697
397.3089: 0.5520172,1.038132,1.493023,102.6149
397.5311: 0.6387252,0.9737219,1.51432,137.403
397.7534: 0.5589038,0.8983622,1.498749,204.5303
397.9756: 0.4526575,0.8083898,1.476881,214.4404
398.1978: 0.3152637,0.6739781,1.490283,205.1599
398.42: 0.2072009,0.4904932,1.491575,180.1781
398.6422: 0.1441182,0.2721871,1.481777,164.3597
398.8644: 0.0953947,0.03459931,1.493231,158.8383
399.0867: 0.0712813,-0.2314276,1.45538,150.7169
399.3089: 0.1379492,-0.4751733,1.508044,131.8553
399.5311: 0.2954911,-0.6702333,1.477313,116.934
399.7534: 0.5019029,-0.8305191,1.502594,108.904
399.9756: 0.7346008,-0.9795715,1.491886,111.0384
400.1978: 0.9852349,-1.134041,1.50322,108.7519
400.42: 1.244657,-1.234913,1.499527,109.5602
400.6422: 1.503945,-1.333245,1.496742,114.4768
400.8644: 1.711254,-1.460454,1.528664,117.5143
Trial Result: Success object: Well | Time Spent: 24.39876
Trial No.:13 Ends
Trial No.:23 Begins
User confirmed on object: Chair, this maze officially starts.
411.6534: 0.8413155,-3.147421,1.573062,354.0265
411.8756: 0.8657055,-3.153823,1.573036,11.90137
412.0978: 0.8901834,-3.154345,1.571536,26.66546
412.32: 0.8889563,-3.130008,1.56788,18.87819
412.5422: 0.8398873,-3.098003,1.553674,344.7735
412.7645: 0.7580546,-3.093533,1.537395,318.8573
412.9867: 0.6351727,-3.10065,1.527535,302.62
413.2089: 0.499241,-3.10129,1.528425,294.662
413.4311: 0.347284,-3.080393,1.517886,286.2517
413.6534: 0.1796874,-3.014651,1.505505,283.4987
413.8756: -0.008460796,-2.960114,1.53262,280.5105
414.0978: -0.2039272,-2.904203,1.511483,292.4403
414.32: -0.3998185,-2.826683,1.522951,321.8428
414.5422: -0.542101,-2.708772,1.524732,344.2615
414.7645: -0.630505,-2.547301,1.504049,351.8183
414.9867: -0.7047597,-2.363428,1.528265,357.8772
415.2089: -0.7781577,-2.173788,1.513295,4.772542
415.4311: -0.8341209,-1.959985,1.513157,15.52096
415.6534: -0.8225653,-1.752239,1.524449,28.88968
415.8756: -0.7616872,-1.552301,1.497589,36.77898
416.0978: -0.6695793,-1.363686,1.522173,39.48799
416.32: -0.5424129,-1.219455,1.511541,61.45663
416.5422: -0.4306007,-1.031648,1.515519,49.35551
416.7645: -0.3245142,-0.8452076,1.514535,19.82006
416.9867: -0.1933368,-0.662717,1.487943,6.485547
417.2089: -0.1132211,-0.4727572,1.51326,335.2858
417.4311: -0.06302034,-0.2779306,1.491873,328.9319
417.6534: -0.03384948,-0.05328144,1.504565,341.6043
417.8756: -0.003326183,0.1605107,1.508903,350.665
418.0978: 0.01755684,0.3800528,1.492285,348.7394
418.32: -0.04212293,0.5568415,1.518431,311.627
418.5422: -0.1226984,0.6846868,1.497511,288.0034
418.7645: -0.2476691,0.7964078,1.49765,274.4747
418.9867: -0.4035941,0.9020307,1.496571,264.3407
419.2089: -0.5843868,1.025955,1.482085,270.1691
419.4311: -0.7767453,1.103278,1.508045,275.6427
419.6534: -0.9897912,1.123148,1.4803,282.0769
419.8756: -1.228219,1.147754,1.494361,304.4253
420.0978: -1.400176,1.235616,1.498895,323.4854
420.32: -1.549671,1.390397,1.476078,333.4077
420.5422: -1.672883,1.555552,1.492345,336.3286
420.7645: -1.793257,1.741883,1.467316,326.7715
420.9867: -1.872261,1.95784,1.485514,331.9573
421.2089: -1.819613,2.19654,1.478873,25.73322
421.4311: -1.75207,2.401573,1.469474,52.80778
421.6534: -1.681626,2.587294,1.485338,73.73244
421.8756: -1.585715,2.772802,1.456633,95.02024
422.0978: -1.449674,2.951381,1.486557,101.6443
422.32: -1.26144,3.069468,1.463244,101.0406
422.5422: -1.02665,3.13635,1.473407,98.93547
422.7645: -0.7904208,3.191947,1.485329,96.48982
422.9867: -0.5399743,3.234557,1.462837,96.90987
423.2089: -0.2790235,3.242479,1.490825,99.05343
423.4311: -0.01251315,3.201027,1.462944,99.97285
423.6534: 0.2435407,3.150093,1.495619,101.3064
423.8756: 0.4877968,3.117902,1.474413,102.181
424.0978: 0.7459986,3.094091,1.480366,108.4943
424.32: 0.9679381,3.052993,1.498401,112.832
Trial Result: Success object: Piano | Time Spent: 12.98238
Trial No.:23 Ends
Trial No.:10 Begins
User confirmed on object: Bookshelf, this maze officially starts.
439.22: 1.692124,1.176075,1.543932,175.6925
439.4422: 1.670771,1.185202,1.545361,184.5733
439.6645: 1.646267,1.182595,1.544083,192.1292
439.8867: 1.619935,1.169752,1.533519,198.3371
440.1089: 1.58035,1.155766,1.518712,220.2578
440.3311: 1.530547,1.165728,1.510879,251.7297
440.5533: 1.487008,1.203661,1.503357,270.3022
440.7756: 1.431032,1.216147,1.50207,260.3636
440.9978: 1.358643,1.196229,1.497541,246.4144
441.22: 1.238872,1.153798,1.483448,244.6681
441.4422: 1.069798,1.092435,1.498455,252.9058
441.6645: 0.8950018,1.059274,1.503525,263.6089
441.8867: 0.7007505,1.044103,1.485239,269.9318
442.1089: 0.4913898,1.039551,1.50562,272.6044
442.3311: 0.2894848,1.000106,1.50172,274.118
442.5533: 0.07147226,0.9448974,1.488886,277.2993
442.7756: -0.1386366,0.9222344,1.509357,282.3649
442.9978: -0.3559731,0.9348499,1.488245,286.1359
443.22: -0.5669592,0.9600521,1.510239,285.6759
443.4422: -0.7689045,0.9615594,1.508167,282.0109
443.6645: -1.002637,0.9494128,1.491291,277.3117
443.8867: -1.232354,0.9518775,1.511736,280.1225
444.1089: -1.470947,0.9613417,1.486277,272.6172
444.3311: -1.71362,0.943508,1.501412,249.9468
444.5533: -1.940042,0.8704765,1.489871,230.0166
444.7756: -2.145717,0.7582124,1.480671,215.0279
444.9978: -2.335721,0.627933,1.49114,192.2763
445.22: -2.499636,0.4859456,1.472923,167.3369
445.4422: -2.605188,0.3245918,1.506924,148.7195
445.6645: -2.668001,0.1060933,1.482507,157.8513
445.8867: -2.716563,-0.1435706,1.518641,178.144
446.1089: -2.76828,-0.3909414,1.504722,188.2721
446.3311: -2.819962,-0.6544321,1.511756,187.7483
446.5533: -2.829706,-0.8986197,1.526893,190.1025
446.7756: -2.802432,-1.141331,1.508592,196.0085
446.9978: -2.782803,-1.34953,1.543361,201.7101
Trial Result: Success object: Plant | Time Spent: 8.084812
Trial No.:10 Ends
Trial No.:14 Begins
User confirmed on object: Telescope, this maze officially starts.
458.8311: -2.919401,0.04426636,1.553163,89.48557
459.0533: -2.923189,0.03797939,1.551776,92.79577
459.2756: -2.921531,0.02487437,1.54831,102.7833
459.4978: -2.906829,-0.02096716,1.535842,128.7284
459.72: -2.903989,-0.07576378,1.528239,153.8753
459.9422: -2.931893,-0.1318603,1.522208,170.5731
460.1645: -2.952177,-0.1958635,1.519108,179.4736
460.3867: -2.92421,-0.2794902,1.516921,178.5552
460.6089: -2.81269,-0.3769061,1.504426,158.1215
460.8311: -2.703798,-0.4743297,1.514134,132.845
461.0533: -2.637398,-0.5979706,1.509581,116.9163
461.2756: -2.587363,-0.740343,1.506358,104.2972
461.4978: -2.493386,-0.8457671,1.50964,94.32585
461.72: -2.343658,-0.9018211,1.458013,92.14723
461.9422: -2.158814,-0.9306498,1.50164,82.1297
462.1645: -1.985996,-0.9750118,1.509911,78.23235
462.3867: -1.787013,-1.049581,1.504098,90.37876
462.6089: -1.586016,-1.085716,1.524363,96.96397
462.8311: -1.391195,-1.092861,1.501256,107.2689
463.0533: -1.217086,-1.124281,1.521622,139.8617
463.2756: -1.094386,-1.188989,1.521041,161.9118
463.4978: -1.015345,-1.297914,1.513958,171.1064
463.72: -0.9622109,-1.448086,1.519906,178.2226
463.9422: -0.9034062,-1.616288,1.512115,179.5876
464.1645: -0.83422,-1.820848,1.505584,175.9947
464.3867: -0.8020276,-2.026255,1.518972,165.9596
464.6089: -0.8045333,-2.237629,1.494436,149.2003
464.8311: -0.818413,-2.454874,1.513976,127.7743
465.0533: -0.785742,-2.610938,1.523181,108.1535
465.2756: -0.7238158,-2.72062,1.506103,94.35632
465.4978: -0.6481985,-2.814485,1.521588,88.35696
465.72: -0.6149268,-2.877232,1.532675,78.20448
465.9422: -0.6371582,-2.842074,1.535039,38.31554
466.1645: -0.7186165,-2.704453,1.513335,1.886126
466.3867: -0.7837518,-2.513763,1.505249,354.3374
466.6089: -0.8067726,-2.286831,1.521309,355.1394
466.8311: -0.7732108,-2.026803,1.49083,6.561009
467.0533: -0.7058307,-1.767189,1.520062,16.51844
467.2756: -0.664476,-1.518746,1.509023,25.55346
467.4978: -0.6020066,-1.27036,1.501852,33.28027
467.72: -0.4851815,-1.059434,1.508163,35.75127
467.9422: -0.3356495,-0.8710321,1.49596,30.82413
468.1645: -0.22251,-0.6670309,1.521007,22.00802
468.3867: -0.1247103,-0.4736637,1.479424,43.6873
468.6089: -0.02909234,-0.4183754,1.519382,87.90202
468.8311: 0.01123255,-0.4652991,1.520515,103.2385
469.0533: 0.05076887,-0.5990791,1.506831,99.48592
469.2756: 0.07416108,-0.7207872,1.51035,91.86926
469.4978: 0.09030413,-0.7764295,1.501574,92.50628
469.72: 0.1054695,-0.6681478,1.509799,76.50451
469.9422: 0.04380972,-0.3766629,1.506609,26.75527
470.1645: -0.01636171,-0.1404954,1.510284,10.8008
470.3867: -0.05010275,0.05023334,1.504044,350.0277
470.6089: -0.05413214,0.2267121,1.488619,318.9169
470.8311: -0.0595451,0.3923998,1.514521,298.7216
471.0533: -0.0610525,0.5930007,1.497067,333.202
471.2756: -0.03065627,0.7489922,1.501331,39.11708
471.4978: -0.01838634,0.8639102,1.511504,60.95756
471.72: 0.03113933,0.9354476,1.507021,74.20277
471.9422: 0.1324237,0.955961,1.498643,90.27348
472.1645: 0.2729208,0.9943135,1.497001,100.2751
472.3867: 0.4900445,1.047646,1.47127,96.9444
472.6089: 0.752221,1.07782,1.499895,93.73338
472.8311: 1.016482,1.061321,1.485493,90.40252
473.0533: 1.292103,1.019133,1.485267,87.82756
473.2756: 1.554852,1.031059,1.508679,77.55247
473.4978: 1.812113,1.092312,1.476309,60.42744
473.72: 2.049036,1.171574,1.502127,41.34858
473.9422: 2.263555,1.262877,1.482783,16.06023
474.1645: 2.450143,1.36863,1.498528,348.0078
474.3867: 2.595318,1.527626,1.496013,343.7016
474.6089: 2.695544,1.748805,1.484473,346.2708
474.8311: 2.748032,1.970628,1.491452,340.7672
475.0533: 2.757639,2.2078,1.465533,321.3955
475.2756: 2.74167,2.436693,1.485766,299.9009
475.4978: 2.667167,2.626551,1.476283,283.0669
475.72: 2.549612,2.794223,1.469866,270.5865
475.9422: 2.442251,2.93019,1.4873,253.6678
476.1645: 2.324041,3.08588,1.465797,249.5208
476.3867: 2.205878,3.241456,1.506059,250.6773
476.6089: 2.108142,3.32143,1.512234,252.9916
476.8311: 2.053319,3.327237,1.49815,253.0235
477.0533: 2.046507,3.295968,1.505006,233.9336
477.2756: 2.119862,3.21635,1.506712,193.488
477.4978: 2.273265,3.083209,1.499653,169.139
477.72: 2.445077,2.910642,1.477024,166.7433
477.9422: 2.556432,2.724787,1.492161,167.1665
478.1645: 2.614914,2.494262,1.463968,174.088
478.3867: 2.633758,2.239714,1.497327,186.8495
478.6089: 2.663885,1.99288,1.48292,194.2573
478.8311: 2.676255,1.735325,1.478633,197.8413
479.0533: 2.600826,1.521566,1.501666,205.614
479.2756: 2.43039,1.370534,1.474194,229.5928
479.4978: 2.229946,1.260689,1.494631,250.807
479.72: 2.004365,1.164756,1.473954,258.7871
479.9422: 1.748935,1.083302,1.500323,260.8431
480.1645: 1.490776,1.052445,1.487628,255.6418
480.3867: 1.21818,1.045533,1.483375,245.1378
480.6089: 0.9687466,1.009516,1.506588,238.0607
480.8311: 0.7361133,0.9344881,1.48685,230.3873
481.0533: 0.5273835,0.8442318,1.510355,224.6185
481.2756: 0.3187978,0.7348732,1.49234,220.4373
481.4978: 0.1361344,0.6038423,1.527652,214.7451
Trial Result: Success object: Wheelbarrow | Time Spent: 22.93293
Trial No.:14 Ends
Trial No.:3 Begins
User confirmed on object: Piano, this maze officially starts.
494.6756: 1.785751,3.277987,1.532464,177.4598
494.8978: 1.780604,3.284364,1.532076,180.0936
495.12: 1.774112,3.278113,1.523418,190.3344
495.3422: 1.74162,3.263772,1.505999,216.6998
495.5645: 1.689017,3.2612,1.484354,250.001
495.7867: 1.607217,3.261221,1.473644,265.2877
496.0089: 1.477874,3.269849,1.463497,270.0234
496.2311: 1.32909,3.26557,1.484506,267.3159
496.4533: 1.169462,3.224609,1.477289,258.7078
496.6756: 0.9721135,3.165678,1.475481,255.8831
496.8978: 0.7610775,3.141022,1.488885,259.2404
497.12: 0.5354474,3.141719,1.46311,262.4435
497.3422: 0.3021969,3.151989,1.487263,259.344
497.5645: 0.07964889,3.134919,1.479431,259.4797
497.7867: -0.1501918,3.108083,1.472614,261.5469
498.0089: -0.3773827,3.097561,1.486182,261.9814
498.2311: -0.6137818,3.097925,1.458813,257.6759
498.4533: -0.8607442,3.074593,1.487351,249.0218
498.6756: -1.088227,2.998698,1.467485,240.1675
498.8978: -1.286166,2.869578,1.469793,221.5092
499.12: -1.464341,2.747976,1.473969,207.1935
499.3422: -1.643136,2.608974,1.459868,192.3956
499.5645: -1.777907,2.441795,1.484245,180.9043
499.7867: -1.864878,2.233466,1.460508,178.278
500.0089: -1.951388,2.002726,1.491591,187.2982
500.2311: -2.056045,1.771061,1.479433,196.1379
500.4533: -2.175184,1.525628,1.4882,194.857
500.6756: -2.271418,1.276555,1.497599,187.6553
500.8978: -2.356856,1.029318,1.484306,181.0314
501.12: -2.445882,0.8174839,1.505327,170.7356
501.3422: -2.563454,0.6086891,1.48481,168.6192
501.5645: -2.693255,0.3811029,1.518846,177.7776
501.7867: -2.759753,0.1318845,1.501712,183.2165
502.0089: -2.776174,-0.1222757,1.503173,179.7649
502.2311: -2.797505,-0.3519964,1.513448,172.885
502.4533: -2.841526,-0.5924279,1.50353,169.891
502.6756: -2.880405,-0.8406647,1.531724,169.8099
502.8978: -2.89247,-1.094531,1.504599,171.2771
503.12: -2.893263,-1.349532,1.524068,173.3628
503.3422: -2.89324,-1.596808,1.515936,169.423
503.5645: -2.878333,-1.862561,1.509645,153.0979
503.7867: -2.795886,-2.114889,1.529377,134.5023
504.0089: -2.665601,-2.348264,1.503878,122.6659
504.2311: -2.52769,-2.55708,1.524,108.4821
504.4533: -2.385803,-2.750976,1.502895,89.32613
504.6756: -2.240201,-2.909019,1.534953,68.45602
504.8978: -2.114195,-2.977275,1.538483,49.35096
Trial Result: Success object: Mailbox | Time Spent: 10.63971
Trial No.:3 Ends
Trial No.:8 Begins
User confirmed on object: Plant, this maze officially starts.
516.6533: -2.64993,-2.285046,1.567894,295.783
516.8755: -2.608518,-2.244056,1.568931,316.9721
517.0978: -2.5349,-2.186529,1.573456,324.8452
517.32: -2.448471,-2.132627,1.542815,345.3703
517.5422: -2.38429,-2.076028,1.526179,357.1079
517.7645: -2.381211,-1.985669,1.522305,358.0048
517.9867: -2.433148,-1.859438,1.510152,358.128
518.2089: -2.508546,-1.694398,1.52207,2.28275
518.4312: -2.507998,-1.542814,1.526047,19.72312
518.6533: -2.439708,-1.424881,1.502366,45.71291
518.8755: -2.372846,-1.317289,1.52309,62.03487
519.0978: -2.344153,-1.242371,1.532008,76.79103
519.32: -2.367635,-1.254102,1.531889,119.2113
519.5422: -2.503965,-1.356691,1.522167,168.8439
519.7645: -2.625941,-1.477267,1.499435,171.9356
519.9867: -2.708465,-1.672381,1.50823,171.142
520.2089: -2.704322,-1.929474,1.469082,157.2791
520.4312: -2.633467,-2.205007,1.498245,142.3056
520.6533: -2.55396,-2.455402,1.4981,129.079
520.8755: -2.428695,-2.698768,1.458435,107.9767
521.0978: -2.228691,-2.85947,1.489418,91.60976
521.32: -2.008063,-2.928836,1.483407,64.49042
521.5422: -1.800079,-2.982605,1.511609,49.1417
521.7645: -1.606079,-3.004921,1.497813,14.02458
521.9867: -1.319983,-3.034077,1.534432,41.68029
522.2089: -1.044232,-3.027895,1.502106,64.82111
522.4312: -0.7870387,-2.994649,1.53068,73.23649
522.6533: -0.5475368,-2.988554,1.518952,74.1791
522.8755: -0.3129598,-3.015974,1.521993,72.3089
523.0978: -0.08418101,-3.030854,1.533399,73.14085
523.32: 0.168098,-3.033853,1.495484,74.8406
523.5422: 0.4603382,-3.013072,1.512597,73.19917
523.7645: 0.725741,-2.994077,1.515351,64.53374
523.9867: 0.9897609,-2.974647,1.4935,54.12366
524.2089: 1.217466,-2.897885,1.527519,40.09696
524.4312: 1.391994,-2.750526,1.497133,21.9786
524.6533: 1.530757,-2.560206,1.511384,8.345957
524.8755: 1.646279,-2.334998,1.498054,1.924902
525.0978: 1.74386,-2.087073,1.512992,355.9263
525.32: 1.76715,-1.835501,1.502835,354.5099
525.5422: 1.747303,-1.588746,1.498291,355.2061
525.7645: 1.73395,-1.381546,1.531852,355.5196
525.9867: 1.736048,-1.220336,1.52092,353.7907
Trial Result: Success object: Harp | Time Spent: 9.628206
Trial No.:8 Ends
Trial No.:17 Begins
User confirmed on object: Harp, this maze officially starts.
529.3422: 1.6469,-1.050714,1.546153,4.939843
529.5645: 1.643582,-1.077922,1.568887,6.602005
529.7867: 1.652628,-1.087235,1.565816,15.67529
530.0089: 1.664384,-1.09162,1.564107,25.46383
530.2311: 1.62237,-1.061309,1.554378,348.5823
530.4534: 1.552585,-1.061645,1.526621,305.0325
530.6756: 1.458843,-1.069736,1.510294,289.6833
530.8978: 1.31968,-1.064867,1.507947,290.2543
531.12: 1.129126,-1.030439,1.481727,293.4086
531.3422: 0.8999841,-0.9397593,1.49508,296.2492
531.5645: 0.6656664,-0.8516746,1.510834,304.8236
531.7867: 0.4226768,-0.7401457,1.476549,320.8441
532.0089: 0.2352244,-0.5495408,1.505343,342.359
532.2311: 0.1296809,-0.3210495,1.478286,347.542
532.4534: 0.0600453,-0.06649555,1.504361,350.1216
532.6756: -0.03412478,0.1966351,1.471087,335.5611
532.8978: -0.1505166,0.4345237,1.478248,308.6236
533.12: -0.2772484,0.6774434,1.456886,300.2519
533.3422: -0.4742956,0.8811871,1.463876,286.9135
533.5645: -0.7266185,0.9892734,1.44291,288.0017
533.7867: -0.9892308,1.069319,1.475572,293.3543
534.0089: -1.21947,1.178146,1.473093,302.345
534.2311: -1.430113,1.331678,1.456946,313.1819
534.4534: -1.613317,1.517291,1.475436,329.351
534.6756: -1.783941,1.742962,1.452764,335.6798
534.8978: -1.936965,1.97528,1.478446,330.2947
535.12: -2.072281,2.211809,1.452209,319.2971
535.3422: -2.23016,2.423452,1.498622,302.4832
535.5645: -2.416307,2.57334,1.460885,294.1704
535.7867: -2.569988,2.674947,1.488395,288.4787
536.0089: -2.678249,2.752045,1.498607,277.9219
Trial Result: Success object: Stove | Time Spent: 6.896862
Trial No.:17 Ends
Trial No.:5 Begins
User confirmed on object: Table, this maze officially starts.
550.0978: -2.019359,2.165998,1.530805,101.4748
550.32: -2.035849,2.148733,1.526955,106.4257
550.5422: -2.056757,2.095167,1.520498,122.4436
550.7645: -2.092723,2.010489,1.508678,149.646
550.9867: -2.13751,1.976672,1.502684,180.6732
551.2089: -2.135739,1.975506,1.498326,199.5177
551.4312: -2.101548,1.952811,1.491732,196.579
551.6533: -2.089423,1.906322,1.483702,197.2774
551.8755: -2.112663,1.806563,1.468309,191.7047
552.0978: -2.210277,1.629691,1.435016,184.6194
552.32: -2.368582,1.397679,1.455702,177.3485
552.5422: -2.460635,1.257564,1.481052,172.4216
552.7645: -2.467047,1.197641,1.485636,168.1194
552.9867: -2.293271,1.201077,1.497653,115.1936
553.2089: -2.103824,1.242128,1.489338,81.92883
553.4312: -1.899744,1.255698,1.483092,77.86965
553.6533: -1.704279,1.204396,1.489998,91.74377
553.8755: -1.494771,1.120386,1.461974,101.8918
554.0978: -1.262637,1.045918,1.508285,104.4633
554.32: -1.016849,1.011901,1.480448,105.8657
554.5422: -0.7528079,1.00249,1.493841,100.8492
554.7645: -0.5303292,0.9028116,1.503011,122.6944
554.9867: -0.3183287,0.8071589,1.495837,102.768
555.2089: -0.1230817,0.7914075,1.511864,87.35943
555.4312: 0.04797984,0.8360431,1.49296,88.68826
555.6533: 0.2047824,0.910385,1.500089,92.89201
555.8755: 0.4038188,0.9474978,1.495112,97.36639
556.0978: 0.6487007,0.9348683,1.463161,100.5591
556.32: 0.8940269,0.9196047,1.511428,103.4578
Trial Result: Success object: Bookshelf | Time Spent: 6.48608
Trial No.:5 Ends
Trial No.:1 Begins
User confirmed on object: Stove, this maze officially starts.
568.8978: -2.634624,3.005859,1.530374,283.4457
569.12: -2.655215,3.00201,1.528815,291.1773
569.3422: -2.655238,3.055921,1.518034,342.3427
569.5645: -2.551977,3.061944,1.496571,52.81503
569.7867: -2.465696,3.02707,1.483297,88.62433
570.0089: -2.405346,3.01978,1.485297,108.3663
570.2311: -2.342437,3.036345,1.476596,124.6371
570.4534: -2.253944,3.053653,1.468505,127.3758
570.6756: -2.139192,3.005954,1.461086,131.4892
570.8978: -2.057246,2.853303,1.462246,156.9459
571.12: -1.970149,2.682374,1.476277,167.0013
571.3422: -1.884445,2.495683,1.458955,169.585
571.5645: -1.788052,2.281264,1.472934,161.424
571.7867: -1.740796,2.044363,1.471475,153.8308
572.0089: -1.712279,1.793287,1.455768,140.2955
572.2311: -1.635527,1.581395,1.491289,124.322
572.4534: -1.50526,1.415286,1.471101,116.7469
572.6756: -1.33057,1.2864,1.48948,108.4222
572.8978: -1.136366,1.173555,1.476186,102.2397
573.12: -0.9282249,1.046053,1.496626,99.75639
573.3422: -0.712314,0.9561963,1.503474,100.8347
573.5645: -0.4808302,0.8529003,1.477427,115.2779
573.7867: -0.2833291,0.6950925,1.514342,147.4297
574.0089: -0.156464,0.5052943,1.482668,160.5246
574.2311: -0.08058107,0.2957294,1.497579,160.659
574.4534: -0.01650031,0.1068931,1.49526,164.1551
574.6756: 0.05643295,-0.0993377,1.486939,158.4899
574.8978: 0.1169509,-0.2982351,1.50679,138.9359
575.12: 0.1513547,-0.4897877,1.494813,121.3198
575.3422: 0.1898854,-0.6635832,1.520013,99.52771
575.5645: 0.2885818,-0.7720228,1.513358,83.1567
575.7867: 0.4483674,-0.8559543,1.508677,85.27586
576.0089: 0.6290063,-0.958993,1.523418,103.5553
576.2311: 0.8288884,-1.056904,1.498151,108.3534
576.4534: 1.044508,-1.15886,1.519894,109.1707
576.6756: 1.264592,-1.235555,1.504984,111.0906
576.8978: 1.48075,-1.31061,1.494641,116.87
577.12: 1.651166,-1.408156,1.524956,119.3626
577.3422: 1.785761,-1.536776,1.519056,116.8991
Trial Result: Success object: Well | Time Spent: 8.751915
Trial No.:1 Ends
Trial No.:24 Begins
User confirmed on object: Chair, this maze officially starts.
587.8089: 0.7910079,-3.234835,1.564597,5.139727
588.0311: 0.8180178,-3.238549,1.560998,5.945071
588.2534: 0.8349702,-3.254327,1.562794,4.274593
588.4756: 0.8418042,-3.263636,1.562032,2.806284
588.6978: 0.8008551,-3.251878,1.543457,332.2193
588.92: 0.7143648,-3.233085,1.525223,306.6078
589.1422: 0.6069906,-3.192932,1.524779,289.9096
589.3644: 0.4772626,-3.125543,1.529074,279.8228
589.5867: 0.334977,-3.029044,1.507528,273.8024
589.8089: 0.1730404,-2.951897,1.521433,272.1425
590.0311: -0.03536557,-2.907831,1.49492,283.5008
590.2534: -0.2760218,-2.871988,1.510761,302.8909
590.4756: -0.4722397,-2.781894,1.518001,322.0285
590.6978: -0.6184595,-2.638026,1.506626,332.4668
590.92: -0.7279772,-2.477719,1.525016,350.2513
591.1422: -0.8262867,-2.298672,1.503873,4.005268
591.3644: -0.9222068,-2.085889,1.524782,2.817803
591.5867: -0.9830726,-1.869168,1.511261,332.7197
591.8089: -0.9850272,-1.643403,1.498273,311.789
592.0311: -1.011197,-1.449307,1.526111,295.2096
592.2534: -1.072413,-1.323858,1.500278,278.6805
592.4756: -1.117768,-1.246663,1.523795,261.9369
592.6978: -1.088399,-1.100992,1.536194,314.3497
592.92: -0.9041643,-1.038638,1.523901,43.62917
593.1422: -0.7602035,-1.011481,1.510005,64.73111
593.3644: -0.6047868,-0.9721677,1.520189,73.42173
593.5867: -0.4669843,-0.9194977,1.522859,74.51902
593.8089: -0.3466984,-0.7822908,1.507254,50.18755
594.0311: -0.2423424,-0.6155653,1.505343,16.7553
594.2534: -0.124366,-0.4486521,1.48689,1.799978
594.4756: -0.04151639,-0.2745558,1.504185,334.824
594.6978: -0.016858,-0.09634204,1.495076,320.8306
594.92: -0.02946604,0.1175207,1.488168,326.9926
595.1422: -0.04230655,0.3194247,1.507223,323.1437
595.3644: -0.05988127,0.5185214,1.475852,309.1161
595.5867: -0.04700065,0.7510343,1.492594,331.6954
595.8089: -0.06260586,0.9725258,1.490524,356.7287
596.0311: -0.04805495,1.222841,1.493793,5.213035
596.2534: -0.008574328,1.506369,1.474406,1.755012
596.4756: -0.008625386,1.777036,1.502518,353.6549
596.6978: -0.06063296,2.042202,1.458869,340.3175
596.92: -0.1131004,2.287057,1.488237,322.2678
597.1422: -0.164776,2.520416,1.46244,300.2059
597.3644: -0.2374211,2.720795,1.486903,267.4901
597.5867: -0.3417082,2.862995,1.480814,248.425
597.8089: -0.4608124,2.951228,1.471797,245.5309
598.0311: -0.5660731,3.037874,1.493393,256.7067
598.2534: -0.6488136,3.088244,1.502832,261.1617
598.4756: -0.7090619,3.089096,1.503722,258.3477
598.6978: -0.6772332,2.982698,1.508237,204.0897
598.92: -0.5421878,2.941655,1.489968,135.1019
599.1422: -0.4932789,2.933423,1.50041,100.395
599.3644: -0.4782357,2.897248,1.493943,91.32658
599.5867: -0.4296755,2.870103,1.487444,89.66305
599.8089: -0.3151368,2.889221,1.470437,87.72375
600.0311: -0.1300204,2.955572,1.46843,88.80357
600.2534: 0.07966224,3.007776,1.486917,87.99554
600.4756: 0.3003825,3.027751,1.460411,85.8056
600.6978: 0.5380125,3.019383,1.473734,82.50056
600.92: 0.7760293,3.029344,1.475416,81.52921
601.1422: 1.030504,3.050853,1.45908,87.19911
601.3644: 1.295173,3.045727,1.485755,95.61954
601.5867: 1.555023,3.0094,1.456627,109.384
601.8089: 1.818873,2.955056,1.485309,123.2923
602.0311: 2.068214,2.909805,1.475306,135.6037
602.2534: 2.30073,2.84163,1.46164,149.5755
602.4756: 2.455898,2.710013,1.48818,157.1899
602.6978: 2.557946,2.519253,1.469866,156.6177
602.92: 2.637197,2.298272,1.503124,157.0805
603.1422: 2.729021,2.082276,1.481327,156.2685
603.3644: 2.830334,1.86037,1.489077,153.9001
Trial Result: Success object: Trashcan | Time Spent: 15.96468
Trial No.:24 Ends
