Participant ID: 438
Maze Mode: testing
Trial No.:14 Begins
User confirmed on object: Telescope, this maze officially starts.
165.18: -2.94697,-0.131408,1.477092,81.5337
165.4022: -2.947939,-0.1352015,1.477957,79.58856
165.6245: -2.948893,-0.1365759,1.478782,77.30561
165.8467: -2.951167,-0.1403535,1.478406,77.56198
166.0689: -2.9541,-0.1422753,1.478446,78.48076
166.2911: -2.954592,-0.1426458,1.478163,79.56386
166.5133: -2.94952,-0.15224,1.476105,87.49271
166.7356: -2.946318,-0.201747,1.454212,128.3609
166.9578: -2.946125,-0.220107,1.438849,153.0506
167.18: -2.947964,-0.2357876,1.437105,169.6236
167.4022: -2.973987,-0.2681639,1.438384,174.4114
167.6245: -3.012649,-0.3302996,1.440885,178.7862
167.8467: -3.023734,-0.3965082,1.44157,177.5588
168.0689: -2.978364,-0.4059341,1.443583,134.9426
168.2911: -2.973145,-0.311298,1.446424,57.29846
168.5133: -2.999928,-0.2781472,1.443577,25.23503
168.7356: -2.992625,-0.2306546,1.440597,18.10535
168.9578: -2.973819,-0.1603701,1.438792,25.64971
169.18: -2.930354,-0.08649521,1.436261,40.43829
169.4022: -2.875567,-0.0231868,1.440799,47.22567
169.6245: -2.800367,0.03641973,1.434551,47.39931
169.8467: -2.730076,0.1105092,1.442737,40.90707
170.0689: -2.671072,0.1898822,1.439111,37.50831
170.2911: -2.623131,0.29961,1.428483,35.79435
170.5133: -2.562894,0.4058849,1.446502,44.92418
170.7356: -2.483102,0.476608,1.446019,67.05623
170.9578: -2.396756,0.5519814,1.429038,73.44595
171.18: -2.295439,0.6084436,1.439971,82.10944
171.4022: -2.195747,0.6685734,1.444154,86.75699
171.6245: -2.09452,0.7453943,1.429829,86.60754
171.8467: -2.008393,0.8080796,1.441821,80.63245
172.0689: -1.933828,0.8285461,1.445564,80.33921
172.2911: -1.856379,0.8154572,1.438712,82.49503
172.5133: -1.769762,0.7788199,1.440235,83.48473
172.7356: -1.683018,0.7554584,1.444771,77.08849
172.9578: -1.576744,0.7461224,1.437431,72.77443
173.18: -1.436647,0.7505549,1.42345,70.7047
173.4022: -1.291522,0.7594872,1.447253,69.08797
173.6245: -1.156055,0.7542132,1.438869,61.2437
173.8467: -1.016896,0.7316535,1.434587,49.39775
174.0689: -0.8934425,0.7217469,1.450964,39.25458
174.2911: -0.7722791,0.7336336,1.436882,34.12932
174.5133: -0.6444747,0.7706161,1.434111,32.04255
174.7356: -0.5344182,0.8018305,1.450046,25.99943
174.9578: -0.4236665,0.801859,1.447165,27.12602
175.18: -0.2894084,0.7314404,1.441297,69.2239
175.4022: -0.2181652,0.6632351,1.451338,114.6851
175.6245: -0.1787771,0.6548921,1.44912,142.479
175.8467: -0.08725044,0.727512,1.449093,128.2151
176.0689: 0.006203947,0.8052629,1.45035,102.7155
176.2911: 0.08478738,0.8398666,1.452092,96.97428
176.5133: 0.1760558,0.83228,1.44769,98.27393
176.7356: 0.2845192,0.8107467,1.448546,95.04852
176.9578: 0.4062556,0.8096172,1.451576,89.84861
177.18: 0.5395094,0.8256904,1.435469,85.26968
177.4022: 0.6780261,0.8496034,1.449129,84.80586
177.6245: 0.8145529,0.8558846,1.455508,87.72028
177.8467: 0.9505733,0.8399763,1.436795,88.70808
178.0689: 1.088472,0.8190504,1.456932,86.77897
178.2911: 1.219358,0.8168794,1.45711,83.84762
178.5133: 1.354446,0.8324358,1.440078,79.98675
178.7356: 1.480715,0.8615777,1.459282,69.53828
178.9578: 1.592481,0.8824201,1.461214,61.95597
179.18: 1.704901,0.8886175,1.448175,46.05487
179.4022: 1.823668,0.8669665,1.461563,33.16894
179.6245: 1.926033,0.8520244,1.465475,26.47964
179.8467: 2.016374,0.871614,1.456614,23.82489
180.0689: 2.114793,0.9212215,1.446083,20.45698
180.2911: 2.207327,0.969614,1.458824,15.32639
180.5133: 2.275645,0.9826106,1.46664,9.604686
180.7356: 2.344669,0.9503505,1.469618,17.82596
180.9578: 2.443063,0.8177068,1.467554,83.82268
181.18: 2.443157,0.6992661,1.463916,141.9035
181.4022: 2.479112,0.6445835,1.462136,165.357
181.6245: 2.549242,0.5885254,1.453348,178.0856
181.8467: 2.612128,0.5103666,1.456505,191.4641
182.0689: 2.649176,0.4161852,1.450561,197.7462
182.2911: 2.65555,0.2996497,1.449926,196.414
182.5133: 2.655432,0.1837654,1.468645,196.5171
182.7356: 2.652043,0.06592541,1.460153,205.597
182.9578: 2.653102,-0.0612035,1.460365,214.3355
183.18: 2.63423,-0.1858735,1.466096,217.5221
183.4022: 2.577034,-0.3061011,1.452157,221.8335
183.6245: 2.500394,-0.4065465,1.458715,227.7841
183.8467: 2.444336,-0.5195092,1.4657,221.6024
184.0689: 2.419132,-0.6495324,1.450878,195.2202
184.2911: 2.3716,-0.7580633,1.464858,182.9843
184.5133: 2.293561,-0.8616967,1.466676,179.2689
184.7356: 2.191508,-0.9567449,1.449433,174.6639
184.9578: 2.089733,-1.049116,1.465618,170.116
185.18: 2.016082,-1.15104,1.463645,170.9474
185.4022: 1.96833,-1.274168,1.441421,170.3096
185.6245: 1.934104,-1.408715,1.454728,168.5852
185.8467: 1.896785,-1.545117,1.461514,165.0319
186.0689: 1.84972,-1.684931,1.443406,157.4474
186.2911: 1.809293,-1.825086,1.465893,149.508
186.5133: 1.799884,-1.966171,1.462767,142.7126
186.7356: 1.821272,-2.120252,1.440769,137.3202
186.9578: 1.843325,-2.256652,1.457492,129.7801
187.18: 1.856535,-2.375603,1.459028,122.6809
187.4022: 1.840001,-2.496595,1.452227,124.0669
187.6245: 1.770595,-2.625196,1.463202,173.9481
187.8467: 1.724759,-2.686156,1.470411,223.3311
188.0689: 1.74541,-2.746091,1.464746,248.1946
188.2911: 1.757924,-2.802069,1.465796,258.7659
188.5133: 1.737175,-2.84245,1.464774,272.6621
188.7356: 1.672407,-2.869695,1.454958,283.9016
188.9578: 1.57912,-2.900473,1.457561,282.928
189.18: 1.471854,-2.949921,1.465281,279.4184
189.4022: 1.357929,-3.014587,1.453153,277.9848
189.6245: 1.236279,-3.070203,1.466652,279.7083
189.8467: 1.104455,-3.087687,1.466072,281.8889
190.0689: 0.9507149,-3.071599,1.443796,281.4718
190.2911: 0.7854711,-3.036099,1.46061,280.5103
190.5133: 0.6250771,-3.011498,1.459546,280.1769
190.7356: 0.454205,-3.00528,1.443341,281.267
190.9578: 0.2836119,-2.996084,1.468936,281.6205
191.18: 0.1268112,-2.974761,1.460449,281.3925
191.4022: -0.0239121,-2.939464,1.454346,278.7816
191.6245: -0.1755411,-2.922071,1.464849,278.8002
191.8467: -0.331824,-2.927423,1.439417,281.6606
192.0689: -0.4954107,-2.955239,1.450433,282.1066
192.2911: -0.6569681,-2.96057,1.461401,284.9143
192.5133: -0.8008887,-2.956063,1.443142,286.1289
192.7356: -0.9573404,-2.947556,1.458348,283.4526
192.9578: -1.119383,-2.943325,1.459221,285.8073
193.18: -1.289885,-2.956006,1.431348,291.934
193.4022: -1.461412,-2.963825,1.459068,297.7335
193.6245: -1.61675,-2.946594,1.454913,303.0155
193.8467: -1.769712,-2.901442,1.440022,307.6421
194.0689: -1.912046,-2.854048,1.458809,315.6027
194.2911: -2.052102,-2.814125,1.443718,326.8261
194.5133: -2.194433,-2.777866,1.441806,341.301
194.7356: -2.304588,-2.725313,1.454449,357.9392
194.9578: -2.399416,-2.646242,1.444362,8.099013
Trial Result: Fail at object:  | Time Spent: 30
Trial No.:14 Ends
Trial No.:2 Begins
User confirmed on object: Stove, this maze officially starts.
232.3578: -2.634632,3.062035,1.460603,263.7602
232.58: -2.641377,3.071987,1.463164,260.4749
232.8022: -2.646834,3.084191,1.463748,255.2511
233.0244: -2.663526,3.074505,1.453137,227.2013
233.2467: -2.641366,3.053143,1.441441,189.0083
233.4689: -2.594255,3.042936,1.425185,153.649
233.6911: -2.572057,3.033765,1.42264,137.3224
233.9133: -2.578167,3.024889,1.427914,134.4898
234.1356: -2.662019,3.029593,1.454863,195.161
234.3578: -2.678872,3.088026,1.461827,247.4269
234.58: -2.662795,3.08368,1.461223,251.8923
234.8022: -2.661346,3.086143,1.462599,258.131
235.0244: -2.65823,3.070587,1.460995,253.3078
235.2467: -2.657892,3.051646,1.457837,251.7187
235.4689: -2.66854,3.023097,1.458867,255.1477
235.6911: -2.69925,2.95099,1.457435,237.5219
235.9133: -2.672444,2.85928,1.443438,175.4313
236.1356: -2.621004,2.861852,1.431877,128.9118
236.3578: -2.58177,2.84914,1.425089,115.9112
236.58: -2.501397,2.852286,1.418,94.12043
236.8022: -2.406983,2.834955,1.417377,87.05012
237.0244: -2.311897,2.782094,1.419611,94.89385
237.2467: -2.245378,2.702114,1.410136,106.1091
237.4689: -2.183869,2.612492,1.427708,128.5009
237.6911: -2.119716,2.541811,1.427563,152.8662
237.9133: -2.044241,2.496243,1.427182,168.0018
238.1356: -1.995266,2.438265,1.429936,179.5124
238.3578: -1.977991,2.352177,1.41741,191.8779
238.58: -1.983053,2.239757,1.418321,199.6645
238.8022: -1.967758,2.132659,1.433847,197.1048
239.0244: -1.936849,2.026755,1.427546,191.4954
239.2467: -1.882451,1.913776,1.428424,176.8794
239.4689: -1.813575,1.820655,1.44138,141.3242
239.6911: -1.799286,1.724059,1.434174,122.6853
239.9133: -1.811117,1.605919,1.428553,118.0583
240.1356: -1.795967,1.507336,1.435627,110.0205
240.3578: -1.747787,1.42169,1.426255,102.8353
240.58: -1.663343,1.350243,1.420153,98.37867
240.8022: -1.572547,1.274389,1.438715,98.25395
241.0244: -1.493628,1.194619,1.43606,95.28527
241.2467: -1.425652,1.100094,1.435341,94.33983
241.4689: -1.340732,1.026499,1.448222,97.31683
241.6911: -1.226841,0.994283,1.434729,98.59212
241.9133: -1.087796,0.9845939,1.430699,100.9007
242.1356: -0.9458835,0.9620104,1.447967,106.6519
242.3578: -0.8105663,0.9097251,1.437739,119.4703
242.58: -0.6608334,0.8802761,1.442521,112.3684
242.8022: -0.4972071,0.8948591,1.446606,100.2065
243.0244: -0.330551,0.9296862,1.422773,99.98392
243.2467: -0.1792497,0.9575917,1.448388,100.6791
243.4689: -0.04815898,0.9619195,1.446988,101.0361
243.6911: 0.1099227,0.9525702,1.427895,98.08025
243.9133: 0.2680299,0.9454677,1.451277,93.39091
244.1356: 0.4249739,0.9508251,1.43904,92.80952
244.3578: 0.5907805,0.9650182,1.433006,98.06271
244.58: 0.7486885,0.971852,1.453168,101.6977
244.8022: 0.8975635,0.9702358,1.440747,100.079
245.0244: 1.052922,0.9527909,1.440976,94.73357
245.2467: 1.19552,0.9442939,1.457901,90.97757
245.4689: 1.338243,0.9414483,1.442416,93.25458
245.6911: 1.489887,0.9577184,1.440807,90.85688
245.9133: 1.630729,0.9862772,1.459843,70.46107
246.1356: 1.760378,0.9927319,1.451486,47.67259
246.3578: 1.894257,0.9641709,1.449528,39.42785
246.58: 2.012692,0.9490079,1.45815,35.3223
246.8022: 2.115808,0.9686692,1.445583,25.0342
247.0244: 2.217919,1.018879,1.445257,15.68656
247.2467: 2.304852,1.053543,1.461665,8.409799
247.4689: 2.384057,1.05811,1.467444,13.95293
247.6911: 2.485937,0.9881732,1.466197,57.17508
247.9133: 2.515428,0.8398901,1.464455,122.0433
248.1356: 2.518089,0.756561,1.463332,162.1444
248.3578: 2.565987,0.6890184,1.462705,175.1263
248.58: 2.628849,0.6178923,1.45577,187.4545
248.8022: 2.682665,0.5256611,1.468547,196.8636
249.0244: 2.701287,0.402078,1.454108,202.884
249.2467: 2.689534,0.2514327,1.446902,202.9205
249.4689: 2.679271,0.1056601,1.467104,200.4742
249.6911: 2.676295,-0.04353643,1.454183,205.4483
249.9133: 2.675037,-0.2028649,1.457546,210.8174
250.1356: 2.650367,-0.3423107,1.471078,213.6952
250.3578: 2.597779,-0.4706568,1.453642,209.2936
250.58: 2.518154,-0.5918083,1.461898,198.7065
250.8022: 2.446689,-0.6982482,1.472017,192.0568
251.0244: 2.376411,-0.8177787,1.45315,187.8885
251.2467: 2.309376,-0.9420178,1.455327,184.7791
251.4689: 2.236811,-1.048579,1.460651,182.8748
251.6911: 2.150721,-1.142454,1.443494,176.8769
251.9133: 2.047554,-1.239605,1.461226,176.7643
252.1356: 1.979338,-1.353153,1.463973,174.5665
252.3578: 1.941787,-1.501899,1.436318,171.5222
252.58: 1.926457,-1.672199,1.45382,160.6016
252.8022: 1.895674,-1.833822,1.464805,157.9685
253.0244: 1.862707,-1.994178,1.441481,148.7379
253.2467: 1.823471,-2.157943,1.456053,143.1168
253.4689: 1.760038,-2.312814,1.461978,172.5673
253.6911: 1.686653,-2.42932,1.44589,221.8324
253.9133: 1.652228,-2.533988,1.456717,256.0957
254.1356: 1.61729,-2.630796,1.460006,268.0231
254.3578: 1.550255,-2.712611,1.447173,276.4896
254.58: 1.453305,-2.791168,1.458665,278.1354
254.8022: 1.33888,-2.883818,1.465035,276.5474
255.0244: 1.222266,-2.976668,1.447291,276.4929
255.2467: 1.092058,-3.041048,1.464463,280.1631
255.4689: 0.9498975,-3.071934,1.450053,283.5112
255.6911: 0.7829031,-3.0685,1.450952,282.3526
255.9133: 0.6083074,-3.06404,1.467114,282.4207
256.1356: 0.4275023,-3.069191,1.439736,283.7129
256.3578: 0.2420404,-3.076238,1.452739,287.6792
256.58: 0.06882813,-3.066148,1.462152,289.9139
256.8022: -0.1091743,-3.018404,1.431574,301.0654
257.0244: -0.278427,-2.963757,1.454997,318.8346
257.2467: -0.4371933,-2.947315,1.454627,325.668
257.4689: -0.6128201,-2.954276,1.431596,327.8808
257.6911: -0.8067094,-2.974187,1.453423,313.4504
257.9133: -0.9831746,-2.97491,1.442387,302.3613
258.1356: -1.144774,-2.950943,1.449049,294.7051
258.3578: -1.304204,-2.934875,1.464093,293.0189
258.58: -1.49192,-2.932511,1.432137,298.2809
258.8022: -1.672588,-2.934492,1.450319,306.73
259.0244: -1.823352,-2.914287,1.460596,315.657
259.2467: -1.962353,-2.874096,1.439621,323.0968
259.4689: -2.09379,-2.825878,1.451558,331.8068
259.6911: -2.221025,-2.779773,1.45276,343.4439
259.9133: -2.346302,-2.734818,1.437843,358.4071
260.1356: -2.462458,-2.66139,1.453114,6.033124
260.3578: -2.554922,-2.548741,1.432746,10.35487
260.58: -2.610004,-2.387309,1.430924,11.88058
260.8022: -2.658401,-2.231019,1.454092,11.89158
261.0244: -2.705262,-2.066325,1.435475,12.9094
261.2467: -2.752414,-1.882368,1.442539,13.22239
261.4689: -2.769469,-1.692047,1.448217,14.13062
261.6911: -2.762332,-1.491341,1.420099,12.74397
261.9133: -2.74904,-1.301259,1.445285,11.19366
262.1356: -2.751342,-1.123406,1.440879,10.63835
Trial Result: Fail at object:  | Time Spent: 30
Trial No.:2 Ends
Trial No.:23 Begins
User confirmed on object: Chair, this maze officially starts.
295.48: 0.9415206,-3.235367,1.500689,350.7776
295.7022: 0.9396996,-3.23843,1.499601,354.4258
295.9244: 0.95789,-3.24807,1.49902,7.896739
296.1467: 0.9725378,-3.259424,1.498722,17.36509
296.3689: 0.9906496,-3.255884,1.49264,23.27529
296.5911: 1.026743,-3.246018,1.470785,37.52139
296.8134: 1.041221,-3.23527,1.461092,47.49411
297.0356: 1.07472,-3.240991,1.457876,64.14616
297.2578: 1.150703,-3.256168,1.452525,75.11452
297.48: 1.241083,-3.225107,1.457845,56.94455
297.7022: 1.306965,-3.146865,1.454707,21.08579
297.9244: 1.387854,-3.058033,1.438232,10.18573
298.1467: 1.481841,-2.969333,1.457651,6.830358
298.3689: 1.591552,-2.874973,1.446813,4.015562
298.5911: 1.71644,-2.763956,1.452709,1.942744
298.8134: 1.813175,-2.629285,1.465088,4.052461
299.0356: 1.875488,-2.469116,1.433005,7.929761
299.2578: 1.914174,-2.295308,1.447291,3.14692
299.48: 1.935124,-2.133281,1.457373,339.7564
299.7022: 1.953626,-1.991462,1.450527,313.3981
299.9244: 1.960233,-1.840288,1.457922,306.8727
300.1467: 1.934032,-1.683878,1.433263,302.3967
300.3689: 1.895099,-1.54597,1.452713,292.1674
300.5911: 1.89479,-1.418687,1.462938,291.1308
300.8134: 1.98761,-1.263612,1.451206,337.0768
301.0356: 2.088698,-1.154739,1.465684,12.64634
301.2578: 2.141253,-1.067342,1.451949,22.98162
301.48: 2.17874,-1.005578,1.45915,28.19639
301.7022: 2.23842,-0.9568858,1.453279,25.29039
301.9244: 2.333695,-0.9168313,1.447824,13.95671
302.1467: 2.426695,-0.8770468,1.463766,359.5414
302.3689: 2.514968,-0.8033941,1.458341,354.4663
302.5911: 2.598127,-0.6724584,1.434443,352.1366
302.8134: 2.66803,-0.5242585,1.456167,348.7545
303.0356: 2.730536,-0.370831,1.453111,343.1104
303.2578: 2.793224,-0.2078002,1.447963,330.9701
303.48: 2.815951,-0.03530491,1.459099,319.5201
303.7022: 2.798994,0.133848,1.427941,311.5015
303.9244: 2.757713,0.29865,1.451654,302.7321
304.1467: 2.713827,0.4582351,1.451916,292.0164
304.3689: 2.675102,0.6073827,1.440138,278.7297
304.5911: 2.613909,0.7499741,1.464751,266.5507
304.8134: 2.526011,0.8406473,1.446929,255.9244
305.0356: 2.415879,0.8889033,1.449032,246.7024
305.2578: 2.321623,0.9327709,1.476355,246.1178
305.48: 2.212071,1.00389,1.463526,271.1394
305.7022: 2.062365,1.062302,1.434493,279.3214
305.9244: 1.882027,1.090356,1.456622,272.6163
306.1467: 1.680935,1.084601,1.433019,266.0195
306.3689: 1.473845,1.057589,1.433696,259.313
306.5911: 1.280096,1.048974,1.448148,253.1804
306.8134: 1.091792,1.060746,1.425697,250.6148
307.0356: 0.9075511,1.093745,1.455388,264.246
307.2578: 0.7583495,1.143945,1.438602,303.6358
307.48: 0.5997697,1.151769,1.439269,319.8849
307.7022: 0.461449,1.188508,1.452352,337.6522
307.9244: 0.3500594,1.262434,1.431888,352.8888
308.1467: 0.2526864,1.357255,1.440311,1.754416
308.3689: 0.1477085,1.464128,1.440829,4.560126
308.5911: 0.06799173,1.582056,1.430276,12.77687
308.8134: 0.03395766,1.718958,1.433718,23.6385
309.0356: 0.0408273,1.869516,1.41183,28.90188
309.2578: 0.06453346,2.026774,1.44027,34.75506
309.48: 0.07132179,2.183656,1.434463,43.63047
309.7022: 0.06602803,2.337154,1.423054,60.54543
309.9244: 0.0719936,2.475367,1.440669,73.55664
310.1467: 0.1047262,2.58648,1.432043,85.02459
310.3689: 0.1628267,2.693773,1.426424,93.02516
310.5911: 0.219155,2.80601,1.441895,96.33318
310.8134: 0.2610165,2.90327,1.444727,101.0323
311.0356: 0.2969937,2.984165,1.439548,106.7842
311.2578: 0.3981099,3.037074,1.43601,111.6499
311.48: 0.5618466,3.046638,1.413565,113.1537
311.7022: 0.7051674,3.04227,1.442448,115.7411
311.9244: 0.8143877,3.065601,1.450595,119.3559
Trial Result: Success object: Piano | Time Spent: 16.70311
Trial No.:23 Ends
Trial No.:24 Begins
User confirmed on object: Chair, this maze officially starts.
339.1911: 0.9235331,-3.182467,1.498603,354.2982
339.4133: 0.9253635,-3.179962,1.499929,355.5334
339.6356: 0.9348776,-3.17624,1.500391,358.0433
339.8578: 0.9823915,-3.166915,1.481304,26.85142
340.08: 1.008169,-3.177754,1.463967,55.36634
340.3022: 1.026845,-3.194607,1.456439,73.89367
340.5244: 1.081632,-3.221322,1.452478,83.71571
340.7467: 1.164281,-3.195189,1.452742,61.99955
340.9689: 1.230271,-3.128129,1.455008,26.47279
341.1911: 1.319315,-3.064088,1.439431,18.0327
341.4133: 1.420849,-2.992916,1.458212,14.71721
341.6356: 1.536593,-2.922919,1.455562,9.634302
341.8578: 1.67352,-2.854738,1.455927,7.946445
342.08: 1.777037,-2.759245,1.468126,5.411895
342.3022: 1.860576,-2.650212,1.446362,9.903966
342.5244: 1.923062,-2.51651,1.450153,11.44913
342.7467: 1.979146,-2.376094,1.463124,10.58876
342.9689: 2.007201,-2.237605,1.449808,350.2855
343.1911: 2.000852,-2.10841,1.465385,319.0104
343.4133: 1.989613,-1.958455,1.443901,311.0112
343.6356: 1.955934,-1.799817,1.444971,313.4977
343.8578: 1.978597,-1.640365,1.46708,348.4257
344.08: 2.041816,-1.523038,1.455406,23.95197
344.3022: 2.085891,-1.389362,1.455941,23.49973
344.5244: 2.124309,-1.255756,1.463707,19.37168
344.7467: 2.165616,-1.131431,1.455022,23.67397
344.9689: 2.230012,-1.016135,1.46671,26.04943
345.1911: 2.327392,-0.9170728,1.450003,24.28504
345.4133: 2.452793,-0.8187656,1.468521,21.64137
345.6356: 2.553836,-0.6989355,1.474586,20.06539
345.8578: 2.616416,-0.5664201,1.45093,21.10283
346.08: 2.672039,-0.4059958,1.463713,20.9224
346.3022: 2.732572,-0.2483371,1.459903,22.14564
346.5244: 2.800363,-0.09195622,1.443515,20.96378
346.7467: 2.845027,0.0590337,1.466288,21.66288
346.9689: 2.856489,0.1982576,1.450463,23.55106
347.1911: 2.849372,0.3298935,1.45782,26.38912
Trial Result: Success object: Trashcan | Time Spent: 8.229307
Trial No.:24 Ends
Trial No.:19 Begins
User confirmed on object: Well, this maze officially starts.
375.2245: 1.73217,-2.086842,1.502724,86.64318
375.4467: 1.736818,-2.107451,1.504897,93.2304
375.6689: 1.735691,-2.127147,1.50545,101.7278
375.8911: 1.742152,-2.12859,1.505037,98.74444
376.1133: 1.75413,-2.120004,1.501974,82.50549
376.3356: 1.762112,-2.122529,1.501456,65.27676
376.5578: 1.759687,-2.099511,1.484812,25.03931
376.78: 1.727865,-2.09628,1.46763,345.162
377.0022: 1.693705,-2.093601,1.468147,313.4379
377.2245: 1.702958,-2.070239,1.4696,313.6678
377.4467: 1.745453,-2.01899,1.473761,334.645
377.6689: 1.794502,-1.955732,1.466419,344.1969
377.8911: 1.849514,-1.880522,1.463859,354.2498
378.1133: 1.889629,-1.795892,1.461006,3.874806
378.3356: 1.883518,-1.704469,1.446591,4.497517
378.5578: 1.836173,-1.607084,1.462163,342.8311
378.78: 1.789492,-1.54417,1.473165,305.5079
379.0022: 1.803119,-1.468625,1.466706,289.9637
379.2245: 1.848273,-1.367928,1.469469,292.3675
379.4467: 1.924184,-1.240654,1.467593,335.7653
379.6689: 1.993706,-1.159264,1.460294,21.79482
379.8911: 2.028557,-1.096861,1.469041,35.17767
380.1133: 2.086491,-1.039794,1.462801,31.6123
380.3356: 2.195595,-0.9891317,1.446659,25.29676
380.5578: 2.306409,-0.9298631,1.471162,9.10922
380.78: 2.390461,-0.859239,1.465868,357.6876
381.0022: 2.459783,-0.7629292,1.453271,354.6175
381.2245: 2.530527,-0.665296,1.468839,351.8905
381.4467: 2.613575,-0.5690464,1.460471,351.6289
381.6689: 2.709041,-0.468882,1.460442,354.5512
381.8911: 2.770416,-0.3544345,1.469558,354.9589
382.1133: 2.791754,-0.2246928,1.452009,351.4922
382.3356: 2.780522,-0.08316919,1.451636,345.9731
382.5578: 2.764591,0.0485687,1.468831,333.3222
382.78: 2.754432,0.1830071,1.455157,312.424
383.0022: 2.763114,0.3297735,1.458293,291.9965
383.2245: 2.754005,0.4794697,1.46927,283.3659
383.4467: 2.711147,0.6197071,1.444623,275.8739
383.6689: 2.653836,0.7463577,1.455465,268.7237
383.8911: 2.62245,0.8713325,1.471756,275.856
384.1133: 2.627385,1.015398,1.459752,292.9275
384.3356: 2.705274,1.201042,1.450245,336.2546
384.5578: 2.761436,1.367415,1.461532,357.3911
384.78: 2.755909,1.542384,1.437166,353.5974
385.0022: 2.738258,1.727104,1.454872,343.0032
385.2245: 2.733852,1.911361,1.459512,327.3023
385.4467: 2.754702,2.095851,1.443836,309.8874
385.6689: 2.762832,2.280294,1.466033,298.1743
385.8911: 2.738282,2.441823,1.441343,286.781
386.1133: 2.692874,2.583913,1.443712,275.8098
386.3356: 2.653496,2.716929,1.457146,266.1366
386.5578: 2.614143,2.859717,1.439687,259.6155
386.78: 2.538393,2.998663,1.454378,264.6977
387.0022: 2.418796,3.09344,1.43181,266.6305
387.2245: 2.253397,3.141043,1.431734,263.1313
387.4467: 2.076743,3.175049,1.454521,260.6785
387.6689: 1.890003,3.210238,1.430491,258.6138
387.8911: 1.691293,3.240358,1.449353,254.6264
388.1133: 1.492432,3.247252,1.442015,254.7044
388.3356: 1.305195,3.229839,1.430795,255.4896
388.5578: 1.125818,3.226294,1.448107,257.4519
388.78: 0.9425837,3.231396,1.424601,253.8109
389.0022: 0.7766536,3.204187,1.441519,227.032
389.2245: 0.6363949,3.162125,1.44398,206.022
389.4467: 0.4865029,3.108864,1.422723,201.2631
389.6689: 0.3444558,3.062075,1.446675,192.2396
389.8911: 0.1741968,3.048036,1.437053,196.8269
390.1133: -0.04416585,3.092794,1.421952,232.8978
390.3356: -0.2399579,3.123001,1.442968,256.4299
390.5578: -0.4112232,3.106166,1.415512,259.718
390.78: -0.5671261,3.08196,1.433051,258.3318
391.0022: -0.7110181,3.078962,1.438155,259.6125
391.2245: -0.8495577,3.093781,1.420311,259.6315
391.4467: -0.9897944,3.109891,1.443807,264.5668
391.6689: -1.123153,3.100381,1.440111,266.5552
391.8911: -1.251467,3.064731,1.421645,265.2613
392.1133: -1.368936,2.983935,1.435592,236.2516
392.3356: -1.450412,2.908853,1.437918,196.5356
392.5578: -1.555851,2.863234,1.430617,181.0388
392.78: -1.656469,2.785863,1.431885,172.3412
393.0022: -1.714618,2.6873,1.411889,158.2661
393.2245: -1.762627,2.58533,1.429804,146.1788
Trial Result: Success object: Table | Time Spent: 18.3582
Trial No.:19 Ends
Trial No.:12 Begins
User confirmed on object: Trashcan, this maze officially starts.
414.6022: 2.50966,0.9202527,1.493672,85.4043
414.8245: 2.50703,0.9256678,1.495727,84.99629
415.0467: 2.491452,0.9244721,1.495855,93.71547
415.2689: 2.46237,0.9224322,1.493966,108.9736
415.4911: 2.439501,0.9336988,1.490977,119.0678
415.7133: 2.415381,0.9117954,1.475553,142.0442
415.9356: 2.379724,0.8665694,1.461143,160.1419
416.1578: 2.35903,0.8178898,1.461016,167.1347
416.38: 2.382725,0.7993979,1.466381,145.8132
416.6022: 2.420516,0.8449084,1.465384,87.71357
416.8245: 2.389775,0.8836352,1.460772,37.79485
417.0467: 2.374718,0.8921754,1.460422,15.91628
417.2689: 2.379307,0.9298785,1.457489,6.98475
417.4911: 2.40451,0.9829336,1.454969,10.10454
417.7133: 2.43538,1.000916,1.452976,18.37645
417.9356: 2.472266,0.950317,1.460646,43.67312
418.1578: 2.477365,0.7773077,1.457387,113.6443
418.38: 2.42476,0.6715238,1.459539,164.2012
418.6022: 2.450675,0.5807682,1.453978,179.9721
418.8245: 2.516925,0.4649079,1.454018,184.1484
419.0467: 2.550624,0.3369092,1.458998,191.5578
419.2689: 2.55719,0.2152974,1.44827,192.6224
419.4911: 2.542055,0.08024494,1.466082,194.3144
419.7133: 2.524863,-0.0642273,1.462436,202.6938
419.9356: 2.519719,-0.2124408,1.442892,211.1021
420.1578: 2.50561,-0.3520592,1.463463,213.5702
420.38: 2.468118,-0.4773519,1.463196,209.941
420.6022: 2.406633,-0.6041987,1.459062,197.2164
420.8245: 2.344846,-0.7276403,1.470178,185.8637
421.0467: 2.27332,-0.8565375,1.448017,180.7783
421.2689: 2.202664,-0.9855225,1.455825,178.0063
421.4911: 2.123706,-1.100115,1.46517,176.2227
421.7133: 1.985013,-1.182929,1.448568,211.1084
421.9356: 1.880996,-1.19922,1.460791,267.5859
422.1578: 1.853199,-1.246894,1.461653,298.909
422.38: 1.829795,-1.358838,1.459189,302.6395
422.6022: 1.813294,-1.487351,1.46396,297.5739
422.8245: 1.832464,-1.529021,1.46481,322.2382
423.0467: 1.830176,-1.55425,1.456317,336.6276
423.2689: 1.80494,-1.576697,1.462837,339.9271
423.4911: 1.730737,-1.637172,1.473256,305.0616
423.7133: 1.700591,-1.724548,1.466533,287.8343
423.9356: 1.707839,-1.891258,1.453797,253.7392
424.1578: 1.750718,-2.071586,1.459853,216.0368
424.38: 1.754272,-2.224493,1.453294,196.0362
424.6022: 1.703665,-2.355008,1.44362,192.2549
424.8245: 1.630225,-2.469911,1.463342,227.4699
425.0467: 1.600904,-2.580404,1.449766,254.7229
425.2689: 1.57011,-2.680766,1.464429,269.7946
425.4911: 1.508508,-2.775026,1.454939,278.3621
425.7133: 1.393502,-2.854954,1.448154,281.8614
425.9356: 1.240421,-2.942298,1.46732,274.797
426.1578: 1.070164,-3.025205,1.436708,273.2783
426.38: 0.8938479,-3.079898,1.458331,275.5675
426.6022: 0.7043235,-3.081008,1.443777,282.5047
426.8245: 0.5042024,-3.049458,1.443427,283.927
427.0467: 0.3099185,-3.029892,1.461868,285.5002
427.2689: 0.1207105,-3.019315,1.422075,294.0534
427.4911: -0.06741055,-2.982193,1.454282,318.0426
427.7133: -0.2354713,-2.92415,1.448204,330.1825
427.9356: -0.3846591,-2.84528,1.443492,335.2082
428.1578: -0.506556,-2.788275,1.45888,344.1103
428.38: -0.6091334,-2.749437,1.449099,353.482
428.6022: -0.6878192,-2.676423,1.457854,3.959462
428.8245: -0.7423033,-2.549661,1.438065,9.421885
429.0467: -0.7647922,-2.378336,1.44018,12.08071
429.2689: -0.7807416,-2.203173,1.4569,14.31962
429.4911: -0.7943436,-2.037605,1.431113,21.16098
429.7133: -0.8007361,-1.878029,1.44871,30.63729
429.9356: -0.779128,-1.729112,1.451637,35.74952
430.1578: -0.7339516,-1.588521,1.436595,36.42414
430.38: -0.6921613,-1.448643,1.455086,29.37486
430.6022: -0.6561021,-1.319729,1.443513,23.49278
430.8245: -0.611468,-1.208398,1.450754,22.00562
431.0467: -0.5249548,-1.101412,1.446233,17.53794
431.2689: -0.4027404,-1.014229,1.429258,11.6904
431.4911: -0.2858706,-0.933501,1.451799,1.100052
431.7133: -0.1990125,-0.8453079,1.452163,353.7341
431.9356: -0.1353996,-0.7333633,1.432412,345.6955
432.1578: -0.08216213,-0.6115304,1.448216,338.9067
432.38: -0.02213741,-0.4802256,1.44859,344.4243
432.6022: 0.03666335,-0.3191422,1.427205,343.8687
432.8245: 0.07310049,-0.1465534,1.447801,342.0794
433.0467: 0.07039003,0.02698022,1.425292,334.501
433.2689: 0.0264134,0.1958134,1.432956,321.4241
433.4911: -0.00827865,0.3497806,1.451355,307.295
433.7133: -0.0237431,0.5001676,1.435624,295.8035
433.9356: -0.04005537,0.6314405,1.439818,281.8563
434.1578: -0.08553536,0.7363165,1.441974,273.9676
434.38: -0.184682,0.8203077,1.426931,274.2637
434.6022: -0.3232634,0.8993565,1.435892,281.6374
434.8245: -0.4679969,0.9735699,1.44036,285.344
435.0467: -0.6096889,1.042153,1.421261,285.2273
435.2689: -0.751982,1.087675,1.44366,286.5298
435.4911: -0.9129632,1.108125,1.424664,293.4217
435.7133: -1.082543,1.125106,1.425305,317.2956
435.9356: -1.236826,1.153429,1.446707,334.4734
436.1578: -1.361548,1.214977,1.425281,350.58
436.38: -1.465691,1.298347,1.433626,2.053052
436.6022: -1.563125,1.367066,1.443902,12.45859
436.8245: -1.665954,1.438244,1.430743,23.71037
437.0467: -1.740587,1.515816,1.450311,34.28682
Trial Result: Success object: Table | Time Spent: 22.68959
Trial No.:12 Ends
Trial No.:15 Begins
User confirmed on object: Wheelbarrow, this maze officially starts.
455.5356: 0.2598831,0.00517118,1.487021,272.4979
455.7578: 0.2534755,0.002003584,1.486287,273.1146
455.98: 0.2515347,-0.007262559,1.489818,278.0582
456.2022: 0.2581118,0.01105048,1.468353,306.3619
456.4245: 0.2810195,-0.003555883,1.458269,326.4927
456.6467: 0.2964598,-0.009221738,1.448992,343.4968
456.8689: 0.2942804,0.007502737,1.448807,346.0031
457.0911: 0.2526568,0.02482576,1.456673,320.1245
457.3134: 0.2182525,-0.02471102,1.457901,258.9366
457.5356: 0.2437716,-0.05309331,1.450827,215.3289
457.7578: 0.2511007,-0.0652061,1.445015,199.7549
457.98: 0.2398977,-0.1188461,1.442651,199.4725
458.2022: 0.2189755,-0.2041678,1.443511,210.9044
458.4245: 0.1969243,-0.2941057,1.45132,208.4946
458.6467: 0.2114746,-0.3790774,1.452265,166.8151
458.8689: 0.1894944,-0.4097387,1.444973,126.8561
459.0911: 0.1213843,-0.4779582,1.442721,121.4182
459.3134: 0.06065519,-0.5868039,1.44376,136.6135
459.5356: -0.02732421,-0.703055,1.441968,181.9601
459.7578: -0.08082158,-0.7808306,1.453527,199.3363
459.98: -0.0779928,-0.8420646,1.457775,172.4229
460.2022: -0.02774109,-0.8450559,1.452473,115.9894
460.4245: 0.02435227,-0.8653126,1.444596,89.26505
460.6467: 0.1252766,-0.9121263,1.438471,84.66578
460.8689: 0.2239127,-0.9487953,1.449788,86.6907
461.0911: 0.3319727,-1.001416,1.455722,100.2229
461.3134: 0.4466522,-1.050754,1.444288,108.387
461.5356: 0.5700635,-1.086186,1.464929,116.6888
461.7578: 0.7156889,-1.090998,1.451275,119.3596
461.98: 0.8779547,-1.077053,1.446294,124.6864
462.2022: 1.008807,-1.085385,1.475116,138.8458
462.4245: 1.12332,-1.121674,1.459498,158.6458
462.6467: 1.262706,-1.17936,1.463156,156.5229
462.8689: 1.385728,-1.256279,1.463348,166.0815
463.0911: 1.502052,-1.339734,1.437341,180.4804
463.3134: 1.605123,-1.437351,1.458083,182.8704
463.5356: 1.683723,-1.574331,1.445197,172.4388
463.7578: 1.733119,-1.737128,1.441457,151.7902
463.98: 1.759004,-1.899404,1.463984,135.4461
464.2022: 1.778386,-2.08003,1.436352,133.3221
464.4245: 1.737486,-2.2885,1.455895,171.4539
464.6467: 1.644532,-2.438238,1.467257,223.5351
464.8689: 1.585137,-2.549346,1.459381,244.4489
465.0911: 1.54313,-2.656344,1.471918,256.616
465.3134: 1.502344,-2.765899,1.453173,273.6546
465.5356: 1.440967,-2.864707,1.468373,286.4811
465.7578: 1.340517,-2.947333,1.46079,288.2697
465.98: 1.187972,-2.998414,1.445026,282.1356
466.2022: 1.026992,-3.026703,1.46682,279.7503
466.4245: 0.8365921,-3.057925,1.44204,279.2982
466.6467: 0.6342074,-3.093035,1.446627,280.5797
466.8689: 0.4191456,-3.09442,1.460107,282.4673
467.0911: 0.2270809,-3.061229,1.43561,282.5042
467.3134: 0.04462845,-3.027254,1.464238,282.442
467.5356: -0.1488736,-3.008399,1.434954,282.7617
467.7578: -0.3585514,-3.000422,1.431623,286.0251
467.98: -0.5565568,-2.976554,1.459006,289.2017
468.2022: -0.7444459,-2.935785,1.428117,290.5829
468.4245: -0.9073147,-2.904022,1.453808,292.3084
468.6467: -1.036016,-2.908957,1.459602,294.3775
Trial Result: Success object: Mailbox | Time Spent: 13.44786
Trial No.:15 Ends
Trial No.:20 Begins
User confirmed on object: Well, this maze officially starts.
487.3467: 1.760762,-2.083443,1.506386,87.19055
487.5689: 1.764154,-2.098476,1.507447,92.68446
487.7911: 1.755456,-2.113145,1.507089,106.9425
488.0133: 1.75504,-2.108326,1.504879,109.4102
488.2356: 1.783458,-2.105401,1.4863,112.8951
488.4578: 1.786891,-2.123865,1.467661,132.8862
488.68: 1.779842,-2.120368,1.460614,147.6944
488.9022: 1.812006,-2.0855,1.459397,126.1058
489.1245: 1.847097,-2.020365,1.465144,64.69611
489.3467: 1.823938,-2.020961,1.467492,13.06984
489.5689: 1.834899,-2.053404,1.462576,355.9486
489.7911: 1.823147,-2.046935,1.46242,334.1662
490.0133: 1.798738,-1.995602,1.457669,316.6358
490.2356: 1.796033,-1.889206,1.455244,321.9193
490.4578: 1.841608,-1.7697,1.459144,343.3079
490.68: 1.940593,-1.672862,1.444197,18.01633
490.9022: 2.029532,-1.568288,1.460559,34.6941
491.1245: 2.101902,-1.451461,1.456871,49.1794
491.3467: 2.145955,-1.292949,1.447976,44.62354
491.5689: 2.193056,-1.136192,1.466883,27.30819
491.7911: 2.286499,-1.013955,1.447808,21.65839
492.0133: 2.412881,-0.888422,1.460833,19.35825
492.2356: 2.517238,-0.7572929,1.465296,13.39536
492.4578: 2.58337,-0.607583,1.440512,356.0016
492.68: 2.643711,-0.4406912,1.461581,343.6993
492.9022: 2.701784,-0.2707591,1.457014,338.4752
493.1245: 2.754412,-0.09314673,1.454112,328.5631
493.3467: 2.767255,0.06824648,1.466744,316.4595
493.5689: 2.746001,0.233326,1.438743,303.9931
493.7911: 2.710897,0.3934833,1.451234,296.2908
494.0133: 2.672859,0.528631,1.461365,283.8562
494.2356: 2.646266,0.6663638,1.445493,272.0766
494.4578: 2.61378,0.7961119,1.467993,261.2586
494.68: 2.553233,0.8843233,1.469504,255.0741
494.9022: 2.485046,0.9298004,1.461177,268.1852
495.1245: 2.382255,0.9527636,1.454323,276.1667
495.3467: 2.241981,0.9795486,1.451803,275.7213
495.5689: 2.086233,1.025916,1.439442,272.5958
495.7911: 1.907085,1.058704,1.461505,265.364
496.0133: 1.703296,1.062147,1.427482,258.1185
496.2356: 1.486971,1.048857,1.4412,253.306
496.4578: 1.287052,1.052468,1.450055,251.2092
496.68: 1.090942,1.107779,1.426806,272.4607
496.9022: 0.9145467,1.16147,1.451452,303.5358
497.1245: 0.7294133,1.166319,1.426873,313.5435
497.3467: 0.537472,1.178395,1.435358,323.9702
497.5689: 0.3807329,1.237067,1.446919,340.272
497.7911: 0.2717439,1.329141,1.427219,357.2444
498.0133: 0.1783862,1.447125,1.441623,7.118093
498.2356: 0.09009449,1.580422,1.435919,13.49533
498.4578: 0.01683613,1.72745,1.431346,21.35749
498.68: -0.0177683,1.904447,1.440821,30.82779
498.9022: -0.004010772,2.08208,1.418683,40.71197
499.1245: 0.02629375,2.240055,1.444773,47.47783
499.3467: 0.04297485,2.370945,1.447016,60.70299
499.5689: 0.04860018,2.506592,1.438253,77.24062
499.7911: 0.07036862,2.632158,1.444616,88.05449
500.0133: 0.113824,2.721469,1.437627,91.8288
500.2356: 0.1938961,2.79003,1.43216,95.29744
500.4578: 0.3108225,2.854086,1.444725,98.58221
500.68: 0.4386179,2.908488,1.445694,101.9601
500.9022: 0.5817993,2.955125,1.426414,108.0526
501.1245: 0.7292768,2.984221,1.450505,113.3175
501.3467: 0.865559,2.970801,1.45286,118.2112
501.5689: 0.9872018,2.938896,1.452355,118.6486
Trial Result: Success object: Piano | Time Spent: 14.5584
Trial No.:20 Ends
Trial No.:17 Begins
User confirmed on object: Harp, this maze officially starts.
524.6578: 1.829999,-1.083043,1.490935,350.3748
524.88: 1.8208,-1.08528,1.498043,351.1086
525.1022: 1.810887,-1.089023,1.501413,350.3068
525.3245: 1.807017,-1.08957,1.503474,350.7909
525.5467: 1.832239,-1.090625,1.500559,10.63357
525.7689: 1.829122,-1.088794,1.499674,15.31992
525.9911: 1.829127,-1.08445,1.499978,15.99545
526.2133: 1.826908,-1.077603,1.500817,14.42433
526.4355: 1.837856,-1.071114,1.498474,22.33253
526.6578: 1.899072,-1.066386,1.470961,40.60097
526.88: 1.980517,-1.053055,1.451078,38.42377
527.1022: 2.074272,-1.023297,1.451821,26.82747
527.3245: 2.16734,-0.9740922,1.450731,19.44678
527.5467: 2.24658,-0.9032542,1.439303,13.70251
527.7689: 2.320028,-0.817953,1.45515,6.260843
527.9911: 2.406662,-0.7368901,1.447951,359.38
528.2133: 2.518759,-0.6515232,1.451921,353.455
528.4355: 2.598953,-0.5704992,1.463799,349.5632
528.6578: 2.64506,-0.4758325,1.451586,346.0411
528.88: 2.659086,-0.3577911,1.44161,340.0201
529.1022: 2.680034,-0.2226089,1.458825,335.1751
529.3245: 2.703549,-0.06047569,1.448358,327.7403
529.5467: 2.732021,0.1214338,1.437005,315.2628
529.7689: 2.721964,0.2930078,1.457367,302.4257
529.9911: 2.667859,0.4505002,1.427338,292.2353
530.2133: 2.576861,0.5816213,1.439739,279.8046
530.4355: 2.489584,0.7125977,1.454765,268.1965
530.6578: 2.397979,0.8472678,1.436059,263.188
530.88: 2.27496,0.9663711,1.455787,264.7899
531.1022: 2.103992,1.034469,1.425916,262.9552
531.3245: 1.897523,1.052463,1.438634,259.8257
531.5467: 1.680416,1.063823,1.456493,258.2397
531.7689: 1.454847,1.07834,1.428852,254.9194
531.9911: 1.221972,1.087066,1.453255,255.6512
532.2133: 0.9906502,1.080241,1.42063,264.0021
532.4355: 0.7935212,1.065077,1.447631,265.9864
532.6578: 0.6253463,1.060408,1.451446,260.1014
532.88: 0.4754741,1.061229,1.436903,243.798
533.1022: 0.3456733,1.033096,1.453331,212.5267
533.3245: 0.2135593,0.9970417,1.436484,191.0877
533.5467: 0.06215572,0.9535223,1.435583,191.6526
533.7689: -0.08652449,0.9305587,1.455778,200.0597
533.9911: -0.1753859,0.9048735,1.442901,194.7362
534.2133: -0.2028502,0.8354204,1.43661,188.3511
534.4355: -0.1822675,0.6924664,1.414709,188.0229
534.6578: -0.1285389,0.5291026,1.433515,190.2739
534.88: -0.1019681,0.3575036,1.434782,194.3944
535.1022: -0.1114707,0.1771117,1.423126,196.6161
535.3245: -0.1176609,-0.001279946,1.451367,200.372
535.5467: -0.1108268,-0.1700053,1.429406,206.5582
535.7689: -0.1081195,-0.3548209,1.448959,212.4193
535.9911: -0.1539899,-0.513293,1.448825,226.4033
536.2133: -0.2442169,-0.6267595,1.428967,248.4981
536.4355: -0.3463877,-0.7542198,1.447641,251.4589
536.6578: -0.4309461,-0.914372,1.437092,221.0378
536.88: -0.5091755,-1.047731,1.442929,194.2467
537.1022: -0.6155348,-1.175432,1.44511,180.094
537.3245: -0.7384904,-1.287338,1.441996,173.0571
537.5467: -0.8316647,-1.414244,1.454043,167.2691
537.7689: -0.8878145,-1.568435,1.425913,162.8965
537.9911: -0.911306,-1.751795,1.434648,157.6769
538.2133: -0.9344261,-1.931277,1.449229,149.8819
538.4355: -0.9579315,-2.116828,1.424649,138.9672
538.6578: -0.9502175,-2.297482,1.451832,125.4957
538.88: -0.8901857,-2.458039,1.439371,114.8007
539.1022: -0.7843032,-2.595795,1.437553,104.6277
539.3245: -0.6748926,-2.730123,1.459073,93.99004
539.5467: -0.5651773,-2.875667,1.435001,84.70304
539.7689: -0.4445825,-3.021562,1.451651,80.73673
539.9911: -0.3029848,-3.126397,1.449732,90.64244
540.2133: -0.131762,-3.173718,1.427602,91.8796
540.4355: 0.06434146,-3.195827,1.457321,88.59365
540.6578: 0.2677496,-3.218472,1.4517,84.66264
540.88: 0.4751356,-3.242722,1.440929,74.89691
541.1022: 0.6673948,-3.244431,1.462519,69.97726
541.3245: 0.8671905,-3.233442,1.431455,76.69701
541.5467: 1.06852,-3.209353,1.453357,85.09573
541.7689: 1.23767,-3.177047,1.46453,76.47238
541.9911: 1.349706,-3.134723,1.451526,40.46259
542.2133: 1.438276,-3.109581,1.468913,21.047
542.4355: 1.519883,-3.059352,1.466687,13.7542
542.6578: 1.582355,-2.964697,1.452519,12.86217
542.88: 1.629521,-2.819085,1.4405,21.17946
543.1022: 1.67793,-2.662595,1.470089,25.43743
543.3245: 1.731316,-2.502638,1.455363,24.86845
543.5467: 1.793057,-2.345389,1.453426,19.9214
543.7689: 1.846652,-2.182209,1.465598,19.87675
543.9911: 1.892421,-2.005899,1.430803,22.9984
544.2133: 1.934408,-1.820286,1.452408,28.1429
544.4355: 1.992665,-1.661412,1.461004,29.15513
544.6578: 2.076633,-1.517014,1.439922,27.10463
544.88: 2.177347,-1.367749,1.465137,22.343
545.1022: 2.270325,-1.208673,1.454702,17.86894
545.3245: 2.364192,-1.031277,1.441374,18.19226
545.5467: 2.462982,-0.85744,1.468865,17.61968
545.7689: 2.571329,-0.6819202,1.448204,13.20233
545.9911: 2.668414,-0.4874366,1.466583,2.656406
546.2133: 2.726106,-0.2906374,1.456839,355.6543
546.4355: 2.757329,-0.08502407,1.437026,353.1851
546.6578: 2.786839,0.1274589,1.464329,350.4403
546.88: 2.83121,0.3216112,1.446328,348.989
547.1022: 2.872968,0.4994642,1.460974,347.8115
547.3245: 2.881458,0.6753305,1.459367,348.0812
547.5467: 2.864828,0.8522503,1.436091,349.226
547.7689: 2.849951,1.032048,1.462586,347.6472
547.9911: 2.856853,1.214521,1.445577,349.6999
548.2133: 2.875433,1.404103,1.448429,350.5523
548.4355: 2.870512,1.587495,1.46484,347.8754
548.6578: 2.839554,1.770705,1.431555,337.7188
548.88: 2.794286,1.954842,1.44784,327.8433
549.1022: 2.755509,2.136604,1.46,316.109
549.3245: 2.723785,2.320493,1.437684,305.2238
549.5467: 2.682227,2.482042,1.458204,292.0151
549.7689: 2.612131,2.615447,1.446223,280.3271
549.9911: 2.513719,2.732796,1.432387,270.205
550.2133: 2.420708,2.838511,1.453301,262.409
550.4355: 2.324383,2.959569,1.447319,266.7151
550.6578: 2.202802,3.069493,1.445286,266.7042
550.88: 2.038117,3.140757,1.440655,265.5993
551.1022: 1.86278,3.169111,1.412297,264.8245
551.3245: 1.686116,3.18217,1.445973,261.7748
551.5467: 1.508998,3.20304,1.437332,260.4787
551.7689: 1.323627,3.234625,1.434819,261.0657
551.9911: 1.144894,3.247963,1.452525,261.5527
552.2133: 0.985495,3.24079,1.431781,266.2559
552.4355: 0.8330658,3.213448,1.437613,271.5992
552.6578: 0.6801498,3.197716,1.450163,270.1938
552.88: 0.5194666,3.194682,1.427309,264.6433
553.1022: 0.3487351,3.213318,1.437408,260.9334
553.3245: 0.172139,3.216956,1.44403,261.7343
553.5467: -0.00877073,3.2023,1.410355,265.3563
553.7689: -0.1843732,3.187249,1.432918,268.2199
553.9911: -0.3571697,3.183739,1.435331,265.9526
554.2133: -0.5210577,3.20137,1.417401,261.235
554.4355: -0.6916434,3.213148,1.439354,261.8703
Trial Result: Fail at object:  | Time Spent: 30
Trial No.:17 Ends
Trial No.:6 Begins
User confirmed on object: Table, this maze officially starts.
576.8578: -1.936814,2.107836,1.473475,100.435
577.08: -1.94879,2.10342,1.476051,105.2575
577.3022: -1.977417,2.093386,1.474233,120.6255
577.5245: -2.003636,2.095753,1.471658,128.7194
577.7467: -2.010415,2.088083,1.469339,129.6705
577.9689: -2.010184,2.030474,1.445758,138.485
578.1911: -2.021935,1.966075,1.438278,143.6549
578.4133: -2.006243,1.941668,1.438296,116.7987
578.6356: -2.001929,1.971053,1.436703,70.53236
578.8578: -2.018789,2.012469,1.431331,38.91364
579.08: -2.034894,2.082511,1.422771,16.33398
579.3022: -2.05891,2.159846,1.413791,348.4875
579.5245: -2.049608,2.232821,1.421341,323.3827
579.7467: -1.996907,2.299229,1.417935,306.8374
579.9689: -1.943005,2.359937,1.426846,299.4709
580.1911: -1.916052,2.430696,1.424158,301.6083
580.4133: -1.858121,2.567078,1.413466,355.0084
580.6356: -1.78704,2.631662,1.419945,55.70687
580.8578: -1.745679,2.693361,1.421494,83.80591
581.08: -1.678587,2.767789,1.41449,95.21428
581.3022: -1.591877,2.844073,1.426309,97.83083
581.5245: -1.456146,2.94277,1.408234,98.78529
581.7467: -1.302776,3.036022,1.424786,102.047
581.9689: -1.135796,3.055638,1.417008,112.8818
582.1911: -0.9715792,3.0158,1.406486,122.6189
582.4133: -0.8077649,2.967264,1.429651,131.1524
582.6356: -0.6381876,2.915219,1.401082,140.4632
582.8578: -0.4660326,2.860364,1.419547,143.9206
583.08: -0.3018162,2.806171,1.438992,122.3224
583.3022: -0.191218,2.725684,1.428412,104.3822
583.5245: -0.1296607,2.559432,1.439974,122.2654
583.7467: -0.1084968,2.365898,1.432218,156.8411
583.9689: -0.07435564,2.205139,1.427165,169.0549
584.1911: -0.06117571,2.031884,1.436668,174.9925
584.4133: -0.07765207,1.837454,1.411325,176.3276
584.6356: -0.1020831,1.634512,1.445414,180.8011
584.8578: -0.1022348,1.440521,1.43106,187.0145
585.08: -0.0714604,1.241212,1.426372,190.0797
585.3022: -0.05948323,1.037807,1.447629,189.7343
585.5245: -0.0697277,0.833456,1.420523,186.3851
585.7467: -0.07798396,0.6206748,1.450555,180.9821
585.9689: -0.07574847,0.4065826,1.430387,183.671
586.1911: -0.06869602,0.1851512,1.42796,189.4941
586.4133: -0.08761119,-0.0363072,1.443991,197.7962
586.6356: -0.1372139,-0.2395251,1.424956,202.5874
586.8578: -0.1808109,-0.4236563,1.449971,205.071
587.08: -0.2126173,-0.5903274,1.43332,207.5925
587.3022: -0.2554529,-0.7350758,1.451074,209.6699
587.5245: -0.3399163,-0.8705482,1.442982,208.516
587.7467: -0.4621508,-1.000306,1.42966,199.0842
587.9689: -0.5818126,-1.142349,1.455097,186.7173
588.1911: -0.679879,-1.298469,1.430983,178.4272
588.4133: -0.7589188,-1.479569,1.43403,171.2072
588.6356: -0.8361937,-1.667582,1.448489,164.473
588.8578: -0.9107407,-1.853585,1.426151,154.8607
589.08: -0.9482877,-2.04116,1.454185,143.1545
589.3022: -0.9471138,-2.212191,1.429067,132.907
589.5245: -0.9223539,-2.372762,1.439457,122.5354
589.7467: -0.8966464,-2.516664,1.457561,107.483
589.9689: -0.8869547,-2.65861,1.440259,95.37012
590.1911: -0.8711805,-2.794679,1.453128,90.49372
590.4133: -0.8245211,-2.897964,1.455006,89.3615
590.6356: -0.7417494,-2.963504,1.440958,86.67506
590.8578: -0.6047226,-2.993185,1.441128,84.16797
591.08: -0.452371,-3.006716,1.455774,82.46304
591.3022: -0.3027956,-3.009088,1.451648,78.52254
591.5245: -0.152111,-3.012369,1.446945,72.88391
591.7467: -0.0165789,-2.996417,1.461979,67.81042
591.9689: 0.0959208,-2.970411,1.449613,65.00842
592.1911: 0.1882004,-2.93836,1.446496,62.50724
Trial Result: Success object: Chair | Time Spent: 15.64857
Trial No.:6 Ends
Trial No.:10 Begins
User confirmed on object: Bookshelf, this maze officially starts.
612.2689: 1.902102,1.275839,1.481443,192.9026
612.4911: 1.894259,1.268591,1.482671,201.9258
612.7133: 1.876971,1.276322,1.48184,208.2227
612.9355: 1.864817,1.283401,1.485932,207.1249
613.1578: 1.865787,1.286317,1.48587,190.9152
613.38: 1.880119,1.290512,1.477826,166.5401
613.6022: 1.911022,1.297663,1.459108,140.3809
613.8245: 1.951118,1.296624,1.447506,121.994
614.0467: 2.00238,1.265457,1.449004,115.7109
614.2689: 2.068939,1.188622,1.450506,135.809
614.4911: 2.151162,1.09918,1.447181,157.307
614.7133: 2.224387,1.003132,1.43874,170.0068
614.9355: 2.286873,0.8948185,1.449683,175.3424
615.1578: 2.373692,0.7775139,1.457431,176.7902
615.38: 2.474151,0.6644264,1.430482,182.613
615.6022: 2.568085,0.540768,1.456777,188.9251
615.8245: 2.616863,0.3965785,1.459906,197.3376
616.0467: 2.625953,0.2356797,1.438142,200.1991
616.2689: 2.606022,0.07288022,1.45373,204.5895
616.4911: 2.590423,-0.09819553,1.442279,207.6996
616.7133: 2.575943,-0.2772259,1.431453,212.1188
616.9355: 2.540664,-0.4510941,1.46046,210.7525
617.1578: 2.475596,-0.6071608,1.446078,201.3593
617.38: 2.375365,-0.7356431,1.447628,191.4229
617.6022: 2.271475,-0.873393,1.461122,185.5183
617.8245: 2.181353,-1.031211,1.43575,181.3217
618.0467: 2.107385,-1.203046,1.448318,176.0712
618.2689: 2.022634,-1.373595,1.459435,172.25
618.4911: 1.933074,-1.543254,1.431592,166.339
618.7133: 1.86288,-1.711536,1.46073,156.595
618.9355: 1.830912,-1.8807,1.448992,149.0357
619.1578: 1.830413,-2.069071,1.437374,142.4752
619.38: 1.823514,-2.249657,1.464905,136.9085
619.6022: 1.783547,-2.426598,1.448266,142.8888
619.8245: 1.656865,-2.599373,1.444891,193.1119
620.0467: 1.556956,-2.709684,1.463638,245.6257
620.2689: 1.517368,-2.833167,1.445904,269.6822
620.4911: 1.451334,-2.95,1.464922,282.8866
620.7133: 1.344072,-3.014801,1.450072,299.9485
620.9355: 1.192561,-3.052494,1.452197,299.7404
621.1578: 1.01578,-3.100181,1.465688,291.6451
621.38: 0.8369147,-3.148119,1.431399,288.545
621.6022: 0.6495289,-3.184773,1.454728,286.8763
621.8245: 0.4487519,-3.176431,1.448327,287.2754
622.0467: 0.2541931,-3.114341,1.43513,287.854
622.2689: 0.07504994,-3.049631,1.460948,296.1402
622.4911: -0.09052475,-2.982747,1.429523,314.8519
622.7133: -0.2690514,-2.927125,1.439976,325.3531
622.9355: -0.4203876,-2.855101,1.45407,333.0538
623.1578: -0.5244256,-2.763267,1.435899,342.2353
623.38: -0.6132063,-2.644924,1.447473,344.9533
623.6022: -0.6888294,-2.511673,1.455425,350.6105
623.8245: -0.7584937,-2.367444,1.431381,356.6127
624.0467: -0.8237121,-2.210682,1.440547,355.9238
624.2689: -0.8718234,-2.048255,1.446009,342.772
624.4911: -0.8847435,-1.877211,1.425178,324.931
624.7133: -0.8855783,-1.708121,1.449141,309.5104
624.9355: -0.9128568,-1.563465,1.448993,300.0973
625.1578: -0.9806162,-1.441253,1.4248,291.3583
625.38: -1.072744,-1.33284,1.44288,279.1046
625.6022: -1.187208,-1.2237,1.432641,269.6812
625.8245: -1.325959,-1.11059,1.420837,262.8477
626.0467: -1.48369,-1.035984,1.447068,252.2889
626.2689: -1.64614,-1.004698,1.423669,243.8837
626.4911: -1.823568,-1.016637,1.429389,240.2692
626.7133: -1.999515,-1.045234,1.43946,235.5513
626.9355: -2.185937,-1.093559,1.414716,230.2722
627.1578: -2.354831,-1.14592,1.430558,226.8454
627.38: -2.476573,-1.210558,1.436641,227.0675
627.6022: -2.593239,-1.299488,1.413899,227.5701
Trial Result: Success object: Plant | Time Spent: 15.74847
Trial No.:10 Ends
Trial No.:8 Begins
User confirmed on object: Plant, this maze officially starts.
644.1689: -2.680633,-2.067297,1.482108,281.3585
644.3911: -2.658461,-2.065322,1.481297,286.3401
644.6133: -2.622662,-2.062774,1.480587,298.6963
644.8356: -2.597825,-2.077293,1.481112,302.485
645.0578: -2.602696,-2.073296,1.481339,296.3474
645.28: -2.641154,-2.077691,1.477125,264.2506
645.5023: -2.636711,-2.101101,1.460018,216.0157
645.7245: -2.615756,-2.098373,1.447197,180.8866
645.9467: -2.577097,-2.104956,1.442634,143.1323
646.1689: -2.565594,-2.127257,1.439398,119.8506
646.3911: -2.580007,-2.158755,1.44574,106.6225
646.6133: -2.609413,-2.176917,1.442155,90.83655
646.8356: -2.653948,-2.155275,1.440634,57.5139
647.0578: -2.705928,-2.133968,1.447065,31.50984
647.28: -2.739152,-2.067816,1.445936,20.96849
647.5023: -2.760441,-1.954278,1.444752,15.75395
647.7245: -2.754115,-1.831441,1.447784,17.95391
647.9467: -2.687893,-1.713355,1.440177,35.6667
648.1689: -2.585295,-1.615478,1.425293,64.21068
648.3911: -2.520791,-1.500446,1.448684,71.11986
648.6133: -2.474261,-1.388551,1.43927,77.54541
648.8356: -2.419475,-1.260266,1.437716,84.70441
649.0578: -2.325079,-1.165656,1.445611,91.10193
649.28: -2.180079,-1.108839,1.423813,93.66531
649.5023: -2.000399,-1.087086,1.443745,90.59632
649.7245: -1.810549,-1.061171,1.445875,84.02688
649.9467: -1.619838,-1.028963,1.420793,80.64572
650.1689: -1.409085,-1.022172,1.452349,85.91427
650.3911: -1.253159,-1.098898,1.442022,126.4679
650.6133: -1.151726,-1.165688,1.447387,169.782
650.8356: -1.027889,-1.18151,1.454834,187.1421
651.0578: -0.8442535,-1.164722,1.434288,173.0701
651.28: -0.6103013,-1.07885,1.445017,108.5083
651.5023: -0.5068135,-0.9751614,1.453986,39.38074
651.7245: -0.4070244,-0.984201,1.439394,8.864109
651.9467: -0.2764364,-0.9961361,1.453776,4.123804
652.1689: -0.1804181,-0.9740034,1.458116,356.8578
652.3911: -0.113875,-0.9022086,1.444572,352.9395
652.6133: -0.06442829,-0.7726208,1.434664,355.8807
652.8356: -0.009747699,-0.6131064,1.450549,0.3251222
653.0578: 0.04351376,-0.444988,1.429812,2.849918
653.28: 0.0745208,-0.2642908,1.444259,357.4204
653.5023: 0.06352036,-0.07348382,1.437978,350.3564
653.7245: 0.008284038,0.1065246,1.425164,330.8546
653.9467: -0.02243106,0.264927,1.455427,312.1347
654.1689: -0.02349515,0.4210762,1.439645,304.2387
654.3911: -0.0180593,0.5634915,1.44102,293.4678
654.6133: -0.03563961,0.6663575,1.448576,281.42
654.8356: -0.06717559,0.7653481,1.443997,298.6802
655.0578: -0.06809537,0.8477054,1.448347,353.9006
655.28: -0.06159286,0.8381749,1.446484,48.53144
655.5023: -0.09282068,0.8011997,1.442874,84.27692
655.7245: -0.120167,0.8127292,1.44175,88.92843
655.9467: -0.1294589,0.8426389,1.443823,94.69031
656.1689: -0.09926714,0.8932756,1.444842,96.5046
656.3911: -0.03735384,0.9429848,1.444824,93.39194
656.6133: 0.05023716,0.9873584,1.444051,94.10842
656.8356: 0.1634854,1.033702,1.4441,98.03256
657.0578: 0.3136729,1.072809,1.433648,101.711
657.28: 0.497164,1.1082,1.456569,106.3558
657.5023: 0.6917857,1.124115,1.442679,106.9615
657.7245: 0.8935345,1.122953,1.440466,100.4686
657.9467: 1.090132,1.129763,1.456975,96.46053
658.1689: 1.271568,1.134253,1.429256,104.3784
658.3911: 1.441425,1.117726,1.454708,123.4397
658.6133: 1.61689,1.086455,1.444407,131.5847
658.8356: 1.79799,1.029357,1.442912,136.8005
659.0578: 1.952374,0.9823283,1.466272,148.8206
659.28: 2.096022,0.9715904,1.449971,155.8463
659.5023: 2.229786,0.9801196,1.454172,161.5824
659.7245: 2.342472,0.9789857,1.461961,153.6704
659.9467: 2.477466,1.022936,1.459416,100.2502
660.1689: 2.514596,1.089389,1.458548,31.40364
660.3911: 2.535927,1.100416,1.453954,358.7325
660.6133: 2.581074,1.149073,1.453186,350.9278
660.8356: 2.620254,1.263391,1.438561,351.7546
661.0578: 2.646841,1.422136,1.444614,352.8123
661.28: 2.67288,1.585168,1.460285,349.6709
661.5023: 2.708753,1.756108,1.435422,342.7573
661.7245: 2.738011,1.921049,1.457796,332.2467
661.9467: 2.728332,2.075614,1.456448,320.2086
662.1689: 2.690802,2.225167,1.433655,311.8882
662.3911: 2.641548,2.376813,1.450188,299.9921
662.6133: 2.58404,2.523834,1.44907,284.3056
662.8356: 2.529663,2.670561,1.445996,271.0227
663.0578: 2.458197,2.788757,1.457161,260.3099
663.28: 2.351569,2.88478,1.43029,260.7845
663.5023: 2.194535,2.955694,1.429454,263.904
663.7245: 2.02689,3.011201,1.451156,265.1846
663.9467: 1.851487,3.055953,1.428757,264.0239
664.1689: 1.654574,3.088784,1.446923,261.8419
664.3911: 1.437377,3.090756,1.438876,262.1486
664.6133: 1.224735,3.06735,1.432068,262.845
664.8356: 1.015248,3.065051,1.453689,264.1838
665.0578: 0.8101534,3.076693,1.427646,259.8795
665.28: 0.6252692,3.05684,1.454121,233.0172
665.5023: 0.4548504,3.027326,1.440668,213.7724
665.7245: 0.2519068,3.020872,1.435025,231.3033
665.9467: 0.05876086,3.061725,1.452777,266.2916
666.1689: -0.1161296,3.104682,1.427681,283.1231
666.3911: -0.2928241,3.128235,1.439427,278.2605
666.6133: -0.4669556,3.127493,1.441813,272.2272
666.8356: -0.6442588,3.111754,1.413955,266.3797
667.0578: -0.8318605,3.09696,1.438238,257.0761
667.28: -1.017538,3.114092,1.426646,254.7016
667.5023: -1.196057,3.150386,1.425777,257.6917
667.7245: -1.334933,3.124281,1.441856,241.7938
667.9467: -1.428459,3.035974,1.424116,209.1718
668.1689: -1.535432,2.918172,1.416233,191.3855
668.3911: -1.651955,2.784332,1.434181,177.7025
668.6133: -1.777042,2.658665,1.409246,168.3637
668.8356: -1.903649,2.510431,1.437374,175.5188
669.0578: -1.996499,2.334446,1.415342,191.1211
669.28: -2.041959,2.133003,1.402891,200.3589
669.5023: -2.083963,1.922475,1.435828,198.3889
669.7245: -2.148382,1.731422,1.415648,193.7246
669.9467: -2.231569,1.538527,1.426994,190.1883
670.1689: -2.310128,1.351716,1.433825,186.7944
670.3911: -2.374142,1.176327,1.407575,185.2851
670.6133: -2.434389,1.008794,1.43524,181.0146
670.8356: -2.514513,0.8419131,1.423359,180.5199
671.0578: -2.606032,0.6669493,1.420459,176.1029
671.28: -2.675174,0.4939074,1.441839,176.2726
671.5023: -2.714457,0.3199404,1.415037,184.5653
671.7245: -2.714443,0.140985,1.425932,191.6128
671.9467: -2.714992,-0.04439327,1.446627,191.8683
672.1689: -2.702945,-0.2207812,1.420097,172.1562
672.3911: -2.652799,-0.3668879,1.44257,124.9561
672.6133: -2.601774,-0.4911166,1.438551,106.3386
672.8356: -2.507494,-0.6142411,1.420738,98.00764
673.0578: -2.416827,-0.7150677,1.439229,92.06101
673.28: -2.324975,-0.8350331,1.436512,91.2976
673.5023: -2.246355,-0.9335494,1.444667,93.12153
673.7245: -2.132322,-0.9923551,1.447279,96.19169
673.9467: -1.995148,-1.008942,1.422368,97.7619
Trial Result: Fail at object:  | Time Spent: 30
Trial No.:8 Ends
Trial No.:11 Begins
User confirmed on object: Trashcan, this maze officially starts.
690.9911: 2.607874,1.096554,1.492297,103.9725
691.2134: 2.606636,1.097477,1.490696,104.3258
691.4355: 2.601503,1.09521,1.490404,103.7397
691.6578: 2.60681,1.07291,1.481883,119.5292
691.88: 2.598106,1.053067,1.468013,149.6733
692.1022: 2.595463,1.037465,1.461931,172.7412
692.3245: 2.598835,1.005826,1.460365,182.9966
692.5467: 2.589899,0.9553251,1.461174,186.9474
692.7689: 2.579608,0.9126759,1.462562,197.8109
692.9911: 2.58454,0.9047742,1.463345,226.7437
693.2134: 2.627416,0.9210605,1.464909,262.4457
693.4355: 2.665216,0.9162334,1.456389,276.4664
693.6578: 2.71299,0.9415512,1.452318,304.2357
693.88: 2.763438,0.9717168,1.459037,327.3351
694.1022: 2.794253,1.063124,1.456254,338.8578
694.3245: 2.80864,1.181904,1.456451,351.3459
694.5467: 2.79616,1.299333,1.457737,0.4660754
694.7689: 2.742726,1.444821,1.439941,1.481259
694.9911: 2.691046,1.571885,1.449445,358.3717
695.2134: 2.65396,1.723897,1.455868,343.9862
695.4355: 2.662029,1.880224,1.431548,327.5305
695.6578: 2.683676,2.059271,1.463226,313.2516
695.88: 2.674865,2.204035,1.461339,305.6059
696.1022: 2.633155,2.340147,1.443107,299.8594
696.3245: 2.592377,2.454954,1.455125,291.091
696.5467: 2.551372,2.567064,1.448693,280.5232
696.7689: 2.501726,2.688157,1.450953,267.6108
696.9911: 2.427018,2.788894,1.454109,259.7542
697.2134: 2.305004,2.87433,1.426681,265.3625
697.4355: 2.147526,2.914102,1.440708,269.7131
697.6578: 1.983687,2.947895,1.455362,269.2725
697.88: 1.803825,2.985831,1.427817,266.5378
698.1022: 1.598079,3.023079,1.449542,263.4028
698.3245: 1.38572,3.029773,1.443877,261.8472
698.5467: 1.186891,3.005813,1.424095,260.8794
698.7689: 0.992899,2.996052,1.453916,260.6534
698.9911: 0.8033476,3.012218,1.433886,262.7093
699.2134: 0.6096468,3.04067,1.444386,263.505
699.4355: 0.4135034,3.05489,1.452325,266.0621
699.6578: 0.2232341,3.046647,1.417714,269.8266
699.88: 0.03244459,3.032663,1.440241,269.645
700.1022: -0.1590562,3.041606,1.427892,267.5056
700.3245: -0.3494208,3.071932,1.42363,263.9303
700.5467: -0.5329824,3.089443,1.445951,261.9955
700.7689: -0.7048142,3.086761,1.42409,262.4838
700.9911: -0.8708048,3.067975,1.423219,263.7554
701.2134: -1.035616,3.063406,1.439476,266.2665
701.4355: -1.195212,3.044373,1.416998,254.7964
701.6578: -1.325817,2.984519,1.430434,217.7187
701.88: -1.419865,2.908859,1.432545,192.4001
702.1022: -1.498557,2.802351,1.410271,182.4217
702.3245: -1.571992,2.678266,1.430472,175.4694
702.5467: -1.66069,2.544532,1.433744,177.8766
702.7689: -1.772888,2.393699,1.409568,191.5982
702.9911: -1.86872,2.233541,1.436777,202.0346
703.2134: -1.934289,2.06516,1.426347,208.3141
703.4355: -1.969562,1.884204,1.409488,206.278
703.6578: -2.023604,1.706266,1.43556,198.0525
703.88: -2.117502,1.546703,1.418818,193.4268
704.1022: -2.249653,1.391284,1.419402,186.64
704.3245: -2.370947,1.222162,1.438321,183.8685
704.5467: -2.452078,1.038305,1.40155,177.1104
704.7689: -2.507612,0.8709999,1.424416,167.9061
704.9911: -2.563872,0.7258809,1.426135,160.5728
705.2134: -2.630004,0.5808522,1.409988,148.0755
705.4355: -2.664561,0.4579971,1.434648,138.2878
Trial Result: Success object: Telescope | Time Spent: 14.68152
Trial No.:11 Ends
Trial No.:1 Begins
User confirmed on object: Stove, this maze officially starts.
723.78: -2.536233,3.075701,1.456606,266.3222
724.0023: -2.542005,3.068158,1.45702,265.0019
724.2245: -2.542875,3.071785,1.45885,271.6399
724.4467: -2.539575,3.080925,1.458356,279.6927
724.6689: -2.54039,3.078741,1.460305,276.3351
724.8911: -2.558229,3.053294,1.456369,253.5201
725.1133: -2.544642,3.00429,1.44732,196.2976
725.3356: -2.504977,3.011308,1.434107,149.6614
725.5578: -2.474947,3.021411,1.425026,124.6228
725.78: -2.430678,3.021051,1.4205,109.8381
726.0023: -2.359025,3.010827,1.415799,92.31319
726.2245: -2.278232,2.939819,1.413375,99.75347
726.4467: -2.22316,2.803751,1.403547,134.7048
726.6689: -2.183807,2.663721,1.402553,161.9527
726.8911: -2.116608,2.542046,1.426431,175.4051
727.1133: -2.039338,2.437866,1.410395,183.0665
727.3356: -1.981051,2.332146,1.427007,191.017
727.5578: -1.968964,2.207895,1.422646,196.616
727.78: -2.00434,2.064183,1.405609,199.9143
728.0023: -2.045858,1.916325,1.432042,201.0212
728.2245: -2.074551,1.749014,1.41537,196.9317
728.4467: -2.107064,1.580308,1.41528,193.479
728.6689: -2.17278,1.423746,1.427516,189.4716
728.8911: -2.274255,1.280452,1.403586,184.9467
729.1133: -2.3918,1.139207,1.425428,178.0765
729.3356: -2.473301,0.9944443,1.431131,172.9418
729.5578: -2.522271,0.8328697,1.406789,163.2376
729.78: -2.549067,0.6722081,1.435445,139.6079
730.0023: -2.612306,0.4938032,1.425327,140.2313
730.2245: -2.699663,0.300621,1.408486,148.2331
730.4467: -2.74784,0.1021776,1.431622,148.0653
730.6689: -2.744435,-0.09941785,1.4007,140.698
730.8911: -2.701571,-0.2934149,1.41415,126.6342
731.1133: -2.673081,-0.4575336,1.436786,112.749
731.3356: -2.653895,-0.6212853,1.420051,103.6448
731.5578: -2.620669,-0.7649735,1.436625,98.45636
731.78: -2.601915,-0.905228,1.446819,133.3991
732.0023: -2.642998,-0.9975271,1.441417,177.9974
732.2245: -2.672235,-1.10305,1.428956,190.6122
732.4467: -2.723468,-1.236906,1.427678,203.4094
732.6689: -2.747078,-1.398562,1.4445,203.2515
732.8911: -2.713665,-1.605364,1.404055,182.8915
733.1133: -2.658611,-1.81244,1.437002,153.6055
733.3356: -2.651025,-2.002824,1.440412,132.7407
733.5578: -2.687325,-2.200901,1.425508,122.9758
733.78: -2.6726,-2.385642,1.449708,111.6979
734.0023: -2.609314,-2.539285,1.421294,101.1734
734.2245: -2.521052,-2.671432,1.434859,91.54015
734.4467: -2.422886,-2.800148,1.445661,83.70486
734.6689: -2.3066,-2.947536,1.421486,81.96212
734.8911: -2.152807,-3.071588,1.451498,81.07955
735.1133: -1.97178,-3.144964,1.426441,81.63412
735.3356: -1.763546,-3.168803,1.431011,76.96616
735.5578: -1.557513,-3.167758,1.448951,53.54378
735.78: -1.355788,-3.179535,1.423047,33.84446
736.0023: -1.128823,-3.18908,1.451432,32.92281
736.2245: -0.8715059,-3.195238,1.423069,56.83855
736.4467: -0.6289956,-3.184406,1.445087,70.75284
736.6689: -0.4031829,-3.171228,1.451825,73.03667
736.8911: -0.1782898,-3.181537,1.436749,81.61234
737.1133: 0.05064892,-3.172164,1.459944,83.34222
737.3356: 0.2810308,-3.148009,1.425774,83.4296
737.5578: 0.5005758,-3.112087,1.448887,81.59729
737.78: 0.7016757,-3.080949,1.451421,74.94754
738.0023: 0.9035783,-3.07452,1.444249,76.24874
738.2245: 1.099903,-3.036396,1.467953,66.1877
738.4467: 1.285612,-2.967776,1.432022,56.06284
738.6689: 1.462827,-2.887003,1.443238,49.34614
738.8911: 1.630374,-2.817085,1.455579,43.15326
739.1133: 1.795545,-2.748928,1.440612,37.8925
Trial Result: Success object: Well | Time Spent: 15.69309
Trial No.:1 Ends
Trial No.:13 Begins
User confirmed on object: Telescope, this maze officially starts.
759.2467: -2.642408,0.03304777,1.484112,102.7494
759.4689: -2.655939,0.02858686,1.487553,108.7835
759.6911: -2.68396,0.02724423,1.488396,119.1726
759.9133: -2.703495,0.03837003,1.487215,125.4422
760.1356: -2.717025,0.03769619,1.483928,127.1662
760.3578: -2.740531,-0.02732618,1.454157,136.0182
760.58: -2.799288,-0.108202,1.440673,152.6162
760.8022: -2.854528,-0.1610422,1.439434,170.5903
761.0245: -2.87418,-0.1864225,1.43828,178.2415
761.2467: -2.88404,-0.2234251,1.430449,182.6969
761.4689: -2.878888,-0.2885257,1.430851,182.6274
761.6911: -2.83363,-0.3714507,1.427584,169.5737
761.9133: -2.739202,-0.456231,1.409858,140.3869
762.1356: -2.659251,-0.5553209,1.435872,115.4896
762.3578: -2.591773,-0.6778713,1.433293,99.08836
762.58: -2.524492,-0.8122581,1.429252,85.89065
762.8022: -2.426562,-0.9139388,1.441583,80.93726
763.0245: -2.301836,-0.9683461,1.421885,80.05659
763.2467: -2.147487,-0.9903204,1.432347,83.61185
763.4689: -1.987215,-1.025778,1.443253,98.95121
763.6911: -1.815442,-1.080315,1.422436,126.8343
763.9133: -1.65022,-1.097561,1.443577,138.5579
764.1356: -1.473681,-1.075777,1.443132,144.7759
764.3578: -1.307438,-1.042594,1.436426,155.2836
764.58: -1.15759,-1.037115,1.450332,165.2843
764.8022: -1.011507,-1.065172,1.425704,172.4359
765.0245: -0.7995172,-1.072508,1.448089,126.2201
765.2467: -0.6615195,-1.006318,1.457233,69.13186
765.4689: -0.5467162,-0.9765992,1.43702,43.44624
765.6911: -0.3955941,-0.9668778,1.449125,42.26296
765.9133: -0.2054807,-1.002169,1.450385,66.92436
766.1356: -0.02666579,-1.043622,1.436203,72.38175
766.3578: 0.1538232,-1.070245,1.463769,77.51276
766.58: 0.3355359,-1.084598,1.440925,92.81837
766.8022: 0.5275555,-1.062159,1.449516,97.66876
767.0245: 0.7213266,-1.063747,1.462342,107.7748
767.2467: 0.9046417,-1.090029,1.435697,116.6724
767.4689: 1.091847,-1.125991,1.451415,121.4407
767.6911: 1.283247,-1.158679,1.451032,124.1155
767.9133: 1.465906,-1.197518,1.435415,128.8709
768.1356: 1.620143,-1.261561,1.458302,131.838
768.3578: 1.741128,-1.361019,1.439077,133.8949
768.58: 1.848544,-1.490036,1.455873,133.0609
768.8022: 1.928654,-1.584007,1.475179,131.9675
Trial Result: Success object: Well | Time Spent: 9.895512
Trial No.:13 Ends
Trial No.:21 Begins
User confirmed on object: Mailbox, this maze officially starts.
788.0689: -1.812297,-3.013847,1.495148,10.55882
788.2911: -1.80366,-3.018322,1.49455,9.493712
788.5134: -1.822135,-3.035444,1.487242,3.116209
788.7356: -1.896556,-3.067158,1.468852,331.9356
788.9578: -1.957917,-3.109334,1.45841,312.8011
789.18: -1.973861,-3.115597,1.454092,321.5902
789.4022: -1.895526,-3.125919,1.451428,2.75439
789.6245: -1.793159,-3.188027,1.452822,47.67247
789.8467: -1.701648,-3.24894,1.453511,70.3237
790.0689: -1.601038,-3.277125,1.457753,74.52563
790.2911: -1.477272,-3.282783,1.441347,78.11799
790.5134: -1.346585,-3.257521,1.440484,78.99545
790.7356: -1.203543,-3.251287,1.453018,78.81444
790.9578: -1.046528,-3.272366,1.436713,79.20782
791.18: -0.8851105,-3.304777,1.452074,78.81718
791.4022: -0.7163614,-3.312046,1.456489,79.67731
791.6245: -0.5326864,-3.287967,1.428866,82.4591
791.8467: -0.3462971,-3.258686,1.458724,83.25166
792.0689: -0.1564286,-3.24911,1.444924,81.97995
792.2911: 0.0431601,-3.257145,1.442474,78.05855
792.5134: 0.2380165,-3.251007,1.460199,77.50294
792.7356: 0.4271196,-3.227733,1.433407,77.89796
792.9578: 0.6077644,-3.183069,1.448547,75.31382
793.18: 0.7726115,-3.136477,1.458393,68.44294
793.4022: 0.9303577,-3.103878,1.444197,60.16466
793.6245: 1.080605,-3.065817,1.460275,44.18129
793.8467: 1.206543,-3.007236,1.457488,27.28873
794.0689: 1.312433,-2.938793,1.442162,18.55115
794.2911: 1.414579,-2.865235,1.459532,11.09946
794.5134: 1.526883,-2.787568,1.450868,4.699056
794.7356: 1.651202,-2.694947,1.447437,359.3846
794.9578: 1.747336,-2.576481,1.45917,354.2282
795.18: 1.804813,-2.435568,1.434935,349.8748
795.4022: 1.834131,-2.279111,1.449891,342.1968
795.6245: 1.870933,-2.125494,1.45914,332.9557
795.8467: 1.922579,-1.970534,1.441287,321.1977
796.0689: 1.969816,-1.820343,1.459731,311.0275
796.2911: 1.993684,-1.676303,1.45795,305.8131
796.5134: 2.030738,-1.507004,1.434391,330.1141
796.7356: 2.109317,-1.366479,1.45665,11.50809
796.9578: 2.178918,-1.268667,1.456362,29.75065
797.18: 2.261309,-1.170958,1.443676,29.13741
797.4022: 2.362979,-1.05016,1.467083,19.17203
797.6245: 2.458408,-0.9147952,1.459368,12.10719
797.8467: 2.547715,-0.7522172,1.441478,14.21526
798.0689: 2.633758,-0.576349,1.467897,16.24594
798.2911: 2.722996,-0.3972453,1.448972,15.10987
798.5134: 2.814796,-0.2207538,1.457449,14.29362
798.7356: 2.872668,-0.04960713,1.467826,16.41625
798.9578: 2.899158,0.1227137,1.433,18.39586
799.18: 2.910648,0.2890336,1.454978,20.55906
Trial Result: Success object: Trashcan | Time Spent: 11.43954
Trial No.:21 Ends
Trial No.:22 Begins
User confirmed on object: Mailbox, this maze officially starts.
820.1467: -1.789623,-2.997298,1.493824,7.943314
820.3689: -1.794847,-3.020524,1.495689,9.188907
820.5911: -1.822326,-3.052588,1.494827,6.076976
820.8134: -1.888186,-3.078971,1.479917,335.9183
821.0356: -1.900097,-3.118952,1.464341,313.0536
821.2578: -1.854076,-3.129308,1.464744,316.4266
821.48: -1.744384,-3.12723,1.463203,5.320139
821.7023: -1.654694,-3.195264,1.461072,59.04183
821.9244: -1.635036,-3.233654,1.461533,80.71102
822.1467: -1.630933,-3.221905,1.462827,83.35782
822.3689: -1.599686,-3.194645,1.458944,80.16164
822.5911: -1.498149,-3.193218,1.443591,76.84008
822.8134: -1.367189,-3.2237,1.449673,76.52179
823.0356: -1.226243,-3.237878,1.457112,76.23402
823.2578: -1.06846,-3.223471,1.431745,76.86221
823.48: -0.8819788,-3.192673,1.453319,77.59953
823.7023: -0.6840026,-3.176316,1.454298,80.00463
823.9244: -0.4706177,-3.172574,1.440353,81.62314
824.1467: -0.2491653,-3.159134,1.4628,83.11006
824.3689: -0.03730238,-3.127039,1.430904,83.84628
824.5911: 0.1611739,-3.102611,1.454665,81.82117
824.8134: 0.3493397,-3.091506,1.45155,77.48565
825.0356: 0.5337317,-3.090491,1.441327,68.74802
825.2578: 0.7170031,-3.082324,1.465528,62.44276
825.48: 0.8995013,-3.051164,1.443727,59.39203
825.7023: 1.074069,-2.987984,1.448333,50.77517
825.9244: 1.249443,-2.913225,1.458902,35.79554
826.1467: 1.419877,-2.834981,1.440934,19.20597
826.3689: 1.565618,-2.741169,1.463112,1.414354
826.5911: 1.679625,-2.612567,1.448475,350.9761
826.8134: 1.763663,-2.443614,1.430629,351.3021
827.0356: 1.836462,-2.260134,1.457635,357.0527
827.2578: 1.923281,-2.072295,1.440719,10.68489
827.48: 2.011202,-1.883403,1.451333,19.15038
827.7023: 2.071302,-1.691092,1.459672,21.98442
827.9244: 2.121489,-1.501614,1.432684,22.2289
828.1467: 2.183832,-1.32594,1.462127,19.96978
828.3689: 2.268473,-1.17691,1.45121,12.3686
828.5911: 2.394002,-1.04331,1.452238,11.86196
828.8134: 2.509919,-0.906642,1.470276,16.0603
829.0356: 2.581944,-0.7575927,1.447381,15.41567
829.2578: 2.618508,-0.5856038,1.452748,6.381252
829.48: 2.652515,-0.417118,1.466076,350.1673
829.7023: 2.699531,-0.2401537,1.437235,335.7482
829.9244: 2.737319,-0.05831978,1.455754,323.1444
830.1467: 2.737795,0.1108323,1.45174,311.6683
830.3689: 2.708918,0.2707549,1.430427,301.9069
830.5911: 2.666008,0.4246505,1.453326,292.3957
830.8134: 2.629137,0.5719647,1.458416,280.3832
831.0356: 2.596385,0.7269746,1.447612,268.4728
831.2578: 2.545471,0.8511093,1.473896,257.2659
831.48: 2.459903,0.9255167,1.46462,245.9424
831.7023: 2.333819,0.9458099,1.42976,241.9263
831.9244: 2.226747,0.9534265,1.428454,234.8592
832.1467: 2.134952,0.97452,1.427757,222.149
832.3689: 2.03815,1.023004,1.462732,211.6506
832.5911: 1.968516,1.056622,1.49288,206.7536
832.8134: 1.933787,1.065554,1.495372,203.4204
Trial Result: Success object: Bookshelf | Time Spent: 12.97159
Trial No.:22 Ends
Trial No.:16 Begins
User confirmed on object: Wheelbarrow, this maze officially starts.
848.1689: 0.09840947,0.02823005,1.494066,267.6677
848.3911: 0.1199126,0.03347935,1.496418,276.6012
848.6133: 0.1594138,0.02886363,1.494872,293.5272
848.8356: 0.1959138,0.02691353,1.49344,301.4037
849.0578: 0.2287534,0.05669157,1.489314,301.0705
849.28: 0.2562189,0.1340101,1.474022,314.2667
849.5023: 0.3038375,0.1903593,1.455699,335.0766
849.7245: 0.3384377,0.2226536,1.44336,345.0498
849.9467: 0.3141882,0.2366481,1.44128,326.4442
850.1689: 0.2639856,0.1718566,1.451303,266.8192
850.3911: 0.3146945,0.09002538,1.458204,208.0365
850.6133: 0.3479614,0.05237858,1.456598,188.5155
850.8356: 0.350832,0.007676157,1.453924,188.0942
851.0578: 0.3076433,-0.01312197,1.446158,195.1745
851.28: 0.2593919,0.006373415,1.441372,204.6887
851.5023: 0.2181474,-0.006173719,1.438859,204.1981
851.7245: 0.1693007,-0.0768774,1.43007,202.9989
851.9467: 0.1123338,-0.1566043,1.447763,203.8641
852.1689: 0.03765678,-0.2408404,1.450541,204.2072
852.3911: -0.05909312,-0.3254542,1.434804,203.7614
852.6133: -0.152945,-0.4308912,1.449918,202.81
852.8356: -0.2278287,-0.5599062,1.433937,201.7004
853.0578: -0.2961399,-0.6983527,1.438289,199.8137
853.28: -0.3891167,-0.8268203,1.445989,195.6156
853.5023: -0.5053375,-0.945475,1.423272,187.6411
853.7245: -0.6255628,-1.066807,1.448668,180.5753
853.9467: -0.7106699,-1.209267,1.437933,177.8454
854.1689: -0.7573956,-1.368762,1.42641,176.9216
854.3911: -0.8033303,-1.530265,1.450788,174.7824
854.6133: -0.860128,-1.688496,1.43413,170.0655
854.8356: -0.9141604,-1.851191,1.442491,161.3101
855.0578: -0.9221676,-2.020502,1.45428,149.6768
855.28: -0.8948587,-2.197749,1.422512,137.3491
855.5023: -0.8586661,-2.36674,1.448547,124.134
855.7245: -0.8449744,-2.519864,1.452944,111.3164
855.9467: -0.8573627,-2.668254,1.435167,100.8168
856.1689: -0.8619614,-2.808059,1.450469,97.52564
856.3911: -0.8546773,-2.933782,1.443601,104.6802
856.6133: -0.8818598,-3.065153,1.452731,160.8498
856.8356: -0.9476526,-3.069213,1.459435,231.7556
857.0578: -0.9400406,-3.03318,1.458114,272.9864
857.28: -0.9629705,-3.034491,1.456562,284.8864
857.5023: -1.04677,-3.026322,1.450738,294.976
857.7245: -1.177348,-3.018665,1.44817,293.2764
857.9467: -1.306325,-3.022914,1.44863,293.5298
858.1689: -1.454603,-3.044732,1.415642,295.6967
858.3911: -1.649248,-3.052732,1.45958,299.8508
858.6133: -1.839089,-3.01452,1.449546,305.8371
858.8356: -2.001753,-2.937602,1.438025,307.8886
859.0578: -2.159643,-2.864607,1.45812,309.4897
859.28: -2.313709,-2.794769,1.428624,309.45
859.5023: -2.459373,-2.713599,1.454874,308.3892
859.7245: -2.576844,-2.608622,1.452958,309.5658
859.9467: -2.669098,-2.488986,1.446392,308.1481
860.1689: -2.731828,-2.408464,1.457526,305.9672
Trial Result: Success object: Plant | Time Spent: 12.37197
Trial No.:16 Ends
Trial No.:3 Begins
User confirmed on object: Piano, this maze officially starts.
881.3911: 1.815859,3.033099,1.486154,203.9
881.6133: 1.807356,3.038673,1.48802,200.1184
881.8356: 1.801285,3.05142,1.486628,184.1644
882.0578: 1.829805,3.071323,1.460338,148.6941
882.28: 1.838185,3.090191,1.447322,130.9312
882.5023: 1.855032,3.083597,1.444786,134.7228
882.7245: 1.91331,3.0663,1.443722,146.9534
882.9467: 2.009793,3.046951,1.442992,152.2956
883.1689: 2.101195,2.997193,1.445304,155.1489
883.3911: 2.18102,2.914121,1.427458,156.5444
883.6133: 2.24705,2.825365,1.432702,158.0566
883.8356: 2.340737,2.731073,1.423853,159.0108
884.0578: 2.454223,2.639567,1.398168,163.1088
884.28: 2.555492,2.557709,1.426608,170.1919
884.5023: 2.599998,2.472186,1.443606,186.7924
884.7245: 2.627451,2.355793,1.43386,198.4201
884.9467: 2.651672,2.217762,1.452284,201.7685
885.1689: 2.685208,2.071192,1.448929,202.1137
885.3911: 2.726299,1.907989,1.443593,203.1489
885.6133: 2.723986,1.764437,1.460485,215.4977
885.8356: 2.6909,1.636881,1.445072,232.5138
886.0578: 2.642366,1.508559,1.454244,246.6332
886.28: 2.61623,1.372649,1.462342,253.0822
886.5023: 2.627867,1.185833,1.431725,240.9474
886.7245: 2.668788,0.9660336,1.451899,211.4122
886.9467: 2.693835,0.7722569,1.456306,190.8291
887.1689: 2.676225,0.5933991,1.437155,185.8796
887.3911: 2.655219,0.4177447,1.465846,187.7703
887.6133: 2.645148,0.2388208,1.44905,192.4201
887.8356: 2.650185,0.05500279,1.448589,196.6707
888.0578: 2.623845,-0.1213427,1.46806,206.1967
888.28: 2.570634,-0.2872489,1.444221,212.3531
888.5023: 2.508023,-0.4559776,1.453978,207.7219
888.7245: 2.451166,-0.6233966,1.46276,196.2618
888.9467: 2.38398,-0.7832365,1.436375,190.1986
889.1689: 2.304994,-0.9350208,1.458163,186.6545
889.3911: 2.211351,-1.076906,1.450923,183.517
889.6133: 2.104671,-1.222548,1.440098,176.9382
889.8356: 2.017896,-1.376223,1.4619,171.7982
890.0578: 1.968193,-1.540826,1.435359,168.3321
890.28: 1.94996,-1.715673,1.439828,162.7684
890.5023: 1.929456,-1.890546,1.456925,154.7226
890.7245: 1.902128,-2.069934,1.436163,144.1244
890.9467: 1.870473,-2.242041,1.44549,137.1413
891.1689: 1.823812,-2.401487,1.459762,163.3226
891.3911: 1.743051,-2.499863,1.448324,225.5825
891.6133: 1.734932,-2.578516,1.46013,266.4796
891.8356: 1.703483,-2.676904,1.46041,275.2787
892.0578: 1.611289,-2.766,1.440713,276.0335
892.28: 1.450092,-2.838911,1.444983,273.8562
892.5023: 1.272107,-2.901058,1.461639,273.6068
892.7245: 1.10277,-2.965505,1.433506,276.8427
892.9467: 0.9243261,-3.022652,1.457654,280.9385
893.1689: 0.7416246,-3.038946,1.449125,285.2199
893.3911: 0.5497693,-3.02372,1.435302,287.0441
893.6133: 0.3580321,-2.999671,1.460573,289.7553
893.8356: 0.1733073,-2.979134,1.434712,294.8218
894.0578: -0.02395945,-2.982658,1.436409,293.5858
894.28: -0.2315044,-2.972393,1.456865,290.5634
894.5023: -0.4272366,-2.937857,1.431906,289.6436
894.7245: -0.6031567,-2.908807,1.451161,289.1271
894.9467: -0.761337,-2.907341,1.449109,291.7562
895.1689: -0.9109236,-2.930975,1.431725,296.5337
895.3911: -1.041662,-2.95203,1.450473,300.5186
Trial Result: Success object: Mailbox | Time Spent: 14.26015
Trial No.:3 Ends
Trial No.:7 Begins
User confirmed on object: Plant, this maze officially starts.
913.9022: -2.657617,-1.99894,1.489875,269.9109
914.1245: -2.657317,-1.993206,1.492892,272.0822
914.3467: -2.667389,-1.998368,1.491205,270.0022
914.5689: -2.680918,-2.04084,1.478126,238.4785
914.7911: -2.657917,-2.070035,1.459621,200.6559
915.0134: -2.66135,-2.065862,1.451183,185.5634
915.2356: -2.696386,-2.061231,1.444248,202.664
915.4578: -2.720621,-2.029,1.445846,254.3304
915.68: -2.66418,-2.000815,1.445213,314.9946
915.9022: -2.605278,-2.03306,1.437647,357.1817
916.1245: -2.583457,-2.032804,1.440417,12.46809
916.3467: -2.57692,-1.981944,1.441363,10.49845
916.5689: -2.575459,-1.893105,1.440023,10.89308
916.7911: -2.583421,-1.795749,1.441675,19.04226
917.0134: -2.628535,-1.681855,1.423041,25.36418
917.2356: -2.698254,-1.553283,1.443799,23.10219
917.4578: -2.740046,-1.421472,1.45031,19.82732
917.68: -2.752973,-1.280342,1.430352,18.89039
917.9022: -2.754522,-1.126106,1.439085,17.90062
918.1245: -2.772894,-0.959631,1.441958,16.3334
918.3467: -2.809767,-0.8043939,1.413396,15.92516
918.5689: -2.839391,-0.6251961,1.442391,16.3828
918.7911: -2.834669,-0.4470133,1.438088,22.20036
919.0134: -2.802738,-0.2693879,1.418142,26.58716
919.2356: -2.760804,-0.1046837,1.439773,29.40383
919.4578: -2.723638,0.05859606,1.427062,34.93449
919.68: -2.691874,0.2369653,1.419447,42.15182
919.9022: -2.643291,0.4179932,1.440788,44.34779
920.1245: -2.559137,0.5552775,1.421545,59.63369
920.3467: -2.458831,0.685136,1.430051,73.375
920.5689: -2.371023,0.8202373,1.436222,80.65089
920.7911: -2.29726,0.9865153,1.411713,67.98826
921.0134: -2.247128,1.171072,1.429784,22.61061
921.2356: -2.166136,1.291987,1.425448,0.3970247
921.4578: -2.063322,1.384053,1.423355,353.3516
921.68: -2.001765,1.490973,1.428724,346.6147
921.9022: -1.976632,1.621192,1.409819,340.0794
922.1245: -1.979716,1.770506,1.416652,334.2084
922.3467: -1.979832,1.904054,1.427655,328.3734
922.5689: -1.975317,2.042116,1.412069,320.9713
922.7911: -1.949593,2.189246,1.420001,326.4786
923.0134: -1.885123,2.333618,1.428742,15.32967
923.2356: -1.858828,2.429275,1.415803,64.21503
923.4578: -1.862884,2.554393,1.431494,78.73508
923.68: -1.819102,2.668949,1.427777,88.92255
923.9022: -1.720471,2.774703,1.408856,93.95769
924.1245: -1.592327,2.866864,1.427885,97.28023
924.3467: -1.446437,2.957248,1.417041,100.3586
924.5689: -1.294118,3.039374,1.419669,105.3038
924.7911: -1.135975,3.079543,1.430315,110.6849
925.0134: -0.9805532,3.070659,1.407728,121.5221
925.2356: -0.8197559,3.032534,1.422655,132.7271
925.4578: -0.6647276,3.01459,1.428729,143.9498
925.68: -0.4869038,3.025982,1.402045,141.6924
925.9022: -0.2912022,3.055546,1.428999,116.2768
926.1245: -0.1209343,3.046247,1.427679,102.228
926.3467: 0.03582664,3.008443,1.419979,91.30772
926.5689: 0.1930114,2.990145,1.442698,82.29685
926.7911: 0.3782268,2.979678,1.416661,85.09357
927.0134: 0.5859614,2.988273,1.429092,90.43954
927.2356: 0.7901944,2.985147,1.446996,95.31638
927.4578: 1.001312,2.970849,1.422874,100.3443
927.68: 1.214434,2.964568,1.449841,105.6094
927.9022: 1.424839,2.968318,1.42801,114.5596
928.1245: 1.623632,2.980577,1.433736,124.6823
928.3467: 1.805172,2.961563,1.445459,134.972
928.5689: 1.97566,2.907935,1.422974,144.5634
928.7911: 2.134673,2.844688,1.44724,150.8158
929.0134: 2.291763,2.777035,1.439877,153.9264
929.2356: 2.445783,2.692285,1.420798,157.3823
929.4578: 2.560689,2.577328,1.423473,160.9747
929.68: 2.631258,2.443029,1.41114,161.9108
929.9022: 2.677533,2.276939,1.439228,159.5754
930.1245: 2.72923,2.124177,1.448251,157.8023
930.3467: 2.78868,1.960316,1.425286,157.3845
930.5689: 2.828157,1.808537,1.449976,156.9031
Trial Result: Success object: Trashcan | Time Spent: 17.06123
Trial No.:7 Ends
Trial No.:5 Begins
User confirmed on object: Table, this maze officially starts.
955.2911: -1.825858,1.902865,1.480067,86.32298
955.5134: -1.833896,1.895804,1.47923,84.27753
955.7356: -1.8397,1.905634,1.471171,74.68492
955.9578: -1.876673,1.971576,1.448914,47.21032
956.18: -1.937406,2.046526,1.43015,23.65833
956.4022: -1.99714,2.117502,1.427022,11.03697
956.6245: -2.032744,2.184466,1.41328,13.88907
956.8467: -1.995082,2.22575,1.415347,45.29998
957.0689: -1.940041,2.261726,1.414015,64.02479
957.2911: -1.883181,2.325613,1.427511,67.68555
957.5134: -1.828963,2.41665,1.427502,72.3654
957.7356: -1.778839,2.535392,1.412563,84.34863
957.9578: -1.722683,2.657371,1.429289,91.38926
958.18: -1.643462,2.746741,1.427654,97.32926
958.4022: -1.539793,2.804388,1.411566,99.8576
958.6245: -1.427196,2.849856,1.430681,99.33919
958.8467: -1.318517,2.900232,1.432259,99.39303
959.0689: -1.195937,2.963692,1.423978,99.69459
959.2911: -1.06576,3.015112,1.438602,96.48952
959.5134: -0.9317387,3.029139,1.434485,90.77135
959.7356: -0.7946783,3.001967,1.415636,88.79693
959.9578: -0.6664235,2.939401,1.434981,109.8404
960.18: -0.5580808,2.894537,1.434862,136.7343
960.4022: -0.4343991,2.886671,1.421096,155.7895
960.6245: -0.2641813,2.902037,1.431022,138.5593
960.8467: -0.09671874,2.929281,1.438894,109.6469
961.0689: 0.03865727,2.914744,1.424855,97.50074
961.2911: 0.1637724,2.900274,1.442977,90.25001
961.5134: 0.2983969,2.909016,1.429276,83.95435
961.7356: 0.4572218,2.929997,1.418551,86.26585
961.9578: 0.6154948,2.937134,1.441528,91.05198
962.18: 0.7631786,2.929725,1.435832,96.72192
962.4022: 0.919181,2.913634,1.429039,96.3008
962.6245: 1.100301,2.890578,1.450115,96.82612
962.8467: 1.298229,2.87941,1.416624,105.82
963.0689: 1.500334,2.887044,1.427161,114.9143
963.2911: 1.694872,2.866276,1.440182,123.645
963.5134: 1.876103,2.813412,1.415174,132.3282
963.7356: 2.04136,2.761919,1.44347,143.5852
963.9578: 2.196579,2.721632,1.437953,156.8979
964.18: 2.339982,2.683761,1.441024,162.6395
964.4022: 2.435343,2.599991,1.444426,179.2795
964.6245: 2.493716,2.468788,1.423277,193.0041
964.8467: 2.518725,2.294886,1.438021,198.0822
965.0689: 2.543163,2.120103,1.453186,201.826
965.2911: 2.572445,1.947487,1.431598,206.7139
965.5134: 2.573354,1.773741,1.464603,213.8672
965.7356: 2.533391,1.609552,1.450193,218.282
965.9578: 2.449275,1.45881,1.441212,219.3517
966.1801: 2.367035,1.309705,1.459469,219.7197
966.4022: 2.310209,1.180883,1.43567,219.9575
966.6245: 2.264097,1.084087,1.454319,218.8969
966.8467: 2.215281,1.036135,1.46284,217.9953
Trial Result: Success object: Bookshelf | Time Spent: 11.79509
Trial No.:5 Ends
Trial No.:18 Begins
User confirmed on object: Harp, this maze officially starts.
980.8911: 1.534863,-1.037303,1.503953,16.32934
981.1133: 1.550918,-1.049002,1.503119,15.87509
981.3356: 1.552194,-1.043235,1.498955,4.31583
981.5578: 1.506035,-1.05692,1.479439,313.0243
981.78: 1.508164,-1.097063,1.465951,281.4933
982.0023: 1.520336,-1.0896,1.464836,278.0323
982.2245: 1.517662,-1.060442,1.463499,298.8661
982.4467: 1.556222,-1.012595,1.469286,356.3858
982.6689: 1.604303,-1.069345,1.467233,73.88152
982.8911: 1.559329,-1.126577,1.463098,121.9316
983.1133: 1.545975,-1.138066,1.459556,130.6682
983.3356: 1.557728,-1.162707,1.460862,130.373
983.5578: 1.595712,-1.112291,1.469714,81.97397
983.78: 1.517422,-1.042648,1.473532,19.93328
984.0023: 1.385341,-1.033575,1.457034,334.3637
984.2245: 1.264046,-1.014083,1.446861,306.7931
984.4467: 1.144088,-0.9580507,1.453377,290.3304
984.6689: 1.051415,-0.9096727,1.446594,269.2593
984.8911: 0.9480171,-0.8779294,1.455766,260.5353
985.1133: 0.8165541,-0.8629806,1.435479,268.9622
985.3356: 0.6680219,-0.8403377,1.452615,302.2677
985.5578: 0.523091,-0.806852,1.457599,322.7937
985.78: 0.3998491,-0.7363163,1.436298,337.8492
986.0023: 0.2905116,-0.6506963,1.451024,349.6402
986.2245: 0.1844187,-0.5543369,1.444303,358.3051
986.4467: 0.08395668,-0.4481745,1.443712,3.393214
986.6689: 0.03385307,-0.3164909,1.449627,7.601247
986.8911: 0.02632318,-0.1539699,1.426597,7.860261
987.1133: 0.04572761,0.0133677,1.448914,9.572165
987.3356: 0.07694571,0.168225,1.449655,34.17267
987.5578: 0.07646056,0.3258139,1.424803,55.65225
987.78: 0.07467619,0.4780456,1.448677,63.60226
988.0023: 0.1039322,0.5944841,1.444856,75.87902
988.2245: 0.1648013,0.7049623,1.425265,85.21711
988.4467: 0.2199966,0.8227166,1.440963,89.26634
988.6689: 0.2237103,0.959237,1.454859,56.0774
988.8911: 0.1366238,1.042952,1.452005,355.0299
989.1133: 0.08670282,1.064214,1.446074,322.9855
989.3356: 0.05603528,1.052857,1.451872,279.1182
989.5578: 0.06068598,1.076276,1.451561,263.4485
989.78: 0.0204502,1.107921,1.44171,262.868
990.0023: -0.0837011,1.10841,1.425075,263.8113
990.2245: -0.2243991,1.086788,1.436055,266.201
990.4467: -0.3685638,1.087629,1.443127,271.768
990.6689: -0.5269988,1.104194,1.426312,274.4162
990.8911: -0.7046477,1.124772,1.445015,273.6854
991.1133: -0.8806422,1.116925,1.449039,270.5116
991.3356: -1.053022,1.084983,1.418949,268.5698
991.5578: -1.208065,1.0882,1.448385,287.5337
991.78: -1.31265,1.133825,1.446957,326.0888
992.0023: -1.419367,1.18026,1.429414,347.4895
992.2245: -1.52517,1.231236,1.436151,0.4836251
992.4467: -1.637409,1.286251,1.432305,7.358255
992.6689: -1.755832,1.353858,1.430411,0.7926804
992.8911: -1.833852,1.448725,1.433324,352.8267
993.1133: -1.867432,1.573419,1.417123,344.2171
993.3356: -1.868343,1.740556,1.415059,327.0416
993.5578: -1.866908,1.900443,1.433983,316.1495
993.78: -1.880148,2.02763,1.428035,315.6202
994.0023: -1.875209,2.146245,1.42127,351.2088
994.2245: -1.838764,2.205037,1.433396,45.25239
994.4467: -1.822805,2.275348,1.434497,65.17319
994.6689: -1.783063,2.377213,1.420895,69.50143
994.8911: -1.732036,2.478605,1.431193,74.91414
995.1133: -1.674782,2.581265,1.435152,82.40742
995.3356: -1.623435,2.697564,1.423814,91.18323
995.5578: -1.589731,2.785942,1.437896,97.34151
995.78: -1.609418,2.766651,1.442867,122.0137
996.0023: -1.711751,2.69095,1.434949,159.816
996.2245: -1.804311,2.602139,1.42343,174.7944
996.4467: -1.85636,2.485664,1.422471,179.1128
996.6689: -1.888042,2.337227,1.398957,189.6621
996.8911: -1.904663,2.159379,1.407157,198.6286
997.1133: -1.945497,1.978219,1.421136,200.8305
997.3356: -2.026454,1.808204,1.403974,197.5939
997.5578: -2.121624,1.626204,1.433112,192.0023
997.78: -2.211046,1.428041,1.403856,189.1247
998.0023: -2.301094,1.20447,1.41716,187.0285
998.2245: -2.409074,0.9921466,1.425494,182.0273
998.4467: -2.51762,0.8032085,1.407188,171.0347
998.6689: -2.581913,0.6419313,1.441336,158.771
Trial Result: Success object: Telescope | Time Spent: 18.05773
Trial No.:18 Ends
Trial No.:4 Begins
User confirmed on object: Piano, this maze officially starts.
1017.147: 1.854588,3.064975,1.475389,198.0344
1017.369: 1.848789,3.086339,1.477055,199.7422
1017.591: 1.834638,3.133976,1.477756,201.7719
1017.813: 1.804758,3.193758,1.475819,211.0776
1018.036: 1.786625,3.239428,1.479075,216.3534
1018.258: 1.776818,3.251844,1.473609,220.9891
1018.48: 1.744389,3.274049,1.454852,250.8318
1018.702: 1.737173,3.286686,1.445676,266.8281
1018.924: 1.740428,3.263648,1.444752,254.9607
1019.147: 1.795476,3.200592,1.444411,203.2842
1019.369: 1.899686,3.202769,1.448592,150.5865
1019.591: 1.974945,3.211755,1.44506,125.4122
1019.813: 2.044436,3.205655,1.439339,108.0989
1020.036: 2.112609,3.199511,1.442849,82.09953
1020.258: 2.16818,3.157889,1.432147,62.57962
1020.48: 2.241705,3.039464,1.436322,86.81886
1020.702: 2.303493,2.908694,1.44892,135.7636
1020.924: 2.402723,2.851398,1.433215,154.0122
1021.147: 2.510646,2.791858,1.450249,163.4465
1021.369: 2.575024,2.703669,1.447017,180.7892
1021.591: 2.612726,2.585034,1.432418,193.0962
1021.813: 2.648873,2.426155,1.454766,193.6215
1022.036: 2.682835,2.259795,1.44425,201.2058
1022.258: 2.730553,2.084627,1.431196,206.1849
1022.48: 2.745233,1.888296,1.456495,206.6723
1022.702: 2.702366,1.706268,1.434151,221.2663
1022.924: 2.640335,1.546242,1.453878,243.0501
1023.147: 2.617542,1.361743,1.454834,247.7346
1023.369: 2.648371,1.119769,1.428872,219.3388
1023.591: 2.678513,0.8934068,1.455954,198.2018
1023.813: 2.668747,0.6772531,1.43738,192.4612
1024.036: 2.636876,0.4635425,1.444898,192.6632
1024.258: 2.625349,0.2570075,1.459075,195.6997
1024.48: 2.619599,0.05020954,1.428,199.7257
1024.702: 2.600391,-0.1495619,1.463473,207.6115
1024.924: 2.558276,-0.3317392,1.448408,213.7323
1025.147: 2.490669,-0.517215,1.450108,203.8817
1025.369: 2.421628,-0.6921467,1.46479,190.4034
1025.591: 2.325037,-0.8675458,1.432301,183.5748
1025.813: 2.218286,-1.043285,1.455672,180.604
1026.036: 2.108532,-1.213303,1.445909,178.2534
1026.258: 1.99697,-1.386769,1.445918,170.9046
1026.48: 1.916113,-1.562938,1.461222,164.3765
1026.702: 1.868679,-1.749155,1.429461,156.5792
1026.924: 1.837014,-1.942727,1.45104,149.6304
1027.147: 1.796398,-2.120108,1.45379,146.5827
1027.369: 1.701777,-2.298994,1.435285,174.1114
1027.591: 1.582122,-2.431378,1.461591,232.5534
1027.813: 1.529569,-2.580429,1.442228,262.9081
1028.036: 1.470496,-2.735276,1.459786,273.0419
1028.258: 1.35906,-2.841801,1.45028,279.5424
1028.48: 1.173641,-2.904169,1.421493,279.8862
1028.702: 0.9732606,-2.929411,1.458299,280.101
1028.924: 0.7867923,-2.962965,1.442308,282.1446
1029.147: 0.5868331,-3.008363,1.438079,283.169
1029.369: 0.3776408,-3.013685,1.455348,285.8265
1029.591: 0.1658697,-2.969121,1.421706,292.6274
1029.813: -0.02395147,-2.895402,1.444317,302.3035
1030.036: -0.2084917,-2.839909,1.439111,316.9878
1030.258: -0.3993258,-2.788538,1.422995,331.4322
1030.48: -0.5557714,-2.705776,1.452394,340.8838
1030.702: -0.6613294,-2.591954,1.43469,346.1533
1030.924: -0.7216699,-2.43732,1.440372,350.726
1031.147: -0.7786027,-2.273217,1.449533,352.4218
1031.369: -0.8434291,-2.100122,1.420139,344.2694
1031.591: -0.896826,-1.920374,1.442109,330.6104
1031.813: -0.9212701,-1.73546,1.425204,318.7046
1032.036: -0.9410062,-1.551085,1.428294,304.5349
1032.258: -0.997337,-1.404665,1.447012,288.5858
1032.48: -1.090618,-1.294597,1.424138,277.9409
1032.702: -1.221729,-1.204423,1.437166,270.1858
1032.924: -1.361866,-1.118254,1.442479,263.924
1033.147: -1.516806,-1.034341,1.417411,255.3192
1033.369: -1.686275,-0.9502418,1.446883,261.2757
1033.591: -1.854114,-0.8630919,1.426522,296.4637
1033.813: -2.030092,-0.8245224,1.422035,318.529
1034.036: -2.181631,-0.7691195,1.442704,336.4573
1034.258: -2.294159,-0.6923207,1.428398,356.2747
1034.48: -2.395997,-0.5868066,1.434623,8.726605
1034.702: -2.496166,-0.4706984,1.442297,19.98288
1034.924: -2.604405,-0.3350753,1.415882,25.43763
1035.147: -2.675832,-0.1823542,1.444935,26.45199
1035.369: -2.685331,-0.01423072,1.424546,29.17166
1035.591: -2.630389,0.183428,1.415581,30.90079
1035.813: -2.568642,0.3830407,1.440306,29.1186
1036.036: -2.511461,0.5937283,1.405423,21.55079
1036.258: -2.436992,0.7968866,1.431529,16.05864
1036.48: -2.327179,0.9870704,1.419918,13.2386
1036.702: -2.194891,1.176853,1.4094,9.894754
1036.924: -2.094004,1.356927,1.435743,4.985962
1037.147: -2.023019,1.527478,1.408891,2.965462
1037.369: -1.979819,1.700691,1.422429,354.4481
1037.591: -1.951638,1.860463,1.428715,327.8123
1037.813: -1.893683,2.014712,1.404684,315.0758
1038.036: -1.818007,2.168571,1.426022,331.2183
1038.258: -1.72073,2.306667,1.429045,20.46089
1038.48: -1.665285,2.421351,1.416471,56.86272
1038.702: -1.622075,2.545795,1.429655,77.59134
1038.924: -1.557572,2.662461,1.422944,92.07854
1039.147: -1.466535,2.777196,1.417377,100.193
1039.369: -1.367625,2.897121,1.437213,101.6111
1039.591: -1.26519,3.024368,1.414756,101.0956
1039.813: -1.138511,3.139843,1.434241,100.0923
1040.036: -0.9775622,3.204048,1.421103,98.97652
1040.258: -0.7955909,3.211477,1.41257,95.41454
1040.48: -0.6068923,3.212193,1.438475,93.17822
1040.702: -0.4078082,3.212467,1.410457,98.97063
1040.924: -0.1886095,3.223479,1.426288,103.2328
1041.147: 0.04290151,3.217482,1.433915,104.0996
1041.369: 0.2719128,3.185894,1.414144,104.4622
1041.591: 0.4817857,3.171329,1.44401,102.6549
1041.813: 0.6897089,3.177694,1.412273,99.78947
1042.036: 0.9010248,3.189101,1.433122,101.0747
1042.258: 1.105308,3.170333,1.442104,106.5854
1042.48: 1.301486,3.123204,1.418856,113.196
1042.702: 1.485545,3.082408,1.447456,121.4875
1042.924: 1.673616,3.054444,1.431098,130.0036
1043.147: 1.869881,3.037322,1.431613,138.5659
1043.369: 2.041742,2.989198,1.450861,147.4977
1043.591: 2.176412,2.912436,1.436186,155.6864
1043.813: 2.294677,2.803101,1.442629,164.0696
1044.036: 2.405705,2.677837,1.4529,176.7214
1044.258: 2.513165,2.534641,1.427468,188.4106
1044.48: 2.592262,2.373084,1.453931,194.7444
1044.702: 2.614513,2.194868,1.435645,200.037
1044.924: 2.595132,2.016667,1.449126,200.2579
1045.147: 2.572547,1.848973,1.459929,207.52
1045.369: 2.551578,1.691324,1.435418,222.0971
1045.591: 2.523762,1.538024,1.456401,238.4216
1045.813: 2.45026,1.409774,1.454955,247.6283
1046.036: 2.319014,1.312511,1.433657,252.7578
1046.258: 2.145088,1.233339,1.455124,254.483
1046.48: 1.960659,1.157812,1.451678,259.2755
1046.702: 1.777324,1.085009,1.43251,261.3138
1046.924: 1.582245,1.042631,1.448935,256.9607
Trial Result: Fail at object:  | Time Spent: 30
Trial No.:4 Ends
Trial No.:9 Begins
User confirmed on object: Bookshelf, this maze officially starts.
1069.024: 1.730735,1.046973,1.498366,179.6121
1069.247: 1.736716,1.056395,1.498977,189.1046
1069.469: 1.740096,1.066308,1.49689,195.4809
1069.691: 1.73728,1.079356,1.496564,201.9761
1069.913: 1.736069,1.085551,1.497634,207.1849
1070.136: 1.701012,1.073929,1.484031,228.9753
1070.358: 1.624354,1.08934,1.463652,250.5927
1070.58: 1.521874,1.102461,1.448401,257.1451
1070.802: 1.41031,1.091268,1.448757,255.0894
1071.024: 1.276337,1.052364,1.430652,250.4803
1071.247: 1.137675,0.9931476,1.427881,247.4008
1071.469: 0.9885937,0.9595473,1.445544,243.2665
1071.691: 0.8157709,0.9475701,1.424029,235.6803
1071.913: 0.6311011,0.9333699,1.435325,221.1682
1072.136: 0.4766479,0.8829101,1.438916,204.7959
1072.358: 0.3507565,0.7958511,1.421209,194.5062
1072.58: 0.2400859,0.6907318,1.438474,184.1005
1072.802: 0.1275373,0.5586179,1.421042,172.9793
1073.024: 0.02281691,0.3928894,1.431006,164.148
1073.247: -0.03091829,0.2092369,1.432081,157.3305
1073.469: -0.03476887,0.01373897,1.405433,151.8309
1073.691: -0.01979397,-0.1691699,1.43647,143.1215
1073.913: -0.01062687,-0.3275786,1.434588,131.0398
1074.136: 0.001319014,-0.4698773,1.430043,116.3958
1074.358: 0.05939961,-0.5945273,1.438946,106.1282
1074.58: 0.1752923,-0.7011045,1.413899,94.30935
1074.802: 0.3138223,-0.8082576,1.439591,86.95551
1075.024: 0.4534882,-0.9222104,1.441042,96.37965
1075.247: 0.5835296,-1.032773,1.434891,109.5488
1075.469: 0.7324332,-1.089323,1.455892,108.1643
1075.691: 0.9037634,-1.097902,1.432883,92.95042
1075.913: 1.082769,-1.093574,1.442446,81.34999
1076.136: 1.254581,-1.168435,1.460663,111.8996
1076.358: 1.390038,-1.255794,1.440043,138.5287
1076.58: 1.518727,-1.349321,1.452921,151.6421
1076.802: 1.645504,-1.444696,1.453549,155.1029
1077.024: 1.76093,-1.548632,1.447124,157.5124
1077.247: 1.832058,-1.685649,1.457953,157.3712
1077.469: 1.863323,-1.857435,1.433886,152.9466
1077.691: 1.859528,-2.064029,1.448231,142.6017
1077.913: 1.86906,-2.241436,1.459952,133.2398
1078.136: 1.87799,-2.402365,1.432336,141.1254
1078.358: 1.79857,-2.551201,1.45279,198.1565
1078.58: 1.707673,-2.610249,1.456313,254.5852
1078.802: 1.606686,-2.698057,1.444692,270.3077
1079.024: 1.477436,-2.785276,1.464431,280.4909
1079.247: 1.332148,-2.88121,1.442307,288.7961
1079.469: 1.149873,-2.992861,1.446566,286.618
1079.691: 0.9287068,-3.051241,1.451243,286.5826
1079.913: 0.6862968,-3.047728,1.427511,288.6801
1080.136: 0.4533706,-3.032256,1.464521,289.7962
1080.358: 0.2506192,-3.025253,1.43971,291.1137
1080.58: 0.04984722,-3.008942,1.451281,299.2967
1080.802: -0.1533954,-2.938508,1.445367,315.5032
1081.024: -0.333293,-2.836013,1.429681,328.0254
1081.247: -0.4819109,-2.734972,1.448282,334.9624
1081.469: -0.6138835,-2.620912,1.428126,341.3204
1081.691: -0.7257713,-2.479826,1.442907,344.5717
1081.913: -0.7813756,-2.312866,1.430082,346.8999
1082.136: -0.7983114,-2.113136,1.423733,339.5118
1082.358: -0.8278008,-1.906246,1.448014,326.4395
1082.58: -0.8812996,-1.7163,1.420242,315.1409
1082.802: -0.9519172,-1.538222,1.438922,305.1919
1083.024: -1.026813,-1.368425,1.445332,293.7775
1083.247: -1.11822,-1.220363,1.441424,280.3157
1083.469: -1.249862,-1.123607,1.44506,265.4283
1083.691: -1.416022,-1.069034,1.416983,258.1076
1083.913: -1.61411,-1.010352,1.448287,271.1963
1084.136: -1.806298,-0.9228218,1.429281,306.5392
1084.358: -2.000203,-0.8496443,1.422437,323.7426
1084.58: -2.185553,-0.7752948,1.440591,333.2937
1084.802: -2.34351,-0.6926479,1.413497,346.8491
1085.024: -2.454173,-0.5853764,1.440503,0.5245103
1085.247: -2.517308,-0.4407652,1.419608,11.73138
1085.469: -2.534242,-0.2532558,1.424793,19.87741
1085.691: -2.542094,-0.0368764,1.430406,19.70819
1085.913: -2.523149,0.2015035,1.385739,20.78196
1086.136: -2.469445,0.4314868,1.426509,24.81449
1086.358: -2.38316,0.6268932,1.408523,21.32138
1086.58: -2.275948,0.8138697,1.426144,8.14506
1086.802: -2.181412,1.003367,1.423141,2.30035
1087.024: -2.113483,1.207532,1.39299,357.5262
1087.247: -2.044547,1.403953,1.42592,349.7171
1087.469: -1.96748,1.586738,1.407431,340.703
1087.691: -1.909938,1.711456,1.402767,333.1547
1087.913: -1.87211,1.925272,1.428469,323.8707
1088.136: -1.910134,2.068731,1.407985,315.4655
1088.358: -1.979481,2.211383,1.416395,304.3221
1088.58: -2.063715,2.369588,1.420668,298.3005
1088.802: -2.165308,2.535399,1.39834,291.7057
1089.024: -2.27396,2.655651,1.426897,286.8325
1089.247: -2.372199,2.729108,1.422359,283.759
Trial Result: Success object: Stove | Time Spent: 20.54576
Trial No.:9 Ends
