Participant ID: 439
Maze Mode: testing
Trial No.:10 Begins
User confirmed on object: Bookshelf, this maze officially starts.
85.35333: 1.819124,1.035274,1.680188,184.3486
85.57555: 1.8295,1.040607,1.685421,181.2331
85.79778: 1.837775,1.040959,1.688272,178.7565
86.02: 1.840133,1.060866,1.725319,180.5799
86.24223: 1.838502,1.0692,1.730615,183.1713
86.46445: 1.824714,1.0693,1.727317,192.7519
86.68667: 1.801106,1.081779,1.723135,212.2516
86.90889: 1.799389,1.087379,1.723678,216.1393
87.13111: 1.814045,1.067965,1.715643,205.4453
87.35333: 1.855224,1.02306,1.698364,175.5794
87.57555: 1.885974,0.999747,1.682045,151.4431
87.79778: 1.872172,0.9699798,1.668222,152.7272
88.02: 1.833917,0.9407752,1.656099,171.1914
88.24223: 1.858536,0.9372495,1.657536,158.2071
88.46445: 1.897263,0.9752363,1.667179,127.7676
88.68667: 1.899472,0.9991763,1.672241,118.7475
88.90889: 1.901799,1.014313,1.675817,112.8349
89.13111: 1.89978,1.00961,1.679462,118.9206
89.35333: 1.89038,0.9853833,1.68697,134.0155
89.57555: 1.900796,0.9951823,1.684632,126.2979
89.79778: 1.904039,1.016948,1.68347,115.946
90.02: 1.899608,1.023364,1.68524,113.7582
90.24223: 1.87436,0.9871181,1.694269,138.8263
90.46445: 1.775488,0.9705827,1.703529,211.1412
90.68667: 1.73767,1.004534,1.697087,257.8124
90.90889: 1.699009,0.9919065,1.687135,268.0767
91.13111: 1.615835,0.9934294,1.681611,275.3447
91.35333: 1.47275,0.9834245,1.659915,260.7657
91.57555: 1.306961,0.9856428,1.680921,250.7597
91.79778: 1.122656,0.9678296,1.671651,246.6135
92.02: 0.9373758,0.9320873,1.650717,241.9546
92.24223: 0.743768,0.8995317,1.67149,236.4786
92.46445: 0.5608429,0.8827308,1.663967,229.3026
92.68667: 0.3917693,0.8853189,1.655786,217.0553
92.90889: 0.2552372,0.8841603,1.680149,204.9298
93.13111: 0.179247,0.864184,1.679445,191.9087
93.35333: 0.08897294,0.8572135,1.687397,215.2594
93.57555: -0.02407133,0.8807713,1.667683,257.5043
93.79778: -0.1944211,0.8923589,1.633285,266.2443
94.02: -0.4093897,0.9349298,1.633155,267.7332
94.24223: -0.6414925,0.9638608,1.663839,261.4594
94.46445: -0.9064102,0.9681015,1.620041,255.0166
94.68667: -1.199149,0.9560853,1.641069,251.7325
94.90889: -1.491837,0.9590662,1.655872,252.1463
95.13111: -1.780222,0.9478614,1.617568,245.6757
95.35333: -2.027833,0.8789705,1.658714,225.9389
95.57555: -2.230785,0.7605608,1.628647,211.4105
95.79778: -2.404459,0.5814651,1.643215,200.8433
96.02: -2.536283,0.381454,1.650971,188.4571
96.24223: -2.663514,0.1635533,1.64956,182.3086
96.46445: -2.742007,-0.07422403,1.678534,181.4339
96.68667: -2.761359,-0.3187217,1.662616,180.6198
96.90889: -2.776532,-0.5972202,1.689462,183.8546
97.13111: -2.814881,-0.86508,1.697476,193.8477
97.35333: -2.867856,-1.139168,1.682885,198.712
97.57556: -2.897501,-1.38281,1.715285,213.9045
97.79778: -2.896609,-1.61375,1.690131,229.4495
98.02: -2.893584,-1.804952,1.708781,248.6954
Trial Result: Success object: Plant | Time Spent: 13.027
Trial No.:10 Ends
Trial No.:4 Begins
User confirmed on object: Piano, this maze officially starts.
123.0756: 1.812701,3.11628,1.648473,177.3816
123.2978: 1.821643,3.143854,1.66644,176.7171
123.52: 1.821845,3.177503,1.676681,181.5619
123.7422: 1.801302,3.19782,1.675916,202.2804
123.9644: 1.788978,3.199654,1.67484,214.9804
124.1867: 1.785525,3.177845,1.666841,212.3861
124.4089: 1.785958,3.139454,1.655069,201.3996
124.6311: 1.806898,3.103323,1.650533,180.9543
124.8533: 1.86967,3.063213,1.62652,150.4533
125.0756: 1.974457,3.009422,1.616227,133.763
125.2978: 2.110562,2.920032,1.614777,131.9697
125.52: 2.229391,2.8012,1.636814,146.0949
125.7422: 2.333972,2.64481,1.628054,164.8896
125.9644: 2.40802,2.446426,1.634351,178.3641
126.1867: 2.462267,2.251544,1.662865,187.3368
126.4089: 2.513,2.015825,1.641817,188.2496
126.6311: 2.546927,1.770802,1.651077,203.2946
126.8533: 2.539022,1.553835,1.685256,229.424
127.0756: 2.511446,1.354456,1.661482,260.4753
127.2978: 2.489464,1.15991,1.685602,276.3654
127.52: 2.499356,0.9230993,1.695071,268.4868
127.7422: 2.554875,0.6249405,1.697483,234.397
127.9644: 2.606002,0.353751,1.720163,209.2581
128.1867: 2.607593,0.1089096,1.702985,196.354
128.4089: 2.561503,-0.1358248,1.718293,196.2793
128.6311: 2.514151,-0.3822909,1.731646,205.5568
128.8533: 2.445749,-0.6227272,1.708809,230.4243
129.0756: 2.352508,-0.7802784,1.74157,267.4442
129.2978: 2.258188,-0.9027279,1.720628,286.4157
129.52: 2.139549,-0.984112,1.725508,300.7512
129.7422: 2.045079,-1.041159,1.725085,325.8778
129.9644: 1.968381,-1.054693,1.729173,340.3923
130.1867: 1.90624,-1.010203,1.715581,345.7665
130.4089: 1.867686,-0.9484261,1.730691,346.8523
Trial Result: Success object: Harp | Time Spent: 7.597128
Trial No.:4 Ends
Trial No.:20 Begins
User confirmed on object: Well, this maze officially starts.
149.9644: 1.802936,-1.96151,1.774677,93.11317
150.1867: 1.791469,-1.951309,1.781756,92.63071
150.4089: 1.783283,-1.949225,1.792407,94.94284
150.6311: 1.774791,-1.967038,1.797134,110.6497
150.8533: 1.767793,-1.979753,1.794633,124.71
151.0756: 1.776299,-1.975622,1.788055,125.4244
151.2978: 1.80739,-1.948717,1.784095,103.6876
151.52: 1.798103,-1.883497,1.766098,54.05005
151.7422: 1.759154,-1.8528,1.753707,7.850236
151.9644: 1.767718,-1.863761,1.759373,337.6505
152.1867: 1.784253,-1.870868,1.751762,315.7895
152.4089: 1.765043,-1.869208,1.748002,308.9408
152.6311: 1.758774,-1.802987,1.748605,335.2967
152.8533: 1.825503,-1.708307,1.737359,5.666262
153.0756: 1.934836,-1.591124,1.706475,15.72972
153.2978: 2.062002,-1.452555,1.728996,10.97573
153.52: 2.166114,-1.30101,1.730849,1.314736
153.7422: 2.269708,-1.118878,1.703632,2.452298
153.9644: 2.387735,-0.916846,1.716539,11.69316
154.1867: 2.504401,-0.7099234,1.715757,15.44228
154.4089: 2.613409,-0.4921456,1.711886,4.521064
154.6311: 2.685679,-0.2755271,1.721822,350.3782
154.8533: 2.720088,-0.04680667,1.692739,341.1423
155.0756: 2.732631,0.2230952,1.70656,345.3677
155.2978: 2.762931,0.5169413,1.693433,349.7587
155.52: 2.797204,0.8151702,1.682348,345.1472
155.7422: 2.794299,1.094561,1.697071,338.213
155.9644: 2.757329,1.382363,1.645691,335.2275
156.1867: 2.704745,1.666833,1.669419,331.5273
156.4089: 2.670052,1.952602,1.646475,329.8858
156.6311: 2.636316,2.225132,1.634349,321.4263
156.8533: 2.553537,2.447849,1.640841,301.3581
157.0756: 2.448591,2.647917,1.597789,287.4575
157.2978: 2.326244,2.830068,1.615732,267.9604
157.52: 2.198686,2.974561,1.607832,247.1906
157.7422: 2.082937,3.066176,1.635923,221.7065
157.9644: 1.998966,3.094361,1.632633,200.5821
158.1867: 1.92098,3.064542,1.619536,196.7235
158.4089: 1.843431,2.983755,1.629678,192.6863
158.6311: 1.765287,2.905774,1.624847,186.3074
Trial Result: Success object: Piano | Time Spent: 8.973478
Trial No.:20 Ends
Trial No.:3 Begins
User confirmed on object: Piano, this maze officially starts.
180.02: 1.732304,3.225826,1.662017,174.3194
180.2422: 1.73174,3.226426,1.668898,176.5365
180.4644: 1.725241,3.220836,1.671616,183.129
180.6867: 1.703499,3.194719,1.666721,194.0149
180.9089: 1.671813,3.147144,1.654967,207.3432
181.1311: 1.572642,3.085035,1.631721,227.3498
181.3533: 1.397802,3.042622,1.594867,240.1294
181.5756: 1.178369,3.005759,1.608161,245.0861
181.7978: 0.9516995,2.946102,1.618324,244.0793
182.02: 0.7276942,2.872312,1.59653,245.0099
182.2422: 0.4988583,2.787672,1.613026,238.7179
182.4644: 0.2972521,2.679078,1.590831,215.4718
182.6867: 0.1477246,2.52828,1.623036,190.5782
182.9089: 0.04779837,2.321341,1.60886,181.9431
183.1311: -0.001363175,2.060882,1.623126,180.399
183.3533: -0.05552008,1.780506,1.647464,181.2896
183.5756: -0.1183407,1.492897,1.631278,178.6415
183.7978: -0.1413518,1.193275,1.682924,175.2799
184.02: -0.1244155,0.8890786,1.652094,171.0416
184.2422: -0.1090109,0.5766151,1.690519,176.2024
184.4644: -0.1202825,0.2645759,1.6914,185.778
184.6867: -0.1473724,-0.03684046,1.688651,186.4129
184.9089: -0.1540282,-0.3196428,1.720646,188.719
185.1311: -0.1964021,-0.5972304,1.689339,201.347
185.3533: -0.3120961,-0.8321483,1.719438,215.0701
185.5756: -0.4683346,-1.037381,1.692964,215.0693
185.7978: -0.6168793,-1.257158,1.735685,200.8675
186.02: -0.7013512,-1.508325,1.735741,187.9404
186.2422: -0.7657144,-1.782967,1.746415,197.4963
186.4644: -0.8538494,-2.046921,1.774777,208.5641
186.6867: -0.9692143,-2.29777,1.762537,216.6946
186.9089: -1.088892,-2.526033,1.775382,237.9071
187.1311: -1.207403,-2.714676,1.742703,269.0576
187.3533: -1.322241,-2.849014,1.756397,299.5739
187.5756: -1.403559,-2.922451,1.753382,326.9386
187.7978: -1.495152,-2.961812,1.756686,342.6197
Trial Result: Success object: Mailbox | Time Spent: 8.16238
Trial No.:3 Ends
Trial No.:8 Begins
User confirmed on object: Plant, this maze officially starts.
202.52: -2.508817,-2.085507,1.764702,265.5688
202.7422: -2.494668,-2.087184,1.7705,270.7869
202.9644: -2.483002,-2.077595,1.773952,282.6045
203.1867: -2.477031,-2.063162,1.771025,289.7498
203.4089: -2.4804,-2.045723,1.770859,296.4142
203.6311: -2.455324,-2.010007,1.759236,328.4081
203.8533: -2.378677,-2.033402,1.739164,19.40384
204.0756: -2.262935,-2.090672,1.723093,61.72569
204.2978: -2.142983,-2.188235,1.708295,79.07856
204.52: -2.087293,-2.240104,1.729245,74.3642
204.7422: -2.058482,-2.289847,1.714302,90.78781
204.9644: -1.990779,-2.341616,1.70935,103.6341
205.1867: -1.876446,-2.388194,1.703354,103.2737
205.4089: -1.718238,-2.402972,1.733375,84.79827
205.6311: -1.566711,-2.399781,1.737141,66.53671
205.8533: -1.393124,-2.388937,1.726782,70.04632
206.0756: -1.197547,-2.434819,1.74828,95.04446
206.2978: -1.012655,-2.518493,1.736779,106.0715
206.52: -0.8193582,-2.636611,1.737636,101.3322
206.7422: -0.6058195,-2.737584,1.761846,90.52814
206.9644: -0.3588622,-2.779124,1.737268,75.80212
207.1867: -0.08568271,-2.796602,1.752804,74.68295
207.4089: 0.1870572,-2.829736,1.760706,77.86118
207.6311: 0.4601117,-2.886985,1.741388,77.05625
207.8533: 0.7253075,-2.906543,1.779185,69.6414
208.0756: 0.9689504,-2.874385,1.749914,60.60186
208.2978: 1.207596,-2.809533,1.763341,53.50741
208.52: 1.426998,-2.723147,1.759962,38.7119
208.7422: 1.589269,-2.604616,1.759474,14.93307
208.9644: 1.681696,-2.437602,1.764529,358.3967
209.1867: 1.712617,-2.221352,1.746418,353.7172
209.4089: 1.732556,-1.977369,1.764007,354.6743
209.6311: 1.754755,-1.727821,1.730877,356.6078
209.8533: 1.775613,-1.476513,1.735277,352.8678
210.0756: 1.764179,-1.244324,1.740722,352.1164
210.2978: 1.73444,-1.03924,1.70433,352.8437
Trial Result: Success object: Harp | Time Spent: 8.163635
Trial No.:8 Ends
Trial No.:2 Begins
User confirmed on object: Stove, this maze officially starts.
221.0311: -2.592092,2.979561,1.628539,263.2157
221.2533: -2.582206,2.98628,1.636269,264.3093
221.4756: -2.56896,2.995942,1.639968,266.6836
221.6978: -2.561581,2.982482,1.647773,255.2218
221.92: -2.506529,2.972217,1.622591,214.5887
222.1422: -2.401846,2.981283,1.607219,168.4913
222.3645: -2.277591,2.952634,1.591824,146.4112
222.5867: -2.148806,2.848614,1.581097,146.2752
222.8089: -2.042899,2.676669,1.587872,157.9544
223.0311: -1.972731,2.459251,1.566211,165.5822
223.2533: -1.923369,2.217394,1.598318,159.8729
223.4756: -1.854235,1.988364,1.612328,151.3804
223.6978: -1.75684,1.755733,1.604563,147.6638
223.92: -1.645754,1.525227,1.635981,141.0628
224.1422: -1.503197,1.322034,1.61994,124.8289
224.3645: -1.329666,1.169295,1.658813,107.1893
224.5867: -1.129448,1.067239,1.657741,95.40636
224.8089: -0.9096543,0.9870796,1.660835,96.34858
225.0311: -0.692066,0.8778448,1.677558,106.4079
225.2533: -0.4976807,0.7412649,1.672034,115.7427
225.4756: -0.3299267,0.5844079,1.687007,135.4005
225.6978: -0.1730297,0.418749,1.668556,149.0591
225.92: -0.02828654,0.2339973,1.681903,162.9583
226.1422: 0.05208063,0.04662478,1.692624,170.4256
226.3645: 0.09165738,-0.1613084,1.674886,158.8142
226.5867: 0.1332558,-0.3673672,1.700222,141.25
226.8089: 0.1982872,-0.544935,1.698378,130.5335
227.0311: 0.3113467,-0.7030463,1.705979,118.3277
227.2533: 0.4437896,-0.8352523,1.732412,106.6507
227.4756: 0.5757191,-0.9360721,1.715428,82.64485
227.6978: 0.7031335,-1.037758,1.734523,82.65031
227.92: 0.8459417,-1.117578,1.729424,101.8905
228.1422: 1.02209,-1.139683,1.713903,106.5442
228.3645: 1.138005,-1.183336,1.734577,134.9036
228.5867: 1.069139,-1.185402,1.770512,206.6292
228.8089: 0.9979249,-1.119146,1.724823,268.4344
229.0311: 0.8878545,-1.042432,1.715525,294.1862
229.2533: 0.7099329,-0.9807779,1.730955,300.8036
229.4756: 0.5212024,-0.9433174,1.718095,299.6409
229.6978: 0.3386086,-0.8831933,1.713225,306.8101
229.92: 0.1974061,-0.748553,1.703781,313.9641
230.1422: 0.08720883,-0.5530041,1.676201,302.995
230.3645: -0.01045213,-0.356056,1.71422,292.1305
Trial Result: Success object: Wheelbarrow | Time Spent: 9.739319
Trial No.:2 Ends
Trial No.:1 Begins
User confirmed on object: Stove, this maze officially starts.
251.2422: -2.646077,2.980951,1.63669,265.7792
251.4644: -2.631942,2.981575,1.641606,268.1014
251.6867: -2.611848,2.986706,1.643595,277.722
251.9089: -2.591803,2.98475,1.645256,283.6764
252.1311: -2.58707,2.971579,1.647274,277.2272
252.3533: -2.57343,2.935065,1.632031,241.0795
252.5756: -2.484405,2.907599,1.610068,182.0988
252.7978: -2.371003,2.871785,1.602577,149.6826
253.02: -2.235399,2.772104,1.583544,143.0017
253.2422: -2.105538,2.617084,1.603317,145.9533
253.4644: -1.992289,2.408138,1.58503,154.0092
253.6867: -1.930076,2.177617,1.599907,150.5725
253.9089: -1.855482,1.958515,1.628831,144.4123
254.1311: -1.755883,1.74256,1.609522,141.0937
254.3533: -1.641659,1.525345,1.636739,137.235
254.5756: -1.489928,1.321037,1.634934,124.1339
254.7978: -1.306937,1.183535,1.659994,102.2938
255.02: -1.096107,1.107986,1.660393,88.63167
255.2422: -0.8715377,1.045823,1.665081,93.91283
255.4644: -0.6664869,0.9279188,1.677064,116.0277
255.6867: -0.4916364,0.7711231,1.659723,131.3081
255.9089: -0.3254377,0.6062511,1.682646,143.6868
256.1311: -0.1598706,0.4194047,1.67309,148.2378
256.3533: -0.01804697,0.2043253,1.675834,153.515
256.5756: 0.05598608,-0.02570149,1.68938,151.2459
256.7978: 0.08575328,-0.2592123,1.669258,136.1326
257.02: 0.1374804,-0.473911,1.702422,117.2763
257.2422: 0.233615,-0.6357312,1.694827,104.6976
257.4644: 0.3940923,-0.7465186,1.69951,96.17266
257.6867: 0.565354,-0.86643,1.718771,104.3235
257.9089: 0.7620353,-0.9784629,1.707535,112.7291
258.1311: 0.9739525,-1.089269,1.730992,110.2396
258.3533: 1.193351,-1.190235,1.728348,109.2844
258.5756: 1.420591,-1.306153,1.705831,110.6044
258.7978: 1.606264,-1.460504,1.742503,117.6475
259.02: 1.748438,-1.641856,1.726722,114.1816
259.2422: 1.874061,-1.794907,1.759374,100.1978
259.4644: 1.986947,-1.890931,1.756655,89.87874
Trial Result: Success object: Well | Time Spent: 8.639803
Trial No.:1 Ends
Trial No.:5 Begins
User confirmed on object: Table, this maze officially starts.
277.1534: -2.06971,1.978298,1.667262,81.48605
277.3755: -2.061765,1.978965,1.67046,82.35881
277.5978: -2.041457,1.97316,1.665821,85.7523
277.82: -2.014369,1.950561,1.659798,97.0765
278.0422: -1.984412,1.945761,1.650434,96.11116
278.2645: -1.966143,1.94526,1.647031,93.34293
278.4867: -1.951965,1.958771,1.646683,86.30959
278.7089: -1.935137,2.024079,1.639456,54.58583
278.9311: -1.922778,2.158568,1.625665,39.31155
279.1534: -1.891885,2.34309,1.611953,39.87085
279.3755: -1.813652,2.534491,1.616441,41.05005
279.5978: -1.665116,2.692731,1.586602,43.91423
279.82: -1.451977,2.802944,1.594332,56.25535
280.0422: -1.241056,2.903419,1.616691,64.3492
280.2645: -1.012881,2.98599,1.591627,71.1898
280.4867: -0.7761701,3.046197,1.612231,87.93946
280.7089: -0.5641012,3.061386,1.619628,105.0451
280.9311: -0.3787391,3.063262,1.612402,103.8088
281.1534: -0.2010553,3.070526,1.62647,102.0511
281.3755: -0.03983708,3.077913,1.61257,108.3202
281.5978: 0.06617615,3.031811,1.634515,141.5028
281.82: 0.08513863,2.946776,1.634507,172.1286
282.0422: 0.05523989,2.803186,1.617676,179.2337
282.2645: 0.001279609,2.62366,1.630352,173.9118
282.4867: -0.02101877,2.414829,1.633557,162.5684
282.7089: 0.009099741,2.192536,1.608297,155.9822
282.9311: 0.05513239,1.961676,1.642997,151.7747
283.1534: 0.08295339,1.73835,1.64263,144.3283
283.3755: 0.1187611,1.525419,1.640471,127.6197
283.5978: 0.1927456,1.356607,1.668308,111.3693
283.82: 0.3194433,1.238273,1.645078,98.01519
284.0422: 0.5132306,1.137461,1.660993,106.3461
284.2645: 0.7413276,1.04578,1.67837,108.2157
284.4867: 0.9720056,0.9415554,1.649923,109.5341
284.7089: 1.17265,0.8398749,1.684691,120.1199
284.9311: 1.355427,0.7917143,1.685973,133.5589
Trial Result: Success object: Bookshelf | Time Spent: 8.074236
Trial No.:5 Ends
Trial No.:24 Begins
User confirmed on object: Chair, this maze officially starts.
313.3644: 0.8217818,-2.726885,1.71437,358.1088
313.5867: 0.8359482,-2.733764,1.696788,355.7007
313.8089: 0.8518588,-2.743134,1.683217,353.6749
314.0311: 0.8752221,-2.747044,1.666913,354.1051
314.2533: 0.8883895,-2.749483,1.667212,354.5152
314.4756: 0.893637,-2.75816,1.672582,354.7249
314.6978: 0.8937073,-2.76592,1.676376,353.5713
314.92: 0.8812866,-2.767437,1.676366,350.1511
315.1422: 0.8781098,-2.773358,1.680459,347.007
315.3644: 0.8752061,-2.787357,1.706451,344.6566
315.5867: 0.8819715,-2.829164,1.745859,345.0869
315.8089: 0.8867826,-2.853884,1.754701,344.5597
316.0311: 0.8991281,-2.884642,1.759235,349.4641
316.2533: 0.9018441,-2.889486,1.759006,350.639
316.4756: 0.9365441,-2.913251,1.734177,13.19412
316.6978: 0.9072407,-2.972595,1.723781,16.69822
316.92: 0.9338877,-3.001974,1.743745,16.92307
317.1422: 0.9131536,-3.011821,1.758217,19.62906
317.3644: 0.9056834,-3.029353,1.74598,15.91823
317.5867: 0.9047935,-3.040432,1.75047,359.9382
317.8089: 0.8953012,-3.036937,1.741217,351.6753
318.0311: 0.8647991,-3.014503,1.735826,343.131
318.2533: 0.8118933,-2.997654,1.736703,319.7845
318.4756: 0.7319241,-3.012259,1.713511,282.1219
318.6978: 0.6166767,-3.042309,1.699507,265.321
318.92: 0.4499696,-3.047594,1.695214,270.042
319.1422: 0.2324314,-3.035842,1.672113,274.0105
319.3644: 0.009981124,-3.003645,1.682655,276.8099
319.5867: -0.2143578,-2.986558,1.68232,282.206
319.8089: -0.4400522,-2.953969,1.658989,301.7401
320.0311: -0.6318064,-2.864323,1.682482,331.8339
320.2533: -0.7427137,-2.718429,1.658773,352.4401
320.4756: -0.8110363,-2.526819,1.673831,2.31776
320.6978: -0.8650304,-2.306111,1.669708,5.878579
320.92: -0.912914,-2.043346,1.65885,13.85937
321.1422: -0.8992707,-1.78132,1.68587,30.01019
321.3644: -0.8246011,-1.556921,1.653564,47.61351
321.5867: -0.6284348,-1.336407,1.655244,62.6805
321.8089: -0.4781512,-1.168662,1.644963,71.75549
322.0311: -0.3022685,-1.023316,1.635425,87.90948
322.2533: -0.07426852,-0.9379843,1.631146,97.6836
322.4756: 0.2017799,-0.9096034,1.628165,94.81171
322.6978: 0.485891,-0.8861546,1.669539,91.632
322.92: 0.7619537,-0.8565568,1.635685,93.99837
323.1422: 1.067505,-0.845989,1.67651,100.6399
323.3644: 1.372935,-0.8544301,1.659149,96.47048
323.5867: 1.656083,-0.8505137,1.664886,76.66931
323.8089: 1.903991,-0.8046721,1.678051,60.58344
324.0311: 2.144061,-0.7498236,1.65948,56.43687
324.2533: 2.36903,-0.6539344,1.68769,40.83569
324.4756: 2.532512,-0.5262666,1.669235,25.59364
324.6978: 2.61434,-0.3251033,1.676721,12.99976
324.92: 2.647826,-0.09670127,1.658668,12.69546
325.1422: 2.711835,0.144342,1.686484,24.88843
325.3644: 2.816761,0.3627682,1.649409,35.29677
325.5867: 2.925597,0.5644208,1.661907,41.17335
Trial Result: Success object: Trashcan | Time Spent: 12.64452
Trial No.:24 Ends
Trial No.:17 Begins
User confirmed on object: Harp, this maze officially starts.
355.2534: 1.677432,-1.220535,1.72416,353.6382
355.4756: 1.681243,-1.222039,1.724204,354.8947
355.6978: 1.704241,-1.231473,1.72255,9.982607
355.92: 1.714246,-1.239657,1.722317,18.05901
356.1422: 1.718579,-1.230242,1.722292,18.7921
356.3644: 1.73399,-1.202295,1.719491,21.01458
356.5867: 1.79331,-1.170962,1.711396,43.53474
356.8089: 1.928764,-1.1877,1.69151,71.59038
357.0311: 2.103138,-1.232255,1.666356,84.60157
357.2534: 2.262025,-1.268544,1.693547,91.90779
357.4756: 2.382443,-1.24916,1.686818,72.42982
357.6978: 2.46574,-1.164078,1.681874,36.44183
357.92: 2.545987,-1.083384,1.693487,11.94898
358.1422: 2.621332,-0.9807087,1.687073,358.4135
358.3644: 2.674237,-0.8091162,1.668478,355.1707
358.5867: 2.709776,-0.5804143,1.672325,359.0139
358.8089: 2.740625,-0.3309115,1.684896,357.1317
359.0311: 2.754432,-0.07675464,1.663603,342.1211
359.2534: 2.708868,0.1465649,1.687271,320.6032
359.4756: 2.610208,0.3454895,1.659367,306.8469
359.6978: 2.46718,0.5272075,1.666355,295.5125
359.92: 2.293746,0.6983017,1.662077,286.0524
360.1422: 2.088279,0.8450473,1.662665,272.7932
360.3644: 1.839176,0.9187895,1.655608,264.5696
360.5867: 1.561035,0.9404323,1.634844,269.1183
360.8089: 1.274768,0.9644387,1.661555,272.721
361.0311: 0.9825569,1.015962,1.620915,276.1287
361.2534: 0.7129656,1.059532,1.63991,277.9478
361.4756: 0.4529392,1.093355,1.627168,275.434
361.6978: 0.1664311,1.096722,1.623921,275.4864
361.92: -0.1443513,1.10245,1.63332,274.8751
362.1422: -0.4622628,1.120863,1.592965,275.3729
362.3644: -0.7430542,1.131064,1.619639,281.1136
362.5867: -1.016022,1.137047,1.586217,287.5081
362.8089: -1.288172,1.185539,1.599809,306.5132
363.0311: -1.488559,1.316049,1.584674,322.6186
363.2534: -1.62822,1.502403,1.573283,320.0229
363.4756: -1.757929,1.708444,1.594203,317.2838
363.6978: -1.888573,1.928145,1.56487,315.4216
363.92: -2.033217,2.145713,1.579482,311.371
364.1422: -2.180319,2.358215,1.57034,303.5824
364.3644: -2.321261,2.55092,1.543243,294.2264
364.5867: -2.470533,2.705084,1.566352,284.2487
364.8089: -2.626438,2.830293,1.523015,279.2143
365.0311: -2.767112,2.922182,1.548491,273.7633
Trial Result: Success object: Stove | Time Spent: 9.995424
Trial No.:17 Ends
Trial No.:14 Begins
User confirmed on object: Telescope, this maze officially starts.
383.5422: -3.042536,0.08143274,1.628385,83.0585
383.7645: -3.048454,0.07508373,1.630364,84.66854
383.9867: -3.067468,0.06724164,1.629577,88.8447
384.2089: -3.075359,0.05845349,1.632015,92.07607
384.4311: -3.026012,0.01108207,1.613584,103.9744
384.6534: -2.947034,-0.1291577,1.586721,111.4139
384.8756: -2.855858,-0.3206343,1.564051,112.341
385.0978: -2.732842,-0.4868488,1.599281,105.2676
385.32: -2.57232,-0.6225015,1.579347,99.09122
385.5422: -2.353487,-0.7164779,1.5896,93.75361
385.7645: -2.135854,-0.8058749,1.608555,88.6218
385.9867: -1.890928,-0.9031199,1.588629,86.94079
386.2089: -1.642336,-0.9815794,1.624377,81.93447
386.4311: -1.391243,-0.9958793,1.630165,72.56731
386.6534: -1.137464,-0.9738002,1.622849,71.14234
386.8756: -0.8918533,-0.95894,1.650632,69.50703
387.0978: -0.6595422,-0.9403229,1.619882,56.35558
387.32: -0.4619983,-0.9070094,1.652692,28.83918
387.5422: -0.2925357,-0.86235,1.654907,6.27419
387.7645: -0.1232665,-0.8031176,1.632605,2.658543
387.9867: 0.01302073,-0.7421724,1.650437,358.8618
388.2089: 0.1043054,-0.6925567,1.658633,350.4422
388.4311: 0.1587857,-0.6574306,1.65641,336.4374
388.6534: 0.1302259,-0.585246,1.649939,321.5789
388.8756: 0.03522024,-0.4799995,1.637561,312.3304
389.0978: -0.06136618,-0.3630183,1.657146,304.7995
Trial Result: Success object: Wheelbarrow | Time Spent: 5.87499
Trial No.:14 Ends
Trial No.:19 Begins
User confirmed on object: Well, this maze officially starts.
402.9867: 1.438078,-1.940333,1.716668,83.58427
403.2089: 1.427858,-1.942642,1.718247,85.76349
403.4311: 1.416856,-1.960542,1.718372,95.3455
403.6534: 1.40852,-1.975209,1.71801,102.307
403.8756: 1.414633,-1.98502,1.717779,104.9991
404.0978: 1.432503,-1.998737,1.7184,105.4426
404.32: 1.441571,-1.958779,1.70583,77.38565
404.5422: 1.398841,-1.858028,1.695335,32.58866
404.7645: 1.320764,-1.77809,1.679294,350.8064
404.9867: 1.25912,-1.704001,1.683271,323.1627
405.2089: 1.218079,-1.618119,1.666028,308.6325
405.4311: 1.156884,-1.50186,1.676328,297.3848
405.6534: 1.039192,-1.393694,1.669242,291.2017
405.8756: 0.8761168,-1.312678,1.642839,284.2836
406.0978: 0.6974363,-1.213291,1.665722,293.9927
406.32: 0.5340176,-1.068088,1.647292,308.0585
406.5422: 0.3909673,-0.8746533,1.644772,319.2338
406.7645: 0.2656949,-0.6744912,1.656209,329.7581
406.9867: 0.1303979,-0.4668858,1.621419,336.0706
407.2089: 0.002475942,-0.2320053,1.639401,344.9716
407.4311: -0.05946324,0.02486831,1.626523,348.2013
407.6534: -0.06824828,0.2871906,1.61812,341.0185
407.8756: -0.1029714,0.5150408,1.636039,319.0379
408.0978: -0.1549188,0.719192,1.5978,288.7185
408.32: -0.1949099,0.9299763,1.608095,265.674
408.5422: -0.1928385,1.172609,1.61192,265.4756
408.7645: -0.1383782,1.479955,1.596382,292.0361
408.9867: -0.1162292,1.743397,1.626859,302.2374
409.2089: -0.1426359,1.957912,1.604243,305.7564
409.4311: -0.1908235,2.161401,1.614049,311.5265
409.6534: -0.2397583,2.387259,1.622512,311.168
409.8756: -0.2727859,2.589646,1.583711,289.9232
410.0978: -0.2956073,2.73353,1.59232,251.9624
410.32: -0.3363322,2.821379,1.576264,224.9139
410.5422: -0.3412973,2.879853,1.562485,193.8185
410.7645: -0.2877173,3.002719,1.567248,154.2018
410.9867: -0.2565581,3.139696,1.572217,122.9422
411.2089: -0.2514752,3.223662,1.584256,111.0276
411.4311: -0.2398182,3.265184,1.592173,109.1523
411.6534: -0.2097768,3.259204,1.605204,121.6692
411.8756: -0.2677007,3.212261,1.608748,177.8112
412.0978: -0.4146588,3.23943,1.585677,231.0321
412.32: -0.5818471,3.279496,1.570578,247.1782
412.5422: -0.7672545,3.281228,1.578387,251.2867
412.7645: -0.9774864,3.232454,1.561401,250.0866
412.9867: -1.184148,3.099504,1.554108,239.6391
413.2089: -1.351396,2.953431,1.571827,211.1822
413.4311: -1.492896,2.829402,1.548141,183.4121
413.6534: -1.617293,2.715124,1.565317,160.5267
413.8756: -1.699493,2.573818,1.553902,144.9402
414.0978: -1.731645,2.423839,1.56093,133.7367
414.32: -1.75253,2.295166,1.587299,118.3072
Trial Result: Success object: Table | Time Spent: 11.62714
Trial No.:19 Ends
Trial No.:12 Begins
User confirmed on object: Trashcan, this maze officially starts.
440.0645: 2.58783,0.9885787,1.696817,83.78452
440.2867: 2.596711,0.9961383,1.70009,82.95659
440.5089: 2.590196,0.9991105,1.706015,85.52586
440.7311: 2.574164,0.9880846,1.71169,96.39489
440.9533: 2.557338,0.980511,1.710799,104.3377
441.1756: 2.545703,0.9807198,1.710977,105.5065
441.3978: 2.536462,0.9728975,1.713183,117.6339
441.62: 2.512547,0.9736754,1.699849,153.0301
441.8422: 2.437103,1.016832,1.673143,207.1248
442.0645: 2.347239,1.119315,1.669683,245.4917
442.2867: 2.249422,1.211544,1.660096,255.911
442.5089: 2.10534,1.282655,1.647492,257.7174
442.7311: 1.932745,1.297749,1.645396,254.6652
442.9533: 1.706837,1.22107,1.622927,251.7423
443.1756: 1.461516,1.122149,1.664412,252.2861
443.3978: 1.198414,1.06062,1.633485,250.3697
443.62: 0.9339014,1.033635,1.625694,245.5368
443.8422: 0.6677989,0.9954056,1.656678,244.3846
444.0645: 0.378189,0.9360725,1.623458,250.2778
444.2867: 0.07158174,0.9004463,1.644535,259.496
444.5089: -0.2393941,0.900649,1.597682,265.731
444.7311: -0.538606,0.9242916,1.612077,265.6751
444.9533: -0.8246112,0.9334872,1.617426,270.7772
445.1756: -1.113896,0.9172966,1.587372,273.1572
445.3978: -1.383628,0.9086871,1.621815,268.1237
445.62: -1.648807,0.9032363,1.581909,257.0778
445.8422: -1.892031,0.8847715,1.601909,238.919
446.0645: -2.102074,0.8273093,1.593653,216.7396
446.2867: -2.273514,0.7479874,1.56733,190.9387
446.5089: -2.398326,0.7081977,1.604675,160.7983
446.7311: -2.466539,0.7469009,1.595174,112.6489
446.9533: -2.528688,0.856452,1.598881,55.91808
447.1756: -2.519334,0.9814591,1.59347,37.86784
447.3978: -2.440444,1.141027,1.578416,41.38271
447.62: -2.322482,1.301784,1.586804,48.6346
447.8422: -2.166412,1.442048,1.558812,51.64531
448.0645: -1.979699,1.554576,1.579223,51.14036
Trial Result: Success object: Table | Time Spent: 8.44125
Trial No.:12 Ends
Trial No.:21 Begins
User confirmed on object: Mailbox, this maze officially starts.
463.92: -1.794423,-3.338523,1.691865,353.5372
464.1422: -1.786062,-3.343438,1.693685,355.9821
464.3644: -1.777087,-3.347816,1.695308,359.8792
464.5867: -1.768607,-3.340995,1.694971,2.69234
464.8089: -1.748986,-3.31574,1.698509,9.776741
465.0311: -1.67082,-3.260413,1.678072,29.39803
465.2534: -1.501175,-3.232278,1.65353,47.84973
465.4756: -1.306599,-3.233184,1.647248,60.71714
465.6978: -1.100829,-3.212036,1.655963,64.60976
465.92: -0.8900006,-3.152877,1.633981,66.3797
466.1422: -0.6444467,-3.079696,1.654735,72.04591
466.3644: -0.3674462,-3.059086,1.660349,80.09656
466.5867: -0.07530733,-3.085127,1.648703,78.96159
466.8089: 0.2050591,-3.090148,1.689631,76.75153
467.0311: 0.4753095,-3.056447,1.671049,71.67526
467.2534: 0.7396837,-3.010634,1.690949,64.21313
467.4756: 0.9987046,-2.96692,1.695895,59.22184
467.6978: 1.241454,-2.904313,1.682253,46.15594
467.92: 1.435176,-2.776314,1.700227,28.85986
468.1422: 1.573786,-2.587757,1.671948,16.01528
468.3644: 1.693852,-2.349944,1.682027,12.06766
468.5867: 1.806579,-2.116954,1.684302,10.22895
468.8089: 1.935167,-1.876631,1.680834,7.096494
469.0311: 2.050849,-1.63049,1.706886,7.748776
469.2534: 2.144452,-1.364969,1.673345,8.258564
469.4756: 2.245596,-1.089368,1.70291,12.96333
469.6978: 2.366473,-0.8221366,1.682868,17.31512
469.92: 2.47435,-0.5592221,1.679808,14.20323
470.1422: 2.531811,-0.2844288,1.691519,11.94273
470.3644: 2.554996,-0.001727584,1.662969,17.46368
470.5867: 2.613714,0.2549801,1.697534,28.65764
470.8089: 2.719944,0.4484324,1.663378,41.66013
471.0311: 2.831905,0.6042522,1.682815,52.2187
Trial Result: Success object: Trashcan | Time Spent: 7.541531
Trial No.:21 Ends
Trial No.:6 Begins
User confirmed on object: Table, this maze officially starts.
493.72: -2.302148,2.064893,1.603745,87.31709
493.9422: -2.310862,2.063802,1.603697,89.32848
494.1645: -2.317678,2.056944,1.60438,92.82571
494.3867: -2.31447,2.050176,1.604822,95.24102
494.6089: -2.290191,2.02634,1.610606,103.2155
494.8311: -2.25174,1.934513,1.589975,130.443
495.0533: -2.26168,1.739671,1.560968,147.9286
495.2756: -2.300885,1.541776,1.55815,158.2093
495.4978: -2.312731,1.36361,1.58597,153.8235
495.72: -2.283179,1.254772,1.569856,133.1836
495.9422: -2.25096,1.176477,1.561583,108.754
496.1645: -2.135989,1.146563,1.56294,95.72121
496.3867: -1.94871,1.154166,1.555336,92.16956
496.6089: -1.717162,1.154598,1.598508,94.60125
496.8311: -1.471913,1.123999,1.585168,100.805
497.0533: -1.214699,1.057206,1.598731,102.7576
497.2756: -0.9595451,1.002576,1.619067,105.2838
497.4978: -0.6912128,0.9486179,1.588108,115.2217
497.72: -0.4441788,0.8500341,1.619529,132.4235
497.9422: -0.2561051,0.6854336,1.602937,149.7687
498.1645: -0.1118794,0.4832348,1.610711,156.0334
498.3867: 0.007178742,0.274242,1.632676,157.5049
498.6089: 0.1122469,0.04252729,1.622525,152.4815
498.8311: 0.1964645,-0.1954703,1.656666,148.3969
499.0533: 0.2571038,-0.4243014,1.630578,135.3366
499.2756: 0.3216329,-0.6312903,1.650656,109.7295
499.4978: 0.4188475,-0.7727491,1.657621,83.82072
499.72: 0.574616,-0.8776746,1.650821,78.85919
499.9422: 0.782946,-0.9876411,1.671093,96.57768
500.1645: 1.014569,-1.079794,1.656291,108.9417
500.3867: 1.251203,-1.190402,1.660252,119.9885
500.6089: 1.460434,-1.320721,1.681364,133.9136
500.8311: 1.657175,-1.48363,1.655406,145.3708
501.0533: 1.803156,-1.692888,1.682783,168.1346
501.2756: 1.866453,-1.928857,1.663341,186.4658
501.4978: 1.867416,-2.157138,1.681131,204.5571
501.72: 1.838868,-2.359646,1.684718,231.5109
501.9422: 1.795671,-2.53997,1.66747,264.799
502.1645: 1.721934,-2.696748,1.687158,279.7183
502.3867: 1.607427,-2.825622,1.66498,285.0498
502.6089: 1.464201,-2.908998,1.676354,294.7225
502.8311: 1.338862,-3.007226,1.693945,305.8584
Trial Result: Success object: Chair | Time Spent: 9.351744
Trial No.:6 Ends
Trial No.:22 Begins
User confirmed on object: Mailbox, this maze officially starts.
518.3978: -1.791628,-3.18874,1.689267,352.0524
518.62: -1.791727,-3.186157,1.693313,355.3541
518.8422: -1.775573,-3.183942,1.694161,4.726401
519.0645: -1.757695,-3.165313,1.693026,10.47536
519.2867: -1.68755,-3.099677,1.678091,24.25503
519.5089: -1.506097,-3.013785,1.644917,29.53055
519.7311: -1.314906,-2.922272,1.64526,25.52323
519.9534: -1.169855,-2.785383,1.662746,11.05849
520.1756: -1.078402,-2.613725,1.639865,5.007439
520.3978: -1.001864,-2.385057,1.657961,11.50267
520.62: -0.9213804,-2.138324,1.662244,13.99325
520.8422: -0.8177336,-1.886293,1.643833,14.87495
521.0645: -0.7201993,-1.642401,1.665761,17.54282
521.2867: -0.6318299,-1.381011,1.636811,18.55795
521.5089: -0.5282004,-1.121026,1.653583,23.8283
521.7311: -0.3788428,-0.8844681,1.641899,26.84029
521.9534: -0.2309449,-0.6555948,1.636536,19.27861
522.1756: -0.1394065,-0.4141158,1.649481,11.06907
522.3978: -0.09440407,-0.1514621,1.625545,12.57766
522.62: -0.04201134,0.1060074,1.652642,26.08187
522.8422: 0.04822362,0.3321834,1.636122,43.0905
523.0645: 0.1733031,0.5314084,1.62211,56.90873
523.2867: 0.3061745,0.6912213,1.623304,81.80117
523.5089: 0.4434331,0.8303989,1.598953,104.0306
523.7311: 0.5958048,0.9712861,1.620793,113.1996
523.9534: 0.7720067,1.057241,1.612331,117.3272
524.1756: 0.968995,1.068177,1.627936,120.1
524.3978: 1.14144,1.051332,1.650593,129.2673
Trial Result: Success object: Bookshelf | Time Spent: 6.419107
Trial No.:22 Ends
Trial No.:18 Begins
User confirmed on object: Harp, this maze officially starts.
536.0978: 1.889107,-1.360761,1.720323,345.5619
536.32: 1.890725,-1.367201,1.720325,345.3032
536.5422: 1.89605,-1.364366,1.720896,346.4908
536.7645: 1.885425,-1.344851,1.725947,338.9259
536.9867: 1.803653,-1.331857,1.703784,302.1064
537.2089: 1.661993,-1.330131,1.684346,277.1369
537.4312: 1.479335,-1.29471,1.690218,271.8491
537.6533: 1.267155,-1.203896,1.649197,285.8243
537.8755: 1.035127,-1.087704,1.645814,294.161
538.0978: 0.7813044,-1.022574,1.662359,287.5722
538.32: 0.4959924,-1.000254,1.628576,280.6754
538.5422: 0.2112025,-0.9869691,1.662462,277.4542
538.7645: -0.07942989,-0.9663382,1.638443,276.1781
538.9867: -0.3857147,-0.9381446,1.640026,271.3007
539.2089: -0.6896647,-0.9469613,1.657765,268.7438
539.4312: -0.9981143,-0.9876657,1.620961,269.6465
539.6533: -1.293392,-1.006344,1.652904,268.2391
539.8755: -1.553377,-1.004567,1.619695,266.3688
540.0978: -1.820308,-0.9477805,1.62847,280.6018
540.32: -2.085983,-0.8664222,1.629893,297.3038
540.5422: -2.320807,-0.7567759,1.598621,317.0731
540.7645: -2.463171,-0.6060455,1.622833,349.3259
540.9867: -2.528977,-0.4396907,1.586516,17.61054
541.2089: -2.556919,-0.2866378,1.592941,35.29565
541.4312: -2.576242,-0.1631485,1.610179,57.12493
541.6533: -2.598154,-0.04143358,1.604981,78.27359
541.8755: -2.603781,0.06147325,1.611684,91.89328
542.0978: -2.616335,0.1202744,1.605019,98.42375
542.32: -2.632392,0.1386145,1.610882,101.3944
542.5422: -2.659004,0.1267123,1.612867,99.49862
542.7645: -2.692021,0.1071855,1.611008,97.78671
542.9867: -2.715113,0.09806591,1.612244,96.50932
543.2089: -2.732591,0.09965099,1.614271,95.63028
543.4312: -2.745339,0.1066194,1.615999,94.70817
543.6533: -2.756605,0.1118389,1.615902,94.68221
543.8755: -2.770294,0.1213921,1.607141,94.81487
544.0978: -2.770278,0.1316,1.604531,91.52697
544.32: -2.766647,0.1331688,1.602692,90.63994
544.5422: -2.771452,0.1254109,1.623539,93.69521
544.7645: -2.812362,0.1214023,1.635869,98.26071
544.9867: -2.826935,0.1136298,1.625918,98.34354
545.2089: -2.818024,0.1204484,1.622319,93.7091
545.4312: -2.809201,0.1302835,1.615265,91.82202
545.6533: -2.799577,0.1376174,1.601405,91.95591
545.8755: -2.773091,0.1397884,1.597405,92.05698
546.0978: -2.729112,0.1402939,1.584337,94.23386
546.32: -2.67505,0.09113969,1.588167,96.88351
546.5422: -2.619455,0.009219841,1.586738,97.05364
546.7645: -2.591303,-0.03636228,1.609055,92.87797
546.9867: -2.590788,-0.03912306,1.61308,91.75427
547.2089: -2.613504,-0.01835647,1.615365,94.83555
547.4312: -2.693231,-0.001719983,1.611686,94.18454
547.6533: -2.807927,-0.007135322,1.602487,87.60237
547.8755: -2.894803,-0.007864408,1.613383,84.92468
548.0978: -2.94139,0.009205839,1.615331,84.26395
548.32: -2.963875,0.0345545,1.615036,85.05933
548.5422: -2.980467,0.0491261,1.616006,86.34344
548.7645: -2.98073,0.05958242,1.620537,86.5445
548.9867: -2.954825,0.07080989,1.611071,86.00119
549.2089: -2.880483,0.05648201,1.616194,89.30622
549.4312: -2.796065,0.01643569,1.606536,88.6155
549.6533: -2.734248,-0.006239404,1.622144,84.25806
549.8755: -2.702134,-0.01005964,1.62429,84.75349
550.0978: -2.689832,-0.006797114,1.624509,85.39828
550.32: -2.686466,-0.001651525,1.625281,86.16173
550.5422: -2.688108,0.002837565,1.624257,88.25784
550.7645: -2.691776,0.007124761,1.623596,89.30441
550.9867: -2.685916,0.01675204,1.626399,90.0175
551.2089: -2.680139,0.01826806,1.623359,90.39543
551.4312: -2.683558,0.01967254,1.624413,91.41969
551.6533: -2.686992,0.02144817,1.623318,91.80083
551.8755: -2.68563,0.02515305,1.622154,90.70723
552.0978: -2.677495,0.03423861,1.626224,88.21279
552.32: -2.647142,0.04976729,1.62841,85.30223
552.5422: -2.577793,0.04673059,1.626848,87.49153
552.7645: -2.510115,0.02432368,1.611295,87.47167
552.9867: -2.470636,0.02490701,1.619856,86.93549
Trial Result: Success object: Telescope | Time Spent: 17.126
Trial No.:18 Ends
Trial No.:11 Begins
User confirmed on object: Trashcan, this maze officially starts.
565.0089: 2.559494,1.116593,1.70177,84.70895
565.2311: 2.561429,1.114268,1.703599,86.23254
565.4534: 2.560759,1.107953,1.704282,90.39906
565.6756: 2.559658,1.105728,1.705217,93.17444
565.8978: 2.567755,1.079433,1.710864,109.6804
566.12: 2.557373,1.043497,1.702436,153.491
566.3422: 2.494138,1.018735,1.678705,201.1433
566.5645: 2.391961,1.011227,1.656534,237.9277
566.7867: 2.304736,0.9883296,1.655152,260.1701
567.0089: 2.209777,0.9227424,1.672513,267.8081
567.2311: 2.112625,0.8508773,1.657177,271.2678
567.4534: 1.95331,0.8201504,1.653983,271.9496
567.6756: 1.719757,0.8422363,1.619045,270.3723
567.8978: 1.455926,0.8932658,1.660754,265.7681
568.12: 1.175225,0.916867,1.650889,263.5945
568.3422: 0.8692252,0.9111966,1.629298,260.6296
568.5645: 0.5607519,0.9396597,1.65308,260.1683
568.7867: 0.2445849,1.006182,1.607502,265.2552
569.0089: -0.0548578,1.051872,1.645605,264.6439
569.2311: -0.3605568,1.058978,1.614107,264.8714
569.4534: -0.6659062,1.046245,1.618115,264.425
569.6756: -0.9677684,1.033423,1.622823,260.7857
569.8978: -1.255444,1.022003,1.595639,255.0249
570.12: -1.528691,0.9859236,1.63597,245.5761
570.3422: -1.791863,0.9243979,1.591554,236.7585
570.5645: -2.040683,0.8422924,1.607476,225.6449
570.7867: -2.275457,0.7440053,1.593696,212.4615
571.0089: -2.462337,0.6159661,1.587321,188.3476
571.2311: -2.539549,0.4727942,1.600358,158.0792
571.4534: -2.562922,0.3484426,1.589016,138.9135
571.6756: -2.598381,0.2439003,1.618851,118.1232
571.8978: -2.664766,0.143984,1.612803,99.46315
572.12: -2.719539,0.05216601,1.622298,88.13182
572.3422: -2.751332,-0.00508715,1.618147,88.47982
572.5645: -2.762522,-0.04299194,1.600376,96.56244
572.7867: -2.778369,-0.04338293,1.60091,93.02042
573.0089: -2.788515,-0.03560584,1.605083,89.20151
573.2311: -2.794015,-0.03704615,1.607447,88.82777
573.4534: -2.770684,-0.0417008,1.609096,88.33105
573.6756: -2.706854,-0.03100169,1.616416,84.86864
573.8978: -2.619189,-0.003586766,1.612405,83.52937
Trial Result: Success object: Telescope | Time Spent: 9.318325
Trial No.:11 Ends
Trial No.:23 Begins
User confirmed on object: Chair, this maze officially starts.
587.9867: 0.9988273,-3.394122,1.723925,344.4374
588.2089: 0.9990778,-3.393578,1.725807,345.9108
588.4312: 1.000291,-3.388345,1.727712,349.3231
588.6533: 1.003355,-3.37398,1.725134,352.7691
588.8755: 1.014875,-3.343216,1.728309,359.4032
589.0978: 1.078833,-3.266045,1.712485,6.528944
589.32: 1.237897,-3.158767,1.677793,13.89053
589.5422: 1.406831,-3.015505,1.693532,13.44359
589.7645: 1.53027,-2.838874,1.691728,6.13717
589.9867: 1.591083,-2.62092,1.671173,1.155822
590.2089: 1.653294,-2.377747,1.704829,1.753568
590.4312: 1.77021,-2.116231,1.688309,7.758698
590.6533: 1.926784,-1.861559,1.685338,6.970073
590.8755: 2.062873,-1.615404,1.702581,6.11216
591.0978: 2.184622,-1.341654,1.67292,3.616263
591.32: 2.293506,-1.064167,1.703325,1.637992
591.5422: 2.406063,-0.7750474,1.676646,2.928128
591.7645: 2.506684,-0.4779681,1.689114,359.1911
591.9867: 2.551276,-0.1755602,1.698333,351.6029
592.2089: 2.563754,0.1390797,1.674073,349.2171
592.4312: 2.590656,0.4513513,1.700031,348.9294
592.6533: 2.638618,0.7660763,1.651553,348.9402
592.8755: 2.67686,1.059086,1.691607,345.7134
593.0978: 2.680925,1.345241,1.679054,342.4994
593.32: 2.657206,1.629839,1.664159,340.6576
593.5422: 2.631435,1.905846,1.689335,335.0242
593.7645: 2.596919,2.175495,1.650522,327.4994
593.9867: 2.521159,2.404868,1.671665,310.5589
594.2089: 2.407191,2.572492,1.650263,287.059
594.4312: 2.272516,2.698062,1.643707,265.2419
594.6533: 2.141815,2.807158,1.650921,244.879
594.8755: 2.030803,2.892012,1.63731,221.6701
595.0978: 1.950932,2.923012,1.649392,198.6502
Trial Result: Success object: Piano | Time Spent: 7.430071
Trial No.:23 Ends
Trial No.:7 Begins
User confirmed on object: Plant, this maze officially starts.
607.3644: -2.531116,-2.245367,1.668847,278.4705
607.5867: -2.531832,-2.241274,1.668611,279.9272
607.8089: -2.540586,-2.226484,1.668926,287.0102
608.0311: -2.561447,-2.169588,1.662255,313.8326
608.2534: -2.528587,-2.047055,1.63367,349.6941
608.4756: -2.446752,-1.884109,1.600158,14.43736
608.6978: -2.38711,-1.709857,1.618763,29.95256
608.92: -2.346923,-1.536086,1.603093,35.24044
609.1422: -2.289296,-1.34203,1.582448,53.65228
609.3644: -2.169585,-1.165092,1.615351,72.8848
609.5867: -1.99547,-1.058764,1.594082,85.97577
609.8089: -1.772581,-1.014312,1.614335,86.87194
610.0311: -1.552837,-0.9786174,1.63124,84.23264
610.2534: -1.294604,-0.9322661,1.608584,80.46705
610.4756: -1.037175,-0.9070717,1.640666,79.93664
610.6978: -0.7958708,-0.9175574,1.632993,79.204
610.92: -0.5485922,-0.9486156,1.636706,77.20622
611.1422: -0.3119164,-0.9384981,1.665812,75.09473
611.3644: -0.1370481,-0.8853547,1.635751,63.63006
611.5867: -0.03920161,-0.8089734,1.667199,33.41333
611.8089: -0.01494144,-0.7114799,1.646878,10.52617
612.0311: -0.02195776,-0.5446219,1.61949,359.9521
612.2534: -0.03215259,-0.3306504,1.629476,352.7772
612.4756: -0.0202386,-0.110086,1.649751,1.186836
612.6978: 0.03134123,0.1215399,1.626801,14.6359
612.92: 0.1211243,0.3484395,1.64369,30.24929
613.1422: 0.2274791,0.5768542,1.623832,41.38274
613.3644: 0.3843169,0.7804285,1.609681,69.66268
613.5867: 0.5848876,0.9263494,1.62516,82.38145
613.8089: 0.8210634,0.997151,1.610352,89.56905
614.0311: 1.055535,1.044649,1.646537,94.77753
614.2534: 1.308882,1.100935,1.627686,91.40858
614.4756: 1.570533,1.152389,1.647838,91.00478
614.6978: 1.820565,1.161182,1.66396,91.26528
614.92: 2.071022,1.13372,1.647278,87.93884
615.1422: 2.30204,1.111174,1.681997,88.24253
615.3644: 2.514467,1.115873,1.668174,88.88249
615.5867: 2.688502,1.128395,1.657561,90.92044
Trial Result: Success object: Trashcan | Time Spent: 8.562366
Trial No.:7 Ends
Trial No.:16 Begins
User confirmed on object: Wheelbarrow, this maze officially starts.
630.7422: 0.2134404,-0.008481963,1.684818,265.6035
630.9645: 0.2107361,-0.002933513,1.687175,268.4582
631.1867: 0.2078892,0.02825306,1.685617,283.6115
631.4089: 0.1966425,0.04970652,1.681933,291.1802
631.6311: 0.1657203,0.07669698,1.679586,295.8046
631.8533: 0.1384272,0.07880892,1.678508,288.6047
632.0756: 0.1328807,0.02123142,1.671134,252.5576
632.2978: 0.1667067,-0.05188543,1.666676,206.6596
632.52: 0.185626,-0.1282114,1.664902,190.3336
632.7422: 0.1744482,-0.2408529,1.660298,195.9866
632.9645: 0.1285527,-0.391015,1.649829,216.3051
633.1867: 0.02971115,-0.5772428,1.617459,231.3674
633.4089: -0.1063313,-0.7350687,1.635925,240.2287
633.6311: -0.2464685,-0.8848189,1.64338,248.8308
633.8533: -0.4055614,-1.025162,1.629737,259.6063
634.0756: -0.5895921,-1.102752,1.643885,271.043
634.2978: -0.7921292,-1.125511,1.618325,272.1386
634.52: -1.037712,-1.114633,1.647842,267.2845
634.7422: -1.286901,-1.123815,1.63567,262.6516
634.9645: -1.541531,-1.156105,1.624333,255.4901
635.1867: -1.802352,-1.182355,1.634495,249.9006
635.4089: -2.067574,-1.22246,1.600285,244.4961
635.6311: -2.312851,-1.311526,1.634379,232.64
635.8533: -2.498635,-1.447483,1.623068,223.0957
636.0756: -2.649284,-1.587835,1.623192,229.7831
636.2978: -2.765611,-1.707817,1.635739,238.4522
Trial Result: Success object: Plant | Time Spent: 5.808535
Trial No.:16 Ends
Trial No.:13 Begins
User confirmed on object: Telescope, this maze officially starts.
650.9978: -2.880499,-0.02570123,1.631667,81.51924
651.22: -2.865764,-0.0289,1.629541,82.13599
651.4423: -2.868818,-0.04060772,1.633222,86.94921
651.6645: -2.883895,-0.06162774,1.638325,100.8573
651.8867: -2.887021,-0.06913389,1.640326,105.5299
652.1089: -2.865494,-0.06978983,1.637584,101.6807
652.3311: -2.824292,-0.07679005,1.63366,98.34064
652.5533: -2.747641,-0.1336041,1.620047,106.9503
652.7756: -2.655393,-0.2854815,1.597192,110.4511
652.9978: -2.548903,-0.480027,1.590666,111.6719
653.22: -2.394879,-0.6332043,1.600126,105.0131
653.4423: -2.191493,-0.7298656,1.569072,95.74673
653.6645: -1.949623,-0.7917532,1.601239,91.71905
653.8867: -1.696518,-0.8623495,1.612045,92.04837
654.1089: -1.427211,-0.9468481,1.604323,89.11222
654.3311: -1.160978,-0.9924025,1.645221,85.69911
654.5533: -0.8778406,-0.9817875,1.627338,80.79092
654.7756: -0.5890082,-0.9615499,1.657136,84.0219
654.9978: -0.2924607,-0.9649879,1.65487,85.36227
655.22: -0.00158943,-1.003383,1.642017,84.70667
655.4423: 0.2785862,-1.032361,1.673725,91.5854
655.6645: 0.5504446,-1.041664,1.642749,95.07837
655.8867: 0.8058534,-1.064436,1.672659,103.5889
656.1089: 1.061352,-1.126382,1.666665,115.8058
656.3311: 1.279167,-1.199563,1.649121,118.7733
656.5533: 1.507035,-1.289471,1.684167,122.0969
656.7756: 1.70916,-1.395356,1.662649,118.6846
656.9978: 1.866561,-1.518042,1.695352,119.4556
657.22: 1.950587,-1.654908,1.698001,116.5837
657.4423: 1.983031,-1.812915,1.692364,102.3561
Trial Result: Success object: Well | Time Spent: 6.763645
Trial No.:13 Ends
Trial No.:15 Begins
User confirmed on object: Wheelbarrow, this maze officially starts.
668.5867: 0.2724058,0.1693735,1.679342,252.7255
668.8089: 0.277642,0.1656385,1.68097,252.7149
669.0311: 0.2811168,0.1678807,1.683804,253.3458
669.2534: 0.2780557,0.1615123,1.685651,250.727
669.4756: 0.293398,0.09586628,1.680329,214.1405
669.6978: 0.3922818,0.006543657,1.657264,169.2764
669.92: 0.467836,-0.07238342,1.654211,152.7833
670.1422: 0.4982149,-0.1241724,1.669518,146.9012
670.3644: 0.5224807,-0.1905236,1.646873,132.7336
670.5867: 0.594752,-0.2818121,1.638568,109.0824
670.8089: 0.727018,-0.3869376,1.619395,101.3297
671.0311: 0.8952212,-0.4986698,1.633821,109.9051
671.2534: 1.057588,-0.6262692,1.656629,122.8224
671.4756: 1.230236,-0.7762815,1.637948,126.2628
671.6978: 1.396235,-0.9304639,1.672806,123.4456
671.92: 1.565319,-1.046524,1.676774,121.5579
672.1422: 1.73748,-1.188296,1.666584,134.6887
672.3644: 1.852947,-1.403481,1.670073,152.4096
672.5867: 1.913806,-1.660937,1.649307,158.4288
672.8089: 1.96408,-1.908033,1.690864,154.1334
673.0311: 2.046363,-2.137445,1.686153,148.8433
673.2534: 2.147568,-2.341871,1.687727,138.6458
673.4756: 2.231328,-2.524314,1.691612,122.8024
673.6978: 2.304342,-2.678253,1.686518,96.75723
673.92: 2.374129,-2.785949,1.708907,72.62075
674.1422: 2.399146,-2.816695,1.700956,41.00097
674.3644: 2.310434,-2.868787,1.702352,340.4604
674.5867: 2.2586,-2.993133,1.704548,304.2703
674.8089: 2.197244,-3.064922,1.721771,289.9548
675.0311: 2.083632,-3.112323,1.717464,286.8275
675.2534: 1.906553,-3.153252,1.701179,284.263
675.4756: 1.686088,-3.183817,1.705459,283.0201
675.6978: 1.425922,-3.183213,1.663792,280.8132
675.92: 1.145752,-3.156595,1.693834,274.5878
676.1422: 0.8625425,-3.161812,1.694404,269.913
676.3644: 0.563784,-3.186676,1.671232,272.3843
676.5867: 0.2615705,-3.180205,1.700229,279.5349
676.8089: -0.03009837,-3.155368,1.663926,283.1516
677.0311: -0.3021959,-3.129969,1.69481,284.2757
677.2534: -0.5678323,-3.113043,1.663638,288.7987
677.4756: -0.8252839,-3.104908,1.671521,296.2444
677.6978: -1.058779,-3.061484,1.672552,301.3214
677.92: -1.26553,-2.987614,1.641534,304.8669
Trial Result: Success object: Mailbox | Time Spent: 9.650766
Trial No.:15 Ends
Trial No.:9 Begins
User confirmed on object: Bookshelf, this maze officially starts.
692.6756: 1.801746,1.297947,1.689223,177.9708
692.8978: 1.792095,1.309776,1.690155,181.7826
693.12: 1.764012,1.319643,1.688818,195.7397
693.3422: 1.74781,1.311421,1.687688,200.618
693.5645: 1.727558,1.280959,1.683766,201.4306
693.7867: 1.696744,1.240036,1.683864,204.6275
694.0089: 1.604256,1.215187,1.65385,233.5198
694.2311: 1.429072,1.231439,1.628032,255.2231
694.4534: 1.23823,1.256234,1.632498,260.9373
694.6756: 1.032341,1.256444,1.633266,260.1578
694.8978: 0.8195822,1.201525,1.608064,254.3891
695.12: 0.5952309,1.14498,1.63612,259.2621
695.3422: 0.3481455,1.10642,1.62135,266.9163
695.5645: 0.07261539,1.078625,1.61924,268.4368
695.7867: -0.1980585,1.042423,1.631042,271.1793
696.0089: -0.4730085,0.9936246,1.592833,276.5208
696.2311: -0.7419955,0.9723481,1.628492,286.6114
696.4534: -0.9895377,1.002093,1.603875,294.4332
696.6756: -1.211827,1.092969,1.607091,300.9011
696.8978: -1.419273,1.226127,1.608027,310.577
697.12: -1.620204,1.391253,1.57356,315.217
697.3422: -1.783308,1.594667,1.600723,318.1424
697.5645: -1.888709,1.824697,1.567059,318.6648
697.7867: -1.966979,2.078858,1.580373,312.0165
698.0089: -2.070711,2.286735,1.580248,304.4887
698.2311: -2.204783,2.451468,1.550529,296.2113
698.4534: -2.3315,2.606755,1.571548,289.6901
698.6756: -2.44845,2.750612,1.562808,280.9583
Trial Result: Success object: Stove | Time Spent: 6.374994
Trial No.:9 Ends
