Participant ID: 440
Maze Mode: testing
Trial No.:15 Begins
User confirmed on object: Wheelbarrow, this maze officially starts.
27.23333: 0.02469332,-0.003877388,1.345437,268.5789
27.45556: 0.0286825,-0.001673408,1.347058,266.4523
27.67778: 0.04298313,-0.002250073,1.353755,261.418
27.9: 0.07451758,0.002589813,1.364699,255.1399
28.12222: 0.1077965,0.0149047,1.369122,253.4733
28.34444: 0.1370167,0.02852454,1.366826,255.3579
28.56667: 0.156798,0.04046272,1.3608,259.8271
28.78889: 0.1666475,0.0503201,1.360391,261.1249
29.01111: 0.1577533,0.04559001,1.360356,247.449
29.23333: 0.161966,0.05423518,1.366509,244.0753
29.45556: 0.1568629,0.07509851,1.370419,248.294
29.67778: 0.1632771,0.09398334,1.370303,255.6594
29.9: 0.1577808,0.09802834,1.367809,255.8833
30.12222: 0.1285665,0.06498336,1.34331,231.3811
30.34444: 0.1144481,0.009275703,1.319083,210.0099
30.56667: 0.105209,-0.05602111,1.304823,205.5156
30.78889: 0.09529161,-0.1220595,1.293607,205.6215
31.01111: 0.1023313,-0.1770809,1.282135,208.7374
31.23333: 0.1150892,-0.2244769,1.273243,212.6729
31.45556: 0.1181538,-0.2749217,1.268889,218.4698
31.67778: 0.09740823,-0.3381638,1.262224,220.2565
31.9: 0.05038931,-0.4186219,1.268563,218.1026
32.12222: 0.01043358,-0.5126251,1.269203,219.8421
32.34444: -0.006886129,-0.5971481,1.267812,223.6467
32.56667: 0.002537867,-0.6687138,1.260658,234.5827
32.78889: 0.02911504,-0.7196835,1.26478,248.8947
33.01111: 0.05052016,-0.7497958,1.260324,255.4231
33.23333: 0.05872397,-0.7725321,1.256502,259.6532
33.45555: 0.0624069,-0.7938154,1.252988,251.1438
33.67778: 0.0615682,-0.8208165,1.252285,233.6229
33.9: 0.01085546,-0.8477699,1.252507,225.7366
34.12222: -0.1235792,-0.8828101,1.243275,215.4174
34.34444: -0.3073913,-0.9354819,1.264253,205.1477
34.56667: -0.4638243,-1.027352,1.297016,195.9642
34.78889: -0.5888928,-1.154402,1.276081,187.9287
35.01111: -0.6788866,-1.314315,1.276187,184.386
35.23333: -0.7614675,-1.46967,1.305435,179.1475
35.45555: -0.8259361,-1.629601,1.286142,175.4426
35.67778: -0.8789363,-1.799471,1.293744,165.8463
35.9: -0.8825417,-1.986688,1.292792,148.5316
36.12222: -0.8596102,-2.169307,1.25129,134.1175
36.34444: -0.7958723,-2.3537,1.240812,124.9863
36.56667: -0.7377238,-2.509111,1.252586,113.8481
36.78889: -0.7017297,-2.626538,1.240304,102.4956
37.01111: -0.6868967,-2.746521,1.241255,87.7704
37.23333: -0.648798,-2.885547,1.252725,82.41773
37.45555: -0.5595506,-2.98804,1.234024,79.22163
37.67778: -0.441317,-3.042977,1.201936,76.34106
37.9: -0.3592963,-3.053878,1.21175,61.0825
38.12222: -0.3605976,-3.056753,1.209224,26.13898
38.34444: -0.4464528,-3.115831,1.183231,325.9127
38.56667: -0.5503669,-3.199697,1.189594,287.2464
38.78889: -0.6950932,-3.234845,1.18472,282.8275
39.01111: -0.8303382,-3.227343,1.207159,296.7264
39.23333: -0.959734,-3.22438,1.241551,306.1328
39.45555: -1.118608,-3.195663,1.23175,312.5645
39.67778: -1.294193,-3.12418,1.254222,316.7246
39.9: -1.442986,-3.0771,1.30041,322.7419
40.12222: -1.54697,-3.045739,1.311544,331.0355
Trial Result: Success object: Mailbox | Time Spent: 13.27133
Trial No.:15 Ends
Trial No.:24 Begins
User confirmed on object: Chair, this maze officially starts.
80.02222: 0.8787949,-3.127588,1.280919,351.5487
80.24445: 0.8841029,-3.139077,1.284714,349.0763
80.46667: 0.8920953,-3.147854,1.285704,350.2536
80.68889: 0.8996412,-3.148069,1.286493,352.7857
80.91111: 0.9029794,-3.149189,1.286058,352.5405
81.13333: 0.8898727,-3.143368,1.277557,338.4883
81.35556: 0.8512841,-3.144623,1.257966,304.2512
81.57778: 0.8221515,-3.147055,1.241707,281.2015
81.8: 0.8129482,-3.137678,1.231602,273.713
82.02222: 0.7944537,-3.113033,1.22262,269.07
82.24445: 0.7071551,-3.1158,1.22121,273.86
82.46667: 0.5498925,-3.161183,1.207765,274.7934
82.68889: 0.3767906,-3.192494,1.235837,276.5367
82.91111: 0.1891408,-3.198278,1.244493,276.5527
83.13334: -0.02147978,-3.156715,1.246703,272.0809
83.35556: -0.2310181,-3.147032,1.285878,271.8267
83.57778: -0.4146023,-3.14592,1.277317,280.8164
83.8: -0.5586604,-3.139779,1.281671,295.0352
84.02222: -0.64332,-3.100152,1.291756,312.017
84.24445: -0.6741241,-3.011313,1.284927,334.0575
84.46667: -0.6966044,-2.854727,1.275875,342.6718
84.68889: -0.7218988,-2.683509,1.292112,345.8347
84.91111: -0.76539,-2.513659,1.303548,349.953
85.13334: -0.8381752,-2.344795,1.298799,356.7631
85.35556: -0.8809518,-2.170503,1.343779,4.167094
85.57778: -0.8788443,-1.989984,1.341313,10.46706
85.8: -0.8204656,-1.804477,1.34442,18.60413
86.02222: -0.7594802,-1.622877,1.382289,28.02035
86.24445: -0.6954203,-1.423278,1.36914,30.28289
86.46667: -0.6268595,-1.235476,1.386632,31.18027
86.68889: -0.5192741,-1.065396,1.404704,23.47276
86.91111: -0.3780231,-0.9005445,1.376899,12.90332
87.13334: -0.2117941,-0.7437268,1.381604,0.6509045
87.35556: -0.09767468,-0.5715675,1.410908,344.3446
87.57778: -0.03023582,-0.38734,1.397941,331.9695
87.8: 0.01185541,-0.1779939,1.414203,329.687
88.02222: 0.04817467,0.03623225,1.435527,324.9467
88.24445: 0.0656018,0.2413937,1.414303,311.7792
88.46667: 0.05053254,0.4316116,1.458166,293.7581
88.68889: -0.01417055,0.5819451,1.468035,278.9855
88.91111: -0.1255188,0.6893156,1.457068,273.5328
89.13334: -0.2409409,0.7891684,1.488585,276.0124
89.35556: -0.3608987,0.8682812,1.506759,286.2658
89.57778: -0.4993595,0.9410936,1.503455,286.4946
89.8: -0.6495318,1.002578,1.531447,288.8544
90.02222: -0.8261998,1.032849,1.532057,295.381
90.24445: -1.009389,1.034053,1.505773,300.1122
90.46667: -1.205757,1.010246,1.54252,278.2043
90.68889: -1.360024,1.009463,1.551872,250.5876
90.91111: -1.494278,1.066603,1.549189,242.417
91.13334: -1.62938,1.204014,1.571144,282.9788
91.35556: -1.702036,1.324573,1.583308,327.512
91.57778: -1.793072,1.417031,1.582959,342.5495
91.8: -1.847926,1.515114,1.652975,357.8868
92.02222: -1.891425,1.62649,1.644695,16.48374
92.24445: -1.898114,1.780347,1.62038,23.344
92.46667: -1.856462,1.937803,1.620755,40.6287
92.68889: -1.832118,2.075333,1.639593,53.31893
92.91111: -1.838768,2.237149,1.634611,56.23606
93.13334: -1.847543,2.415155,1.640551,62.09741
93.35556: -1.788319,2.583639,1.637654,69.05444
93.57778: -1.636134,2.728898,1.599112,71.56298
93.8: -1.421918,2.831661,1.606053,72.75092
94.02222: -1.185409,2.911091,1.627294,78.09682
94.24445: -0.9195545,2.987076,1.584511,76.71787
94.46667: -0.6663794,3.056842,1.624122,79.2979
94.68889: -0.4066672,3.098904,1.618795,83.2344
94.91111: -0.137621,3.089218,1.605148,94.58818
95.13334: 0.122078,3.10614,1.636445,95.8997
95.35556: 0.3952945,3.131005,1.595676,88.05803
95.57778: 0.6538824,3.150985,1.620309,82.12406
95.8: 0.9189783,3.134942,1.632967,83.85832
96.02222: 1.187197,3.097777,1.595691,85.96781
96.24445: 1.424364,3.070794,1.62696,98.52251
96.46667: 1.657958,3.051606,1.60425,116.2724
96.68889: 1.888789,3.053355,1.611577,131.5379
96.91111: 2.102094,3.008985,1.645681,143.0683
97.13334: 2.275695,2.899155,1.620659,154.455
97.35556: 2.411447,2.746776,1.623578,160.5267
97.57778: 2.539002,2.58885,1.637257,160.663
97.8: 2.639664,2.379004,1.606852,159.4448
98.02222: 2.716037,2.141222,1.631437,155.5013
98.24445: 2.756171,1.901591,1.640499,152.0167
98.46667: 2.764584,1.646977,1.621874,142.8429
98.68889: 2.804031,1.430532,1.662306,131.8921
98.91111: 2.833325,1.344645,1.664642,126.2577
Trial Result: Success object: Trashcan | Time Spent: 19.26678
Trial No.:24 Ends
Trial No.:13 Begins
User confirmed on object: Telescope, this maze officially starts.
116.1222: -2.857148,-0.06904946,1.716563,85.06903
116.3444: -2.867912,-0.06983729,1.714625,81.55204
116.5667: -2.88127,-0.08256423,1.71379,89.42569
116.7889: -2.894426,-0.0893692,1.713033,92.53723
117.0111: -2.900843,-0.05851021,1.707817,66.5239
117.2333: -2.910573,-0.02129151,1.690639,30.30266
117.4556: -2.885811,-0.002817086,1.676125,17.49253
117.6778: -2.86123,0.04636928,1.667394,20.25518
117.9: -2.854984,0.1144812,1.663926,32.52308
118.1222: -2.83627,0.200738,1.659076,38.16084
118.3444: -2.766136,0.3237935,1.637861,48.73124
118.5667: -2.634898,0.4725205,1.62005,56.80585
118.7889: -2.5014,0.6274974,1.646083,64.03654
119.0111: -2.33774,0.7624303,1.628404,74.07213
119.2333: -2.174289,0.8875034,1.627931,82.1694
119.4556: -1.952482,0.9681751,1.633035,86.6982
119.6778: -1.694833,0.9720644,1.591026,89.49608
119.9: -1.453899,0.9697033,1.641763,89.35989
120.1222: -1.205573,0.9726998,1.631091,91.31456
120.3444: -0.9544143,0.9745415,1.608057,109.3574
120.5667: -0.719599,0.9355454,1.648683,126.0507
120.7889: -0.4963589,0.8501871,1.614538,137.9116
121.0111: -0.3169449,0.725617,1.615928,149.4716
121.2333: -0.2087555,0.5796124,1.631947,160.6859
121.4556: -0.1364264,0.4052575,1.610894,181.6975
121.6778: -0.06151101,0.2062114,1.635394,187.3344
121.9: -0.04680504,-0.02979659,1.624508,197.6051
122.1222: -0.09059726,-0.2688589,1.622766,205.2751
122.3444: -0.1567374,-0.4802884,1.647141,218.703
122.5667: -0.2688143,-0.6654609,1.623492,239.4725
122.7889: -0.3774195,-0.8396013,1.646806,249.6884
123.0111: -0.5105942,-0.9681283,1.64473,259.6754
123.2333: -0.6149817,-1.031939,1.646065,269.5904
123.4556: -0.7132752,-1.16068,1.661594,245.1724
123.6778: -0.7487615,-1.330531,1.651516,205.9998
123.9: -0.748577,-1.516714,1.64923,193.4149
124.1222: -0.7490037,-1.697398,1.664585,186.7122
124.3444: -0.7762872,-1.880584,1.655887,191.1231
124.5667: -0.8527776,-2.082027,1.654569,206.3616
124.7889: -0.9173206,-2.283141,1.681387,223.2745
125.0111: -1.000521,-2.498381,1.653969,234.9925
125.2333: -1.095244,-2.687853,1.661242,248.7245
125.4556: -1.239235,-2.820245,1.671996,266.5239
125.6778: -1.434659,-2.895072,1.639132,277.2495
125.9: -1.65159,-2.91301,1.65429,287.7181
126.1222: -1.868614,-2.920098,1.66722,299.1412
126.3444: -2.084037,-2.89549,1.641522,312.2159
126.5667: -2.275258,-2.837395,1.6689,328.3705
126.7889: -2.391445,-2.782025,1.67602,343.1421
127.0111: -2.4325,-2.733757,1.683305,349.1179
127.2333: -2.464113,-2.703303,1.691331,353.6293
127.4556: -2.50287,-2.680158,1.689703,358.9014
127.6778: -2.515436,-2.679257,1.682639,23.11225
127.9: -2.498928,-2.703754,1.681754,57.63576
128.1222: -2.43635,-2.735515,1.672158,74.77825
128.3445: -2.330384,-2.785967,1.666934,83.08089
128.5667: -2.211905,-2.829364,1.674315,86.31207
128.7889: -2.053455,-2.857978,1.671901,88.08969
129.0111: -1.841229,-2.868459,1.64077,89.72926
129.2333: -1.60449,-2.869868,1.661181,91.04113
129.4556: -1.354196,-2.905305,1.675748,93.3856
129.6778: -1.098747,-2.976068,1.644886,91.64158
129.9: -0.8456988,-3.048555,1.689285,89.10406
130.1222: -0.5750133,-3.092259,1.663649,85.25006
130.3445: -0.2941027,-3.10216,1.650003,83.39104
130.5667: -0.01801454,-3.128385,1.692764,78.4248
130.7889: 0.2741911,-3.162278,1.644374,72.58932
131.0111: 0.5543412,-3.175864,1.673985,63.23017
131.2333: 0.7966802,-3.137445,1.681105,56.11018
131.4556: 1.003516,-3.067806,1.659654,54.64116
131.6778: 1.189523,-3.003501,1.683063,53.3886
131.9: 1.350304,-2.929979,1.655626,52.20626
132.1222: 1.53335,-2.835452,1.654014,49.10681
132.3445: 1.709171,-2.681847,1.677456,49.42723
132.5667: 1.835428,-2.506978,1.645573,50.09294
Trial Result: Success object: Well | Time Spent: 16.84778
Trial No.:13 Ends
Trial No.:11 Begins
User confirmed on object: Trashcan, this maze officially starts.
161.0889: 2.822543,1.057648,1.659172,85.78734
161.3111: 2.82077,1.056275,1.65927,85.77354
161.5333: 2.819348,1.054205,1.661724,85.48342
161.7556: 2.817803,1.057997,1.674797,83.83012
161.9778: 2.812037,1.060887,1.69897,81.89617
162.2: 2.812037,1.060887,1.69897,81.89617
162.4222: 2.705479,1.050048,1.726528,89.52561
162.6445: 2.699869,1.054402,1.715947,87.51481
162.8667: 2.698014,1.060395,1.7097,85.95863
163.0889: 2.708496,1.059729,1.694135,89.31245
163.3111: 2.729289,1.058056,1.673191,92.22666
163.5333: 2.75051,1.062304,1.670254,92.32648
163.7556: 2.756101,1.063781,1.670827,91.70569
163.9778: 2.76292,1.064893,1.681226,89.75221
164.2: 2.763268,1.066801,1.683763,89.25804
164.4222: 2.760203,1.065234,1.687038,90.06245
164.6445: 2.755819,1.064294,1.687464,91.30164
164.8667: 2.751182,1.065732,1.690937,92.06598
165.0889: 2.743865,1.066724,1.699814,93.81595
165.3111: 2.737113,1.061626,1.708394,99.98888
165.5333: 2.752451,1.054312,1.704833,117.0543
165.7556: 2.79261,1.026543,1.671643,138.7033
165.9778: 2.803346,0.9508415,1.655586,162.6727
166.2: 2.785965,0.8667396,1.652791,174.9982
166.4222: 2.784349,0.8064674,1.649293,184.8455
166.6445: 2.799075,0.7552407,1.649727,192.9695
166.8667: 2.848959,0.7156612,1.653587,195.8668
167.0889: 2.893589,0.6466792,1.641865,199.2226
167.3111: 2.896258,0.5038331,1.623117,202.5284
167.5333: 2.826698,0.297998,1.599068,205.9803
167.7556: 2.755867,0.08333543,1.639442,209.9499
167.9778: 2.698357,-0.1335398,1.639272,215.1771
168.2: 2.645247,-0.3413601,1.608257,225.945
168.4222: 2.591718,-0.4352828,1.653193,258.3278
168.6445: 2.604316,-0.4103639,1.664221,293.2522
168.8667: 2.65161,-0.3162824,1.666617,317.843
169.0889: 2.688359,-0.1620952,1.657373,325.6748
169.3111: 2.720333,0.006115562,1.649215,334.3076
169.5333: 2.718081,0.1671335,1.635856,342.3013
169.7556: 2.676857,0.3250087,1.616505,340.3871
169.9778: 2.601439,0.4720853,1.620528,326.1546
170.2: 2.542437,0.5777844,1.640599,301.555
170.4222: 2.508914,0.6415509,1.6438,283.0583
170.6445: 2.503751,0.7087918,1.636778,274.2412
170.8667: 2.475335,0.7997787,1.648485,259.9566
171.0889: 2.379106,0.8947479,1.636455,260.5194
171.3111: 2.196555,0.9431822,1.604016,269.1278
171.5333: 1.980597,0.9316015,1.621432,274.5142
171.7556: 1.763519,0.9324663,1.646315,277.6748
171.9778: 1.505848,0.9463436,1.60858,281.8932
172.2: 1.243966,0.9652381,1.626541,287.5927
172.4222: 0.9992917,0.9887647,1.626942,295.9158
172.6445: 0.7454667,1.024413,1.606455,307.5608
172.8667: 0.5114205,1.097039,1.642723,320.7637
173.0889: 0.3274363,1.235114,1.620293,333.4609
173.3111: 0.2051436,1.415292,1.61492,346.6885
173.5333: 0.09648649,1.596643,1.632207,355.1411
173.7556: 0.02503815,1.818221,1.596287,6.038873
173.9778: -0.0218091,2.039711,1.611336,19.70674
174.2: -0.01342717,2.246258,1.618483,39.39005
174.4222: 0.03788597,2.454421,1.592127,56.78867
174.6445: 0.1073481,2.630005,1.638513,74.90782
174.8667: 0.1517161,2.77697,1.646369,91.30581
175.0889: 0.1798654,2.933803,1.627934,102.9928
175.3111: 0.1784894,3.033542,1.619363,146.4597
175.5333: 0.08968498,3.092252,1.624612,180.4743
175.7556: -0.09879611,3.109983,1.622503,212.8878
175.9778: -0.324955,3.115379,1.607128,231.5265
176.2: -0.5546433,3.111145,1.609425,242.0479
176.4222: -0.7754196,3.077838,1.611595,248.1856
176.6445: -1.008051,3.017096,1.587372,254.6732
176.8667: -1.235626,2.976873,1.624604,263.0696
177.0889: -1.439865,2.96292,1.616001,260.4756
177.3111: -1.578347,2.913715,1.611547,227.3172
177.5333: -1.671106,2.865177,1.621394,202.8537
177.7556: -1.748219,2.793248,1.612197,186.8998
177.9778: -1.80164,2.663669,1.589353,176.1867
178.2: -1.811745,2.461736,1.57455,160.6548
178.4222: -1.850623,2.253316,1.600541,156.2545
178.6445: -1.910968,2.054622,1.607548,166.5586
178.8667: -1.985632,1.868912,1.611703,181.269
179.0889: -2.037889,1.697633,1.628537,192.263
179.3111: -2.077467,1.53147,1.610405,193.2841
179.5333: -2.14281,1.383032,1.634341,194.4983
179.7556: -2.240571,1.229115,1.634788,191.1222
179.9778: -2.379305,1.056624,1.603053,181.1949
180.2: -2.53546,0.8784751,1.614092,170.0424
180.4222: -2.617702,0.7089264,1.628296,156.1879
180.6445: -2.635077,0.5412779,1.611816,142.9808
180.8667: -2.610397,0.3860204,1.613312,125.7536
Trial Result: Success object: Telescope | Time Spent: 20.18774
Trial No.:11 Ends
Trial No.:9 Begins
User confirmed on object: Bookshelf, this maze officially starts.
193.3889: 1.745217,1.079782,1.700493,180.1907
193.6111: 1.74088,1.091252,1.708562,182.5529
193.8333: 1.725284,1.104108,1.707405,195.8932
194.0556: 1.724061,1.115805,1.705928,201.7723
194.2778: 1.734358,1.119075,1.700267,195.8069
194.5: 1.769913,1.111527,1.679807,164.0323
194.7222: 1.77579,1.098492,1.666643,147.4621
194.9444: 1.821178,1.080098,1.66024,122.4815
195.1667: 1.905334,1.115801,1.636005,86.64162
195.3889: 1.951243,1.158578,1.637827,56.82689
195.6111: 2.003576,1.163614,1.650556,25.48202
195.8333: 2.123766,1.100559,1.644034,22.15875
196.0556: 2.257206,1.101916,1.646384,17.18134
196.2778: 2.369345,1.217472,1.610601,11.75107
196.5: 2.434925,1.384245,1.618065,6.892497
196.7222: 2.528824,1.55509,1.643032,3.120578
196.9444: 2.609965,1.761719,1.617429,357.0373
197.1667: 2.659947,1.974462,1.646381,334.4838
197.3889: 2.644351,2.157378,1.639687,317.7805
197.6111: 2.592022,2.204975,1.66055,289.8958
197.8333: 2.613794,2.154795,1.63257,239.917
198.0556: 2.655048,2.02324,1.643423,200.0778
198.2778: 2.685568,1.826391,1.630209,186.845
198.5: 2.708872,1.580404,1.61095,189.0307
198.7222: 2.71078,1.332312,1.65506,188.0718
198.9444: 2.678923,1.035279,1.61628,184.5594
199.1667: 2.625882,0.7490995,1.662923,183.0589
199.3889: 2.589001,0.4384124,1.649286,186.5485
199.6111: 2.578068,0.1132317,1.611671,192.0632
199.8333: 2.535002,-0.1950236,1.667944,191.7233
200.0556: 2.456496,-0.4867365,1.626302,190.9823
200.2778: 2.370622,-0.771189,1.663819,191.6585
200.5: 2.248478,-1.04591,1.645042,185.9324
200.7222: 2.134399,-1.346608,1.621397,179.2662
200.9444: 2.025054,-1.626663,1.667582,170.0882
201.1667: 1.953621,-1.92304,1.617166,158.677
201.3889: 1.932257,-2.221858,1.661444,145.0696
201.6111: 1.999625,-2.472821,1.638117,128.803
201.8333: 2.096635,-2.63832,1.636424,103.3951
202.0556: 2.162772,-2.760724,1.66218,75.33181
202.2778: 2.17582,-2.814476,1.659286,27.14899
202.5: 2.155288,-2.839817,1.669652,349.6929
202.7222: 2.073809,-2.845133,1.670665,323.2601
202.9444: 1.983532,-2.866676,1.669867,300.5859
203.1667: 1.928208,-2.898417,1.675253,279.7687
203.3889: 1.912717,-2.896507,1.673743,269.3515
203.6111: 1.908461,-2.887278,1.670122,277.3835
203.8333: 1.913181,-2.840327,1.678036,297.4216
204.0556: 1.896928,-2.782286,1.682905,308.2255
204.2778: 1.871813,-2.708997,1.674111,322.267
204.5: 1.851294,-2.57461,1.657764,335.7593
204.7222: 1.846812,-2.391054,1.623811,345.5561
204.9444: 1.84116,-2.168765,1.641036,358.0685
205.1667: 1.797132,-1.956279,1.655694,353.6959
205.3889: 1.704098,-1.718277,1.618962,328.2282
205.6111: 1.588969,-1.48446,1.636568,305.7166
205.8333: 1.46756,-1.303563,1.662995,294.0657
206.0556: 1.322476,-1.165684,1.655934,287.7642
206.2778: 1.126772,-1.067322,1.660082,290.5358
206.5: 0.8953104,-1.039614,1.625181,291.8787
206.7222: 0.6655222,-1.030532,1.656084,287.6164
206.9444: 0.4633793,-1.002222,1.667084,277.429
207.1667: 0.3028315,-0.9657997,1.657086,267.6642
207.3889: 0.1237306,-0.9460003,1.678417,267.98
207.6111: -0.04821667,-0.9557399,1.655011,265.1277
207.8333: -0.2508731,-0.9950217,1.634418,262.8299
208.0556: -0.4837433,-1.035013,1.658203,260.2305
208.2778: -0.7480236,-1.028353,1.644282,261.4198
208.5: -1.021596,-0.9692273,1.635723,257.6593
208.7222: -1.28104,-0.9442296,1.672624,250.9724
208.9444: -1.547618,-0.9541641,1.628593,243.3038
209.1667: -1.800707,-0.9794068,1.637502,237.0559
209.3889: -2.028687,-0.9311891,1.653621,264.6187
209.6111: -2.205301,-0.8180197,1.635763,299.5736
209.8333: -2.355004,-0.7025273,1.648427,325.4392
210.0556: -2.477767,-0.5790359,1.646636,338.4812
210.2778: -2.577823,-0.4447546,1.634543,355.3225
210.5: -2.667748,-0.2756985,1.649255,4.828548
210.7222: -2.699281,-0.04614864,1.616263,10.38524
210.9444: -2.629735,0.2102076,1.609259,14.04737
211.1667: -2.554026,0.4538357,1.645389,25.66993
211.3889: -2.462109,0.7199702,1.603126,22.97573
211.6111: -2.383009,1.001157,1.62127,12.88678
211.8333: -2.260812,1.278307,1.623992,6.185593
212.0556: -2.122935,1.552184,1.590244,355.5215
212.2778: -2.046956,1.824504,1.619292,336.856
212.5: -2.035639,2.092219,1.575585,317.2935
212.7222: -2.079383,2.323463,1.58696,297.8966
212.9444: -2.215026,2.494753,1.612497,290.1445
213.1667: -2.40252,2.657994,1.583931,280.6492
213.3889: -2.58301,2.766781,1.61337,273.0515
213.6111: -2.754379,2.835286,1.602881,270.4037
Trial Result: Success object: Stove | Time Spent: 20.49017
Trial No.:9 Ends
Trial No.:19 Begins
User confirmed on object: Well, this maze officially starts.
232.8667: 1.929148,-2.018587,1.708186,78.36022
233.0889: 1.898535,-2.014746,1.724275,76.86813
233.3111: 1.861719,-2.012773,1.729182,78.34549
233.5333: 1.834655,-2.014996,1.727191,84.98138
233.7556: 1.813767,-2.021428,1.72462,98.7428
233.9778: 1.796333,-2.020503,1.723322,108.2302
234.2: 1.80238,-1.964783,1.728474,69.76724
234.4222: 1.79404,-1.942843,1.727698,55.35426
234.6445: 1.777267,-1.909761,1.708437,29.69277
234.8667: 1.770232,-1.911384,1.682772,356.9784
235.0889: 1.815398,-1.93851,1.678291,343.2425
235.3111: 1.797226,-1.956287,1.669756,323.6694
235.5333: 1.754137,-1.96175,1.672436,317.2744
235.7556: 1.727745,-1.917927,1.670833,322.1397
235.9778: 1.701995,-1.859329,1.663672,328.6993
236.2: 1.694764,-1.817073,1.6554,334.4297
236.4222: 1.697415,-1.776277,1.651406,340.0217
236.6445: 1.725101,-1.73622,1.647763,346.3538
236.8667: 1.805947,-1.689531,1.648826,1.070841
237.0889: 1.915456,-1.624603,1.664315,18.50859
237.3111: 2.010752,-1.51244,1.66373,23.04433
237.5333: 2.091176,-1.34476,1.63946,21.87987
237.7556: 2.149005,-1.142561,1.637863,15.22984
237.9778: 2.235053,-0.9404301,1.66902,11.67954
238.2: 2.367297,-0.7537317,1.636412,15.70675
238.4222: 2.491215,-0.5696055,1.662518,7.491184
238.6445: 2.569265,-0.3448593,1.655834,356.3568
238.8667: 2.609354,-0.08925828,1.607794,353.742
239.0889: 2.62825,0.1264223,1.638981,348.8136
239.3111: 2.634558,0.2916713,1.649451,338.8983
239.5333: 2.616327,0.4151904,1.642646,298.6976
239.7556: 2.632676,0.5557303,1.66048,280.0533
239.9778: 2.630205,0.6967026,1.664362,272.9864
240.2: 2.593496,0.8301845,1.646871,265.8302
240.4222: 2.544336,0.9651708,1.644579,269.2406
240.6445: 2.525411,1.10747,1.657979,274.1644
240.8667: 2.536736,1.195436,1.652343,265.3094
241.0889: 2.549068,1.253473,1.661185,254.8287
241.3111: 2.577739,1.288281,1.661708,250.5622
241.5333: 2.596837,1.310138,1.658183,254.1044
241.7556: 2.627264,1.405612,1.653135,289.9658
241.9778: 2.706091,1.512676,1.634059,315.2347
242.2: 2.75802,1.652517,1.622237,328.0304
242.4222: 2.744765,1.833527,1.586571,326.5007
242.6445: 2.658426,2.084219,1.569777,322.36
242.8667: 2.578323,2.326178,1.618761,315.6464
243.0889: 2.470769,2.545969,1.60508,300.2209
243.3111: 2.364947,2.745286,1.616071,270.8857
243.5333: 2.242566,2.905046,1.639594,250.4803
243.7556: 2.078178,3.054725,1.610895,256.9191
243.9778: 1.895914,3.184805,1.621093,270.6924
244.2: 1.703008,3.262279,1.637608,271.2833
244.4222: 1.478195,3.328065,1.603132,262.308
244.6445: 1.228924,3.376565,1.640139,256.5278
244.8667: 0.9593591,3.393441,1.626441,263.9023
245.0889: 0.7017666,3.359378,1.598645,265.037
245.3111: 0.4545962,3.346663,1.644932,253.9759
245.5333: 0.199648,3.356726,1.60782,249.8204
245.7556: -0.052056,3.380483,1.627207,253.3222
245.9778: -0.3071653,3.383883,1.635401,259.6804
246.2: -0.559867,3.358321,1.593927,258.8695
246.4222: -0.7970999,3.318846,1.623175,246.5026
246.6445: -1.02151,3.304284,1.61902,227.2666
246.8667: -1.240202,3.344859,1.605626,240.6571
247.0889: -1.430699,3.340874,1.633976,250.6108
247.3111: -1.569662,3.241696,1.616852,224.1925
247.5333: -1.648566,3.079974,1.60171,199.7767
247.7556: -1.712613,2.891507,1.612213,182.4184
247.9778: -1.766594,2.683395,1.609735,169.6017
248.2: -1.830109,2.475334,1.594246,149.0805
248.4222: -1.810884,2.30214,1.630044,123.7911
248.6445: -1.750854,2.218442,1.614419,107.0646
248.8667: -1.694844,2.169029,1.618455,99.53013
Trial Result: Success object: Table | Time Spent: 16.33768
Trial No.:19 Ends
Trial No.:8 Begins
User confirmed on object: Plant, this maze officially starts.
263.7556: -2.692827,-2.010611,1.690732,270.6712
263.9778: -2.68165,-2.014234,1.703802,269.0336
264.2: -2.666344,-2.017685,1.706969,267.3719
264.4222: -2.648083,-2.021577,1.711851,269.2105
264.6444: -2.624991,-2.006627,1.715213,287.658
264.8667: -2.602006,-2.00955,1.71871,295.3422
265.0889: -2.591403,-2.031749,1.720487,285.9274
265.3111: -2.588649,-2.080447,1.720939,255.7222
265.5333: -2.575375,-2.098709,1.712959,230.1066
265.7556: -2.571613,-2.079224,1.696418,204.9751
265.9778: -2.605962,-2.044338,1.690414,200.9538
266.2: -2.658998,-2.012139,1.684059,232.2411
266.4222: -2.68813,-1.933865,1.68292,295.8186
266.6444: -2.672467,-1.892927,1.679488,342.2517
266.8667: -2.665454,-1.850928,1.678269,358.9999
267.0889: -2.625613,-1.799258,1.680436,8.039025
267.3111: -2.599846,-1.754179,1.679485,11.41281
267.5333: -2.588438,-1.706178,1.672881,19.82044
267.7556: -2.590145,-1.671575,1.670214,35.57742
267.9778: -2.609978,-1.643828,1.663406,51.76049
268.2: -2.612808,-1.569538,1.646283,56.27742
268.4222: -2.534846,-1.455707,1.623987,59.15248
268.6444: -2.396519,-1.36641,1.620363,57.85831
268.8667: -2.266563,-1.262932,1.65389,63.70784
269.0889: -2.096066,-1.162478,1.6316,72.07395
269.3111: -1.924612,-1.05376,1.637298,75.61475
269.5333: -1.706896,-0.9913815,1.659457,76.34123
269.7556: -1.448848,-0.9668556,1.619164,78.41206
269.9778: -1.164971,-0.9806877,1.640605,81.84962
270.2: -0.8837736,-0.9655496,1.666039,79.79804
270.4222: -0.5979538,-0.9360702,1.621463,75.51995
270.6444: -0.3084779,-0.9263241,1.675901,75.88881
270.8667: -0.01370697,-0.9489425,1.645314,77.35477
271.0889: 0.2597675,-0.998824,1.657363,73.99498
271.3111: 0.534206,-1.011653,1.667923,67.23318
271.5333: 0.794482,-0.9850886,1.618983,59.44059
271.7556: 1.03478,-0.9508538,1.653364,49.35779
271.9778: 1.238252,-0.8957788,1.654348,36.82293
272.2: 1.413407,-0.8495341,1.653002,19.7909
Trial Result: Success object: Harp | Time Spent: 8.730146
Trial No.:8 Ends
Trial No.:14 Begins
User confirmed on object: Telescope, this maze officially starts.
285.6333: -2.755729,0.06235583,1.691673,90.85895
285.8556: -2.77012,0.06117795,1.700468,91.65498
286.0778: -2.783666,0.06065438,1.707086,93.41257
286.3: -2.795053,0.04936337,1.706569,104.0375
286.5222: -2.795034,0.04063652,1.702409,115.3824
286.7444: -2.784164,0.0334821,1.696783,119.6915
286.9667: -2.77824,0.0123891,1.68234,134.6846
287.1889: -2.780224,-0.01901258,1.674435,163.3139
287.4111: -2.765917,0.002582638,1.661915,183.9943
287.6333: -2.73181,0.02749257,1.661509,191.9807
287.8556: -2.733767,0.04196477,1.644822,199.6206
288.0778: -2.730972,0.03711049,1.644593,180.7512
288.3: -2.709335,0.03074372,1.644777,136.2954
288.5222: -2.721895,0.06515989,1.64429,70.37726
288.7444: -2.754084,0.09858498,1.645921,30.8474
288.9667: -2.759442,0.1694815,1.640122,29.91117
289.1889: -2.749793,0.2784069,1.640365,32.80159
289.4111: -2.7298,0.3958009,1.636076,39.96067
289.6333: -2.671381,0.5123996,1.63377,55.38025
289.8556: -2.538798,0.6282406,1.60957,65.96729
290.0778: -2.357926,0.7267908,1.629542,73.64556
290.3: -2.195946,0.8403499,1.64043,76.79295
290.5222: -1.99854,0.9571152,1.603997,82.01469
290.7444: -1.79362,1.047833,1.628702,88.80687
290.9667: -1.562823,1.056837,1.630249,98.16193
291.1889: -1.332466,1.01766,1.62356,90.42976
291.4111: -1.10393,0.9905292,1.659739,86.49037
291.6333: -0.8666046,0.9749079,1.621339,87.36237
291.8556: -0.6322411,0.9777765,1.627953,95.60616
292.0778: -0.4228513,0.9696416,1.660273,97.00264
292.3: -0.2170753,0.9599867,1.640033,96.17397
292.5222: -0.04565444,0.9745378,1.65481,72.75403
292.7444: -0.003900813,1.04184,1.66309,15.10468
292.9667: -0.01345024,1.065037,1.663533,341.533
293.1889: 0.02514305,1.087561,1.657449,349.6893
293.4111: 0.1339853,1.085218,1.647487,31.19898
293.6333: 0.2310364,1.042263,1.646922,83.9113
293.8556: 0.2296527,1.012005,1.660071,140.4912
294.0778: 0.1959339,1.036775,1.666269,179.8016
294.3: 0.1878996,1.047947,1.660342,192.0703
294.5222: 0.1983287,1.019204,1.655944,197.6256
294.7444: 0.1936665,0.9001502,1.652469,203.8043
294.9667: 0.1371908,0.7024152,1.61735,210.2821
295.1889: 0.1112305,0.5210633,1.646159,219.2807
295.4111: 0.07776079,0.3492586,1.645491,232.3766
Trial Result: Success object: Wheelbarrow | Time Spent: 10.10755
Trial No.:14 Ends
Trial No.:16 Begins
User confirmed on object: Wheelbarrow, this maze officially starts.
309.0111: 0.1298051,-0.03013069,1.691411,263.9428
309.2333: 0.1519428,-0.03137831,1.70062,261.011
309.4556: 0.1772467,-0.01934753,1.703908,259.8064
309.6778: 0.2006529,0.02482685,1.70199,277.633
309.9: 0.2113281,0.05229883,1.703846,286.2727
310.1222: 0.2142163,0.0746816,1.698321,289.6998
310.3445: 0.2318501,0.1361316,1.675291,327.6145
310.5667: 0.2591429,0.1744438,1.671379,352.2479
310.7889: 0.2808544,0.2022684,1.667646,2.463514
311.0111: 0.2500308,0.2090576,1.664635,356.6424
311.2333: 0.1601062,0.2026817,1.659195,340.8154
311.4556: 0.07475917,0.2007754,1.65009,321.0748
311.6778: 0.02352162,0.2660645,1.641491,313.6279
311.9: -0.01394118,0.4046703,1.614216,306.3526
312.1222: -0.05584189,0.5714716,1.634107,289.0104
312.3445: -0.1613186,0.7214855,1.635982,271.4697
312.5667: -0.361715,0.8411818,1.603397,275.4873
312.7889: -0.5848777,0.9346473,1.623923,289.7297
313.0111: -0.7933419,1.04388,1.641098,303.9292
313.2333: -1.008559,1.149419,1.606287,307.1147
313.4556: -1.218813,1.232118,1.637872,306.6744
313.6778: -1.421946,1.314653,1.610433,318.1159
313.9: -1.586786,1.397717,1.621298,335.6467
314.1222: -1.713321,1.532692,1.623959,341.5139
314.3445: -1.803825,1.729998,1.587115,321.2895
314.5667: -1.855566,1.953937,1.61764,308.0201
314.7889: -1.932338,2.155255,1.625693,303.9248
315.0111: -2.01512,2.246508,1.616828,286.4905
315.2333: -2.050381,2.247462,1.640667,254.5565
315.4556: -2.039908,2.176636,1.600566,216.0835
315.6778: -2.024652,2.032227,1.595656,198.9639
315.9: -2.030502,1.813895,1.571955,191.6159
316.1222: -2.075893,1.596586,1.622497,187.8838
316.3445: -2.20458,1.380621,1.598066,186.7273
316.5667: -2.385176,1.14115,1.607246,180.968
316.7889: -2.51546,0.8678945,1.651367,173.724
317.0111: -2.609313,0.606265,1.595315,176.0458
317.2333: -2.698759,0.357227,1.654246,174.1108
317.4556: -2.771968,0.100534,1.627514,176.7684
317.6778: -2.840159,-0.1523439,1.650726,178.7756
317.9: -2.867365,-0.4276782,1.645193,179.8157
318.1222: -2.860494,-0.7188381,1.605661,187.1161
318.3445: -2.852808,-0.9862968,1.661731,193.3296
318.5667: -2.859034,-1.234426,1.639956,200.5508
318.7889: -2.873493,-1.453767,1.627891,208.3728
319.0111: -2.872213,-1.645016,1.652831,221.8776
Trial Result: Success object: Plant | Time Spent: 10.41696
Trial No.:16 Ends
Trial No.:6 Begins
User confirmed on object: Table, this maze officially starts.
332.2556: -1.910117,2.023755,1.685102,82.04478
332.4778: -1.923998,2.026186,1.686931,81.24052
332.7: -1.940515,2.024449,1.693311,82.53613
332.9222: -1.957574,2.003824,1.692098,101.1873
333.1444: -1.97442,1.993679,1.689098,115.5345
333.3667: -1.965196,2.00596,1.673051,106.6289
333.5889: -1.945764,1.975992,1.666595,131.2018
333.8111: -1.938323,1.926558,1.656126,167.6106
334.0334: -1.951605,1.851192,1.651705,173.4918
334.2556: -1.959546,1.793416,1.63909,170.5077
334.4778: -1.939922,1.755934,1.63091,153.9651
334.7: -1.906446,1.727709,1.625227,132.4062
334.9222: -1.867495,1.668692,1.621474,134.1785
335.1444: -1.846693,1.596995,1.620796,176.8803
335.3667: -1.824833,1.54655,1.63924,204.4048
335.5889: -1.812553,1.490148,1.637881,208.6712
335.8111: -1.817068,1.417588,1.636612,207.0552
336.0334: -1.85306,1.338414,1.626624,207.4296
336.2556: -1.974141,1.234297,1.611712,206.538
336.4778: -2.168683,1.104473,1.607642,198.6745
336.7: -2.342044,0.9301027,1.638809,187.5948
336.9222: -2.482541,0.7131389,1.600849,173.4741
337.1444: -2.598381,0.4928842,1.604206,169.1242
337.3667: -2.718476,0.2813216,1.649725,171.6606
337.5889: -2.828046,0.05912556,1.619822,176.4429
337.8111: -2.910706,-0.1951162,1.660239,178.3089
338.0334: -2.938805,-0.485027,1.619584,165.9872
338.2556: -2.918187,-0.7826788,1.618955,162.6213
338.4778: -2.900702,-1.088094,1.671246,162.0622
338.7: -2.886748,-1.404186,1.620328,155.3537
338.9222: -2.858844,-1.694816,1.677278,152.0119
339.1444: -2.791426,-1.986644,1.645942,145.9063
339.3667: -2.676371,-2.266984,1.619305,128.3771
339.5889: -2.57123,-2.51624,1.657113,109.7886
339.8111: -2.404319,-2.717391,1.640462,90.83857
340.0334: -2.210226,-2.878314,1.676631,74.57429
340.2556: -1.980494,-2.986297,1.649781,71.0396
340.4778: -1.698621,-3.014779,1.617191,77.13808
340.7: -1.424887,-3.023311,1.66826,80.90317
340.9222: -1.126944,-3.006241,1.652493,78.45739
341.1444: -0.8088127,-3.010946,1.650496,74.24531
341.3667: -0.5124613,-2.984025,1.691079,70.53157
341.5889: -0.2065145,-2.937439,1.625223,66.96559
341.8111: 0.07652672,-2.879723,1.667294,61.5447
342.0334: 0.3249525,-2.851118,1.6687,50.61602
342.2556: 0.5333087,-2.843541,1.648845,34.49164
342.4778: 0.668034,-2.814986,1.676597,24.29043
Trial Result: Success object: Chair | Time Spent: 10.47266
Trial No.:6 Ends
Trial No.:10 Begins
User confirmed on object: Bookshelf, this maze officially starts.
355.7222: 1.775099,1.055741,1.707012,180.5148
355.9445: 1.777157,1.069503,1.708161,178.7249
356.1667: 1.759339,1.087157,1.709653,197.0949
356.3889: 1.756124,1.099426,1.707818,209.948
356.6111: 1.748541,1.101476,1.70149,227.7662
356.8333: 1.729052,1.08102,1.67943,255.5534
357.0556: 1.685821,1.059266,1.670741,263.3833
357.2778: 1.609641,1.087434,1.667434,262.5874
357.5: 1.542325,1.101318,1.656445,260.0126
357.7222: 1.499827,1.108323,1.660507,257.0705
357.9445: 1.455426,1.113298,1.658763,262.2164
358.1667: 1.38149,1.088667,1.655182,265.4502
358.3889: 1.265955,1.023949,1.635332,259.5074
358.6111: 1.125624,0.9372633,1.654972,246.0501
358.8333: 0.9312252,0.8974261,1.637169,238.6686
359.0556: 0.7085473,0.8928533,1.601862,226.6242
359.2778: 0.501443,0.8577021,1.634837,211.6535
359.5: 0.3304058,0.7361608,1.623207,201.4417
359.7222: 0.2143308,0.5285013,1.613094,197.3979
359.9445: 0.1032285,0.3480247,1.653537,200.055
360.1667: 0.03336043,0.1204273,1.639947,200.6031
360.3889: -0.06903826,-0.1160311,1.644909,203.7262
360.6111: -0.1504509,-0.3660717,1.654799,210.3758
360.8333: -0.2348678,-0.6062064,1.62743,221.9107
361.0556: -0.3505764,-0.8058358,1.660442,235.2915
361.2778: -0.5196179,-0.9435724,1.644308,242.7289
361.5: -0.7505604,-1.014267,1.635651,245.0488
361.7222: -0.9944152,-1.068535,1.644611,249.3812
361.9445: -1.271748,-1.094626,1.606591,250.4004
362.1667: -1.550072,-1.127564,1.633222,246.9676
362.3889: -1.818055,-1.155145,1.641252,243.9272
362.6111: -2.085656,-1.190946,1.623222,236.8441
362.8333: -2.336407,-1.276823,1.660514,231.0021
363.0556: -2.521202,-1.417337,1.629452,226.1891
363.2778: -2.678534,-1.556027,1.662831,225.8522
363.5: -2.797575,-1.686192,1.661139,228.955
363.7222: -2.879986,-1.789583,1.643677,231.132
363.9445: -2.938108,-1.887473,1.652256,239.1107
Trial Result: Success object: Plant | Time Spent: 8.584698
Trial No.:10 Ends
Trial No.:21 Begins
User confirmed on object: Mailbox, this maze officially starts.
380.8111: -1.756555,-3.03388,1.733081,347.3337
381.0334: -1.752439,-3.047386,1.732953,351.9725
381.2556: -1.735604,-3.059465,1.728591,6.406838
381.4778: -1.706293,-3.062958,1.718803,38.44836
381.7: -1.67626,-3.039511,1.704559,57.13125
381.9222: -1.599418,-3.051978,1.690755,77.40634
382.1444: -1.536583,-3.074375,1.687944,85.44402
382.3667: -1.491245,-3.069605,1.69674,91.51669
382.5889: -1.440669,-3.027456,1.691041,92.1931
382.8111: -1.381999,-2.98428,1.696584,110.3338
383.0334: -1.347647,-2.981356,1.690138,154.7216
383.2556: -1.397037,-2.993384,1.687998,202.6456
383.4778: -1.475696,-3.024858,1.683961,216.3745
383.7: -1.502623,-3.061666,1.675808,201.7424
383.9222: -1.483118,-3.08634,1.665584,179.8888
384.1444: -1.445532,-3.086929,1.662576,160.8459
384.3667: -1.470146,-3.102444,1.657012,170.7585
384.5889: -1.564367,-3.10618,1.659372,191.4551
384.8111: -1.52904,-3.100058,1.662047,145.0763
385.0334: -1.426091,-3.022403,1.66366,91.80332
385.2556: -1.317162,-2.902286,1.660853,50.07721
385.4778: -1.189332,-2.789634,1.650415,27.19109
385.7: -1.082808,-2.672295,1.655008,6.946116
385.9222: -0.9716374,-2.569315,1.654537,0.7481096
386.1444: -0.8802431,-2.42049,1.668076,0.9956421
386.3667: -0.8494138,-2.204864,1.633578,6.931595
386.5889: -0.8694106,-1.995122,1.64652,18.38414
386.8111: -0.8524072,-1.783546,1.671714,26.46794
387.0334: -0.7877505,-1.576285,1.646412,37.86215
387.2556: -0.7242348,-1.418413,1.669261,59.07631
387.4778: -0.6445713,-1.291461,1.667685,69.71068
387.7: -0.5593048,-1.192318,1.663321,78.9115
387.9222: -0.4417438,-1.141784,1.675913,87.63447
388.1444: -0.3041987,-1.093545,1.651079,76.89728
388.3667: -0.203565,-0.9932275,1.667831,29.97287
388.5889: -0.1541738,-0.8516281,1.650665,353.8493
388.8111: -0.1327798,-0.6669425,1.617042,341.8538
389.0334: -0.1181088,-0.4726062,1.634142,341.9301
389.2556: -0.08897512,-0.282936,1.653458,349.0655
389.4778: -0.02999074,-0.06906126,1.630551,1.75719
389.7: 0.03929272,0.1515338,1.652481,19.70967
389.9222: 0.07645517,0.3575661,1.656088,42.33002
390.1444: 0.07952603,0.5441525,1.640031,67.90462
390.3667: 0.07682255,0.7136579,1.663583,66.65227
390.5889: 0.09909593,0.835035,1.65524,82.98494
390.8111: 0.1405832,0.9373459,1.649602,86.45988
391.0334: 0.1703055,1.063696,1.657001,36.82426
391.2556: 0.1188528,1.146188,1.664891,322.8636
391.4778: 0.08894332,1.160272,1.662726,267.6209
391.7: 0.07121958,1.222822,1.649758,259.5062
391.9222: 0.03061689,1.357647,1.627537,287.9195
392.1444: -0.005711335,1.521641,1.599867,319.5965
392.3667: -0.04695774,1.707042,1.621684,336.9712
392.5889: -0.069605,1.942526,1.605753,338.7506
392.8111: -0.05875243,2.199615,1.596316,321.6199
393.0334: -0.1262136,2.430112,1.626102,300.3047
393.2556: -0.2406775,2.614671,1.594648,273.9243
393.4778: -0.3631516,2.756823,1.606116,259.9957
393.7: -0.404306,2.842009,1.64008,227.5701
393.9222: -0.3417673,2.930396,1.616249,170.1466
394.1444: -0.2784181,3.057718,1.608426,125.6883
394.3667: -0.1998478,3.137642,1.627337,106.9061
394.5889: -0.08002612,3.182305,1.627488,104.7207
394.8111: 0.07975729,3.236645,1.61722,91.10717
395.0334: 0.2454259,3.261375,1.630021,80.29013
395.2556: 0.4366309,3.219525,1.613122,81.95031
395.4778: 0.6492743,3.1351,1.630968,90.21535
395.7: 0.8735634,3.079942,1.650535,96.07533
395.9222: 1.127043,3.069535,1.615749,95.0562
396.1444: 1.380373,3.079901,1.619372,103.7781
396.3667: 1.631884,3.040125,1.641202,116.0802
396.5889: 1.883582,2.957162,1.605451,126.6221
396.8111: 2.115214,2.850773,1.625669,138.6066
397.0334: 2.309165,2.716665,1.637639,144.9647
397.2556: 2.471091,2.576851,1.621237,151.6415
397.4778: 2.62877,2.388932,1.649097,153.5372
397.7: 2.726517,2.139301,1.613638,154.0638
397.9222: 2.781409,1.881656,1.63034,151.242
398.1444: 2.855456,1.661146,1.664963,147.0263
398.3667: 2.90792,1.499419,1.632882,140.494
398.5889: 2.921792,1.458036,1.625734,138.7484
Trial Result: Success object: Trashcan | Time Spent: 18.15366
Trial No.:21 Ends
Trial No.:4 Begins
User confirmed on object: Piano, this maze officially starts.
428.1222: 1.64548,2.998887,1.686804,169.8591
428.3445: 1.648447,3.000764,1.689717,169.8927
428.5667: 1.652117,3.001175,1.689748,171.0083
428.7889: 1.652917,3.00492,1.691554,175.7148
429.0111: 1.646354,3.012515,1.69307,186.1774
429.2333: 1.641938,3.022441,1.692515,196.2035
429.4556: 1.646301,3.026101,1.690319,195.7104
429.6778: 1.686336,3.008713,1.675376,164.3633
429.9: 1.730641,3.001954,1.657743,123.6797
430.1222: 1.767525,2.965211,1.641456,101.3552
430.3445: 1.886666,2.938261,1.616179,102.0815
430.5667: 2.014016,2.923759,1.604632,129.7704
430.7889: 2.171936,2.87638,1.634191,145.6181
431.0111: 2.328917,2.775406,1.616822,149.1592
431.2333: 2.441451,2.599787,1.615756,156.737
431.4556: 2.527229,2.405792,1.644402,175.1612
431.6778: 2.577855,2.158247,1.607666,190.2167
431.9: 2.630196,1.921488,1.630742,201.6406
432.1222: 2.600201,1.677252,1.639687,216.3913
432.3445: 2.480904,1.470702,1.624727,225.3558
432.5667: 2.351224,1.282426,1.648796,235.5945
432.7889: 2.149206,1.136275,1.620839,245.3359
433.0111: 1.929567,1.010306,1.646984,254.4671
433.2333: 1.679476,0.9352165,1.654327,266.424
433.4556: 1.402288,0.9123885,1.62177,267.2742
433.6778: 1.122686,0.9011939,1.656122,265.0945
433.9: 0.8314916,0.8918498,1.635318,256.5559
434.1222: 0.5264903,0.8888962,1.616401,261.2089
434.3445: 0.2440362,0.9285231,1.650426,263.3708
434.5667: -0.03621193,0.9757313,1.6294,264.6022
434.7889: -0.3167664,1.021414,1.658596,269.4507
435.0111: -0.5949131,1.041454,1.654142,282.7082
435.2333: -0.859394,1.028549,1.626958,294.431
435.4556: -1.09694,1.044279,1.669487,303.105
435.6778: -1.316005,1.089287,1.633608,304.2493
435.9: -1.48642,1.163096,1.631001,316.6568
436.1222: -1.630483,1.255892,1.626858,328.293
436.3445: -1.762345,1.376195,1.614109,342.5221
436.5667: -1.896971,1.545153,1.624126,345.5057
436.7889: -1.970751,1.777967,1.600857,331.5515
437.0111: -1.99941,2.010689,1.587605,298.755
437.2333: -2.051487,2.233583,1.624538,291.7734
437.4556: -2.122623,2.424418,1.596069,299.4243
437.6778: -2.161996,2.565453,1.619862,321.4871
437.9: -2.155175,2.67183,1.622303,354.0815
438.1222: -2.096763,2.717477,1.629994,22.04111
438.3445: -2.032245,2.730379,1.634308,46.96474
438.5667: -1.978062,2.700913,1.644107,70.70549
438.7889: -1.963778,2.684036,1.653062,89.12467
439.0111: -1.976267,2.702806,1.652415,100.1998
439.2333: -1.985408,2.718574,1.639862,117.6808
439.4556: -1.988596,2.699879,1.629437,128.9326
439.6778: -1.995923,2.635251,1.626144,140.1691
439.9: -1.988447,2.59222,1.620255,148.9633
440.1222: -1.959524,2.616444,1.606755,145.8133
440.3445: -1.940707,2.647605,1.603759,138.8508
440.5667: -1.90888,2.620059,1.588014,138.062
440.7889: -1.889048,2.508155,1.594962,137.997
441.0111: -1.864115,2.301699,1.596772,137.3092
441.2333: -1.811237,2.074159,1.620211,136.0746
441.4556: -1.731604,1.840554,1.596639,134.1121
441.6778: -1.611828,1.618575,1.598755,131.1727
441.9: -1.503254,1.432527,1.634149,121.959
442.1222: -1.392749,1.270895,1.617583,112.9025
442.3445: -1.263794,1.128153,1.644776,108.3326
442.5667: -1.084994,1.038089,1.624161,112.519
442.7889: -0.8667033,1.00857,1.600755,123.0359
443.0111: -0.6448268,0.9540316,1.64295,133.7512
443.2333: -0.4505836,0.8379275,1.625271,142.3314
443.4556: -0.2963929,0.6782216,1.622784,149.4667
443.6778: -0.1529534,0.5311715,1.64605,146.7815
443.9: -0.04682384,0.3283884,1.620625,142.3463
444.1222: 0.04429547,0.1140615,1.627912,144.8812
444.3445: 0.08980136,-0.1214071,1.640568,146.9988
444.5667: 0.1159556,-0.3568949,1.600464,134.5394
444.7889: 0.1673205,-0.5745287,1.638269,111.9695
445.0111: 0.2765565,-0.7301382,1.642841,84.93034
445.2333: 0.4187835,-0.8423297,1.636335,80.37572
445.4556: 0.5541972,-0.9428564,1.657218,77.73809
445.6778: 0.7157111,-1.011496,1.652552,69.95237
445.9: 0.8924809,-1.086742,1.64651,55.00299
446.1222: 1.086559,-1.071699,1.654634,44.38401
446.3445: 1.257622,-0.9934065,1.618812,35.1044
446.5667: 1.396447,-0.9004843,1.629889,24.98335
Trial Result: Success object: Harp | Time Spent: 18.75788
Trial No.:4 Ends
Trial No.:12 Begins
User confirmed on object: Trashcan, this maze officially starts.
462.2: 2.731398,0.9499229,1.679547,80.33408
462.4222: 2.723922,0.9626796,1.701912,75.20007
462.6445: 2.698708,0.9702264,1.717516,70.16949
462.8667: 2.675978,0.9604108,1.721858,80.74834
463.0889: 2.657188,0.9538145,1.71258,101.8778
463.3111: 2.635371,0.963212,1.709319,116.5953
463.5334: 2.640894,0.9726076,1.703827,127.4607
463.7556: 2.667572,0.9455165,1.688067,158.9371
463.9778: 2.673429,0.890599,1.678699,176.9724
464.2: 2.648334,0.8254129,1.666624,192.9595
464.4222: 2.628757,0.7874951,1.667271,208.4339
464.6445: 2.621247,0.7602579,1.66153,230.1366
464.8667: 2.639084,0.7413349,1.659991,252.8708
465.0889: 2.650053,0.7389573,1.649197,266.7361
465.3111: 2.640749,0.7736373,1.64825,281.7242
465.5334: 2.606426,0.8283527,1.643493,297.08
465.7556: 2.550916,0.9135693,1.641725,307.682
465.9778: 2.450201,0.9843026,1.648397,298.0314
466.2: 2.321599,1.029486,1.648097,284.7933
466.4222: 2.137213,1.051013,1.624007,279.8056
466.6445: 1.890129,1.011352,1.626116,276.3565
466.8667: 1.649934,0.9976447,1.670073,269.0027
467.0889: 1.403225,1.007458,1.638153,264.0618
467.3111: 1.167438,1.040627,1.644223,252.0009
467.5334: 0.9365157,1.054212,1.663892,254.4363
467.7556: 0.7118123,1.08051,1.623474,286.9376
467.9778: 0.5180363,1.112187,1.636609,323.9514
468.2: 0.3593406,1.192926,1.643979,351.9481
468.4222: 0.2394123,1.291047,1.625123,357.341
468.6445: 0.05848005,1.274504,1.647729,269.919
468.8667: 0.03348482,1.207028,1.654255,180.067
469.0889: -0.02847823,1.189474,1.642997,162.6495
469.3111: -0.140624,1.159009,1.6433,206.6263
469.5334: -0.238555,1.270345,1.657624,273.6154
469.7556: -0.228662,1.464332,1.64343,318.2898
469.9778: -0.1766312,1.671919,1.631215,335.6825
470.2: -0.1674878,1.866656,1.631105,342.3328
470.4222: -0.2021539,2.073795,1.592016,339.9883
470.6445: -0.2525446,2.268455,1.610021,335.1145
470.8667: -0.2865143,2.448256,1.615066,323.198
471.0889: -0.317745,2.601445,1.600368,298.7891
471.3111: -0.3694626,2.743532,1.623277,273.6677
471.5334: -0.4693396,2.861584,1.612489,254.4542
471.7556: -0.6450784,2.955623,1.590667,253.4026
471.9778: -0.842393,3.033327,1.61978,260.8038
472.2: -1.047569,3.085629,1.622449,269.5032
472.4222: -1.255149,3.109343,1.603917,253.1353
472.6445: -1.435491,3.059578,1.629503,219.5109
472.8667: -1.581761,2.95043,1.613941,198.8547
473.0889: -1.674491,2.780475,1.599495,181.5683
473.3111: -1.760575,2.64134,1.624552,165.0826
473.5334: -1.833359,2.516637,1.605554,141.6124
473.7556: -1.858259,2.399062,1.625095,121.6525
473.9778: -1.801165,2.290473,1.616909,110.7866
474.2: -1.709238,2.253791,1.607532,107.127
Trial Result: Success object: Table | Time Spent: 12.29421
Trial No.:12 Ends
Trial No.:22 Begins
User confirmed on object: Mailbox, this maze officially starts.
489.2111: -1.722201,-2.949567,1.699942,350.5006
489.4333: -1.732698,-2.950646,1.711676,348.6768
489.6556: -1.727937,-2.968824,1.731972,347.1653
489.8778: -1.706966,-3.002772,1.739085,0.6570672
490.1: -1.703881,-3.036647,1.73586,5.608523
490.3222: -1.73451,-3.042143,1.723507,338.2384
490.5445: -1.772165,-3.043643,1.706991,305.3752
490.7667: -1.790659,-3.035182,1.699162,292.5669
490.9889: -1.843947,-3.01137,1.687048,298.821
491.2111: -1.955937,-3.01106,1.66896,316.6123
491.4333: -2.094589,-2.979969,1.65978,329.8211
491.6556: -2.217714,-2.912601,1.66067,336.6891
491.8778: -2.327524,-2.765641,1.632078,342.1389
492.1: -2.41169,-2.553599,1.650692,348.4003
492.3222: -2.502515,-2.365005,1.673281,356.1687
492.5445: -2.581494,-2.155614,1.642149,3.823164
492.7667: -2.629226,-1.945216,1.665713,10.67201
492.9889: -2.5962,-1.710359,1.665805,20.17152
493.2111: -2.490986,-1.513723,1.640816,32.95911
493.4333: -2.364801,-1.335547,1.66153,46.99236
493.6556: -2.216103,-1.18058,1.626938,57.85143
493.8778: -2.05242,-1.022647,1.643382,65.28365
494.1: -1.823997,-0.9317898,1.640826,71.30422
494.3222: -1.558456,-0.9314071,1.615457,72.08902
494.5445: -1.293687,-0.9195082,1.659724,71.26267
494.7667: -1.020778,-0.9056787,1.623637,66.54185
494.9889: -0.7654208,-0.8606393,1.624025,57.00679
495.2111: -0.5431737,-0.8464752,1.650442,38.61065
495.4333: -0.3401315,-0.8369063,1.632179,11.23201
495.6556: -0.1425447,-0.8330022,1.652492,355.7188
495.8778: 0.03434428,-0.8160114,1.658784,355.0763
496.1: 0.1789943,-0.7900401,1.647152,9.922422
496.3222: 0.301135,-0.7692586,1.664262,21.00399
496.5445: 0.4623751,-0.8164582,1.672099,72.13337
496.7667: 0.5558125,-0.9030086,1.666633,113.9667
496.9889: 0.6658801,-0.9417157,1.667426,102.9648
497.2111: 0.8072313,-0.97192,1.655835,98.53536
497.4333: 0.9893361,-0.9736491,1.628124,95.0368
497.6556: 1.186675,-0.9957285,1.643029,118.0999
497.8778: 1.381435,-1.023115,1.663233,130.6927
498.1: 1.6021,-1.054668,1.629466,118.1999
498.3222: 1.824891,-1.059846,1.65636,72.1236
498.5445: 2.037402,-1.029148,1.654252,45.57811
498.7667: 2.244385,-0.9255449,1.619053,30.21897
498.9889: 2.43205,-0.8010259,1.6543,20.88161
499.2111: 2.553101,-0.6436551,1.65291,8.770185
499.4333: 2.679933,-0.4764662,1.63883,347.0256
499.6556: 2.763273,-0.2495274,1.654066,332.9695
499.8778: 2.775362,0.01971612,1.608408,321.6536
500.1: 2.724414,0.2738811,1.626141,306.438
500.3222: 2.686456,0.500899,1.653033,294.0154
500.5445: 2.650747,0.7006629,1.63327,278.1767
500.7667: 2.631482,0.8945408,1.657055,273.6796
500.9889: 2.626362,1.104784,1.649575,291.9014
501.2111: 2.625179,1.18998,1.651859,278.0209
501.4333: 2.623218,1.21412,1.647223,255.6088
501.6556: 2.540467,1.172248,1.64683,235.2831
501.8778: 2.385205,1.047903,1.611401,230.2153
502.1: 2.231235,0.9246005,1.628203,224.6386
502.3222: 2.103538,0.8211257,1.656221,220.6705
Trial Result: Success object: Bookshelf | Time Spent: 13.37229
Trial No.:22 Ends
Trial No.:7 Begins
User confirmed on object: Plant, this maze officially starts.
513.7333: -2.771156,-1.939314,1.706221,259.0656
513.9556: -2.761047,-1.94932,1.709712,257.2992
514.1778: -2.743324,-1.956403,1.717906,257.6483
514.4: -2.716593,-1.952415,1.725119,266.6043
514.6223: -2.703649,-1.950757,1.722614,278.0982
514.8445: -2.710045,-1.952523,1.720263,287.67
515.0667: -2.733264,-1.947067,1.703776,308.3534
515.2889: -2.763288,-1.933914,1.692656,329.416
515.5111: -2.792152,-1.883944,1.677839,351.0294
515.7333: -2.776289,-1.790094,1.674569,3.597707
515.9556: -2.758259,-1.728436,1.665178,12.5344
516.1778: -2.74364,-1.688313,1.664133,29.02485
516.4: -2.75674,-1.648871,1.664455,48.57274
516.6223: -2.786533,-1.584378,1.663978,60.77832
516.8445: -2.761714,-1.499599,1.654162,65.72275
517.0667: -2.667428,-1.404215,1.637437,68.90222
517.2889: -2.499725,-1.306369,1.639173,72.41283
517.5111: -2.330747,-1.197422,1.663149,79.00551
517.7333: -2.142539,-1.111991,1.639136,90.50945
517.9556: -1.962072,-1.019403,1.649215,100.591
518.1778: -1.760539,-0.9689389,1.675257,104.9136
518.4: -1.541208,-0.9331591,1.640135,82.07279
518.6223: -1.344294,-0.952837,1.66372,65.77587
518.8445: -1.107999,-0.9517647,1.663854,66.58756
519.0667: -0.8765413,-0.9133659,1.62559,59.80573
519.2889: -0.6655127,-0.8776132,1.652403,45.92968
519.5111: -0.4820257,-0.8666894,1.66166,37.10999
519.7333: -0.3257841,-0.860177,1.656161,21.24759
519.9556: -0.1951202,-0.7986493,1.664896,7.281207
520.1778: -0.1158677,-0.6656613,1.637559,357.3527
520.4: -0.09110764,-0.4744695,1.626032,3.69253
520.6223: -0.05495623,-0.2837744,1.663582,15.09898
520.8445: -0.01674124,-0.08438198,1.639785,20.19748
521.0667: 0.05670062,0.1381986,1.627453,25.87053
521.2889: 0.1095633,0.3550185,1.654304,40.0499
521.5111: 0.1705689,0.5559616,1.64131,62.48178
521.7333: 0.203928,0.718606,1.639086,93.73634
521.9556: 0.2461633,0.8519626,1.664052,102.3104
522.1778: 0.3059766,0.9515108,1.656587,90.35587
522.4: 0.3599831,1.011561,1.648589,44.90511
522.6223: 0.3667109,1.070995,1.650182,0.1965691
522.8445: 0.3316652,1.141647,1.641874,345.6076
523.0667: 0.2522871,1.260037,1.619925,349.8608
523.2889: 0.1316557,1.385312,1.60991,356.0786
523.5111: 0.0323295,1.52805,1.644034,359.1608
523.7333: -0.02381556,1.734192,1.610135,3.904579
523.9556: -0.0230059,1.989946,1.589594,15.72659
524.1778: -0.04011718,2.212183,1.614316,32.54482
524.4: -0.0149697,2.406525,1.600059,50.78625
524.6223: 0.02872143,2.615408,1.620722,74.40487
524.8445: 0.128958,2.764903,1.626739,90.12769
525.0667: 0.3048592,2.879246,1.603835,92.8692
525.2889: 0.4725283,2.963136,1.626581,96.72567
525.5111: 0.6505089,3.03526,1.623465,92.98667
525.7333: 0.8610779,3.113822,1.600701,88.54234
525.9556: 1.073078,3.174576,1.633607,91.84701
526.1778: 1.296129,3.178543,1.62493,101.8978
526.4: 1.541893,3.116498,1.599929,111.1067
526.6223: 1.768979,3.048322,1.629308,122.2109
526.8445: 2.00684,2.94791,1.613359,134.7174
527.0667: 2.233246,2.848057,1.608046,146.1039
527.2889: 2.424755,2.684499,1.640581,153.3338
527.5111: 2.553084,2.470115,1.60814,153.5793
527.7333: 2.636101,2.215991,1.630033,151.0182
527.9556: 2.727699,1.99335,1.656303,148.8673
528.1778: 2.844377,1.741351,1.605693,144.8488
528.4: 2.95026,1.509769,1.638255,140.0542
528.6223: 3.005815,1.333412,1.651748,132.565
Trial Result: Success object: Trashcan | Time Spent: 15.19507
Trial No.:7 Ends
Trial No.:17 Begins
User confirmed on object: Harp, this maze officially starts.
542.7667: 1.496237,-1.033598,1.704991,8.367527
542.9889: 1.497602,-1.045497,1.719854,9.899566
543.2111: 1.516711,-1.071268,1.72568,27.94093
543.4333: 1.530084,-1.084452,1.725259,40.93053
543.6556: 1.543173,-1.090318,1.72371,51.94214
543.8778: 1.570493,-1.094974,1.70912,66.86243
544.1: 1.6099,-1.113362,1.694097,93.75516
544.3223: 1.666329,-1.13944,1.681031,108.3548
544.5444: 1.707207,-1.169149,1.677764,123.5768
544.7667: 1.729236,-1.169002,1.674474,144.8858
544.9889: 1.757875,-1.122993,1.67624,158.6555
545.2111: 1.798232,-1.097355,1.669276,152.0029
545.4333: 1.852819,-1.075735,1.66058,115.3785
545.6556: 1.879562,-1.077946,1.651906,92.53869
545.8778: 1.891415,-1.093152,1.640003,76.6743
546.1: 1.917717,-1.099048,1.619269,60.82344
546.3223: 1.961215,-1.06053,1.607295,45.7514
546.5444: 1.932181,-0.9994003,1.631305,13.09373
546.7667: 1.83248,-1.028895,1.65054,332.3042
546.9889: 1.77127,-1.083424,1.652798,296.8224
547.2111: 1.668257,-1.09137,1.649866,287.0543
547.4333: 1.499552,-1.099844,1.633455,286.5144
547.6556: 1.284667,-1.101686,1.640519,291.6459
547.8778: 1.063435,-1.076613,1.666957,293.9459
548.1: 0.8172536,-1.020312,1.631557,291.0681
548.3223: 0.5911838,-0.9778054,1.661454,280.8701
548.5444: 0.3789454,-0.9049863,1.655456,291.4576
548.7667: 0.1889063,-0.8164334,1.637157,319.3593
548.9889: 0.0417013,-0.6657786,1.650529,336.9773
549.2111: -0.0227221,-0.445865,1.615876,343.4681
549.4333: -0.002759377,-0.2168783,1.621195,349.7469
549.6556: -0.01447869,0.01289141,1.652691,345.5353
549.8778: -0.06300981,0.2585087,1.604248,325.9915
550.1: -0.1306238,0.47146,1.623848,303.5067
550.3223: -0.2270773,0.6518864,1.652449,297.9415
550.5444: -0.3490916,0.8027999,1.637472,293.1336
550.7667: -0.5051996,0.9320673,1.653184,291.7623
550.9889: -0.7245717,1.013656,1.613475,294.1472
551.2111: -0.9851295,1.044138,1.604373,301.064
551.4333: -1.204868,1.117752,1.652057,308.3212
551.6556: -1.390556,1.246354,1.620796,316.3392
551.8778: -1.549563,1.412594,1.627834,324.3892
552.1: -1.670719,1.58433,1.637297,335.2895
552.3223: -1.786,1.776934,1.607072,333.7891
552.5444: -1.896296,1.971999,1.631944,314.2273
552.7667: -1.959835,2.19592,1.624326,305.7471
552.9889: -1.986766,2.414158,1.603524,294.0914
553.2111: -2.068272,2.59813,1.630353,283.3116
553.4333: -2.220431,2.739664,1.605458,277.9284
553.6556: -2.408517,2.814632,1.599315,274.4789
553.8778: -2.576504,2.888344,1.630353,270.8158
554.1: -2.726976,2.949125,1.612272,266.7002
Trial Result: Success object: Stove | Time Spent: 11.63851
Trial No.:17 Ends
Trial No.:1 Begins
User confirmed on object: Stove, this maze officially starts.
569.7889: -2.685288,3.053223,1.651222,264.69
570.0111: -2.672425,3.054876,1.662439,260.7123
570.2333: -2.650873,3.059218,1.67156,260.2173
570.4556: -2.636147,3.061592,1.672097,262.0468
570.6778: -2.634405,3.072849,1.672745,268.5704
570.9: -2.636004,3.093344,1.670531,281.5718
571.1223: -2.639764,3.112746,1.668395,293.7301
571.3445: -2.652257,3.145159,1.654268,324.1509
571.5667: -2.657567,3.162752,1.634578,359.9051
571.7889: -2.681197,3.13479,1.629081,37.45132
572.0111: -2.69689,3.124064,1.617309,65.97446
572.2333: -2.654547,3.101799,1.611487,85.26389
572.4556: -2.575645,3.072283,1.611121,98.00063
572.6778: -2.476439,3.042193,1.619284,109.2509
572.9: -2.382066,3.010524,1.617638,120.4175
573.1223: -2.281464,2.975755,1.608783,137.1431
573.3445: -2.165684,2.952528,1.587172,146.35
573.5667: -2.043125,2.898759,1.592349,154.2204
573.7889: -1.955051,2.749695,1.566883,160.8989
574.0111: -1.925374,2.524815,1.559773,155.6753
574.2333: -1.882631,2.300487,1.605597,151.2153
574.4556: -1.831589,2.064775,1.579811,147.7733
574.6778: -1.743886,1.822118,1.585747,141.8859
574.9: -1.682415,1.602382,1.628121,130.7354
575.1223: -1.608331,1.415099,1.607673,116.6177
575.3445: -1.514133,1.233223,1.645672,105.9552
575.5667: -1.352559,1.112794,1.632776,102.7617
575.7889: -1.147852,1.063955,1.604489,106.3918
576.0111: -0.9336443,1.020304,1.647217,120.9003
576.2333: -0.7198125,0.9544849,1.636878,131.223
576.4556: -0.5200848,0.8392875,1.627187,134.4931
576.6778: -0.3424225,0.7355689,1.655261,136.5066
576.9: -0.1883361,0.5729907,1.64149,137.403
577.1223: -0.07921209,0.3880914,1.649112,149.5841
577.3445: -0.03091043,0.1755533,1.644066,159.3109
577.5667: -0.03149822,-0.05165241,1.604812,150.4678
577.7889: -0.02584945,-0.2891419,1.635403,136.0412
578.0111: 0.04914005,-0.5087355,1.618268,114.4328
578.2333: 0.1603958,-0.6704022,1.610212,92.24866
578.4556: 0.2260578,-0.825582,1.641247,82.86313
578.6778: 0.2798575,-0.9616995,1.64687,79.34352
578.9: 0.3438005,-1.09893,1.660583,80.73962
579.1223: 0.4441556,-1.16553,1.654442,90.42208
579.3445: 0.6016793,-1.157672,1.621117,97.24915
579.5667: 0.8043528,-1.110966,1.610025,104.006
579.7889: 1.016677,-1.104748,1.651216,108.7927
580.0111: 1.237704,-1.154782,1.630915,111.0581
580.2333: 1.458119,-1.263396,1.628254,115.5255
580.4556: 1.636567,-1.351378,1.662615,116.6156
580.6778: 1.784291,-1.484156,1.643795,116.7454
580.9: 1.908563,-1.613835,1.651381,116.6692
581.1223: 1.99194,-1.724386,1.66033,112.5317
581.3445: 2.031056,-1.808737,1.659528,104.3929
Trial Result: Success object: Well | Time Spent: 11.96163
Trial No.:1 Ends
Trial No.:5 Begins
User confirmed on object: Table, this maze officially starts.
594.8223: -1.8804,2.081947,1.658624,90.70644
595.0444: -1.905113,2.091972,1.681523,88.74391
595.2667: -1.945977,2.098799,1.699487,91.58768
595.4889: -1.96911,2.099145,1.703078,99.42128
595.7111: -1.980878,2.097275,1.697403,112.9383
595.9333: -1.974269,2.104566,1.693246,115.1771
596.1556: -1.945036,2.089249,1.683326,126.8867
596.3778: -1.893934,2.052491,1.654195,146.4
596.6: -1.887402,1.981193,1.630777,164.1974
596.8223: -1.922789,1.899938,1.622118,183.4688
597.0444: -1.958029,1.851092,1.620839,204.2068
597.2667: -1.974977,1.781064,1.627069,223.6294
597.4889: -1.974645,1.702543,1.6129,241.2604
597.7111: -1.957971,1.598695,1.616163,230.6268
597.9333: -1.999198,1.495716,1.611394,214.6628
598.1556: -2.10932,1.40221,1.586178,200.2665
598.3778: -2.251175,1.320009,1.598836,189.901
598.6: -2.374418,1.200442,1.613697,177.6613
598.8223: -2.460113,1.050481,1.592685,170.448
599.0444: -2.501106,0.9544053,1.627706,153.4292
599.2667: -2.505527,0.9350734,1.643107,122.3032
599.4889: -2.541838,0.9521964,1.640454,83.53508
599.7111: -2.58812,0.9521006,1.627427,59.59887
599.9333: -2.61587,0.9738481,1.62657,46.8934
600.1556: -2.607689,1.015099,1.619969,37.06964
600.3778: -2.543036,1.064004,1.60793,34.89168
600.6: -2.436988,1.114807,1.594331,51.75187
600.8223: -2.309555,1.139958,1.609382,75.57581
601.0444: -2.161931,1.15348,1.601883,83.63422
601.2667: -1.969715,1.117466,1.585059,82.69734
601.4889: -1.760735,1.061057,1.631122,78.62257
601.7111: -1.523783,1.03089,1.61699,75.38706
601.9333: -1.273674,1.017057,1.592468,90.55615
602.1556: -1.03269,1.003169,1.620783,100.1064
602.3778: -0.7904438,0.9617045,1.602139,115.8472
602.6: -0.5830314,0.8809082,1.613021,139.493
602.8223: -0.4033734,0.8452739,1.649961,161.2425
603.0444: -0.2461854,0.8479064,1.625569,190.0484
603.2667: -0.09620424,0.8983839,1.633087,209.4122
603.4889: -0.04059932,1.019333,1.64112,264.0544
603.7111: 0.03677385,1.178134,1.648778,314.6147
603.9333: 0.08710437,1.274961,1.641242,333.5556
604.1556: 0.1223809,1.313371,1.635451,347.2692
604.3778: 0.1724977,1.289353,1.626591,8.11655
604.6: 0.2447511,1.217959,1.62249,34.38088
604.8223: 0.3809133,1.166526,1.637936,52.01724
605.0444: 0.5933653,1.133358,1.620373,65.47856
605.2667: 0.8168181,1.128348,1.604786,68.94031
605.4889: 1.0356,1.121837,1.631872,80.28838
605.7111: 1.268874,1.124323,1.609086,85.79513
605.9333: 1.492762,1.138404,1.634386,91.688
606.1556: 1.729141,1.108681,1.628351,113.7861
606.3778: 1.962199,1.031358,1.603374,134.6409
606.6: 2.166616,0.9644408,1.644754,152.8949
606.8223: 2.356216,0.874026,1.639542,177.0958
607.0444: 2.55071,0.7817404,1.644282,184.7696
607.2667: 2.705061,0.6384977,1.655562,183.4946
607.4889: 2.780347,0.42975,1.627989,189.0997
607.7111: 2.756452,0.1982843,1.635902,198.3296
607.9333: 2.731853,-0.02424053,1.657002,207.9676
608.1556: 2.684446,-0.2663392,1.6172,216.5871
608.3778: 2.613467,-0.4941739,1.651414,231.9203
608.6: 2.473334,-0.6874613,1.644936,248.5518
608.8223: 2.284634,-0.8361621,1.619743,260.7908
609.0444: 2.139227,-0.9758394,1.658862,280.3464
609.2667: 2.038825,-1.113013,1.652735,304.9987
609.4889: 1.949183,-1.297467,1.658948,301.3549
609.7111: 1.868602,-1.515579,1.668741,247.0514
609.9333: 1.821727,-1.689454,1.649984,201.9026
610.1556: 1.769002,-1.811428,1.646354,165.5573
610.3778: 1.751592,-1.950998,1.64536,143.2458
610.6: 1.780203,-2.121528,1.615278,131.5365
610.8223: 1.861157,-2.277661,1.606283,112.6063
611.0444: 1.899298,-2.388402,1.655468,82.80205
611.2667: 1.888523,-2.502114,1.659616,60.81597
611.4889: 1.866619,-2.71022,1.654617,98.22382
611.7111: 1.777001,-2.929643,1.654204,166.9073
611.9333: 1.669664,-3.039653,1.663021,238.3636
612.1556: 1.644486,-3.105478,1.668456,269.1274
612.3778: 1.602686,-3.181613,1.676839,279.0628
612.6: 1.513565,-3.219505,1.66896,294.1143
612.8223: 1.352396,-3.220265,1.64364,300.8443
613.0444: 1.138805,-3.226021,1.657004,285.2554
613.2667: 0.8991549,-3.235146,1.673781,278.1108
613.4889: 0.6343783,-3.23729,1.636238,281.0435
613.7111: 0.393475,-3.240675,1.679205,281.5153
613.9333: 0.1498066,-3.212807,1.672312,281.8619
614.1556: -0.08762042,-3.120778,1.654589,293.2479
614.3778: -0.2906995,-3.034846,1.666069,312.6332
614.6: -0.4798517,-2.924063,1.656363,327.8033
614.8223: -0.64442,-2.823238,1.658467,341.1493
615.0444: -0.7537671,-2.663171,1.661561,353.9937
615.2667: -0.801153,-2.452721,1.623825,354.6604
615.4889: -0.8162022,-2.242217,1.636555,345.1638
615.7111: -0.8586129,-2.046095,1.650388,330.9118
615.9333: -0.9164896,-1.831531,1.615083,319.8448
616.1556: -0.9905325,-1.627153,1.627353,306.4839
616.3778: -1.03811,-1.451532,1.642989,293.1986
616.6: -1.056761,-1.316529,1.628924,268.6887
616.8223: -1.047132,-1.156928,1.638057,262.0135
617.0444: -1.00397,-0.9891071,1.647427,302.7933
617.2667: -0.9553494,-0.8962454,1.650167,344.0069
617.4889: -0.8800991,-0.8765677,1.657636,33.34615
617.7111: -0.8058575,-0.8801535,1.655612,61.20307
617.9333: -0.6961557,-0.899418,1.653703,80.63551
618.1556: -0.5836879,-0.9062572,1.659086,93.24688
618.3778: -0.4648541,-0.8896403,1.66442,93.25342
618.6: -0.3301792,-0.822827,1.650682,84.05918
618.8223: -0.2179257,-0.662285,1.651141,51.5373
619.0444: -0.148568,-0.537612,1.653199,19.89683
619.2667: -0.08233057,-0.4202565,1.63419,0.268351
619.4889: 0.001685659,-0.3009986,1.637365,341.6786
619.7111: 0.04536378,-0.1537211,1.645906,316.8643
619.9333: 0.04839975,0.009833988,1.619688,308.149
620.1556: 0.004971405,0.2089145,1.594112,309.1073
620.3778: -0.06673868,0.4134831,1.6144,300.5923
620.6: -0.1435558,0.5715128,1.624924,286.1949
620.8223: -0.2037129,0.7061363,1.618591,266.8055
621.0444: -0.2616373,0.8503083,1.64929,249.4826
621.2667: -0.2416114,0.9001409,1.646235,214.8977
621.4889: -0.1308681,0.9268272,1.636746,178.4065
621.7111: 0.01378032,0.9850317,1.625584,142.2122
621.9333: 0.1237323,1.082438,1.633926,118.6173
622.1556: 0.1751583,1.147879,1.638463,101.3463
622.3778: 0.1681773,1.13782,1.643304,98.67673
622.6: 0.1899178,1.093194,1.643614,99.56579
622.8223: 0.3133592,1.113743,1.620854,101.9052
623.0444: 0.4604953,1.19779,1.603088,106.1015
623.2667: 0.6087553,1.237196,1.636146,107.8863
623.4889: 0.7933442,1.222973,1.619237,113.7881
623.7111: 1.021919,1.166679,1.608563,120.0735
623.9333: 1.217155,1.115209,1.632503,128.6527
624.1556: 1.360337,1.079001,1.632423,140.1503
Trial Result: Success object: Bookshelf | Time Spent: 29.56295
Trial No.:5 Ends
Trial No.:23 Begins
User confirmed on object: Chair, this maze officially starts.
635.8889: 0.8054678,-3.070034,1.724866,357.0804
636.1111: 0.818041,-3.071445,1.736041,354.8032
636.3334: 0.8393138,-3.076542,1.743679,1.813537
636.5555: 0.8633466,-3.085746,1.740261,20.03053
636.7778: 0.873265,-3.091948,1.735991,33.81929
637: 0.8833859,-3.072476,1.72001,43.81861
637.2222: 0.9236809,-3.04261,1.701324,64.78019
637.4445: 1.011169,-3.065284,1.691626,87.14775
637.6667: 1.087504,-3.12494,1.678244,91.74629
637.8889: 1.143333,-3.130804,1.671061,83.9617
638.1111: 1.196191,-3.087546,1.659682,64.96004
638.3334: 1.228716,-3.007536,1.649927,46.62495
638.5555: 1.276736,-2.94285,1.651081,36.63087
638.7778: 1.351567,-2.923221,1.653265,26.68864
639: 1.432546,-2.945534,1.649607,6.353815
639.2222: 1.479949,-2.977246,1.666357,339.8485
639.4445: 1.441982,-3.067081,1.675688,297.4679
639.6667: 1.402563,-3.155714,1.684817,273.8165
639.8889: 1.376658,-3.214315,1.679817,266.2022
640.1111: 1.356821,-3.214295,1.671731,292.6277
640.3334: 1.358384,-3.19414,1.662934,316.3563
640.5555: 1.378723,-3.170562,1.6621,333.4162
640.7778: 1.415834,-3.141184,1.665525,345.2272
641: 1.449348,-3.107647,1.67365,355.2046
641.2222: 1.455605,-3.08184,1.675231,359.7208
641.4445: 1.44622,-3.061177,1.676625,357.7901
641.6667: 1.424752,-3.035561,1.679812,337.5841
641.8889: 1.365459,-3.029167,1.674888,313.9744
642.1111: 1.233354,-3.051427,1.667384,303.5375
642.3334: 1.00259,-3.113645,1.662729,294.5193
642.5555: 0.7719774,-3.145434,1.68116,289.485
642.7778: 0.5216711,-3.120773,1.640542,286.4514
643: 0.2682753,-3.069993,1.657392,284.9297
643.2222: 0.02786397,-3.048553,1.685294,288.7497
643.4445: -0.2066246,-3.017169,1.64599,307.6688
643.6667: -0.4347015,-2.94278,1.677498,328.1804
643.8889: -0.5930373,-2.780954,1.65569,339.7146
644.1111: -0.6615671,-2.566382,1.646791,350.1219
644.3334: -0.7396227,-2.354938,1.661217,357.7776
644.5555: -0.8076663,-2.118469,1.617018,3.91561
644.7778: -0.8747818,-1.888539,1.632474,357.269
645: -0.8514737,-1.67433,1.638504,16.10267
645.2222: -0.7625828,-1.490608,1.632512,32.71602
645.4445: -0.6715083,-1.329117,1.66034,56.18614
645.6667: -0.5718818,-1.181396,1.651906,84.80476
645.8889: -0.4892933,-1.032475,1.657995,93.25458
646.1111: -0.3702607,-0.9362715,1.674932,90.861
646.3334: -0.2222849,-0.8340082,1.649161,66.70338
646.5555: -0.1156596,-0.7236055,1.647693,24.044
646.7778: -0.05432585,-0.5882248,1.645279,352.9102
647: -0.02785218,-0.4179428,1.618488,338.9847
647.2222: -0.03375014,-0.2290443,1.629205,338.3697
647.4445: -0.03554431,-0.05963827,1.645816,339.7068
647.6667: 0.001338515,0.1412308,1.607882,2.469266
647.8889: 0.05809151,0.3351239,1.626509,30.95318
648.1111: 0.07163115,0.4896663,1.650518,56.29988
648.3334: 0.05696567,0.6268735,1.650449,82.19491
648.5555: 0.008736955,0.7698722,1.673654,88.79212
648.7778: -0.03031887,0.8888013,1.673205,81.57618
649: -0.00836706,0.983877,1.648651,65.93202
649.2222: 0.01038855,1.055935,1.630877,358.5522
649.4445: 0.03549809,0.9981527,1.643962,277.4389
649.6667: 0.09155133,0.9889159,1.64095,260.8314
649.8889: 0.09322941,1.041512,1.635627,280.0167
650.1111: 0.04134867,1.145034,1.614,302.7893
650.3334: -0.02540922,1.276148,1.613816,322.4783
650.5555: -0.06452155,1.474723,1.608446,338.7212
650.7778: -0.04279355,1.730433,1.56133,358.9379
651: 0.00837964,1.976446,1.588896,21.14553
651.2222: -0.005335948,2.196032,1.59566,20.44956
651.4445: -0.1095315,2.413711,1.557025,337.8668
651.6667: -0.2097631,2.593892,1.592116,290.9905
651.8889: -0.2783939,2.750936,1.605651,265.0905
652.1111: -0.3038386,2.898122,1.610658,233.926
652.3334: -0.3025863,3.001199,1.632747,198.5056
652.5555: -0.2176927,3.057662,1.633854,161.2656
652.7778: -0.08740205,3.136129,1.637894,118.9404
653: 0.02714101,3.211805,1.626378,110.0491
653.2222: 0.1251672,3.268098,1.63394,108.5417
653.4445: 0.2099091,3.305057,1.619345,105.0208
653.6667: 0.3239006,3.283993,1.615435,111.4997
653.8889: 0.4780708,3.23382,1.59265,116.8737
654.1111: 0.6798284,3.148058,1.606908,119.1003
654.3334: 0.8831828,3.098271,1.633413,118.9646
654.5555: 1.080195,3.074387,1.607797,125.5203
654.7778: 1.246085,3.072386,1.617588,132.0641
655: 1.372879,3.053353,1.636331,142.5691
Trial Result: Success object: Piano | Time Spent: 19.43459
Trial No.:23 Ends
Trial No.:2 Begins
User confirmed on object: Stove, this maze officially starts.
672.5667: -2.777611,3.057108,1.623224,262.32
672.7889: -2.768874,3.034642,1.631662,263.3297
673.0111: -2.740882,3.005402,1.669538,259.9328
673.2333: -2.704155,2.982638,1.684427,257.6616
673.4556: -2.669329,2.972831,1.690542,267.4555
673.6778: -2.653566,2.965284,1.686455,285.0935
673.9: -2.661041,2.959934,1.680887,288.7212
674.1223: -2.665675,3.005477,1.665349,293.3245
674.3445: -2.678793,3.075741,1.627462,296.9347
674.5667: -2.670806,3.142482,1.606118,318.6306
674.7889: -2.67329,3.105077,1.657597,292.0191
675.0111: -2.664169,3.057561,1.676208,267.4652
675.2333: -2.70492,3.050262,1.667173,291.627
675.4556: -2.696769,3.085904,1.628183,358.0386
675.6778: -2.620215,3.068432,1.617217,50.99494
675.9: -2.512521,3.053368,1.617126,71.40383
676.1223: -2.4044,3.04792,1.605667,92.55812
676.3445: -2.322172,3.063911,1.610049,111.5922
676.5667: -2.273012,3.0999,1.604355,131.1817
676.7889: -2.234665,3.162863,1.612947,152.3013
677.0111: -2.205467,3.192076,1.601071,172.0455
677.2333: -2.14689,3.192973,1.599316,169.9172
677.4556: -2.028738,3.172709,1.588214,136.7716
677.6778: -1.917943,3.13201,1.606126,110.7977
677.9: -1.811987,3.115674,1.609398,100.4735
678.1223: -1.677495,3.123964,1.592598,99.71768
678.3445: -1.493923,3.174436,1.600632,103.4134
678.5667: -1.281314,3.192095,1.615827,98.00824
678.7889: -1.05542,3.140602,1.585868,95.68726
679.0111: -0.8591106,3.060382,1.611655,92.869
679.2333: -0.6669366,2.988889,1.627134,102.178
679.4556: -0.4772305,2.938166,1.607601,104.5648
679.6778: -0.2800721,2.917429,1.638893,97.6568
679.9: -0.1130712,2.824215,1.642115,110.7015
680.1223: -0.04983852,2.638977,1.614682,148.1758
680.3445: -0.05988126,2.437986,1.618041,164.9862
680.5667: -0.06186249,2.225543,1.637624,175.9023
680.7889: -0.06928112,1.987277,1.608964,193.346
681.0111: -0.03063177,1.74793,1.605536,199.7656
681.2333: -0.02420359,1.509244,1.650955,198.8384
681.4556: -0.03885309,1.248309,1.600814,197.7727
681.6778: -0.06550426,0.9818267,1.622708,196.8706
681.9: -0.05506974,0.7311265,1.644551,201.0708
682.1223: -0.02107396,0.5099435,1.611596,210.3534
682.3445: 0.001397695,0.3166675,1.645683,223.56
Trial Result: Success object: Wheelbarrow | Time Spent: 10.1517
Trial No.:2 Ends
Trial No.:3 Begins
User confirmed on object: Piano, this maze officially starts.
702.1445: 1.631334,3.104254,1.697458,174.2054
702.3667: 1.639511,3.12728,1.698651,177.136
702.5889: 1.656714,3.139365,1.690876,173.0837
702.8112: 1.693679,3.134774,1.676479,149.047
703.0333: 1.738584,3.120429,1.655975,116.6157
703.2556: 1.832878,3.162464,1.633943,93.82234
703.4778: 1.92486,3.227941,1.620357,63.83474
703.7: 2.042571,3.194697,1.615393,92.12358
703.9222: 2.142083,3.093657,1.613576,137.8787
704.1445: 2.256981,2.978898,1.621845,147.3247
704.3667: 2.364257,2.886216,1.642105,155.877
704.5889: 2.433885,2.803477,1.646875,170.9049
704.8112: 2.504186,2.759403,1.647218,193.6856
705.0333: 2.550079,2.728563,1.648601,217.7596
705.2556: 2.566492,2.726719,1.638192,218.9056
705.4778: 2.635299,2.715006,1.638263,196.2741
705.7: 2.696007,2.71133,1.641929,190.0755
705.9222: 2.70678,2.697827,1.64078,196.8361
706.1445: 2.6142,2.72259,1.630249,230.4729
706.3667: 2.475738,2.817192,1.631233,254.4474
706.5889: 2.297364,2.925744,1.609394,273.6246
706.8112: 2.113328,2.981599,1.610589,275.6404
707.0333: 1.905862,2.970819,1.59378,267.2242
707.2556: 1.681678,2.906617,1.602027,264.5418
707.4778: 1.424217,2.906724,1.640435,265.7014
707.7: 1.139848,2.960055,1.590964,271.2655
707.9222: 0.850152,3.042636,1.619069,271.5754
708.1445: 0.5559071,3.083135,1.63915,271.6652
708.3667: 0.2503164,3.103304,1.585646,271.5624
708.5889: -0.03848414,3.128735,1.638425,263.2838
708.8112: -0.336127,3.155572,1.614527,254.5874
709.0333: -0.6283645,3.190529,1.619409,253.1874
709.2556: -0.8896614,3.195639,1.640754,255.2652
709.4778: -1.172522,3.189516,1.595494,262.1267
709.7: -1.402537,3.146218,1.627287,242.3517
709.9222: -1.590588,3.062802,1.62043,212.9557
710.1445: -1.736244,2.973521,1.615628,192.7138
710.3667: -1.86156,2.828448,1.618459,181.7316
710.5889: -1.929184,2.625904,1.583066,175.3094
710.8112: -1.923686,2.414511,1.595617,157.5154
711.0333: -1.954304,2.212813,1.618643,156.4375
711.2556: -2.055198,1.986178,1.597722,185.7063
711.4778: -2.140945,1.773576,1.621923,204.4265
711.7: -2.193175,1.566337,1.625268,207.9442
711.9222: -2.225937,1.341985,1.598224,193.5731
712.1445: -2.298676,1.128222,1.62975,184.2591
712.3667: -2.409192,0.9338655,1.614284,181.8573
712.5889: -2.556002,0.7447818,1.613795,176.7023
712.8112: -2.659922,0.536118,1.649605,175.1228
713.0333: -2.728198,0.3058325,1.614024,176.8565
713.2556: -2.748742,0.0573945,1.616629,181.6811
713.4778: -2.768274,-0.1713116,1.658669,176.8166
713.7: -2.774892,-0.4037443,1.629498,165.9999
713.9222: -2.789696,-0.6268055,1.637112,155.2078
714.1445: -2.749832,-0.7948228,1.665822,142.6798
714.3667: -2.697796,-0.9401026,1.650938,145.0117
714.5889: -2.640378,-1.105516,1.625891,157.687
714.8112: -2.597566,-1.279558,1.655503,172.1121
715.0333: -2.600154,-1.491654,1.640028,183.5674
715.2556: -2.646828,-1.732043,1.626234,170.8632
715.4778: -2.653876,-1.959563,1.656296,151.5884
715.7: -2.608371,-2.181069,1.623854,138.2891
715.9222: -2.50463,-2.428422,1.614759,128.629
716.1445: -2.40695,-2.63124,1.63819,109.1102
716.3667: -2.289235,-2.771264,1.638045,79.5629
716.5889: -2.16169,-2.897672,1.654656,55.43563
716.8112: -2.034588,-2.916975,1.668231,35.22931
717.0333: -1.960978,-2.861624,1.644956,23.90239
Trial Result: Success object: Mailbox | Time Spent: 15.13421
Trial No.:3 Ends
Trial No.:20 Begins
User confirmed on object: Well, this maze officially starts.
729.5444: 1.834363,-2.004953,1.730991,86.15211
729.7667: 1.835156,-2.032068,1.733081,92.43578
729.9889: 1.821864,-2.067912,1.735266,105.9324
730.2111: 1.818768,-2.101725,1.7269,116.8337
730.4333: 1.846455,-2.119351,1.704467,99.00101
730.6556: 1.865157,-2.108121,1.687631,60.60704
730.8778: 1.873182,-2.049337,1.680721,30.93905
731.1: 1.854342,-1.94825,1.676461,6.92363
731.3223: 1.82995,-1.865156,1.67075,346.2663
731.5444: 1.818227,-1.828915,1.670109,317.088
731.7667: 1.869732,-1.815196,1.656899,291.9078
731.9889: 1.942286,-1.758756,1.651242,299.91
732.2111: 2.002155,-1.682067,1.648352,323.6209
732.4333: 2.023473,-1.579951,1.635221,351.1454
732.6556: 2.004069,-1.465864,1.634841,7.43572
732.8778: 2.022015,-1.32145,1.636943,10.91609
733.1: 2.127593,-1.163521,1.616364,11.96927
733.3223: 2.308048,-0.9906534,1.616815,17.82277
733.5444: 2.440805,-0.8009087,1.66287,17.32513
733.7667: 2.538462,-0.5751079,1.620645,5.786814
733.9889: 2.593081,-0.2980856,1.605917,355.7378
734.2111: 2.654577,-0.03279888,1.650947,342.885
734.4333: 2.655275,0.2232999,1.628155,323.6496
734.6556: 2.639829,0.447848,1.637296,303.7093
734.8778: 2.577008,0.6491454,1.655126,278.3686
735.1: 2.513532,0.7973948,1.636142,268.7394
735.3223: 2.466432,0.9343929,1.667835,270.2885
735.5444: 2.456435,1.055725,1.662095,275.1744
735.7667: 2.506299,1.18011,1.657725,278.1183
735.9889: 2.594332,1.352757,1.65181,299.2649
736.2111: 2.681537,1.53582,1.649589,321.2381
736.4333: 2.717614,1.739403,1.620498,326.7857
736.6556: 2.697295,1.980334,1.594762,324.2459
736.8778: 2.667275,2.208808,1.624573,315.4084
737.1: 2.628932,2.427989,1.6073,305.7284
737.3223: 2.582172,2.632841,1.606692,282.954
737.5444: 2.466376,2.798641,1.629349,264.6609
737.7667: 2.317531,2.916613,1.597409,252.079
737.9889: 2.177786,2.972402,1.59683,233.0534
738.2111: 2.040896,2.988736,1.632035,219.8319
738.4333: 1.922702,2.976731,1.620641,200.6604
738.6556: 1.823796,2.941477,1.627508,188.4597
Trial Result: Success object: Piano | Time Spent: 9.539925
Trial No.:20 Ends
Trial No.:18 Begins
User confirmed on object: Harp, this maze officially starts.
759.9111: 1.754792,-1.061592,1.711863,352.6706
760.1334: 1.749598,-1.065639,1.725439,351.7724
760.3556: 1.751153,-1.074709,1.73151,359.8719
760.5778: 1.756962,-1.083133,1.727829,11.68173
760.8: 1.773442,-1.071263,1.71218,27.76523
761.0222: 1.816472,-1.040336,1.693972,42.80965
761.2444: 1.913491,-1.022391,1.678691,42.21155
761.4667: 2.010605,-1.019696,1.673524,41.91546
761.6889: 2.094152,-1.036916,1.6657,63.64729
761.9111: 2.154003,-1.066524,1.662691,118.0637
762.1334: 2.172045,-1.059549,1.676369,153.8453
762.3556: 2.21171,-1.052997,1.674393,165.6915
762.5778: 2.226811,-1.060939,1.67661,172.5442
762.8: 2.218795,-1.108476,1.66756,172.2661
763.0222: 2.240045,-1.144055,1.669601,136.6786
763.2444: 2.274737,-1.144621,1.65431,101.5604
763.4667: 2.296004,-1.115263,1.646199,77.12394
763.6889: 2.294772,-1.043751,1.645301,47.30919
763.9111: 2.231227,-0.956524,1.656369,15.74823
764.1334: 2.155501,-0.9674186,1.651037,342.9378
764.3556: 2.098213,-1.013838,1.64848,312.461
764.5778: 1.972714,-1.065836,1.659757,287.2688
764.8: 1.784491,-1.105222,1.644362,274.0791
765.0222: 1.577055,-1.134664,1.657254,278.7156
765.2444: 1.362982,-1.12206,1.659859,286.246
765.4667: 1.13479,-1.055203,1.636548,287.3793
765.6889: 0.9183638,-0.9894227,1.665893,292.1918
765.9111: 0.6672864,-0.895681,1.646803,304.6955
766.1334: 0.4400941,-0.8095812,1.640029,322.962
766.3556: 0.2689649,-0.6810687,1.666888,339.2745
766.5778: 0.1690916,-0.4819854,1.641446,348.7916
766.8: 0.1257099,-0.2611412,1.652971,356.7504
767.0222: 0.07978586,-0.03926593,1.656503,5.70998
767.2444: 0.03153387,0.1914877,1.614212,12.90649
767.4667: 0.004093647,0.4096236,1.641895,14.74307
767.6889: -0.04283305,0.6045872,1.641982,330.1942
767.9111: -0.06279611,0.719874,1.633331,272.1409
768.1334: -0.0764555,0.8285894,1.654831,248.6652
768.3556: -0.1223987,0.9672858,1.641925,282.1637
768.5778: -0.0970907,1.083277,1.638332,1.961568
768.8: -0.06365634,1.098877,1.658643,69.34046
769.0222: -0.03526368,1.142822,1.654956,99.58051
769.2444: 0.03466346,1.248481,1.628973,95.18706
769.4667: 0.1046104,1.375503,1.639731,63.68325
769.6889: 0.1166807,1.515537,1.64409,22.65447
769.9111: 0.1159972,1.684897,1.62162,359.0276
770.1334: 0.08032355,1.913448,1.597544,345.9911
770.3556: 0.02449871,2.135912,1.614207,327.0923
770.5778: 0.003605732,2.337769,1.60941,309.7625
770.8: 0.002828645,2.540327,1.599319,282.0588
771.0222: -0.05838415,2.730982,1.627578,266.5541
771.2444: -0.1748229,2.858859,1.605585,261.5179
771.4667: -0.2956114,2.904462,1.610627,248.6287
771.6889: -0.3674141,2.9436,1.644525,223.4733
771.9111: -0.3508605,2.996245,1.619332,166.4195
772.1334: -0.3386096,3.095284,1.618966,124.221
772.3556: -0.2874123,3.186376,1.631925,103.9075
772.5778: -0.2249264,3.240886,1.636546,103.9187
772.8: -0.1806097,3.242587,1.628917,115.0508
773.0222: -0.2880676,3.169063,1.61276,169.4282
773.2444: -0.5416364,3.177629,1.599519,220.3593
773.4667: -0.7808714,3.199774,1.60111,240.3072
773.6889: -0.9915105,3.166476,1.607026,244.9053
773.9111: -1.19575,3.098022,1.586445,249.6183
774.1334: -1.369672,2.99822,1.615993,231.9079
774.3556: -1.531006,2.885916,1.617594,211.519
774.5778: -1.68275,2.776806,1.607836,195.1593
774.8: -1.806685,2.622458,1.622528,179.2779
775.0222: -1.874987,2.426309,1.583273,165.1866
775.2444: -1.894798,2.173945,1.568,172.7744
775.4667: -1.945325,1.925843,1.614846,184.0506
775.6889: -2.040781,1.667125,1.593697,191.7239
775.9111: -2.174383,1.427155,1.607365,192.3223
776.1334: -2.288925,1.186059,1.648926,186.5881
776.3556: -2.405496,0.9210404,1.595722,177.6259
776.5778: -2.48804,0.6910924,1.611853,161.8279
776.8: -2.531497,0.4986539,1.63676,146.6845
777.0222: -2.538495,0.3334662,1.639825,129.858
Trial Result: Success object: Telescope | Time Spent: 17.50324
Trial No.:18 Ends
