Participant ID: 442
Maze Mode: testing
Trial No.:8 Begins
User confirmed on object: Plant, this maze officially starts.
111.3733: -2.466462,-2.117914,1.632251,274.9812
111.5956: -2.463156,-2.114326,1.644291,273.9317
111.8178: -2.461723,-2.110176,1.644401,272.7944
112.04: -2.460502,-2.107841,1.644133,271.4572
112.2622: -2.462674,-2.11237,1.642667,267.1171
112.4844: -2.473463,-2.105157,1.62644,270.9916
112.7067: -2.477627,-2.093233,1.631114,277.389
112.9289: -2.483055,-2.084784,1.619844,278.3742
113.1511: -2.543495,-2.077831,1.59341,272.6683
113.3733: -2.593785,-2.071071,1.631889,275.643
113.5956: -2.581942,-2.072473,1.653339,276.7033
113.8178: -2.559842,-2.06756,1.644791,275.9094
114.04: -2.555525,-2.049983,1.644455,276.164
114.2622: -2.559182,-2.059262,1.640052,256.1519
114.4844: -2.547033,-2.051653,1.639787,256.1709
114.7067: -2.52781,-2.025148,1.634735,275.8914
114.9289: -2.519971,-2.016547,1.634579,287.4396
115.1511: -2.546103,-1.982039,1.622126,316.2779
115.3733: -2.557904,-1.955916,1.611115,4.149899
115.5956: -2.579506,-1.963708,1.605608,38.18714
115.8178: -2.58585,-1.977985,1.609664,55.84871
116.04: -2.608089,-1.963991,1.618464,31.75812
116.2622: -2.625606,-1.94955,1.614695,11.43301
116.4844: -2.604335,-1.898875,1.605771,11.55664
116.7067: -2.574802,-1.795373,1.59211,16.32322
116.9289: -2.541809,-1.649217,1.570142,34.80778
117.1511: -2.513654,-1.489658,1.577746,59.35508
117.3733: -2.439708,-1.361536,1.583939,71.69353
117.5956: -2.296012,-1.261258,1.567324,78.59953
117.8178: -2.106669,-1.185363,1.586809,80.77614
118.04: -1.899353,-1.130437,1.582218,86.45892
118.2622: -1.670648,-1.073528,1.57358,94.83379
118.4844: -1.438639,-1.025136,1.599629,90.42381
118.7067: -1.215791,-1.010234,1.572677,84.97614
118.9289: -0.979371,-1.005921,1.587742,62.69985
119.1511: -0.7449386,-0.9915863,1.596007,42.66248
119.3733: -0.5118694,-0.9674258,1.562684,36.59642
119.5956: -0.2658562,-0.972649,1.593635,65.2938
119.8178: -0.07775646,-0.9796604,1.603323,72.1737
120.04: 0.09463773,-0.9985625,1.59648,70.68655
120.2622: 0.305743,-1.034292,1.598266,71.23922
120.4844: 0.5573773,-1.033925,1.588853,69.66221
120.7067: 0.804589,-1.012624,1.578363,65.73858
120.9289: 1.040121,-1.010823,1.602958,55.26707
121.1511: 1.261642,-1.020218,1.59101,38.53439
121.3733: 1.460956,-1.049688,1.595083,16.12366
121.5956: 1.58152,-1.08148,1.600785,4.934196
Trial Result: Success object: Harp | Time Spent: 10.51702
Trial No.:8 Ends
Trial No.:9 Begins
User confirmed on object: Bookshelf, this maze officially starts.
128.9845: 1.752058,1.351756,1.633568,178.7883
129.2067: 1.761144,1.364818,1.654512,176.9876
129.4289: 1.74714,1.370175,1.647679,188.2489
129.6511: 1.737347,1.367445,1.644161,193.1084
129.8733: 1.741466,1.333524,1.622336,184.4789
130.0956: 1.788393,1.299401,1.600336,146.3767
130.3178: 1.840477,1.300279,1.595487,120.5766
130.54: 1.889625,1.32329,1.59247,98.90158
130.7622: 1.891419,1.352287,1.60222,77.18836
130.9845: 1.867723,1.362927,1.602017,52.21606
131.2067: 1.882314,1.315708,1.60266,63.60831
131.4289: 1.874125,1.242106,1.607587,94.9119
131.6511: 1.872393,1.211783,1.596384,95.95966
131.8733: 1.939997,1.202187,1.584989,78.15813
132.0956: 2.076902,1.227117,1.566715,49.05877
132.3178: 2.194008,1.255573,1.559397,27.63525
132.54: 2.273333,1.266821,1.570536,12.49987
132.7622: 2.35169,1.286982,1.573275,0.7424905
132.9845: 2.442033,1.38905,1.571031,352.6658
133.2067: 2.500379,1.569931,1.546193,347.5181
133.4289: 2.532817,1.807376,1.572085,344.6614
133.6511: 2.555964,2.015528,1.583776,336.1772
133.8733: 2.569675,2.23773,1.555215,321.9409
134.0956: 2.552438,2.462281,1.583475,301.4265
134.3178: 2.496463,2.63801,1.569375,285.1426
134.54: 2.403768,2.783976,1.571673,263.8577
134.7622: 2.327114,2.910483,1.589383,243.122
134.9845: 2.247306,3.043454,1.593111,224.1114
135.2067: 2.108757,3.192011,1.595976,242.6009
135.4289: 1.941591,3.26551,1.589056,260.2275
135.6511: 1.732261,3.261834,1.5658,262.5579
135.8733: 1.487411,3.227066,1.591836,260.8231
136.0956: 1.235399,3.206203,1.594052,258.9182
136.3178: 0.9700478,3.219736,1.566056,264.8515
136.54: 0.7290097,3.237709,1.59653,268.6082
136.7622: 0.493177,3.247169,1.583531,269.1831
136.9845: 0.2283497,3.237484,1.587899,270.6312
137.2067: -0.03620398,3.238164,1.599841,265.5626
137.4289: -0.3009881,3.245494,1.555268,254.7164
137.6511: -0.5632887,3.244984,1.581187,242.9142
137.8733: -0.8090326,3.231607,1.574118,254.3513
138.0956: -1.041481,3.181258,1.569395,266.1696
138.3178: -1.256169,3.1293,1.594856,263.246
138.54: -1.449615,3.104196,1.575048,260.0854
138.7622: -1.665345,3.108857,1.560226,263.6799
138.9845: -1.875394,3.108681,1.58551,264.6392
139.2067: -2.064097,3.088832,1.571021,264.2378
139.4289: -2.237077,3.050014,1.581308,265.3433
139.6511: -2.360949,3.030621,1.594454,265.4413
139.8733: -2.42054,3.03361,1.602442,266.039
Trial Result: Success object: Stove | Time Spent: 11.12719
Trial No.:9 Ends
Trial No.:15 Begins
User confirmed on object: Wheelbarrow, this maze officially starts.
156.1956: 0.2910322,-0.05047322,1.641014,271.1725
156.4178: 0.279452,-0.04398043,1.644123,271.0434
156.64: 0.2649227,-0.04213543,1.635525,271.6998
156.8622: 0.2375033,-0.05460135,1.607261,262.7183
157.0844: 0.2319924,-0.1038793,1.601038,218.298
157.3067: 0.2492079,-0.09933163,1.59901,189.533
157.5289: 0.2885279,-0.08306614,1.595734,160.6321
157.7511: 0.2898144,-0.06691087,1.599621,157.1921
157.9733: 0.1947116,-0.0387529,1.600773,220.9475
158.1956: 0.1725018,0.02126327,1.605091,274.9932
158.4178: 0.1733969,0.01831124,1.597093,308.8156
158.64: 0.1468352,0.03365665,1.577311,329.2862
158.8622: 0.1199936,0.09658888,1.559039,348.8643
159.0844: 0.1214617,0.1792686,1.560939,9.497745
159.3067: 0.1290935,0.2683406,1.585329,33.50173
159.5289: 0.09177988,0.3915628,1.580786,45.70433
159.7511: 0.03814938,0.5128163,1.580622,63.05201
159.9733: 0.02907096,0.6251853,1.593197,83.82796
160.1956: 0.05985828,0.7289361,1.579106,92.37363
160.4178: 0.1197473,0.8409344,1.577616,90.55872
160.64: 0.1597141,0.9291726,1.585845,87.14066
160.8622: 0.1475216,1.012043,1.591709,60.30437
161.0844: 0.05355746,1.071571,1.601185,355.1689
161.3067: -0.007302895,1.071867,1.597446,318.0835
161.5289: -0.02180581,1.066161,1.598694,264.6434
161.7511: -0.01943143,1.09763,1.597591,243.6126
161.9733: -0.03744539,1.143164,1.601837,259.539
162.1956: -0.01922997,1.26213,1.590835,320.3427
162.4178: 0.02153366,1.399647,1.574466,354.4913
162.64: 0.03778612,1.583304,1.588351,2.43089
162.8622: 0.02252723,1.799282,1.574734,6.461635
163.0844: -0.01267332,2.035897,1.581871,14.7263
163.3067: -0.008869675,2.229998,1.597745,30.35597
163.5289: 0.02909026,2.402824,1.572303,52.06094
163.7511: 0.08803682,2.585884,1.584641,67.73141
163.9733: 0.1451713,2.742347,1.590037,85.12835
164.1956: 0.2109765,2.914542,1.568789,98.51411
164.4178: 0.300177,3.088948,1.591852,102.4297
164.64: 0.3989093,3.201313,1.596544,94.50855
164.8622: 0.4058832,3.188108,1.596339,140.0735
165.0844: 0.315066,3.224607,1.599841,207.2839
165.3067: 0.240778,3.290742,1.594966,247.3512
165.5289: 0.1653738,3.309116,1.583822,257.8652
165.7511: 0.08109654,3.267677,1.594275,251.2727
165.9733: 0.01754595,3.165673,1.590541,231.6762
166.1956: 0.01803621,2.996193,1.569941,194.9861
166.4178: 0.01742652,2.7945,1.576042,182.739
166.64: -0.01737669,2.578253,1.586385,179.3027
166.8622: -0.07201972,2.361375,1.563848,177.0639
167.0844: -0.1021773,2.131084,1.592683,174.2001
167.3067: -0.09643885,1.900572,1.574327,176.2543
167.5289: -0.07791376,1.663679,1.586678,187.3856
167.7511: -0.07456411,1.452279,1.596269,193.7718
167.9733: -0.09321119,1.261835,1.578202,195.4945
168.1956: -0.1212659,1.117599,1.596088,209.384
168.4178: -0.1357989,1.043421,1.598183,241.9476
168.64: -0.1200218,0.9530693,1.597721,246.0524
168.8622: -0.05702627,0.7926505,1.582023,203.9413
169.0844: -0.04053471,0.6404754,1.570976,186.4442
169.3067: -0.06104602,0.4643102,1.571276,176.4767
169.5289: -0.07238847,0.2605481,1.577191,172.7207
169.7511: -0.06305567,0.03177958,1.564984,181.758
169.9733: -0.06016694,-0.2011528,1.580588,204.0539
170.1956: -0.09619511,-0.400957,1.587423,221.9241
170.4178: -0.1776181,-0.5670669,1.56848,241.8743
170.64: -0.2750854,-0.6934393,1.581874,269.5538
170.8622: -0.3772195,-0.8086722,1.583225,281.0192
171.0844: -0.4909784,-0.9646189,1.579249,259.1196
171.3067: -0.5979861,-1.121133,1.588393,206.4503
171.5289: -0.717255,-1.207624,1.580931,174.6747
171.7511: -0.8430612,-1.281383,1.585744,150.6673
171.9733: -0.8649836,-1.294058,1.59089,100.9965
172.1956: -0.8698047,-1.298155,1.585349,75.40944
172.4178: -0.8376037,-1.361004,1.585997,82.46742
172.64: -0.8176495,-1.442865,1.588474,76.97451
172.8622: -0.83267,-1.561219,1.57901,77.8467
173.0844: -0.8681794,-1.744765,1.57815,122.2314
173.3067: -0.8857172,-1.902232,1.576774,152.2519
173.5289: -0.8449078,-2.075223,1.563171,153.4014
173.7511: -0.7847859,-2.277786,1.573444,144.1865
173.9733: -0.7272477,-2.455093,1.573721,124.1823
174.1956: -0.6703883,-2.624578,1.557006,101.4664
174.4178: -0.5919375,-2.774684,1.579001,80.83231
174.64: -0.4666211,-2.887599,1.568633,72.47177
174.8622: -0.2940502,-2.956774,1.56925,76.73219
175.0844: -0.09883155,-3.009662,1.586541,83.73672
175.3067: 0.1111312,-3.050463,1.567018,83.78419
175.5289: 0.3583449,-3.097224,1.561335,80.22249
175.7511: 0.6056846,-3.115893,1.585585,73.64339
175.9733: 0.8269798,-3.101744,1.559381,62.11502
176.1956: 1.06685,-3.084174,1.570166,66.48143
176.4178: 1.269776,-3.082261,1.589515,62.39378
176.64: 1.401574,-3.066084,1.579276,22.15099
176.8622: 1.49103,-3.073955,1.579036,345.8347
177.0844: 1.550087,-3.076118,1.579503,334.4627
177.3067: 1.542748,-3.073054,1.579496,329.744
177.5289: 1.394281,-3.11329,1.574823,289.1795
177.7511: 1.212883,-3.151567,1.570537,271.1608
177.9733: 1.005595,-3.150865,1.573023,267.7717
178.1956: 0.7646037,-3.120399,1.558218,272.0497
178.4178: 0.4926862,-3.079885,1.567688,271.7183
178.64: 0.2102717,-3.065489,1.587735,271.1742
178.8622: -0.06014258,-3.060607,1.574262,275.0384
179.0844: -0.3236579,-3.049706,1.582461,280.2139
179.3067: -0.5935378,-3.039171,1.570593,282.7415
179.5289: -0.849501,-3.048393,1.591095,292.566
179.7511: -1.060521,-3.091304,1.580553,307.9192
179.9733: -1.247746,-3.118967,1.588971,328.6274
180.1956: -1.419867,-3.118394,1.583109,346.9231
180.4178: -1.570757,-3.113934,1.603759,2.388883
180.64: -1.709823,-3.134275,1.601071,11.56054
Trial Result: Success object: Mailbox | Time Spent: 24.70986
Trial No.:15 Ends
Trial No.:23 Begins
User confirmed on object: Chair, this maze officially starts.
193.6067: 0.8796536,-3.287568,1.625566,354.7104
193.8289: 0.8801591,-3.278278,1.632341,357.7329
194.0511: 0.8978174,-3.269308,1.627591,10.48193
194.2733: 0.9000679,-3.249248,1.614289,10.8016
194.4956: 0.850447,-3.209435,1.588916,335.6015
194.7178: 0.783762,-3.226962,1.576747,280.7788
194.94: 0.7574744,-3.224102,1.582056,265.6687
195.1622: 0.7522889,-3.214042,1.580865,272.827
195.3844: 0.7584363,-3.207758,1.582313,282.8636
195.6067: 0.7591472,-3.202806,1.583447,288.025
195.8289: 0.8057525,-3.160911,1.589919,329.0622
196.0511: 0.9047398,-3.193547,1.593215,36.77108
196.2733: 0.9347312,-3.250244,1.589621,75.70522
196.4956: 0.9332063,-3.230966,1.593738,63.23995
196.7178: 0.9076377,-3.184486,1.598215,27.05944
196.94: 0.7564914,-3.180034,1.593062,322.5862
197.1622: 0.6062233,-3.232334,1.582737,285.9169
197.3844: 0.4554967,-3.244263,1.58775,276.5508
197.6067: 0.3226545,-3.223542,1.590924,277.3984
197.8289: 0.1959185,-3.176102,1.582117,276.0038
198.0511: 0.0649156,-3.144469,1.587027,275.0477
198.2733: -0.07358631,-3.156156,1.573783,269.4583
198.4956: -0.2518662,-3.184071,1.569692,276.5261
198.7178: -0.4226564,-3.155217,1.595318,300.9419
198.94: -0.5174741,-3.072556,1.588597,338.1203
199.1622: -0.5953828,-2.971661,1.579697,349.1081
199.3844: -0.6642462,-2.841467,1.590513,353.4514
199.6067: -0.7275994,-2.68749,1.583691,357.9799
199.8289: -0.8062729,-2.485806,1.568385,0.7705692
200.0511: -0.8578802,-2.272439,1.593815,7.205665
200.2733: -0.8646989,-2.080809,1.584502,11.60201
200.4956: -0.8739536,-1.870336,1.565668,345.4757
200.7178: -0.8811521,-1.67691,1.591141,310.3277
200.94: -0.8905276,-1.521975,1.583668,293.8218
201.1622: -0.9251912,-1.382703,1.56235,277.2639
201.3844: -0.9638209,-1.232986,1.583818,272.8706
201.6067: -0.8994404,-1.058873,1.607976,346.0281
201.8289: -0.8032312,-1.067615,1.608998,68.63641
202.0511: -0.7940265,-1.048264,1.605976,93.82159
202.2733: -0.751189,-1.007344,1.601102,89.31321
202.4956: -0.6501675,-0.9926798,1.594853,81.54525
202.7178: -0.4593467,-1.020899,1.595563,77.22819
202.94: -0.2816845,-1.042505,1.610147,69.7183
203.1622: -0.1955129,-0.9710349,1.601861,36.58586
203.3844: -0.164712,-0.8468736,1.57845,3.305274
203.6067: -0.1194602,-0.6719781,1.579627,352.8708
203.8289: -0.08482458,-0.5107077,1.587257,336.5905
204.0511: -0.03553988,-0.3495399,1.579768,335.9352
204.2733: 0.02198973,-0.1574663,1.567716,338.8304
204.4956: 0.07613225,0.0440199,1.589561,356.894
204.7178: 0.09782831,0.2206069,1.584563,20.83722
204.94: 0.08935313,0.399222,1.572835,47.40514
205.1622: 0.08145626,0.5698851,1.598201,71.00984
205.3844: 0.1059283,0.6952199,1.596228,86.43961
205.6067: 0.1631994,0.7892799,1.585587,85.88657
205.8289: 0.241872,0.8649679,1.597691,87.71326
206.0511: 0.3027299,0.8963345,1.601425,109.7949
206.2733: 0.2711324,0.9133244,1.611535,168.4921
206.4956: 0.2279815,0.9979188,1.61234,221.7086
206.7178: 0.1971416,1.056342,1.608944,245.4122
206.94: 0.1599887,1.106276,1.602941,264.4535
207.1622: 0.1333253,1.13799,1.604379,284.7898
207.3844: 0.1376966,1.154953,1.600418,315.6974
207.6067: 0.1353388,1.183057,1.597391,335.1138
207.8289: 0.1081782,1.245891,1.587511,343.1783
208.0511: 0.1040551,1.36672,1.575971,352.1788
208.2733: 0.1056184,1.52179,1.576367,353.4206
208.4956: 0.06853215,1.69949,1.560478,348.4265
208.7178: 0.01793557,1.921618,1.566586,357.0934
208.94: 0.002676848,2.142155,1.587163,5.046328
209.1622: -0.03560083,2.33962,1.57128,328.9438
209.3844: -0.03479007,2.518321,1.575014,292.6076
209.6067: -0.06058352,2.67027,1.595539,269.2269
209.8289: -0.1212947,2.781016,1.578789,256.2452
210.0511: -0.1681715,2.823589,1.591264,221.6153
210.2733: -0.1356311,2.873647,1.598157,161.1785
210.4956: -0.1421498,2.97016,1.591593,117.6396
210.7178: -0.1708932,3.04393,1.595997,98.7732
210.94: -0.1771764,3.100877,1.604894,96.81178
211.1622: -0.1371175,3.131585,1.608363,94.98312
211.3844: -0.02111015,3.175245,1.598353,97.86446
211.6067: 0.1438206,3.204869,1.603855,101.5049
211.8289: 0.3299104,3.198135,1.600231,108.241
212.0511: 0.543213,3.163743,1.563438,109.5148
212.2733: 0.7724925,3.120285,1.592421,108.7746
212.4956: 0.9682965,3.100818,1.598346,116.6165
212.7178: 1.172713,3.113905,1.573755,130.9887
212.94: 1.386131,3.130631,1.607679,148.3889
213.1622: 1.541815,3.109842,1.611299,164.1146
Trial Result: Success object: Piano | Time Spent: 19.89106
Trial No.:23 Ends
Trial No.:24 Begins
User confirmed on object: Chair, this maze officially starts.
228.14: 0.9667341,-3.380591,1.619258,350.8776
228.3622: 0.9618421,-3.370756,1.625681,350.2713
228.5845: 0.9593576,-3.356119,1.621862,350.6258
228.8067: 0.9516134,-3.339896,1.612874,348.2558
229.0289: 0.9306501,-3.316015,1.59431,335.3457
229.2511: 0.8801433,-3.324795,1.588843,288.9842
229.4733: 0.8647698,-3.341213,1.589903,261.007
229.6956: 0.8610811,-3.338694,1.594727,261.8424
229.9178: 0.8600214,-3.318804,1.59481,274.8305
230.14: 0.854228,-3.310263,1.594941,279.8847
230.3622: 0.8507284,-3.302506,1.596635,284.0067
230.5845: 0.8901953,-3.263761,1.599482,322.5358
230.8067: 0.9597368,-3.267046,1.600738,10.68896
231.0289: 1.012574,-3.311722,1.599435,54.44411
231.2511: 1.036456,-3.347921,1.595879,81.09191
231.4733: 1.043945,-3.318324,1.599419,71.78307
231.6956: 1.037509,-3.276018,1.596678,51.70702
231.9178: 1.054381,-3.215471,1.588765,42.28811
232.14: 1.125782,-3.144279,1.569912,28.17583
232.3622: 1.272971,-3.067273,1.556794,17.67555
232.5845: 1.413224,-2.954149,1.573843,6.959123
232.8067: 1.506097,-2.792654,1.559088,1.572396
233.0289: 1.57051,-2.577432,1.557058,2.75358
233.2511: 1.641834,-2.389884,1.585715,9.01915
233.4733: 1.703578,-2.222536,1.569487,15.40742
233.6956: 1.791864,-2.038004,1.559461,21.4744
233.9178: 1.820189,-1.829253,1.582325,356.8044
234.14: 1.7939,-1.683286,1.578427,314.9001
234.3622: 1.777664,-1.538893,1.57102,297.6021
234.5845: 1.770241,-1.405792,1.588119,288.4301
234.8067: 1.784579,-1.310215,1.587867,280.5515
235.0289: 1.799531,-1.235769,1.590475,280.1886
235.2511: 1.757374,-1.179933,1.586181,282.9658
235.4733: 1.62445,-1.145536,1.576851,284.491
235.6956: 1.416908,-1.125176,1.582442,288.1874
235.9178: 1.211623,-1.105425,1.588211,283.5236
236.14: 0.9907491,-1.065752,1.555842,277.0863
236.3622: 0.7625636,-1.004557,1.579319,276.2237
236.5845: 0.5716296,-0.9373542,1.585665,286.2932
236.8067: 0.4136452,-0.844068,1.575492,319.8793
237.0289: 0.2786417,-0.7479093,1.596015,344.9291
237.2511: 0.1877506,-0.6314427,1.591658,354.9563
237.4733: 0.1382402,-0.4585484,1.563174,359.1096
237.6956: 0.1215903,-0.2309231,1.578466,5.89585
237.9178: 0.0985558,-0.02092056,1.586083,9.116398
238.14: 0.03976952,0.190143,1.562219,355.2156
238.3622: -0.04708166,0.3846661,1.589335,318.9636
238.5845: -0.08867171,0.5373411,1.596896,289.4807
238.8067: -0.09432271,0.6892429,1.583157,267.9238
239.0289: -0.08772004,0.8597907,1.599957,266.1578
239.2511: -0.04615085,1.032302,1.609666,327.4652
239.4733: 0.04202288,1.051319,1.607895,51.4319
239.6956: 0.030085,1.018611,1.608401,99.25451
239.9178: 0.03347811,1.041222,1.605862,102.5403
240.14: 0.0621376,1.071952,1.607502,98.08624
240.3622: 0.08716284,1.129035,1.605707,66.31583
240.5845: 0.06825007,1.199839,1.597964,15.04321
240.8067: 0.05750661,1.28182,1.584738,356.0719
241.0289: 0.02484838,1.431006,1.564971,352.687
241.2511: -0.02061157,1.619572,1.58487,357.4196
241.4733: -0.02846208,1.815672,1.586586,8.409569
241.6956: -0.001290269,2.030445,1.556374,19.42614
241.9178: 0.04884829,2.256558,1.584743,33.90985
242.14: 0.09552637,2.453735,1.583934,53.58051
242.3622: 0.1414463,2.653366,1.572109,74.91012
242.5845: 0.2060545,2.833177,1.599251,93.73604
242.8067: 0.3012396,2.970349,1.58423,100.3209
243.0289: 0.3675736,3.035272,1.590309,121.5877
243.2511: 0.3078403,3.079676,1.605731,182.586
243.4733: 0.2306227,3.174272,1.598519,234.6024
243.6956: 0.1732572,3.221991,1.598912,253.6922
243.9178: 0.08837204,3.246711,1.598175,265.2941
244.14: -0.0570505,3.256441,1.593951,267.6981
244.3622: -0.2478908,3.241233,1.593153,261.6243
244.5845: -0.4473662,3.194664,1.587274,255.6672
244.8067: -0.6560491,3.126283,1.583147,255.4239
245.0289: -0.8697977,3.09307,1.601369,259.0507
245.2511: -1.075616,3.080508,1.577873,257.4854
245.4733: -1.261228,3.032109,1.594516,226.5288
245.6956: -1.398612,2.961204,1.600481,199.5916
245.9178: -1.513369,2.85721,1.583024,190.1137
246.14: -1.605367,2.703318,1.589839,173.5113
246.3622: -1.691366,2.562667,1.595356,156.4228
246.5845: -1.789641,2.416495,1.583374,154.4204
246.8067: -1.899159,2.25159,1.592482,170.3543
247.0289: -1.973108,2.070904,1.587855,195.2259
247.2511: -2.007042,1.866951,1.566706,216.8804
247.4733: -2.046076,1.682358,1.593758,247.9022
247.6956: -2.096736,1.565987,1.590949,272.8254
247.9178: -2.166877,1.435494,1.583784,243.8596
248.14: -2.260495,1.309809,1.58473,190.2467
248.3622: -2.411054,1.201395,1.601599,173.1139
248.5845: -2.5153,1.070653,1.598809,168.1747
248.8067: -2.565353,0.9249573,1.581092,166.879
249.0289: -2.609327,0.740056,1.599356,168.0356
249.2511: -2.668204,0.5356343,1.577115,169.4629
249.4733: -2.748452,0.3024901,1.584332,177.3363
249.6956: -2.779175,0.07678811,1.601306,179.8678
249.9178: -2.767743,-0.1448244,1.579421,178.5109
250.14: -2.729344,-0.3703632,1.603533,174.9091
250.3622: -2.681867,-0.559262,1.613255,156.8094
250.5845: -2.628486,-0.7055224,1.595212,115.1548
250.8067: -2.611893,-0.8574963,1.60426,87.52222
251.0289: -2.587582,-1.003706,1.607235,86.47222
251.2511: -2.554409,-1.141017,1.592008,91.96991
251.4733: -2.548836,-1.352548,1.595063,143.5607
251.6956: -2.572767,-1.520369,1.600527,177.5075
251.9178: -2.587991,-1.713319,1.566072,184.0368
252.14: -2.604249,-1.947738,1.575183,162.4886
252.3622: -2.589432,-2.166307,1.596526,138.9217
252.5845: -2.545194,-2.372868,1.569521,124.2915
252.8067: -2.45764,-2.579619,1.580751,105.8428
253.0289: -2.366639,-2.72572,1.58479,82.85739
253.2511: -2.268069,-2.863998,1.569858,63.27947
253.4733: -2.131459,-3.015877,1.583827,62.02332
253.6956: -1.961775,-3.114203,1.581105,74.60441
253.9178: -1.757963,-3.144695,1.568126,79.60257
254.14: -1.535229,-3.146268,1.593038,80.87457
254.3622: -1.320686,-3.148102,1.584637,78.5308
254.5845: -1.083697,-3.169415,1.568386,78.38797
254.8067: -0.8429188,-3.181951,1.591641,76.25786
255.0289: -0.627059,-3.181911,1.576808,75.84203
255.2511: -0.3965657,-3.178266,1.582617,80.62395
255.4733: -0.1481812,-3.181607,1.590021,83.20037
255.6956: 0.1013746,-3.21155,1.556023,82.87591
255.9178: 0.3647423,-3.246405,1.577735,80.28497
256.14: 0.608086,-3.242976,1.581923,74.91186
256.3622: 0.8346667,-3.204188,1.566159,66.76672
256.5844: 1.050491,-3.184112,1.585633,69.83171
256.8067: 1.23514,-3.158499,1.572768,67.3392
257.0289: 1.398973,-3.102046,1.572018,35.54635
257.2511: 1.528347,-3.019554,1.58268,0.141596
257.4733: 1.625443,-2.90052,1.568473,348.0883
257.6956: 1.693132,-2.721689,1.574811,354.3929
257.9178: 1.736159,-2.543942,1.58588,359.7654
Trial Result: Fail at object:  | Time Spent: 30
Trial No.:24 Ends
Trial No.:14 Begins
User confirmed on object: Telescope, this maze officially starts.
270.5511: -3.067475,0.07730014,1.650798,93.6027
270.7733: -3.04669,0.0766529,1.651711,90.96413
270.9956: -3.030725,0.07015332,1.642433,90.15195
271.2178: -3.004556,0.06788713,1.625206,89.02575
271.44: -2.961935,0.06524836,1.603766,85.2532
271.6622: -2.939299,0.1137788,1.600039,49.82099
271.8845: -2.946712,0.1621226,1.596298,22.31839
272.1067: -2.929624,0.1879021,1.601241,10.79713
272.3289: -2.862935,0.1903525,1.618256,29.49678
272.5511: -2.828364,0.1970668,1.621005,30.718
272.7733: -2.818002,0.2110813,1.617918,16.81975
272.9956: -2.879123,0.197394,1.607131,324.535
273.2178: -2.898936,0.1308717,1.601839,276.8923
273.44: -2.84885,0.08123342,1.599492,236.6252
273.6622: -2.825253,0.07644911,1.604872,229.0587
273.8845: -2.841873,0.1720461,1.614748,298.8167
274.1067: -2.756022,0.2027526,1.616164,19.2239
274.3289: -2.721781,0.1434344,1.605251,75.0313
274.5511: -2.754899,0.1100014,1.608922,118.8447
274.7733: -2.803112,0.09457098,1.61075,145.0459
274.9956: -2.838308,0.07382075,1.610765,160.1461
275.2178: -2.852044,0.02126657,1.603694,167.9934
275.44: -2.87321,-0.06762102,1.59983,173.2929
275.6622: -2.871659,-0.1524493,1.597437,172.2786
275.8845: -2.837567,-0.26247,1.589775,164.4178
276.1067: -2.787368,-0.3984948,1.572844,165.1407
276.3289: -2.727143,-0.5738147,1.602684,169.3143
276.5511: -2.70179,-0.7037561,1.607853,178.631
276.7733: -2.683379,-0.82354,1.596986,182.6615
276.9956: -2.620026,-0.9353706,1.609169,155.9114
277.2178: -2.533237,-0.9749408,1.608736,111.0385
277.44: -2.448236,-0.9916927,1.605046,84.26671
277.6622: -2.335454,-1.008111,1.590989,83.73302
277.8845: -2.189391,-1.014483,1.601557,97.9575
278.1067: -2.030104,-1.021249,1.602275,109.892
278.3289: -1.845363,-1.032107,1.574085,107.4557
278.5511: -1.641271,-1.064172,1.586759,102.5207
278.7733: -1.475037,-1.112786,1.597827,123.5179
278.9956: -1.318136,-1.146316,1.581473,146.741
279.2178: -1.150463,-1.168873,1.591857,171.6638
279.44: -1.012981,-1.202014,1.603654,188.3755
279.6622: -0.9044892,-1.237941,1.610638,174.3882
279.8845: -0.8199761,-1.227016,1.616262,119.9206
280.1067: -0.7914445,-1.185081,1.606931,68.83615
280.3289: -0.7607179,-1.177678,1.599457,51.2449
280.5511: -0.7053955,-1.157038,1.59199,44.20879
280.7733: -0.5947121,-1.143177,1.582605,64.58052
280.9956: -0.4772937,-1.101625,1.600444,70.61686
281.2178: -0.3911329,-1.040967,1.59944,50.04909
281.44: -0.329667,-0.9927044,1.59413,11.67138
281.6622: -0.2314876,-0.9852521,1.596636,359.0329
281.8845: -0.1462467,-0.9765675,1.601063,348.5487
282.1067: -0.09206649,-0.9448568,1.596767,340.1284
282.3289: -0.04647381,-0.8425231,1.578766,335.2489
282.5511: -0.03591521,-0.6839939,1.557284,330.8951
282.7733: -0.0283411,-0.5039183,1.586455,320.6146
282.9956: -0.003175793,-0.3515399,1.597414,307.127
283.2178: 0.0316466,-0.2053111,1.593157,289.5192
Trial Result: Success object: Wheelbarrow | Time Spent: 13.09354
Trial No.:14 Ends
Trial No.:5 Begins
User confirmed on object: Table, this maze officially starts.
298.1067: -2.035028,2.003301,1.648815,86.48747
298.3289: -2.02957,2.0096,1.65634,85.31178
298.5511: -2.011969,2.006423,1.649215,87.91085
298.7733: -1.981741,2.004074,1.612118,90.23325
298.9956: -1.948363,1.978616,1.60732,101.6154
299.2178: -1.965752,1.90799,1.597344,130.1951
299.44: -1.989887,1.870822,1.609774,156.0445
299.6622: -2.002141,1.863437,1.613212,185.7193
299.8845: -2.004748,1.873154,1.614749,208.9773
300.1067: -1.987502,1.86912,1.610647,197.1635
300.3289: -1.98535,1.87081,1.61164,184.4168
300.5511: -2.001724,1.867802,1.611064,186.5828
300.7733: -2.03759,1.87953,1.607961,216.5965
300.9956: -2.048872,1.918812,1.605194,251.4927
301.2178: -2.035269,1.917363,1.605819,245.0257
301.44: -1.998,1.86884,1.609762,192.1729
301.6622: -1.961713,1.875522,1.611526,128.1411
301.8845: -1.967453,1.923114,1.605219,66.70724
302.1067: -1.997022,1.97245,1.600855,24.7781
302.3289: -2.010633,2.005781,1.603423,8.480784
302.5511: -2.007481,2.035218,1.600772,7.143819
302.7733: -1.981123,2.047458,1.592181,21.07748
302.9956: -1.941387,2.026859,1.585803,50.56189
303.2178: -1.923304,1.979789,1.59277,74.3459
303.44: -1.929531,1.896526,1.597703,104.5273
303.6622: -1.964516,1.793594,1.589835,130.3796
303.8845: -1.976527,1.707788,1.584609,137.4974
304.1067: -1.928053,1.617497,1.569384,123.9548
304.3289: -1.824513,1.494626,1.552249,99.15327
304.5511: -1.736318,1.362639,1.57636,90.29028
304.7733: -1.68262,1.282566,1.589339,92.44849
304.9956: -1.675738,1.233642,1.593724,99.52081
305.2178: -1.700945,1.207216,1.592909,105.4842
305.44: -1.789421,1.164961,1.602069,154.3335
305.6622: -1.894574,1.180465,1.603209,203.0104
305.8845: -1.950878,1.173659,1.597383,211.2916
306.1067: -2.010622,1.12394,1.583404,203.2285
306.3289: -2.141978,1.041677,1.56899,191.0315
306.5511: -2.330447,0.9220314,1.575616,171.3795
306.7733: -2.483052,0.8325747,1.571936,163.6409
306.9956: -2.529745,0.7918674,1.558654,160.6044
307.2178: -2.395808,0.8067569,1.587567,133.6578
307.44: -2.186087,0.9239726,1.58923,78.29265
307.6622: -2.025596,1.021099,1.588894,43.06968
307.8845: -1.863393,1.061859,1.597016,37.95396
308.1067: -1.672753,1.039662,1.574621,64.60796
308.3289: -1.468201,1.001303,1.571691,70.03481
308.5511: -1.250168,0.9684866,1.592151,74.51261
308.7733: -1.048995,0.9454201,1.585599,88.36306
308.9956: -0.8341544,0.9572874,1.575353,88.99054
309.2178: -0.6310636,0.9882432,1.600068,73.73808
309.44: -0.446238,0.9772386,1.593486,70.84258
309.6622: -0.2477471,0.9198271,1.581256,91.15149
309.8845: -0.07347937,0.8946174,1.600884,92.47446
310.1067: 0.07255336,0.890441,1.59738,90.76735
310.3289: 0.2569036,0.9193347,1.572864,93.47791
310.5511: 0.4747307,0.9691849,1.597169,96.32641
310.7733: 0.6821942,0.9983914,1.610931,101.1949
310.9956: 0.8825496,1.011364,1.577517,107.6753
311.2178: 1.098749,1.00736,1.579627,112.3758
311.44: 1.268578,1.005306,1.595748,116.4456
311.6622: 1.409028,1.020293,1.59772,113.3326
311.8845: 1.551477,1.054858,1.596905,101.9088
312.1067: 1.684482,1.064053,1.606112,99.49113
312.3289: 1.760956,1.029384,1.603573,126.0415
312.5511: 1.764003,1.006724,1.599504,161.6606
312.7733: 1.756321,1.004493,1.596808,173.9609
Trial Result: Success object: Bookshelf | Time Spent: 15.08176
Trial No.:5 Ends
Trial No.:17 Begins
User confirmed on object: Harp, this maze officially starts.
322.5844: 1.688896,-1.292186,1.630668,359.2695
322.8067: 1.698974,-1.283695,1.632809,3.843513
323.0289: 1.71564,-1.277448,1.629286,12.70159
323.2511: 1.715429,-1.259443,1.617665,10.99563
323.4733: 1.727782,-1.226235,1.590386,17.29889
323.6956: 1.77111,-1.19714,1.584395,35.24814
323.9178: 1.853839,-1.163359,1.57515,37.68736
324.14: 1.985095,-1.111762,1.560006,29.83477
324.3622: 2.1247,-1.038211,1.569744,18.42689
324.5844: 2.25146,-0.9321847,1.566392,17.32369
324.8067: 2.369682,-0.7672352,1.548459,13.05037
325.0289: 2.466078,-0.5723377,1.579631,2.667081
325.2511: 2.541696,-0.3774939,1.58231,356.1868
325.4733: 2.622797,-0.1525527,1.55922,355.1847
325.6956: 2.68998,0.09351774,1.586174,354.9977
325.9178: 2.713532,0.3454525,1.573345,352.4227
326.14: 2.706517,0.6155201,1.579079,352.1331
326.3622: 2.716086,0.8784437,1.602151,353.4166
326.5844: 2.740694,1.138134,1.566142,354.6376
326.8067: 2.7682,1.402869,1.58948,353.9129
327.0289: 2.77773,1.652357,1.594233,352.6793
327.2511: 2.745907,1.899196,1.573567,338.2703
327.4733: 2.712442,2.124665,1.601255,314.9421
327.6956: 2.698841,2.351205,1.589872,300.3798
327.9178: 2.669808,2.570625,1.584869,279.1462
328.14: 2.635462,2.671099,1.601202,258.5851
328.3622: 2.640721,2.62479,1.605532,230.5954
328.5844: 2.703789,2.481588,1.605564,194.229
328.8067: 2.766871,2.325484,1.600919,178.2221
329.0289: 2.774193,2.160378,1.598108,178.9554
329.2511: 2.718672,1.983056,1.576439,196.5425
329.4733: 2.660801,1.782267,1.583509,197.4269
329.6956: 2.659382,1.544907,1.592984,186.842
329.9178: 2.699643,1.278212,1.565363,178.2227
330.14: 2.730922,0.9899469,1.596527,180.096
330.3622: 2.730746,0.716611,1.580292,183.1336
330.5844: 2.701628,0.4224064,1.577182,185.4416
330.8067: 2.664889,0.1234151,1.587637,192.3611
331.0289: 2.61732,-0.169995,1.554461,207.8243
331.2511: 2.539601,-0.431119,1.59394,227.7201
331.4733: 2.428017,-0.6320757,1.566952,247.8524
331.6956: 2.29916,-0.797303,1.575217,268.5222
331.9178: 2.186137,-0.9373066,1.587974,287.3546
332.14: 2.08101,-1.068716,1.572814,308.1904
332.3622: 1.997316,-1.173664,1.596788,334.594
332.5844: 1.923315,-1.24487,1.600306,338.9956
332.8067: 1.794428,-1.329446,1.597987,277.1033
333.0289: 1.752988,-1.431635,1.599524,191.4183
333.2511: 1.728658,-1.463237,1.594696,140.5693
333.4733: 1.700795,-1.572018,1.582947,131.1157
333.6956: 1.729636,-1.746118,1.549057,127.5575
333.9178: 1.796081,-1.958439,1.560801,118.6414
334.14: 1.816691,-2.166897,1.578394,121.8304
334.3622: 1.82971,-2.379094,1.543249,115.1727
334.5844: 1.858377,-2.571504,1.559359,102.3404
334.8067: 1.897661,-2.703793,1.578353,99.62415
335.0289: 1.908748,-2.816898,1.586439,138.5243
335.2511: 1.84803,-2.876128,1.587524,205.7754
335.4733: 1.809363,-2.884903,1.580633,253.2307
335.6956: 1.733929,-2.922295,1.570774,266.6556
335.9178: 1.598102,-2.946884,1.567912,277.7285
336.14: 1.443871,-2.988964,1.573581,284.3701
336.3622: 1.242794,-3.073311,1.550811,273.5451
336.5844: 1.028551,-3.160818,1.56989,268.7891
336.8067: 0.8017418,-3.201729,1.587052,267.5551
337.0289: 0.5569973,-3.201176,1.55458,270.0865
337.2511: 0.3058706,-3.176895,1.584038,276.0646
337.4733: 0.06501365,-3.166681,1.579077,280.1024
337.6956: -0.1891776,-3.177166,1.568206,280.6401
337.9178: -0.4768406,-3.188175,1.597102,270.1122
338.14: -0.7014349,-3.175755,1.566564,264.399
338.3622: -0.9145476,-3.132745,1.584337,270.4901
338.5844: -1.061933,-3.095389,1.597778,288.3644
338.8067: -1.191615,-3.071682,1.595187,308.0408
339.0289: -1.248612,-3.048807,1.604362,355.3917
339.2511: -1.283356,-3.028006,1.599808,22.81822
339.4733: -1.248765,-2.969452,1.590038,20.50609
339.6956: -1.163651,-2.889781,1.582927,10.40967
339.9178: -1.086725,-2.771784,1.579321,2.070273
340.14: -1.020288,-2.589654,1.553689,358.4876
340.3622: -0.9752904,-2.350127,1.576956,1.206332
340.5844: -0.9338102,-2.169374,1.587541,3.31815
340.8067: -0.9127487,-1.974488,1.559211,346.1711
341.0289: -0.8975036,-1.76175,1.574752,318.3432
341.2511: -0.9293044,-1.576768,1.589391,300.6161
341.4733: -1.009229,-1.435711,1.565606,291.8467
341.6956: -1.122379,-1.31899,1.582399,283.1771
341.9178: -1.207956,-1.213111,1.589541,277.9185
342.14: -1.275236,-1.132618,1.585226,264.4838
342.3622: -1.346468,-1.053242,1.589504,250.0054
342.5844: -1.385985,-1.043097,1.605046,222.9849
342.8067: -1.327432,-1.053431,1.594635,170.3783
343.0289: -1.295956,-0.9893849,1.587768,127.1851
343.2511: -1.261779,-0.9383788,1.589579,104.9067
343.4733: -1.203113,-0.9099953,1.587226,82.59839
343.6956: -1.084772,-0.911737,1.578772,72.16631
343.9178: -0.9362069,-0.8876981,1.576126,66.11053
344.14: -0.7716064,-0.8689982,1.576532,56.69681
344.3622: -0.5836247,-0.8512613,1.546331,44.66991
344.5844: -0.3725288,-0.8220719,1.573377,42.12563
344.8067: -0.2099499,-0.7917485,1.598898,68.15869
345.0289: -0.1161615,-0.6768439,1.583798,61.84772
345.2511: -0.07389084,-0.4602632,1.588629,13.57496
345.4733: -0.03441692,-0.2915079,1.584394,350.4937
345.6956: 0.009317532,-0.09123013,1.564399,341.8725
345.9178: 0.08472674,0.1154501,1.574723,354.1502
346.14: 0.1225722,0.2931466,1.588763,1.977753
346.3622: 0.1574565,0.4561078,1.57852,27.00759
346.5844: 0.182305,0.6110345,1.58871,64.5607
346.8067: 0.202374,0.7339353,1.599138,81.51451
347.0289: 0.2369991,0.8082466,1.597347,87.39424
347.2511: 0.2995501,0.8618982,1.590531,85.9135
347.4733: 0.3760545,0.9208442,1.598252,68.38507
347.6956: 0.4020053,0.9828482,1.609213,32.01447
347.9178: 0.3040918,0.9801953,1.605319,315.6272
348.14: 0.2585033,0.9206444,1.600476,272.795
348.3622: 0.2315107,0.9224032,1.601286,267.3135
348.5844: 0.2127073,0.9506896,1.603749,274.9441
348.8067: 0.2634904,1.029844,1.607158,322.2713
349.0289: 0.4157005,1.042584,1.596521,3.485472
349.2511: 0.5975113,1.010797,1.585954,32.35651
349.4733: 0.7926478,0.9824202,1.584094,69.63419
349.6956: 0.9869442,1.012719,1.566461,89.51257
349.9178: 1.195897,1.075466,1.586863,92.16645
350.14: 1.403033,1.094174,1.586543,91.30855
350.3622: 1.617486,1.084953,1.564649,79.58517
350.5844: 1.831211,1.085185,1.585237,54.30339
350.8067: 2.01413,1.106812,1.578944,35.97931
351.0289: 2.188428,1.167483,1.563319,22.37701
351.2511: 2.331707,1.228127,1.585092,8.881001
351.4733: 2.456457,1.292234,1.585171,358.6022
351.6956: 2.582866,1.37101,1.576266,352.343
351.9178: 2.662642,1.493408,1.57543,342.5283
352.14: 2.685645,1.671632,1.543501,333.9085
352.3622: 2.669801,1.895216,1.56926,331.2206
Trial Result: Fail at object:  | Time Spent: 30
Trial No.:17 Ends
Trial No.:16 Begins
User confirmed on object: Wheelbarrow, this maze officially starts.
365.9622: 0.3821442,-0.05839991,1.6413,269.1489
366.1844: 0.3694764,-0.05174256,1.643508,271.6557
366.4067: 0.3648118,-0.03602922,1.644522,278.4684
366.6289: 0.3623364,-0.0237753,1.642475,284.0508
366.8511: 0.3486012,-0.03095983,1.642757,276.2921
367.0733: 0.3204035,-0.04066931,1.621596,266.7911
367.2956: 0.2857548,-0.02674434,1.591358,270.6505
367.5178: 0.2694833,-0.0155903,1.594096,269.8731
367.74: 0.2698755,0.007103628,1.592315,272.2513
367.9622: 0.2735431,0.05716138,1.588575,299.2393
368.1844: 0.2734554,0.07823755,1.606465,335.0521
368.4067: 0.2681842,0.06161191,1.599764,8.921235
368.6289: 0.2681803,0.03702627,1.604142,22.10905
368.8511: 0.2857266,0.01163641,1.602448,36.63965
369.0733: 0.2751044,-0.02454624,1.593886,66.02738
369.2956: 0.2108298,-0.05596065,1.586246,99.45423
369.5178: 0.1624524,0.02500437,1.590649,61.17571
369.74: 0.09868955,0.1077575,1.598055,350.7738
369.9622: 0.1038044,0.1547671,1.595716,312.9419
370.1844: 0.1233704,0.2200514,1.578596,300.264
370.4067: 0.1214117,0.3150319,1.574848,302.9112
370.6289: 0.06676583,0.435127,1.553572,296.342
370.8511: -0.03158677,0.571201,1.569007,279.237
371.0733: -0.1104112,0.6981822,1.582125,265.3386
371.2956: -0.1290103,0.7932013,1.592015,269.2242
371.5178: -0.06999803,0.860238,1.604746,304.1411
371.74: 0.04241122,0.8760451,1.608999,8.675291
371.9622: 0.1084512,0.8435272,1.608049,56.80847
372.1844: 0.143787,0.8526058,1.596681,69.91018
372.4067: 0.2109182,0.8559107,1.581773,79.71075
372.6289: 0.2962261,0.8587835,1.579441,93.15257
372.8511: 0.3916803,0.8971144,1.579676,96.24646
373.0733: 0.5096803,0.9682735,1.576516,90.96655
373.2956: 0.6572056,1.017572,1.589038,85.38247
373.5178: 0.8456805,1.028548,1.56945,79.8419
373.74: 1.091876,1.002042,1.551571,75.45322
373.9622: 1.338974,0.967355,1.584798,78.02014
374.1844: 1.553882,0.957422,1.578185,74.71148
374.4067: 1.776011,0.996742,1.568148,61.21391
374.6289: 1.975879,1.047216,1.590806,39.35049
374.8511: 2.160192,1.110191,1.575446,20.95892
375.0733: 2.358534,1.191923,1.557795,359.6777
375.2956: 2.53331,1.273714,1.587604,350.9089
375.5178: 2.647006,1.307852,1.600564,18.61644
375.74: 2.705231,1.241241,1.604906,94.50988
375.9622: 2.649495,1.165493,1.600461,158.4785
376.1844: 2.618963,1.09702,1.589576,185.3428
376.4067: 2.613119,0.9875441,1.579428,188.6623
376.6289: 2.621564,0.8557815,1.586941,185.544
376.8511: 2.654841,0.6928999,1.572749,180.5891
377.0733: 2.699025,0.4980717,1.577774,184.5302
377.2956: 2.706142,0.2866172,1.588978,192.3423
377.5178: 2.6645,0.07426685,1.562164,200.093
377.74: 2.585918,-0.1510769,1.567731,207.8742
377.9622: 2.509288,-0.3501398,1.583213,215.2182
378.1844: 2.417424,-0.5396049,1.564209,230.6537
378.4067: 2.317608,-0.7103888,1.571978,260.7207
378.6289: 2.222975,-0.8290046,1.586754,284.1473
378.8511: 2.107184,-0.9307618,1.569262,281.5469
379.0733: 1.96403,-1.070457,1.584156,231.4898
379.2956: 1.897793,-1.179498,1.600809,161.9333
379.5178: 1.828661,-1.248346,1.588981,145.1773
379.74: 1.788398,-1.320682,1.583264,149.4589
379.9622: 1.778575,-1.433427,1.565872,161.1931
380.1844: 1.810519,-1.608109,1.565474,165.1918
380.4067: 1.841856,-1.799863,1.574632,154.0974
380.6289: 1.840466,-1.998835,1.555684,140.3986
380.8511: 1.802871,-2.229038,1.538631,126.5435
381.0733: 1.766721,-2.411818,1.568862,124.3003
381.2956: 1.706487,-2.560266,1.573357,168.5272
381.5178: 1.638035,-2.659428,1.574418,227.197
381.74: 1.608712,-2.76006,1.583537,263.1636
381.9622: 1.553845,-2.849154,1.588129,276.0899
382.1844: 1.447305,-2.906744,1.578826,285.4404
382.4067: 1.273283,-2.953066,1.558836,275.6309
382.6289: 1.065212,-2.977327,1.580063,266.0058
382.8511: 0.8551233,-3.012462,1.582509,256.2864
383.0733: 0.6327682,-3.046214,1.563631,257.856
383.2956: 0.4058933,-3.061694,1.590303,272.5939
383.5178: 0.2079074,-3.058214,1.587504,282.5202
383.74: 0.007340774,-3.043541,1.567137,282.4602
383.9622: -0.197383,-3.028989,1.588197,276.9328
384.1844: -0.371392,-3.02451,1.589924,274.3254
384.4067: -0.5445573,-3.008061,1.577168,292.5583
384.6289: -0.6856239,-2.978503,1.601068,336.5146
384.8511: -0.7955971,-2.959844,1.604939,357.965
385.0733: -0.9160295,-2.929816,1.595888,350.8933
385.2956: -1.0839,-2.927305,1.583856,302.1785
385.5178: -1.228403,-2.922029,1.594589,269.0736
385.74: -1.392625,-2.90581,1.592715,265.0114
385.9622: -1.584143,-2.895462,1.571885,283.8527
386.1844: -1.785804,-2.905349,1.590805,298.532
386.4067: -1.947144,-2.888189,1.599594,313.0205
386.6289: -2.068424,-2.860181,1.58775,323.8155
386.8511: -2.127676,-2.847772,1.596277,2.074737
387.0733: -2.180329,-2.886669,1.594962,34.18603
387.2956: -2.253791,-2.898904,1.58947,41.84293
387.5178: -2.352254,-2.858197,1.587619,15.30055
387.74: -2.438148,-2.809818,1.590768,349.4682
387.9622: -2.512494,-2.749221,1.580217,324.0235
388.1844: -2.558508,-2.631941,1.563815,314.5052
388.4067: -2.604567,-2.446869,1.554075,305.6207
388.6289: -2.66217,-2.250395,1.591827,292.0345
388.8511: -2.716929,-2.140798,1.606675,280.3096
389.0733: -2.748638,-2.10145,1.605163,278.4302
Trial Result: Success object: Plant | Time Spent: 23.45633
Trial No.:16 Ends
Trial No.:18 Begins
User confirmed on object: Harp, this maze officially starts.
401.3067: 1.75295,-1.236596,1.609863,352.3615
401.5289: 1.738901,-1.250864,1.642728,355.9442
401.7511: 1.724468,-1.265105,1.643241,359.422
401.9733: 1.714834,-1.265493,1.639993,357.8271
402.1956: 1.71258,-1.235689,1.619505,351.1662
402.4178: 1.660199,-1.224356,1.599693,305.2363
402.64: 1.64197,-1.225835,1.598937,274.9591
402.8622: 1.632081,-1.208836,1.597564,272.35
403.0844: 1.645254,-1.187203,1.600831,286.1436
403.3067: 1.698502,-1.170919,1.605124,319.7875
403.5289: 1.770672,-1.176058,1.605159,10.44349
403.7511: 1.808673,-1.217726,1.602382,51.77687
403.9734: 1.809206,-1.232444,1.597833,62.82243
404.1956: 1.799536,-1.209062,1.598624,42.12031
404.4178: 1.802063,-1.191551,1.599238,31.26715
404.64: 1.837815,-1.172755,1.596788,36.61801
404.8622: 1.917335,-1.148487,1.589129,34.53675
405.0844: 2.042517,-1.115302,1.574411,25.6814
405.3067: 2.186617,-1.073275,1.585443,16.9966
405.5289: 2.289358,-1.037343,1.582106,5.216938
405.7511: 2.347804,-1.006436,1.574925,356.2393
405.9734: 2.343124,-0.9936514,1.575603,332.3126
406.1956: 2.341237,-0.9697895,1.57365,314.3651
406.4178: 2.38516,-0.866823,1.561011,330.6384
406.64: 2.45294,-0.7229678,1.561123,355.2599
406.8622: 2.523478,-0.5798154,1.588284,18.78556
407.0844: 2.565066,-0.4281483,1.581142,14.77503
407.3067: 2.611573,-0.2487538,1.560293,352.1995
407.5289: 2.67432,-0.05930497,1.582012,333.8537
407.7511: 2.715916,0.1157914,1.586627,326.2289
407.9734: 2.745916,0.3017445,1.563589,332.1424
408.1956: 2.724688,0.4873166,1.58218,309.6791
408.4178: 2.70986,0.6446,1.591801,282.408
408.64: 2.712887,0.8044118,1.582178,266.2538
408.8622: 2.720813,0.9634804,1.595542,261.9128
409.0844: 2.73277,1.12695,1.591457,287.1332
409.3067: 2.743454,1.280262,1.592518,319.2441
409.5289: 2.717497,1.436174,1.580212,333.8321
409.7511: 2.67123,1.617578,1.586722,344.4917
409.9734: 2.633949,1.800626,1.597385,344.218
410.1956: 2.617736,1.992424,1.571917,332.3154
410.4178: 2.616265,2.219512,1.567426,314.5554
410.64: 2.589861,2.434431,1.590056,295.3478
410.8622: 2.529292,2.610199,1.57289,278.1489
411.0844: 2.437745,2.77252,1.567645,261.8705
411.3067: 2.34163,2.917655,1.585723,249.6113
411.5289: 2.22221,3.076025,1.579694,255.0947
411.7511: 2.079923,3.225055,1.582935,259.4936
411.9734: 1.91044,3.30787,1.593362,258.628
412.1956: 1.699632,3.334131,1.563269,260.8537
412.4178: 1.443897,3.323736,1.589679,263.2542
412.64: 1.192726,3.32235,1.59939,258.4471
412.8622: 0.9603814,3.342386,1.565828,254.4913
413.0844: 0.710476,3.369471,1.5927,250.8649
413.3067: 0.4872824,3.364061,1.590863,243.5085
413.5289: 0.2970174,3.289983,1.565772,201.1255
413.7511: 0.1297637,3.258324,1.585606,182.6982
413.9734: -0.07556722,3.239101,1.584556,193.0575
414.1956: -0.3316502,3.263,1.580607,239.2903
414.4178: -0.5296344,3.254848,1.596335,248.9259
414.64: -0.7271777,3.23036,1.583836,253.8941
414.8622: -0.9236299,3.185363,1.577477,253.9639
415.0844: -1.123876,3.137741,1.601644,253.0989
415.3067: -1.274986,3.066843,1.597025,218.4888
415.5289: -1.411707,3.030638,1.592448,187.9491
415.7511: -1.549205,2.99043,1.60588,171.8418
415.9734: -1.644922,2.948982,1.602737,162.6292
416.1956: -1.709383,2.884074,1.592264,159.6664
416.4178: -1.7646,2.756947,1.57059,177.3168
416.64: -1.802628,2.563815,1.589146,191.9301
416.8622: -1.848084,2.366119,1.604451,193.6622
417.0844: -1.927545,2.169954,1.58298,194.4087
417.3067: -2.036617,1.946363,1.580324,192.9854
417.5289: -2.13086,1.708591,1.604737,188.183
417.7511: -2.225674,1.482118,1.582019,185.7498
417.9734: -2.324383,1.254312,1.588761,182.0896
418.1956: -2.416343,1.054787,1.600868,176.3167
418.4178: -2.504291,0.8729149,1.575443,168.8415
418.64: -2.59318,0.6898025,1.592413,155.5214
418.8622: -2.643925,0.5267413,1.603954,139.4013
419.0844: -2.671659,0.4011513,1.583277,121.9352
419.3067: -2.705289,0.301304,1.598158,105.3204
419.5289: -2.753718,0.2146745,1.597365,89.56239
419.7511: -2.816299,0.154604,1.604295,52.90819
419.9734: -2.866822,0.09542827,1.607473,42.32576
420.1956: -2.893115,0.06316398,1.605513,47.22188
Trial Result: Success object: Telescope | Time Spent: 19.20297
Trial No.:18 Ends
Trial No.:1 Begins
User confirmed on object: Stove, this maze officially starts.
430.54: -2.438917,3.085261,1.619978,262.8524
430.7622: -2.441594,3.075619,1.639291,262.2904
430.9845: -2.438621,3.077229,1.641661,264.4168
431.2067: -2.435418,3.083034,1.639471,270.3253
431.4289: -2.449123,3.082468,1.625341,269.8162
431.6511: -2.463491,3.084548,1.611392,264.265
431.8734: -2.464597,3.099706,1.637307,261.6245
432.0956: -2.459509,3.118535,1.641425,261.8084
432.3178: -2.471046,3.130902,1.629582,265.996
432.54: -2.500786,3.118392,1.590168,269.2062
432.7622: -2.544478,3.083733,1.585065,282.1814
432.9845: -2.52411,3.091634,1.598591,340.3105
433.2067: -2.45911,3.052494,1.598124,21.8519
433.4289: -2.398295,3.006406,1.5987,56.38248
433.6511: -2.371748,2.96229,1.598885,86.32944
433.8734: -2.379784,2.967507,1.599538,104.2147
434.0956: -2.405578,2.978049,1.609403,122.9225
434.3178: -2.435884,2.976049,1.608224,134.9186
434.54: -2.461753,2.961148,1.606139,149.6749
434.7622: -2.476913,2.950303,1.604794,156.9796
434.9845: -2.462738,2.945079,1.606834,149.0795
435.2067: -2.430531,2.949528,1.605531,132.0125
435.4289: -2.395886,2.967987,1.605008,120.2062
435.6511: -2.357755,2.983714,1.60728,115.0028
435.8734: -2.329749,2.987492,1.605022,112.3554
436.0956: -2.308548,2.984792,1.598577,110.6141
436.3178: -2.272978,2.990929,1.597574,106.5758
436.54: -2.22962,2.999902,1.593178,108.6183
436.7622: -2.13647,3.002952,1.584118,108.4841
436.9845: -1.97291,2.999277,1.573576,101.4558
437.2067: -1.761983,2.992933,1.590732,96.87978
437.4289: -1.534171,3.010253,1.578669,94.12389
437.6511: -1.273477,3.049259,1.593081,93.95061
437.8734: -1.044026,3.058214,1.604117,98.18652
438.0956: -0.8390642,3.032598,1.573346,115.6274
438.3178: -0.6205453,2.981159,1.592911,137.4957
438.54: -0.4335148,2.95506,1.593522,143.7488
438.7622: -0.229061,2.982458,1.585653,113.1691
438.9845: -0.08739982,2.990111,1.607251,99.15421
439.2067: -0.007455323,2.98531,1.61652,92.13519
439.4289: 0.01114044,2.97012,1.619192,86.52989
439.6511: 0.03506383,2.900634,1.608159,110.4855
439.8734: 0.02206052,2.781318,1.595974,153.335
440.0956: 0.02903977,2.633729,1.570737,164.4351
440.3178: 0.02008123,2.429534,1.577514,170.5366
440.54: 0.002467886,2.22997,1.595191,176.9283
440.7622: -0.008968502,2.023604,1.574797,184.4911
440.9845: -0.00330919,1.81059,1.591493,185.362
441.2067: 0.02161568,1.62601,1.600194,155.5354
441.4289: 0.02775201,1.470881,1.581089,116.7264
441.6511: 0.005274272,1.302981,1.601349,96.77605
441.8734: -0.004298068,1.178751,1.603068,91.10854
442.0956: -0.03066812,1.049982,1.59282,120.4747
442.3178: -0.06782414,0.9170834,1.58208,164.7506
442.54: -0.04942181,0.7611606,1.563531,176.4549
442.7622: -0.01428446,0.561832,1.58965,175.4564
442.9845: -0.01249407,0.34997,1.589329,167.808
443.2067: -0.04713344,0.121583,1.559675,161.9674
443.4289: -0.07325085,-0.1124718,1.585883,146.1205
443.6511: -0.0577896,-0.2986135,1.585732,126.7069
443.8734: -0.01872639,-0.4757854,1.568399,111.0728
444.0956: 0.03167716,-0.6367705,1.582131,94.03564
444.3178: 0.0776401,-0.7455718,1.588437,85.62314
444.54: 0.1032641,-0.8425606,1.591457,84.0251
444.7622: 0.1245563,-0.9315181,1.605644,96.30969
444.9845: 0.1332852,-0.9648826,1.611696,102.8713
445.2067: 0.1426317,-0.973179,1.603237,102.5363
445.4289: 0.2004564,-1.001702,1.590089,100.8451
445.6511: 0.3367921,-1.02158,1.564508,103.074
445.8734: 0.5533255,-1.026504,1.576882,106.4577
446.0956: 0.7746041,-1.062293,1.592476,110.8165
446.3178: 1.001835,-1.129013,1.553275,114.6582
446.54: 1.235864,-1.21638,1.571646,117.7682
446.7622: 1.426878,-1.30447,1.574443,124.3766
446.9845: 1.577077,-1.400536,1.561269,129.7145
447.2067: 1.686666,-1.516823,1.585153,129.4554
447.4289: 1.754978,-1.654299,1.57971,111.3637
447.6511: 1.784038,-1.773513,1.586695,62.11963
447.8734: 1.759257,-1.859058,1.588917,18.89915
448.0956: 1.753819,-1.909818,1.592641,1.571506
448.3178: 1.74666,-1.935039,1.590449,349.9464
Trial Result: Success object: Well | Time Spent: 18.20372
Trial No.:1 Ends
Trial No.:12 Begins
User confirmed on object: Trashcan, this maze officially starts.
458.6289: 2.42141,1.123261,1.640472,95.15937
458.8511: 2.432651,1.117819,1.642567,100.1435
459.0733: 2.447678,1.098979,1.632768,108.9038
459.2956: 2.471881,1.092372,1.603877,103.8468
459.5178: 2.488047,1.080113,1.597317,98.72913
459.74: 2.507958,1.052999,1.594647,102.8181
459.9622: 2.528555,1.000925,1.598023,136.6207
460.1844: 2.548915,0.9813584,1.606189,170.9586
460.4067: 2.578937,0.9828538,1.60716,190.3462
460.6289: 2.573232,1.007608,1.603093,220.9763
460.8511: 2.569045,1.051569,1.599393,254.9794
461.0733: 2.567318,1.069465,1.59899,270.1936
461.2956: 2.559705,1.070356,1.599059,271.9776
461.5178: 2.547361,1.036976,1.599855,231.7994
461.74: 2.560101,1.029724,1.597461,173.8768
461.9622: 2.561647,1.089468,1.588469,115.7337
462.1844: 2.537215,1.122727,1.586925,96.79596
462.4067: 2.52467,1.130467,1.586891,101.7479
462.6289: 2.527473,1.121756,1.592751,117.1703
462.8511: 2.517229,1.089861,1.603371,159.3477
463.0733: 2.523434,1.071943,1.607057,186.7883
463.2956: 2.537251,1.045941,1.60357,196.1058
463.5178: 2.551471,1.010408,1.602967,196.0475
463.74: 2.591887,0.9524856,1.592898,183.0733
463.9622: 2.637793,0.8460488,1.583624,175.6028
464.1844: 2.653274,0.6575166,1.554633,173.476
464.4067: 2.637759,0.4011708,1.558735,178.8159
464.6289: 2.625262,0.1487196,1.584374,189.1184
464.8511: 2.633347,-0.1072296,1.550643,194.188
465.0733: 2.604887,-0.3424334,1.579715,212.8337
465.2956: 2.526753,-0.5098103,1.56801,244.1068
465.5178: 2.426482,-0.6539354,1.559608,269.5976
465.74: 2.333349,-0.7842675,1.578633,281.9323
465.9622: 2.233275,-0.9167714,1.571436,278.5323
466.1844: 2.129288,-1.060866,1.591201,254.9002
466.4067: 2.064637,-1.195513,1.604333,194.475
466.6289: 2.004965,-1.249408,1.592477,150.0355
466.8511: 1.902637,-1.292315,1.595839,147.1369
467.0733: 1.829814,-1.325765,1.591011,154.752
467.2956: 1.798006,-1.353645,1.585302,160.871
467.5178: 1.772247,-1.360975,1.570361,160.3192
467.74: 1.749408,-1.394675,1.561128,153.1073
467.9622: 1.740589,-1.534338,1.536538,148.1144
468.1844: 1.757312,-1.752375,1.543691,144.1968
468.4067: 1.761624,-1.96274,1.559511,140.0046
468.6289: 1.759495,-2.162967,1.54429,130.6342
468.8511: 1.741125,-2.344335,1.556672,124.3582
469.0733: 1.694969,-2.480098,1.586681,161.6246
469.2956: 1.64462,-2.540193,1.59603,233.6657
469.5178: 1.664369,-2.601832,1.590542,269.8441
469.74: 1.653106,-2.672133,1.582757,272.9145
469.9622: 1.641809,-2.71297,1.575482,271.2891
470.1844: 1.636255,-2.68399,1.584263,274.0944
470.4067: 1.656886,-2.525278,1.596967,305.7685
470.6289: 1.721911,-2.313958,1.587127,341.4844
470.8511: 1.777255,-2.128761,1.575679,2.097893
471.0733: 1.780382,-1.971865,1.568631,9.701679
471.2956: 1.711977,-1.794931,1.549572,350.5175
471.5178: 1.607299,-1.596882,1.573632,316.448
471.74: 1.527017,-1.434489,1.582647,294.5789
471.9622: 1.43184,-1.277114,1.574244,284.8709
472.1844: 1.308619,-1.123805,1.585857,288.2106
472.4067: 1.141738,-1.038264,1.582516,284.396
472.6289: 0.9214144,-1.009277,1.568474,274.9092
472.8511: 0.6862057,-0.9798495,1.598349,278.1206
473.0733: 0.4874085,-0.9088132,1.587469,306.5319
473.2956: 0.3154852,-0.8244825,1.567297,339.966
473.5178: 0.1269851,-0.7772373,1.589051,344.7876
473.74: -0.08190762,-0.7706334,1.588629,327.842
473.9622: -0.3094591,-0.8285447,1.590789,283.9953
474.1844: -0.5007048,-0.8871808,1.599738,243.1406
474.4067: -0.688144,-0.9117321,1.585032,219.4512
474.6289: -0.8819122,-0.9258349,1.566069,189.2626
474.8511: -1.089003,-0.9339776,1.580889,173.8005
475.0733: -1.341808,-0.953636,1.568854,201.9743
475.2956: -1.588268,-0.9717075,1.577224,237.6982
475.5178: -1.798063,-1.003318,1.591231,246.271
475.74: -1.983425,-1.043291,1.572631,233.7065
475.9622: -2.193179,-1.078101,1.571556,200.5649
476.1844: -2.38104,-1.09643,1.582024,179.9961
476.4067: -2.508462,-1.079539,1.585952,200.6678
476.6289: -2.61459,-0.9914711,1.595108,271.2124
476.8511: -2.633133,-0.9118157,1.600493,346.2979
477.0733: -2.66277,-0.8677331,1.597555,23.45944
477.2956: -2.713657,-0.7718145,1.585022,29.29304
477.5178: -2.758834,-0.6160879,1.583287,15.17749
477.74: -2.770194,-0.4360844,1.599399,11.42127
477.9622: -2.763325,-0.2365028,1.588327,18.25299
478.1844: -2.758629,-0.006241006,1.574971,26.30639
478.4067: -2.734733,0.2193325,1.60527,32.98481
478.6289: -2.687744,0.4202129,1.583692,34.92747
478.8511: -2.605839,0.6307263,1.58296,34.77561
479.0733: -2.507547,0.8208284,1.599525,40.93027
479.2956: -2.394396,0.9871265,1.589664,61.68388
479.5178: -2.289945,1.144718,1.591128,82.54517
479.74: -2.186746,1.277066,1.5998,93.68524
479.9622: -2.089224,1.4102,1.580404,87.3285
480.1844: -2.003225,1.553831,1.58887,60.71782
480.4067: -1.934696,1.665074,1.590645,53.71285
Trial Result: Success object: Table | Time Spent: 22.21165
Trial No.:12 Ends
Trial No.:22 Begins
User confirmed on object: Mailbox, this maze officially starts.
491.2845: -1.789733,-3.302314,1.638036,358.6798
491.5067: -1.777497,-3.280944,1.64658,1.014453
491.7289: -1.765208,-3.25923,1.632509,359.3635
491.9511: -1.788168,-3.235961,1.617094,333.5916
492.1733: -1.806883,-3.236843,1.612815,302.1556
492.3956: -1.796075,-3.21831,1.610314,305.6785
492.6178: -1.767539,-3.205441,1.609612,330.6747
492.84: -1.727238,-3.21418,1.6128,1.465605
493.0622: -1.693091,-3.235809,1.614265,32.52813
493.2845: -1.694854,-3.250628,1.607946,57.31095
493.5067: -1.7072,-3.249336,1.605853,77.8726
493.7289: -1.727501,-3.23907,1.602115,84.06487
493.9511: -1.746348,-3.21446,1.602334,71.92811
494.1733: -1.783274,-3.174565,1.60384,33.45956
494.3956: -1.815122,-3.166118,1.603631,5.586647
494.6178: -1.836008,-3.168054,1.608618,340.7002
494.84: -1.860146,-3.194524,1.60348,303.0959
495.0622: -1.852199,-3.197519,1.602663,297.8879
495.2845: -1.83585,-3.183927,1.60202,309.7055
495.5067: -1.809829,-3.167057,1.600153,332.2595
495.7289: -1.789027,-3.150779,1.596514,353.7746
495.9511: -1.769615,-3.134016,1.588935,7.617622
496.1733: -1.689376,-3.118294,1.578485,26.52295
496.3956: -1.538848,-3.104142,1.554713,36.23032
496.6178: -1.329612,-3.073124,1.56196,25.25016
496.84: -1.173131,-3.029154,1.59052,11.37898
497.0622: -1.087361,-2.969829,1.589649,5.052412
497.2845: -1.030344,-2.838035,1.570924,359.3419
497.5067: -0.9876509,-2.619741,1.560695,354.9543
497.7289: -0.9420337,-2.392421,1.583151,354.3845
497.9511: -0.8958809,-2.195664,1.580368,356.2525
498.1733: -0.8165158,-1.994742,1.5645,17.15182
498.3956: -0.7689315,-1.793458,1.587738,27.87651
498.6178: -0.7454492,-1.612649,1.580508,36.58834
498.84: -0.7252668,-1.450465,1.59192,56.88901
499.0622: -0.6888188,-1.329348,1.605616,71.41456
499.2845: -0.6334918,-1.244659,1.601771,76.23123
499.5067: -0.5388826,-1.192656,1.587696,78.65443
499.7289: -0.4236072,-1.153974,1.596273,80.0216
499.9511: -0.4015173,-1.074216,1.613779,33.9843
500.1733: -0.501842,-1.083449,1.614864,323.1578
500.3956: -0.5671413,-1.156745,1.605733,277.3057
500.6178: -0.6027772,-1.165796,1.600593,275.232
500.84: -0.5850874,-1.12001,1.594403,297.246
501.0622: -0.5565866,-1.077182,1.601681,306.3206
501.2845: -0.5566284,-1.046736,1.605546,307.1718
501.5067: -0.4696121,-0.9972575,1.591032,335.794
501.7289: -0.3414226,-0.9390449,1.577466,6.200438
501.9511: -0.2609894,-0.813682,1.555168,10.00232
502.1733: -0.2143921,-0.627226,1.55625,358.8037
502.3956: -0.1483184,-0.4518371,1.585035,358.0539
502.6178: -0.07913218,-0.268732,1.572065,9.968204
502.84: -0.01557465,-0.0599335,1.578389,13.95847
503.0622: 0.03028089,0.1489722,1.591105,21.93849
503.2845: 0.06242756,0.3608816,1.568048,41.32044
503.5067: 0.08510076,0.5790007,1.579597,68.08361
503.7289: 0.1236162,0.7363871,1.596438,89.15009
503.9511: 0.1744463,0.8445874,1.590435,92.73015
504.1733: 0.2579996,0.909059,1.576574,92.85881
504.3956: 0.4242491,0.9484854,1.562775,97.79938
504.6178: 0.6282129,0.9724715,1.586737,100.3793
504.84: 0.8305456,0.9995779,1.588568,106.9441
505.0622: 1.038066,1.045121,1.568564,113.8028
505.2845: 1.247724,1.09717,1.596669,102.8869
505.5067: 1.408911,1.109667,1.591705,102.2983
505.7289: 1.532963,1.077047,1.592367,127.8238
505.9511: 1.627679,1.054567,1.602322,152.9048
Trial Result: Success object: Bookshelf | Time Spent: 15.06013
Trial No.:22 Ends
Trial No.:21 Begins
User confirmed on object: Mailbox, this maze officially starts.
516.2956: -1.799546,-3.268264,1.645066,0.9893859
516.5178: -1.803391,-3.246489,1.647997,1.122339
516.74: -1.801364,-3.22527,1.63355,2.838748
516.9622: -1.830979,-3.197571,1.608133,343.0417
517.1844: -1.869687,-3.206624,1.610195,303.0123
517.4067: -1.86648,-3.194294,1.610172,299.4864
517.6289: -1.854331,-3.178436,1.609666,315.0622
517.8511: -1.834682,-3.184497,1.611955,340.4318
518.0734: -1.792922,-3.188545,1.609897,19.14176
518.2956: -1.771915,-3.198105,1.607422,57.8986
518.5178: -1.77762,-3.204446,1.604973,82.21898
518.74: -1.787449,-3.204331,1.607465,85.38901
518.9622: -1.785618,-3.191221,1.608511,77.21991
519.1844: -1.775702,-3.171518,1.605794,68.61199
519.4067: -1.744502,-3.127073,1.588891,44.47793
519.6289: -1.63765,-3.0821,1.573332,31.08637
519.8511: -1.451872,-3.025135,1.566759,27.12141
520.0734: -1.281293,-2.91934,1.57839,18.42308
520.2956: -1.155716,-2.746996,1.551322,9.785223
520.5178: -1.052486,-2.521378,1.569302,4.281087
520.74: -0.9606339,-2.321547,1.592597,7.185161
520.9622: -0.8824556,-2.096778,1.56215,13.89145
521.1844: -0.8053176,-1.854529,1.582623,21.18086
521.4067: -0.7372386,-1.632477,1.591578,35.45877
521.6289: -0.669659,-1.425681,1.56729,59.19316
521.8511: -0.59021,-1.248075,1.596775,76.38895
522.0734: -0.4860042,-1.100564,1.583301,72.53764
522.2956: -0.3519025,-0.9295318,1.563472,39.61596
522.5178: -0.2201187,-0.7612004,1.588194,15.64928
522.74: -0.1245157,-0.5688434,1.575747,3.80375
522.9622: -0.07669474,-0.3268201,1.571588,1.329506
523.1844: -0.02377101,-0.08203229,1.602787,7.797417
523.4067: 0.04095627,0.1390025,1.572536,25.37682
523.6289: 0.1212559,0.3574185,1.577678,42.56749
523.8511: 0.1953724,0.5333065,1.596769,60.33512
524.0734: 0.2639791,0.6725971,1.584585,74.90602
524.2956: 0.3411556,0.8095739,1.595487,87.47752
524.5178: 0.4459617,0.9120502,1.60242,96.0153
524.74: 0.5867302,0.9697651,1.582907,94.38814
524.9622: 0.7863526,0.9883369,1.574463,90.18922
525.1844: 1.00783,0.9927434,1.599636,87.59084
525.4067: 1.233997,1.000741,1.580894,87.14964
525.6289: 1.48068,1.022274,1.584763,86.94398
525.8511: 1.719028,1.029392,1.604541,87.94372
526.0734: 1.951812,1.025163,1.562567,89.47689
526.2956: 2.19582,1.015638,1.576183,86.70493
526.5178: 2.365014,1.019369,1.609178,85.33374
526.74: 2.460035,1.034389,1.602176,87.54067
Trial Result: Success object: Trashcan | Time Spent: 10.72853
Trial No.:21 Ends
Trial No.:7 Begins
User confirmed on object: Plant, this maze officially starts.
537.4289: -2.421466,-2.056006,1.626936,271.8246
537.6511: -2.422701,-2.05449,1.644214,270.4236
537.8734: -2.418669,-2.045375,1.643778,272.0637
538.0956: -2.419312,-2.038028,1.642204,272.8335
538.3178: -2.433238,-2.030868,1.633815,271.0595
538.54: -2.461437,-2.018847,1.610824,273.0559
538.7622: -2.490354,-2.001524,1.606922,283.8504
538.9844: -2.481695,-1.962741,1.608714,338.0985
539.2067: -2.450948,-1.990553,1.612837,24.19007
539.4289: -2.415667,-2.03898,1.614779,53.22532
539.6511: -2.405612,-2.050028,1.615539,56.80931
539.8734: -2.456149,-1.998635,1.613643,14.81463
540.0956: -2.510227,-1.96705,1.615719,353.1653
540.3178: -2.538325,-1.914042,1.601379,1.241375
540.54: -2.545701,-1.815547,1.586536,9.083714
540.7622: -2.517732,-1.673448,1.578297,22.71568
540.9844: -2.457628,-1.545571,1.596365,45.70714
541.2067: -2.385207,-1.427102,1.595785,67.23472
541.4289: -2.292197,-1.282816,1.587142,78.29025
541.6511: -2.150373,-1.16086,1.595837,92.24809
541.8734: -1.960869,-1.088861,1.570624,98.10323
542.0956: -1.716089,-1.04741,1.578697,93.79043
542.3178: -1.481368,-1.014623,1.605357,91.20215
542.54: -1.233727,-0.9774029,1.572501,89.33981
542.7622: -0.9720396,-0.9425381,1.597013,90.6567
542.9844: -0.7311938,-0.935513,1.599951,91.7506
543.2067: -0.4920323,-0.945014,1.574462,87.63416
543.4289: -0.2534984,-0.9528462,1.600584,82.49502
543.6511: -0.04890399,-0.9455748,1.593695,78.95029
543.8734: 0.08854957,-0.8972664,1.593658,56.80172
544.0956: 0.1317502,-0.8343189,1.582879,15.34005
544.3178: 0.1317508,-0.7371678,1.575131,358.5768
544.54: 0.09411897,-0.5620597,1.558622,355.5844
544.7622: 0.06166534,-0.3357624,1.583169,4.992381
544.9844: 0.07058488,-0.09807714,1.571884,15.92865
545.2067: 0.1025393,0.1603668,1.572727,21.89997
545.4289: 0.12704,0.3753889,1.598575,38.43412
545.6511: 0.1442899,0.5687138,1.573375,67.60312
545.8734: 0.1438267,0.7720881,1.584355,87.1105
546.0956: 0.1490981,0.9366503,1.603711,92.84643
546.3178: 0.1785296,1.038094,1.600564,89.47416
546.54: 0.296188,1.064297,1.584249,88.52119
546.7622: 0.5458432,1.029802,1.563962,94.59567
546.9844: 0.7895802,0.9905983,1.586575,108.2572
547.2067: 1.015299,1.002227,1.578843,112.9377
547.4289: 1.231659,1.034978,1.567719,118.8606
547.6511: 1.419478,1.029467,1.588132,139.228
547.8734: 1.565382,1.017941,1.577179,153.1915
548.0956: 1.684012,1.001975,1.583019,160.9977
548.3178: 1.793873,0.9989369,1.593774,155.921
548.54: 1.918971,1.005281,1.595785,130.5061
548.7622: 2.052702,1.023136,1.573878,101.5269
548.9844: 2.243027,1.026274,1.568029,92.84543
549.2067: 2.431827,1.013653,1.599189,88.80598
Trial Result: Success object: Trashcan | Time Spent: 12.18285
Trial No.:7 Ends
Trial No.:2 Begins
User confirmed on object: Stove, this maze officially starts.
561.7289: -2.384907,3.039621,1.619694,265.0482
561.9511: -2.384565,3.035755,1.642612,264.5695
562.1733: -2.375633,3.036355,1.64281,264.2889
562.3956: -2.388797,3.036345,1.622683,265.8559
562.6178: -2.426469,3.043227,1.589986,275.0053
562.84: -2.466207,3.05862,1.595914,305.9496
563.0623: -2.46166,3.053871,1.596455,351.6534
563.2845: -2.415007,3.002618,1.598423,32.06749
563.5067: -2.373702,2.932422,1.600137,63.48538
563.7289: -2.36074,2.897797,1.603916,86.90847
563.9511: -2.364974,2.91627,1.607684,102.4468
564.1733: -2.38434,2.923472,1.608569,116.3729
564.3956: -2.408105,2.915536,1.611685,126.8724
564.6178: -2.426836,2.900893,1.610204,140.5848
564.84: -2.43879,2.890816,1.608013,151.6939
565.0623: -2.431539,2.888044,1.607411,151.9501
565.2845: -2.411269,2.887466,1.606528,145.7951
565.5067: -2.387557,2.88848,1.604175,140.8495
565.7289: -2.353687,2.897413,1.601448,136.1447
565.9511: -2.289464,2.935159,1.593241,118.6504
566.1733: -2.195291,2.984758,1.580477,97.15506
566.3956: -2.032407,2.995637,1.561497,94.79163
566.6178: -1.812498,2.988515,1.583229,93.75807
566.84: -1.595286,3.007575,1.5973,92.90115
567.0623: -1.365016,3.063667,1.570319,91.24998
567.2845: -1.149603,3.096798,1.603992,96.37939
567.5067: -0.9609872,3.085637,1.585957,110.1482
567.7289: -0.7659084,3.03781,1.569064,130.4981
567.9511: -0.5667963,2.993473,1.593346,136.8954
568.1733: -0.3967933,3.005271,1.603667,110.3161
568.3956: -0.2573594,3.023792,1.593001,100.9928
568.6178: -0.09452207,3.044981,1.60251,98.88387
568.84: 0.06713106,3.067502,1.604982,93.76807
569.0623: 0.2430053,3.076125,1.597919,88.17229
569.2845: 0.4549565,3.065949,1.568266,86.30495
569.5067: 0.6960533,3.048051,1.587748,85.69349
569.7289: 0.9248848,3.055859,1.594454,81.00868
569.9511: 1.161265,3.069141,1.566392,87.09615
570.1733: 1.403736,3.062649,1.589561,110.5092
570.3956: 1.609808,3.02703,1.57898,137.5178
570.6178: 1.830443,2.983586,1.562805,142.6933
570.84: 2.049927,2.906513,1.582858,145.2896
571.0623: 2.229243,2.79032,1.581816,151.4752
571.2845: 2.380353,2.653205,1.573986,158.5975
571.5067: 2.480148,2.479059,1.583045,165.7947
571.7289: 2.523974,2.289855,1.524747,168.7805
571.9511: 2.533884,2.091582,1.507607,169.9335
572.1733: 2.526384,1.937427,1.542679,179.7104
572.3956: 2.515644,1.813623,1.574424,197.0947
572.6178: 2.534866,1.667281,1.582083,204.3735
572.84: 2.571771,1.521556,1.602677,202.8237
573.0623: 2.61579,1.406296,1.605811,178.4743
573.2845: 2.643145,1.315993,1.593388,141.3984
573.5067: 2.584836,1.166861,1.58573,156.951
573.7289: 2.517531,1.001503,1.600162,183.4264
573.9511: 2.519346,0.8182593,1.589765,182.7012
574.1733: 2.548132,0.5967453,1.565859,186.1356
574.3956: 2.583086,0.3520823,1.592122,187.9656
574.6178: 2.576082,0.1339959,1.590606,192.1087
574.84: 2.537812,-0.08496313,1.560324,195.8282
575.0623: 2.472523,-0.2950865,1.585345,209.6917
575.2845: 2.404786,-0.4762419,1.579243,227.7606
575.5067: 2.327003,-0.6531157,1.557654,250.7608
575.7289: 2.241754,-0.8072925,1.579386,278.9315
575.9511: 2.154084,-0.9063094,1.579968,293.6357
576.1733: 2.042639,-0.9787886,1.563259,279.0552
576.3956: 1.90969,-1.083765,1.582659,229.3159
576.6178: 1.849081,-1.147145,1.596162,160.97
576.84: 1.782994,-1.16648,1.592134,142.1356
577.0623: 1.721017,-1.199843,1.58405,149.1715
577.2845: 1.685288,-1.252198,1.576083,158.6164
577.5067: 1.706923,-1.330115,1.563862,157.5258
577.7289: 1.763861,-1.457592,1.552898,151.8976
577.9511: 1.808909,-1.644293,1.567597,150.6317
578.1733: 1.819751,-1.824768,1.568643,144.7364
578.3956: 1.800562,-2.02493,1.541847,138.0514
578.6178: 1.776301,-2.249662,1.550756,124.9409
578.84: 1.7704,-2.42229,1.570668,122.7215
579.0623: 1.728975,-2.56587,1.576179,168.9572
579.2845: 1.686223,-2.641611,1.584579,234.3781
579.5067: 1.682114,-2.704394,1.591545,268.596
579.7289: 1.653895,-2.754949,1.587956,273.3576
579.9511: 1.627431,-2.76075,1.581346,270.5768
580.1733: 1.595496,-2.781106,1.571182,265.7797
580.3956: 1.500243,-2.820868,1.549072,259.3531
580.6178: 1.32795,-2.84826,1.520169,255.3053
580.84: 1.089161,-2.862091,1.549958,260.4805
581.0623: 0.8523961,-2.905115,1.567872,266.1006
581.2845: 0.6062046,-2.977897,1.552238,271.2766
581.5067: 0.3580979,-3.034395,1.590994,273.4183
581.7289: 0.114716,-3.048599,1.562757,276.3698
581.9511: -0.1300492,-3.014343,1.574336,290.1925
582.1733: -0.331189,-2.967201,1.590253,317.9346
582.3956: -0.5277745,-2.951835,1.572179,331.6967
582.6178: -0.7884623,-2.992,1.58805,305.3729
582.84: -1.025759,-3.028473,1.598208,274.6008
583.0623: -1.266157,-3.023746,1.5674,262.4787
583.2845: -1.52045,-2.972577,1.588819,279.2088
583.5067: -1.75912,-2.938637,1.587586,296.3049
583.7289: -2.01022,-2.904909,1.561333,312.0231
583.9511: -2.22547,-2.816045,1.59563,333.82
584.1733: -2.363599,-2.679193,1.574973,353.5192
584.3956: -2.45019,-2.493731,1.57763,3.593383
584.6178: -2.520725,-2.314772,1.600325,6.975478
584.84: -2.590348,-2.105086,1.580391,5.092461
585.0623: -2.658847,-1.881207,1.593234,5.82464
585.2845: -2.672204,-1.667894,1.60732,20.57104
585.5067: -2.643808,-1.496424,1.575058,52.51086
585.7289: -2.613348,-1.306706,1.583171,68.21937
585.9511: -2.604875,-1.106758,1.595976,67.58466
586.1733: -2.636299,-0.8692496,1.578222,40.45289
586.3956: -2.692644,-0.6384645,1.594523,16.63189
586.6178: -2.717807,-0.4309042,1.608738,2.281805
586.84: -2.711055,-0.2267716,1.580001,1.600304
587.0623: -2.664375,0.001958153,1.595379,17.41579
587.2845: -2.618476,0.2149508,1.605796,30.46483
587.5067: -2.569526,0.4268421,1.586228,36.35915
587.7289: -2.495327,0.629741,1.589152,58.07891
587.9511: -2.396971,0.7597735,1.599787,92.42931
588.1733: -2.285501,0.8675432,1.573274,100.7923
588.3956: -2.152501,1.01267,1.592994,64.29149
588.6178: -2.070267,1.138662,1.608972,22.66332
588.84: -2.022424,1.240422,1.591728,345.7825
589.0623: -1.952567,1.348052,1.595823,341.6044
589.2845: -1.817542,1.414336,1.614298,21.87055
589.5067: -1.689715,1.351143,1.614628,77.13438
589.7289: -1.580251,1.263838,1.590321,90.06184
589.9511: -1.438027,1.162475,1.590727,87.38593
590.1733: -1.283889,1.099192,1.595907,80.67599
590.3956: -1.093124,1.080481,1.570826,70.41717
590.6178: -0.8691641,1.080279,1.584331,61.84117
590.84: -0.6808221,1.076287,1.596937,48.56041
591.0623: -0.5062714,1.059543,1.578788,30.81778
591.2845: -0.3191279,1.026448,1.58656,7.851075
591.5067: -0.1660597,1.019294,1.598674,0.9079146
Trial Result: Fail at object:  | Time Spent: 30
Trial No.:2 Ends
Trial No.:11 Begins
User confirmed on object: Trashcan, this maze officially starts.
602.3067: 2.414183,1.110444,1.634489,92.99825
602.5289: 2.420425,1.111202,1.63743,92.8637
602.7511: 2.433908,1.102049,1.628072,95.86855
602.9733: 2.454604,1.090743,1.610428,98.16321
603.1956: 2.471536,1.072837,1.603053,104.2237
603.4178: 2.481946,1.043064,1.622684,141.2979
603.64: 2.489305,1.042068,1.622173,181.929
603.8622: 2.478606,1.075805,1.621319,215.7073
604.0845: 2.461584,1.117949,1.611889,244.8406
604.3067: 2.461819,1.12497,1.614686,270.9621
604.5289: 2.464623,1.098314,1.614697,283.5109
604.7511: 2.465422,1.077011,1.611989,280.2194
604.9733: 2.441092,1.065575,1.611282,281.2471
605.1956: 2.46139,1.104204,1.614875,323.1285
605.4178: 2.519196,1.115578,1.606267,3.98426
605.64: 2.527397,1.124327,1.600949,7.079314
605.8622: 2.489151,1.129195,1.60718,330.0264
606.0845: 2.481052,1.137061,1.621233,317.6757
606.3067: 2.498509,1.172008,1.625206,325.9587
606.5289: 2.584523,1.259369,1.615225,348.1225
606.7511: 2.677646,1.393334,1.594392,346.0504
606.9733: 2.738978,1.562645,1.588345,341.1124
607.1956: 2.738153,1.764139,1.55833,330.2202
607.4178: 2.682835,2.006924,1.555724,319.955
607.64: 2.632438,2.241651,1.588659,312.4384
607.8622: 2.570854,2.468831,1.568197,295.2462
608.0845: 2.49306,2.689701,1.55766,267.5658
608.3067: 2.391221,2.8636,1.588408,249.2
608.5289: 2.272633,2.989394,1.570904,243.6421
608.7511: 2.100942,3.115288,1.58765,257.4025
608.9733: 1.909157,3.216057,1.599023,262.4829
609.1956: 1.707798,3.29783,1.568956,257.9221
609.4178: 1.464608,3.337433,1.589243,254.6137
609.64: 1.196064,3.325598,1.56081,252.6768
609.8622: 0.9399681,3.3094,1.595948,254.5558
610.0845: 0.711416,3.298468,1.586238,251.8462
610.3067: 0.5051422,3.258751,1.578432,213.8648
610.5289: 0.3265718,3.231441,1.599669,185.4717
610.7511: 0.1131549,3.202624,1.578835,195.2617
610.9733: -0.1406319,3.190163,1.589949,239.9018
611.1956: -0.3599025,3.181137,1.595895,260.7709
611.4178: -0.5712804,3.166437,1.565626,260.8941
611.64: -0.8013833,3.142157,1.578587,243.424
611.8622: -1.024153,3.099363,1.597608,234.1172
612.0845: -1.223489,3.019186,1.568959,224.1746
612.3067: -1.3899,2.893224,1.592464,194.4814
612.5289: -1.534005,2.756729,1.590325,175.2285
612.7511: -1.678848,2.595726,1.566702,161.8906
612.9733: -1.821072,2.40947,1.596616,170.5004
613.1956: -1.916458,2.219241,1.578194,186.3767
613.4178: -1.965336,1.985926,1.565483,191.7749
613.64: -2.038363,1.736956,1.595467,194.4105
613.8622: -2.14805,1.521524,1.576294,190.1641
614.0845: -2.30093,1.308779,1.569482,181.0612
614.3067: -2.439303,1.100544,1.597154,173.6094
614.5289: -2.533939,0.9068583,1.570431,165.1374
614.7511: -2.599023,0.7041043,1.582924,150.0213
614.9733: -2.642385,0.5448893,1.613941,121.7778
615.1956: -2.690774,0.4430112,1.612874,75.15636
615.4178: -2.769306,0.3110739,1.60523,49.74139
615.64: -2.822725,0.2145986,1.607933,41.60047
615.8622: -2.837189,0.1536949,1.60588,56.5531
616.0845: -2.852215,0.103447,1.599214,87.72519
Trial Result: Success object: Telescope | Time Spent: 14.13692
Trial No.:11 Ends
Trial No.:10 Begins
User confirmed on object: Bookshelf, this maze officially starts.
624.1733: 1.88363,1.34262,1.638179,186.1056
624.3956: 1.876775,1.33167,1.649648,188.0147
624.6178: 1.862554,1.324287,1.645261,197.7774
624.84: 1.862315,1.319616,1.642403,198.4745
625.0623: 1.877971,1.30172,1.632779,186.5178
625.2845: 1.92799,1.280557,1.618819,157.8035
625.5067: 2.001321,1.278938,1.613825,115.0718
625.7289: 2.032041,1.273482,1.611052,79.46239
625.9511: 2.022546,1.278351,1.596396,34.16782
626.1733: 2.045281,1.282712,1.585768,15.04904
626.3956: 2.119195,1.289335,1.575605,23.99441
626.6178: 2.23021,1.329297,1.567699,15.80982
626.84: 2.373433,1.387009,1.557827,355.6837
627.0623: 2.501166,1.445967,1.583954,337.0374
627.2845: 2.540027,1.457797,1.586221,306.1172
627.5067: 2.601209,1.543712,1.572718,308.3969
627.7289: 2.648383,1.725677,1.537992,322.1642
627.9511: 2.651726,1.966286,1.552005,323.4356
628.1733: 2.636265,2.195023,1.581312,317.3826
628.3956: 2.588982,2.426451,1.554744,301.8183
628.6178: 2.511993,2.64239,1.568227,276.9392
628.84: 2.400928,2.800916,1.575019,255.7371
629.0623: 2.260493,2.939579,1.569273,252.8103
629.2845: 2.107623,3.063934,1.59422,260.4691
629.5067: 1.92751,3.161233,1.577083,261.9927
629.7289: 1.713962,3.252132,1.578132,258.9587
629.9511: 1.462689,3.292395,1.588442,257.5457
630.1733: 1.197108,3.287768,1.569489,263.7796
630.3956: 0.9387422,3.268811,1.598,267.7393
630.6178: 0.7024404,3.267314,1.578283,270.0112
630.84: 0.449832,3.270741,1.576207,261.9837
631.0623: 0.2134224,3.257153,1.59889,250.9344
631.2845: -0.0196773,3.238043,1.573828,252.0482
631.5067: -0.2600984,3.215293,1.598324,266.4532
631.7289: -0.4839548,3.193447,1.597499,269.2676
631.9511: -0.7120168,3.185466,1.571845,271.4932
632.1733: -0.9456792,3.175892,1.59283,271.8155
632.3956: -1.152934,3.133275,1.587801,260.2424
632.6178: -1.320191,3.034168,1.584522,224.0901
632.84: -1.453958,2.954397,1.592689,194.3559
633.0623: -1.588565,2.871413,1.585088,178.8264
633.2845: -1.707201,2.768921,1.584033,162.1036
633.5067: -1.807756,2.617614,1.585975,170.8731
633.7289: -1.869205,2.416727,1.562159,189.926
633.9511: -1.896842,2.177362,1.591726,197.4183
634.1733: -1.948834,1.973006,1.602945,203.2563
634.3956: -2.029495,1.777683,1.577271,203.4682
634.6178: -2.133688,1.565645,1.597303,192.9278
634.84: -2.248383,1.372151,1.589473,187.3152
635.0623: -2.364754,1.16837,1.574653,180.5444
635.2845: -2.472382,0.9774636,1.599545,176.2625
635.5067: -2.574814,0.8133878,1.59321,176.417
635.7289: -2.683177,0.6776927,1.594117,184.2399
635.9511: -2.775208,0.5697569,1.612837,213.8328
636.1733: -2.810253,0.5404103,1.605744,278.2421
636.3956: -2.749098,0.4719203,1.600042,331.465
636.6178: -2.754763,0.3527607,1.601864,322.7252
636.84: -2.781654,0.1680072,1.6005,253.4149
637.0623: -2.712731,0.01912803,1.594899,181.7391
637.2845: -2.727193,-0.1183652,1.58009,163.7654
637.5067: -2.792314,-0.3148674,1.591762,179.7508
637.7289: -2.811273,-0.529886,1.597914,185.107
637.9511: -2.790891,-0.7593108,1.57364,185.2041
638.1733: -2.765022,-0.9963585,1.605023,191.0677
638.3956: -2.765691,-1.20495,1.598542,200.3741
638.6178: -2.78272,-1.408307,1.572068,209.8282
638.84: -2.79654,-1.595742,1.596408,221.1543
639.0623: -2.794028,-1.744934,1.601305,238.3736
639.2845: -2.777037,-1.879482,1.600971,259.9526
639.5067: -2.753649,-1.979512,1.597282,269.6804
639.7289: -2.730695,-2.028468,1.589863,271.7821
639.9511: -2.721426,-2.042176,1.58118,274.4496
640.1733: -2.707718,-2.039963,1.582776,274.1271
Trial Result: Success object: Plant | Time Spent: 16.25879
Trial No.:10 Ends
Trial No.:20 Begins
User confirmed on object: Well, this maze officially starts.
651.0623: 1.534671,-2.010578,1.602847,87.55166
651.2845: 1.54249,-2.010152,1.627699,86.83633
651.5067: 1.535323,-2.014622,1.633772,89.97934
651.7289: 1.531163,-2.021274,1.632793,97.17881
651.9511: 1.545553,-2.016463,1.6133,94.98763
652.1733: 1.565701,-2.009992,1.598932,89.63453
652.3956: 1.590544,-1.973341,1.592366,60.80605
652.6178: 1.593547,-1.916765,1.591122,23.36838
652.84: 1.600073,-1.874248,1.585228,8.31011
653.0623: 1.60223,-1.849851,1.590696,353.2068
653.2845: 1.598792,-1.849715,1.596788,324.05
653.5067: 1.631316,-1.848997,1.601541,313.644
653.7289: 1.686774,-1.842492,1.604577,339.6861
653.9511: 1.724277,-1.853761,1.610138,13.60888
654.1733: 1.735484,-1.870341,1.600009,49.38571
654.3956: 1.730242,-1.931365,1.603915,94.44363
654.6178: 1.696909,-2.013016,1.599516,134.9738
654.84: 1.664392,-2.064011,1.583881,171.61
655.0623: 1.670589,-2.091096,1.574994,175.4239
655.2845: 1.724292,-2.095378,1.57384,138.0637
655.5067: 1.73341,-2.12642,1.570302,125.1464
655.7289: 1.73236,-2.185709,1.571643,112.0616
655.9511: 1.750704,-2.161272,1.586569,79.21947
656.1733: 1.760104,-2.116405,1.59043,62.62465
656.3956: 1.755468,-2.019576,1.580618,38.67297
656.6178: 1.755178,-1.901856,1.580588,25.45948
656.84: 1.787254,-1.783031,1.573755,18.39639
657.0623: 1.877678,-1.650329,1.55464,12.96871
657.2845: 2.015561,-1.504537,1.568971,10.41894
657.5067: 2.123764,-1.3523,1.577158,10.08982
657.7289: 2.222977,-1.17479,1.548282,8.859388
657.9511: 2.315888,-0.9782718,1.575433,13.12079
658.1733: 2.396361,-0.7897866,1.589905,17.51101
658.3956: 2.464523,-0.5930326,1.5648,9.762266
658.6178: 2.5363,-0.3819845,1.577368,358.6678
658.84: 2.57762,-0.1708915,1.592301,350.6463
659.0623: 2.583456,0.03871906,1.563358,348.1646
659.2845: 2.568409,0.2522822,1.59029,348.8845
659.5067: 2.56733,0.4301677,1.596943,348.9112
659.7289: 2.570361,0.5815481,1.582782,345.4928
659.9511: 2.536397,0.735276,1.582323,300.8031
660.1733: 2.537866,0.9032333,1.58602,267.4395
660.3956: 2.526546,1.073192,1.586496,258.056
660.6178: 2.499635,1.282084,1.562435,270.9585
660.84: 2.502018,1.543788,1.585365,315.9421
661.0623: 2.535759,1.754822,1.58613,346.8241
661.2845: 2.538752,1.962878,1.557866,344.3801
661.5067: 2.538507,2.196505,1.571655,330.3549
661.7289: 2.501306,2.405267,1.581185,306.4394
661.9511: 2.432973,2.572385,1.549778,281.6584
662.1733: 2.349732,2.731503,1.571278,264.8058
662.3956: 2.256042,2.850957,1.581548,249.0449
662.6178: 2.156974,2.952879,1.571209,231.5448
662.84: 2.061204,3.033581,1.588884,212.1825
663.0623: 1.978004,3.077281,1.589212,200.0045
663.2845: 1.910874,3.101887,1.594548,193.556
663.5067: 1.849173,3.132116,1.606076,184.7065
663.7289: 1.806671,3.159155,1.603715,178.6931
663.9511: 1.788968,3.178051,1.603399,177.4219
664.1733: 1.782881,3.184934,1.601151,176.947
664.3956: 1.792124,3.181573,1.603096,175.0262
664.6178: 1.817981,3.174482,1.605168,163.2314
664.84: 1.834749,3.173467,1.605046,154.5519
665.0623: 1.824665,3.169808,1.601476,162.7775
665.2845: 1.798333,3.178464,1.600135,178.321
Trial Result: Success object: Piano | Time Spent: 14.49348
Trial No.:20 Ends
Trial No.:19 Begins
User confirmed on object: Well, this maze officially starts.
678.7734: 1.671562,-1.972648,1.611125,88.26833
678.9955: 1.660193,-1.966542,1.642337,89.29219
679.2178: 1.639619,-1.979013,1.645588,96.29327
679.44: 1.639844,-1.992869,1.642204,103.9308
679.6622: 1.667154,-1.993673,1.624779,96.92374
679.8845: 1.698883,-2.00422,1.598714,94.40157
680.1067: 1.720025,-2.03637,1.595801,118.789
680.3289: 1.730083,-2.05833,1.599121,159.9535
680.5511: 1.733867,-2.058528,1.594811,194.2341
680.7734: 1.691691,-2.023917,1.590468,226.3418
680.9955: 1.664469,-1.978512,1.579498,259.8724
681.2178: 1.692415,-1.954492,1.589414,302.3993
681.44: 1.752839,-1.974228,1.589079,346.9993
681.6622: 1.785447,-1.996803,1.588177,1.190877
681.8845: 1.803838,-1.993545,1.585511,358.1117
682.1067: 1.808334,-1.968742,1.591694,349.4932
682.3289: 1.807606,-1.954243,1.589971,339.7881
682.5511: 1.808927,-1.940481,1.588631,342.4021
682.7734: 1.828516,-1.916899,1.581259,359.7538
682.9955: 1.86692,-1.878695,1.569601,21.16478
683.2178: 1.898417,-1.831903,1.558895,31.54601
683.44: 1.912305,-1.779522,1.558165,31.97315
683.6622: 1.895784,-1.694927,1.556755,16.97336
683.8845: 1.860179,-1.570319,1.553451,357.5368
684.1067: 1.823635,-1.42473,1.581377,342.4113
684.3289: 1.780959,-1.329847,1.593773,313.6686
684.5511: 1.760041,-1.280107,1.597514,279.5183
684.7734: 1.75541,-1.216564,1.596595,271.1788
684.9955: 1.75227,-1.171232,1.596175,279.6599
685.2178: 1.74549,-1.155911,1.594253,280.5032
685.44: 1.727291,-1.15328,1.586013,272.0736
685.6622: 1.676368,-1.147602,1.569412,269.6611
685.8845: 1.565883,-1.130561,1.553661,279.704
686.1067: 1.370515,-1.119273,1.565272,285.1658
686.3289: 1.178271,-1.089778,1.591419,289.0386
686.5511: 0.982152,-1.045934,1.568784,296.5758
686.7734: 0.7702873,-0.9882735,1.575719,305.2277
686.9955: 0.5873474,-0.9532629,1.593584,315.1836
687.2178: 0.4238164,-0.9363909,1.58044,336.9059
687.44: 0.2534908,-0.9389013,1.58716,353.1687
687.6622: 0.07821363,-0.9412636,1.601537,330.1036
687.8845: -0.08111021,-0.9734361,1.603227,275.7479
688.1067: -0.1980687,-0.9537762,1.600476,255.0455
688.3289: -0.3126877,-0.9433513,1.599382,231.2837
688.5511: -0.3852097,-0.9627662,1.591814,199.1666
688.7734: -0.4941279,-0.9862914,1.576034,194.1544
688.9955: -0.6628458,-1.020343,1.585912,212.3582
689.2178: -0.850966,-1.027288,1.596909,245.8923
689.44: -1.04154,-1.021634,1.578223,259.4264
689.6622: -1.263674,-1.018291,1.561751,255.8412
689.8845: -1.483713,-1.019755,1.589954,249.7039
690.1067: -1.658818,-1.018508,1.588031,256.859
690.3289: -1.829784,-0.9986757,1.575136,300.7242
690.5511: -2.050356,-0.9944993,1.595446,330.8494
690.7734: -2.240336,-0.9609787,1.570597,341.98
690.9955: -2.34074,-0.9199784,1.546024,348.0905
691.2178: -2.386006,-0.8853554,1.533237,353.7296
691.44: -2.398091,-0.8623332,1.534522,354.819
691.6622: -2.354979,-0.8382264,1.55765,358.1127
691.8845: -2.242418,-0.8158002,1.58704,9.433206
692.1067: -2.104622,-0.8316905,1.597695,42.47016
692.3289: -2.021683,-0.8479939,1.578354,80.89479
692.5511: -1.896692,-0.8552777,1.568898,91.53565
692.7734: -1.692902,-0.8554722,1.549875,97.75153
692.9955: -1.475955,-0.8449792,1.570627,94.4411
693.2178: -1.27562,-0.8153766,1.571868,86.02819
693.44: -1.062888,-0.7918514,1.588364,83.16396
693.6622: -0.8215797,-0.7945098,1.57216,71.05515
693.8845: -0.5684462,-0.7980652,1.556146,47.2596
694.1067: -0.3653226,-0.7561294,1.585016,29.79891
694.3289: -0.2261839,-0.6487651,1.572573,16.75323
694.5511: -0.1416091,-0.478041,1.571738,9.737886
694.7734: -0.07002823,-0.290315,1.588747,359.0033
694.9955: -0.003484871,-0.09955144,1.578245,357.1034
695.2178: 0.08103783,0.09796362,1.576629,7.435666
695.44: 0.1334151,0.2849738,1.59089,30.00328
695.6622: 0.1494955,0.4684631,1.575113,57.96879
695.8845: 0.1544929,0.6645964,1.587728,78.42493
696.1067: 0.1904324,0.8021938,1.598166,92.55605
696.3289: 0.2575049,0.8811377,1.590981,92.86728
696.5511: 0.3335148,0.9238358,1.597797,75.58443
696.7734: 0.3481921,0.9907614,1.602568,35.28501
696.9955: 0.2838524,1.048798,1.596852,357.9157
697.2178: 0.1876239,1.114527,1.583289,346.7496
697.44: 0.07550351,1.197235,1.594722,330.4139
697.6622: -0.02622048,1.233856,1.592776,279.8861
697.8845: -0.05003253,1.316807,1.582124,250.1287
698.1067: -0.05807415,1.514862,1.576597,259.9816
698.3289: -0.03402713,1.78668,1.581821,322.1056
698.5511: -0.04715703,1.981143,1.572333,352.3625
698.7734: -0.08235556,2.145981,1.569001,12.66347
698.9955: -0.08058733,2.309213,1.587043,23.43614
699.2178: -0.1155439,2.49335,1.581583,336.5521
699.44: -0.1136212,2.631018,1.58624,275.3711
699.6622: -0.1250704,2.784023,1.59014,255.8188
699.8845: -0.1748855,2.880669,1.585287,244.6071
700.1067: -0.1532883,2.931427,1.591428,194.5969
700.3289: -0.08792396,3.053384,1.578887,135.5207
700.5511: -0.0460807,3.155231,1.591255,110.6346
700.7734: 0.02004964,3.215592,1.594863,103.9419
700.9955: 0.137001,3.247263,1.591074,99.08733
701.2178: 0.3038633,3.280096,1.588285,92.39561
701.44: 0.4777423,3.277503,1.602463,90.8528
701.6622: 0.6680241,3.237039,1.578006,92.74145
701.8845: 0.8842641,3.164199,1.572366,95.00224
702.1067: 1.109526,3.105613,1.598102,95.70271
702.3289: 1.337006,3.077667,1.570169,101.0657
702.5511: 1.582057,3.05448,1.574644,122.1499
702.7734: 1.815677,3.007758,1.596231,135.7351
702.9955: 2.024294,2.919912,1.566932,142.5328
703.2178: 2.210889,2.788094,1.586693,149.1257
703.44: 2.357007,2.639045,1.562329,159.8771
703.6622: 2.493975,2.459478,1.543203,173.5295
703.8845: 2.597317,2.252892,1.582857,186.1434
704.1067: 2.64009,2.031819,1.562943,197.6245
704.3289: 2.646675,1.786283,1.576308,208.0487
704.5511: 2.641895,1.566935,1.595127,222.3999
704.7734: 2.634711,1.348332,1.570498,237.8711
704.9955: 2.622668,1.125367,1.584687,259.6937
705.2178: 2.601174,0.8714767,1.580101,254.6557
705.44: 2.61549,0.5673789,1.567396,204.96
705.6622: 2.623179,0.3095356,1.588971,179.5186
705.8845: 2.615647,0.06192572,1.565542,178.0108
706.1067: 2.592127,-0.186079,1.571795,191.8831
706.3289: 2.520165,-0.3866728,1.580165,217.7862
706.5511: 2.421648,-0.5637393,1.55361,238.7708
706.7734: 2.310954,-0.7157843,1.574117,255.1132
706.9955: 2.211642,-0.8346596,1.582998,271.004
707.2178: 2.1213,-0.9513686,1.572053,280.1211
707.44: 2.052726,-1.159367,1.588334,215.9963
707.6622: 2.024189,-1.278702,1.584283,160.8663
707.8845: 1.939194,-1.381405,1.573179,148.5901
708.1067: 1.86353,-1.505184,1.573314,144.3459
708.3289: 1.805006,-1.683839,1.556403,161.3736
708.5511: 1.794477,-1.90502,1.521824,174.4461
Trial Result: Fail at object:  | Time Spent: 30
Trial No.:19 Ends
Trial No.:4 Begins
User confirmed on object: Piano, this maze officially starts.
721.4178: 1.842713,3.319052,1.639315,185.0465
721.64: 1.838525,3.300088,1.646368,184.196
721.8622: 1.8216,3.292423,1.645337,192.8948
722.0845: 1.815149,3.278785,1.637297,201.2415
722.3067: 1.828056,3.242382,1.610834,192.4572
722.5289: 1.80833,3.223752,1.611089,199.0145
722.7511: 1.740558,3.255213,1.606247,236.8646
722.9733: 1.721681,3.294454,1.607395,263.3142
723.1956: 1.729828,3.259347,1.602618,235.8972
723.4178: 1.81595,3.241452,1.601077,169.1726
723.64: 1.839931,3.29054,1.59373,124.347
723.8622: 1.827578,3.332433,1.578391,88.92513
724.0845: 1.816006,3.373287,1.571621,58.70479
724.3067: 1.832949,3.326559,1.588129,92.00789
724.5289: 1.808024,3.27977,1.603799,142.3105
724.7511: 1.819833,3.267338,1.593206,153.0653
724.9733: 1.799312,3.25162,1.595255,172.5874
725.1956: 1.773476,3.247493,1.579685,182.4917
725.4178: 1.729011,3.255686,1.583795,202.7289
725.64: 1.690423,3.274872,1.582047,228.1295
725.8622: 1.665885,3.251898,1.58961,238.4564
726.0845: 1.593837,3.211354,1.567234,250.9411
726.3067: 1.433737,3.176099,1.546766,250.3717
726.5289: 1.21167,3.15672,1.555995,240.6359
726.7511: 0.9766593,3.10626,1.578521,236.0601
726.9733: 0.7383469,3.00553,1.546935,226.9317
727.1956: 0.5091062,2.879389,1.580355,213.6508
727.4178: 0.3298477,2.742025,1.584145,198.2627
727.64: 0.1661375,2.588929,1.566288,180.663
727.8622: 0.05461042,2.404303,1.598575,172.8233
728.0845: 0.0004332867,2.201079,1.576433,175.4735
728.3067: -0.02753347,1.985361,1.592749,181.2718
728.5289: -0.05799171,1.799359,1.59673,180.4549
728.7511: -0.06687666,1.618068,1.577622,154.4037
728.9733: -0.05891959,1.461518,1.591423,110.946
729.1956: -0.04654165,1.288544,1.580096,106.2344
729.4178: -0.01465187,1.093073,1.575339,125.3999
729.64: -0.01927927,0.8817216,1.594823,173.1198
729.8622: -0.005481962,0.682749,1.580082,185.0518
730.0845: -0.001287408,0.4522668,1.562972,183.1596
730.3067: -0.01400043,0.2109177,1.591836,181.709
730.5289: -0.03724639,-0.006201486,1.577536,192.714
730.7511: -0.0549456,-0.220606,1.568707,206.3516
730.9733: -0.04827285,-0.4318783,1.601093,179.6492
731.1956: -0.04430796,-0.5518045,1.593833,124.6219
731.4178: -0.1253981,-0.6627074,1.593235,105.2319
731.64: -0.2047532,-0.7523054,1.591714,100.9421
731.8622: -0.2544491,-0.7953523,1.594394,92.48586
732.0845: -0.2968185,-0.8537477,1.604424,93.40968
732.3067: -0.3235458,-0.9059828,1.603115,96.03026
732.5289: -0.2618623,-0.8872021,1.608551,86.42556
732.7511: -0.1034621,-0.8276595,1.600483,66.18042
732.9733: 0.1287011,-0.8376074,1.605354,76.36037
733.1956: 0.3479187,-0.8667984,1.595427,84.64065
733.4178: 0.5662585,-0.9270918,1.562856,92.38399
733.64: 0.7830704,-1.007715,1.580363,110.626
733.8622: 0.9725952,-1.028904,1.585238,104.6825
734.0845: 1.142148,-0.9937611,1.572249,67.36221
734.3067: 1.279833,-0.9856068,1.587515,43.62573
Trial Result: Success object: Harp | Time Spent: 13.31539
Trial No.:4 Ends
Trial No.:3 Begins
User confirmed on object: Piano, this maze officially starts.
750.4622: 1.827562,3.27871,1.636306,183.1707
750.6844: 1.816337,3.254102,1.647003,182.8896
750.9067: 1.80464,3.234306,1.633158,182.1451
751.1289: 1.84327,3.221203,1.60886,148.8053
751.3511: 1.865012,3.228064,1.609714,118.131
751.5734: 1.852388,3.200426,1.613668,128.3129
751.7956: 1.826986,3.191926,1.615836,147.3699
752.0178: 1.810523,3.191171,1.614245,156.9761
752.24: 1.835598,3.187374,1.610489,148.1496
752.4622: 1.912891,3.179244,1.605269,144.1481
752.6844: 2.024213,3.156323,1.598713,148.9007
752.9067: 2.137643,3.122395,1.596538,157.6345
753.1289: 2.204098,3.103345,1.60015,168.4684
753.3511: 2.218563,3.110649,1.60113,192.8413
753.5734: 2.183863,3.170013,1.593152,247.8563
753.7956: 2.181123,3.211344,1.589388,277.996
754.0178: 2.150752,3.211483,1.589758,278.1236
754.24: 2.085934,3.19743,1.592396,273.233
754.4622: 1.979065,3.174517,1.589697,259.8898
754.6844: 1.853923,3.165596,1.596434,239.1509
754.9067: 1.74756,3.15246,1.597316,211.3065
755.1289: 1.601884,3.143948,1.586432,205.3857
755.3511: 1.374356,3.148998,1.577648,234.9946
755.5734: 1.141127,3.144089,1.60136,249.0188
755.7956: 0.9295992,3.157895,1.595898,256.9263
756.0178: 0.6995295,3.184989,1.573265,256.1641
756.24: 0.463686,3.210389,1.59688,257.2227
756.4622: 0.2514516,3.235126,1.592348,267.0938
756.6844: 0.03609641,3.229945,1.588828,267.011
756.9067: -0.1797684,3.223861,1.605256,260.1923
757.1289: -0.3845112,3.232145,1.582211,251.8683
757.3511: -0.6081655,3.276217,1.576532,257.8732
757.5734: -0.8119086,3.293099,1.590822,262.9124
757.7956: -0.990919,3.266755,1.575608,257.6208
758.0178: -1.16344,3.178576,1.575479,238.1808
758.24: -1.293001,3.085284,1.584633,206.3702
758.4622: -1.419253,2.998934,1.581886,191.7057
758.6844: -1.550292,2.897793,1.568399,172.0533
758.9067: -1.689213,2.77218,1.587729,162.3826
759.1289: -1.784695,2.633441,1.591506,167.4481
759.3511: -1.843709,2.473987,1.572824,180.7276
759.5734: -1.898887,2.319998,1.602663,202.5936
759.7956: -1.967821,2.288623,1.616928,252.6686
760.0178: -1.993668,2.315575,1.610772,284.0239
760.24: -2.027728,2.321907,1.608931,287.0298
760.4622: -2.066025,2.31249,1.610554,272.7195
760.6844: -2.067716,2.256331,1.612617,219.809
760.9067: -2.005239,2.245069,1.604575,153.5331
761.1289: -1.96892,2.25518,1.600011,112.9563
761.3511: -1.944838,2.185846,1.601099,116.9049
761.5734: -1.938453,2.065552,1.58716,143.3289
761.7956: -1.976519,1.915806,1.577296,170.4427
762.0178: -2.071382,1.778935,1.577252,204.3714
762.24: -2.145995,1.657791,1.589847,215.6576
762.4622: -2.18198,1.53787,1.588453,198.4555
762.6844: -2.233189,1.413141,1.573663,185.7861
762.9067: -2.308718,1.274594,1.583884,178.6301
763.1289: -2.384783,1.157753,1.59124,173.2874
763.3511: -2.400145,1.067799,1.597211,139.3372
763.5734: -2.414067,1.036518,1.607942,81.60193
763.7956: -2.425159,0.9818512,1.604428,69.91054
764.0178: -2.42868,0.9293481,1.607661,78.99592
764.24: -2.490089,0.831914,1.598883,129.9875
764.4622: -2.574174,0.7637991,1.582512,160.8058
764.6844: -2.605262,0.6641989,1.583455,165.3301
764.9067: -2.624432,0.5111467,1.586137,168.4981
765.1289: -2.670472,0.3301852,1.604807,181.9241
765.3511: -2.722916,0.1451686,1.592078,182.9148
765.5734: -2.783422,-0.05126586,1.587351,168.6527
765.7956: -2.825391,-0.2472166,1.604461,155.0658
766.0178: -2.832333,-0.4376491,1.584574,144.8492
766.24: -2.82154,-0.6369901,1.607562,148.6196
766.4622: -2.767386,-0.7730445,1.607311,111.993
766.6844: -2.753132,-0.9171482,1.598486,94.88085
766.9067: -2.749099,-1.092896,1.600699,94.44016
767.1289: -2.728359,-1.231745,1.607289,80.05652
767.3511: -2.699013,-1.394906,1.596413,95.63403
767.5734: -2.694597,-1.609948,1.591805,143.1076
767.7956: -2.681684,-1.810099,1.598885,158.8652
768.0178: -2.6697,-2.016666,1.575445,151.4506
768.24: -2.665584,-2.255857,1.562242,131.5804
768.4622: -2.628383,-2.474696,1.582973,113.2147
768.6844: -2.534065,-2.632779,1.569211,97.28152
768.9067: -2.391317,-2.759144,1.575045,81.86639
769.1289: -2.257804,-2.858668,1.592594,65.4226
769.3511: -2.12544,-2.927866,1.590604,39.36669
769.5734: -2.017442,-3.003995,1.584872,356.2637
769.7956: -1.948864,-3.088697,1.607936,321.4819
770.0178: -1.915146,-3.141599,1.600154,317.3228
770.24: -1.877547,-3.162153,1.595387,345.1999
770.4622: -1.851745,-3.186906,1.594877,2.82138
770.6844: -1.845004,-3.201642,1.592279,3.110662
Trial Result: Success object: Mailbox | Time Spent: 20.50201
Trial No.:3 Ends
Trial No.:13 Begins
User confirmed on object: Telescope, this maze officially starts.
781.8734: -2.962612,0.0506909,1.64999,89.36024
782.0956: -2.925758,0.0242783,1.650806,93.10411
782.3178: -2.91077,0.007730214,1.641812,99.33829
782.54: -2.900448,0.001601741,1.644417,101.471
782.7623: -2.874579,0.01351588,1.614426,86.68233
782.9844: -2.841154,0.009050449,1.60038,89.05011
783.2067: -2.820143,-0.03115629,1.59004,123.381
783.4289: -2.827664,-0.06166489,1.579615,146.7018
783.6511: -2.857456,-0.1170534,1.580655,170.7177
783.8734: -2.859098,-0.2128156,1.575546,178.6646
784.0956: -2.836164,-0.3633843,1.579228,170.9511
784.3178: -2.749806,-0.4883151,1.591709,127.6639
784.54: -2.660373,-0.6097915,1.580179,105.3729
784.7623: -2.517864,-0.7292459,1.589557,97.65174
784.9844: -2.36242,-0.8274679,1.604662,97.52314
785.2067: -2.175698,-0.9010522,1.582903,90.83537
785.4289: -1.968893,-0.972479,1.581319,77.36147
785.6511: -1.76388,-1.026175,1.605112,80.02514
785.8734: -1.561584,-1.04529,1.580517,90.92287
786.0956: -1.347661,-1.055762,1.591722,114.0609
786.3178: -1.20884,-1.100509,1.60552,156.7636
786.54: -1.084039,-1.133009,1.580935,167.1366
786.7623: -0.8880198,-1.150709,1.590248,129.6636
786.9844: -0.7132138,-1.127392,1.600334,81.81356
787.2067: -0.5622485,-1.122169,1.599549,69.12559
787.4289: -0.4000208,-1.097641,1.575315,68.49744
787.6511: -0.216697,-1.056481,1.599788,70.94924
787.8734: -0.0364059,-1.030885,1.603425,75.14869
788.0956: 0.1563298,-1.03219,1.575597,82.81847
788.3178: 0.3867061,-1.067823,1.582489,102.4298
788.54: 0.6029965,-1.090209,1.599247,107.5192
788.7623: 0.8190971,-1.10522,1.573519,110.3788
788.9844: 1.0549,-1.120707,1.57186,115.7752
789.2067: 1.2602,-1.166168,1.597134,122.792
789.4289: 1.413037,-1.236746,1.580382,126.0711
789.6511: 1.544154,-1.351482,1.583884,126.6988
789.8734: 1.642559,-1.465897,1.594603,130.7356
790.0956: 1.71122,-1.559748,1.584827,130.0804
790.3178: 1.772893,-1.657329,1.59003,121.751
790.54: 1.815026,-1.757473,1.593963,111.4552
790.7623: 1.82799,-1.854615,1.594026,100.4635
790.9844: 1.830391,-1.944125,1.595139,89.75633
791.2067: 1.830521,-1.998885,1.590739,86.36301
791.4289: 1.836104,-2.021666,1.588537,87.57693
791.6511: 1.834112,-2.026337,1.583834,87.26402
Trial Result: Success object: Well | Time Spent: 10.06092
Trial No.:13 Ends
Trial No.:6 Begins
User confirmed on object: Table, this maze officially starts.
803.8067: -2.09509,2.124203,1.648642,94.54586
804.0289: -2.08503,2.100339,1.654596,99.50655
804.2512: -2.081328,2.069156,1.651558,112.0118
804.4733: -2.054272,2.064206,1.634917,108.1873
804.6956: -2.008446,2.064425,1.603617,99.51286
804.9178: -1.988669,2.007335,1.599712,123.4485
805.14: -2.020975,1.938094,1.591287,165.1177
805.3622: -2.042624,1.909817,1.606082,202.0441
805.5845: -2.037922,1.898823,1.609732,232.3705
805.8067: -2.031216,1.886753,1.603836,250.7084
806.0289: -2.0242,1.853174,1.601652,233.4829
806.2512: -2.034621,1.834741,1.60349,193.8154
806.4733: -2.094444,1.788279,1.588913,182.4275
806.6956: -2.151638,1.676469,1.574795,182.7254
806.9178: -2.212872,1.521376,1.567716,184.3543
807.14: -2.293087,1.387023,1.592455,186.3762
807.3622: -2.377212,1.271267,1.586349,183.4535
807.5845: -2.450599,1.166993,1.599207,166.6944
807.8067: -2.464241,1.119018,1.613191,126.1461
808.0289: -2.475512,1.157888,1.605503,69.98119
808.2512: -2.495104,1.160638,1.60358,51.45289
808.4733: -2.497463,1.153992,1.604315,49.25828
808.6956: -2.518484,1.172991,1.597482,33.76498
808.9178: -2.537198,1.179057,1.592926,24.86494
809.14: -2.527473,1.161643,1.592882,45.61029
809.3622: -2.534369,1.104074,1.588124,90.53263
809.5845: -2.583282,1.037006,1.582719,129.2722
809.8067: -2.63776,0.9442638,1.573618,157.2832
810.0289: -2.681612,0.7908697,1.557544,166.0971
810.2512: -2.724107,0.5782071,1.585394,168.6677
810.4733: -2.769031,0.3839507,1.601462,170.4967
810.6956: -2.827352,0.1728452,1.569134,175.7184
810.9178: -2.878452,-0.05616753,1.599034,179.9609
811.14: -2.874821,-0.2716264,1.601381,174.285
811.3622: -2.829122,-0.4805892,1.587727,164.8251
811.5845: -2.772014,-0.6817322,1.618408,149.8014
811.8067: -2.714566,-0.8246976,1.611255,109.5963
812.0289: -2.71711,-0.9983902,1.590598,91.54578
812.2512: -2.747199,-1.25199,1.596094,109.9302
812.4733: -2.802084,-1.506213,1.590838,153.4441
812.6956: -2.800642,-1.750197,1.562541,158.0642
812.9178: -2.761445,-1.988346,1.59386,144.8096
813.14: -2.719684,-2.204658,1.592491,128.4127
813.3622: -2.666885,-2.437544,1.562522,110.1919
813.5845: -2.575893,-2.656684,1.592578,91.19111
813.8067: -2.439764,-2.818586,1.573319,76.13672
814.0289: -2.256454,-2.95089,1.576939,72.33794
814.2512: -2.05315,-3.082088,1.599137,76.31892
814.4733: -1.833706,-3.197446,1.565711,81.74856
814.6956: -1.58234,-3.288028,1.588306,80.30296
814.9178: -1.307436,-3.319252,1.578939,75.55355
815.14: -1.024096,-3.310682,1.578219,73.61185
815.3622: -0.7593933,-3.309567,1.598558,69.57386
815.5845: -0.496909,-3.314044,1.558864,64.45306
815.8067: -0.2322032,-3.311587,1.581887,56.5771
816.0289: 0.001987565,-3.289394,1.5769,48.4608
816.2512: 0.2265431,-3.252382,1.566854,41.86036
816.4733: 0.4158996,-3.216892,1.59749,33.94307
816.6956: 0.5862636,-3.202911,1.593669,38.23606
816.9178: 0.7424831,-3.203808,1.593966,42.17625
817.14: 0.839179,-3.18572,1.60453,35.1194
817.3622: 0.8557603,-3.169517,1.602052,20.76964
817.5845: 0.8419701,-3.159304,1.598228,9.926111
817.8067: 0.8383199,-3.153279,1.597629,8.106237
818.0289: 0.8645099,-3.154751,1.607858,30.40712
818.2512: 0.9258229,-3.188197,1.599793,40.78856
818.4733: 1.04472,-3.230917,1.581864,35.19997
818.6956: 1.186839,-3.262425,1.569734,23.33428
818.9178: 1.292397,-3.288027,1.572601,15.16568
819.14: 1.338464,-3.312168,1.567832,9.546271
819.3622: 1.367391,-3.329974,1.559587,16.58545
819.5845: 1.380991,-3.342598,1.558711,24.41633
819.8067: 1.381804,-3.346384,1.558437,24.43632
820.0289: 1.372088,-3.344968,1.560672,19.67941
820.2512: 1.356156,-3.3417,1.562524,14.15589
820.4733: 1.338653,-3.332218,1.563733,8.565891
820.6956: 1.318545,-3.319083,1.566292,3.925556
820.9178: 1.270026,-3.305115,1.571025,344.7697
821.14: 1.201001,-3.292749,1.57015,329.9965
821.3622: 1.09719,-3.262127,1.569681,333.0736
821.5845: 0.9702365,-3.218185,1.585815,343.6223
Trial Result: Success object: Chair | Time Spent: 17.99161
Trial No.:6 Ends
