Participant ID: 443
Maze Mode: testing
Trial No.:10 Begins
User confirmed on object: Bookshelf, this maze officially starts.
80.48444: 1.777561,1.175051,1.507326,186.0224
80.70667: 1.785423,1.160895,1.509767,185.9064
80.92889: 1.789579,1.167465,1.514519,186.1144
81.15112: 1.78967,1.18917,1.518879,186.5385
81.37334: 1.788202,1.227159,1.545402,184.7898
81.59556: 1.780737,1.275256,1.56438,182.151
81.81778: 1.768941,1.30915,1.559486,179.6241
82.04: 1.763838,1.332567,1.564102,175.4164
82.26222: 1.754533,1.35466,1.564631,189.3249
82.48444: 1.778185,1.37256,1.560848,193.2765
82.70667: 1.823498,1.387658,1.562634,186.4545
82.92889: 1.863342,1.403801,1.55883,179.6225
83.15112: 1.881963,1.409767,1.553849,180.3322
83.37334: 1.885752,1.408705,1.551298,180.4442
83.59556: 1.885569,1.402241,1.54978,180.7099
83.81778: 1.88306,1.392901,1.541546,182.7835
84.04: 1.886024,1.376196,1.538358,181.3942
84.26222: 1.854067,1.357247,1.539777,204.7115
84.48444: 1.796554,1.384095,1.527547,252.5916
84.70667: 1.724472,1.401636,1.51608,277.2741
84.92889: 1.632785,1.344499,1.506928,272.966
85.15112: 1.608053,1.309052,1.506518,270.5128
85.37334: 1.591366,1.260645,1.49265,269.7144
85.59556: 1.49687,1.203726,1.48852,269.7431
85.81778: 1.347259,1.136029,1.512862,262.6757
86.04: 1.21944,1.058976,1.527546,247.2761
86.26222: 1.078598,1.003328,1.513186,247.8991
86.48444: 0.9110433,0.9598806,1.527029,256.9963
86.70667: 0.748795,0.999894,1.515274,294.611
86.92889: 0.5726094,1.066303,1.510803,310.2762
87.15112: 0.4065114,1.132582,1.526516,320.4008
87.37334: 0.2653063,1.189077,1.515457,333.9007
87.59556: 0.1382302,1.256516,1.49856,346.8235
87.81778: 0.05211455,1.366775,1.487291,354.2934
88.04: 0.02743864,1.540287,1.472933,353.005
88.26222: 0.02808385,1.769188,1.521928,345.3719
88.48444: 0.0009872522,1.978518,1.542678,334.8755
88.70667: -0.05717555,2.175237,1.520685,332.9336
88.92889: -0.1266241,2.356047,1.544526,323.0517
89.15112: -0.1893573,2.521953,1.528367,303.3198
89.37334: -0.2685492,2.691216,1.531114,277.9969
89.59556: -0.4050404,2.824433,1.535772,262.2693
89.81778: -0.5903288,2.891511,1.515168,262.4136
90.04: -0.8063089,2.9233,1.553071,266.1558
90.26222: -1.02994,2.972106,1.549972,268.0012
90.48444: -1.255307,3.033191,1.544662,265.0212
90.70667: -1.440263,3.023529,1.574081,235.9883
90.92889: -1.563442,2.946516,1.567997,207.8902
91.15112: -1.694899,2.807262,1.543124,200.3679
91.37334: -1.808698,2.625582,1.560091,198.7307
91.59556: -1.891408,2.43649,1.550344,197.8332
91.81778: -1.988553,2.229353,1.542032,196.5121
92.04: -2.036195,2.011547,1.554511,199.8272
92.26222: -2.054574,1.786926,1.528488,202.3004
92.48444: -2.100825,1.554844,1.557767,202.997
92.70667: -2.201263,1.346452,1.536184,196.9033
92.92889: -2.352151,1.137864,1.551774,190.8079
93.15112: -2.45822,0.9227282,1.561265,181.2511
93.37334: -2.531464,0.6839829,1.525777,175.3727
93.59556: -2.595015,0.4303237,1.561063,176.298
93.81778: -2.65685,0.1742213,1.536218,181.6615
94.04: -2.726798,-0.1044909,1.544471,185.2722
94.26222: -2.753379,-0.3844606,1.562617,186.0818
94.48444: -2.754799,-0.6580586,1.519758,190.4033
94.70667: -2.754253,-0.911693,1.5539,197.9926
94.92889: -2.771126,-1.155044,1.524293,203.3575
95.15112: -2.817602,-1.398005,1.531808,208.4362
Trial Result: Success object: Plant | Time Spent: 14.99264
Trial No.:10 Ends
Trial No.:24 Begins
User confirmed on object: Chair, this maze officially starts.
131.5067: 0.7950729,-3.164437,1.853522,9.00922
131.7289: 0.7924061,-3.152677,1.85286,9.452649
131.9511: 0.7951241,-3.155888,1.853731,8.622599
132.1733: 0.806468,-3.193368,1.857289,8.119009
132.3956: 0.8245415,-3.265233,1.86203,5.703052
132.6178: 0.8556594,-3.317221,1.891622,2.441051
132.84: 0.884854,-3.283484,1.893763,3.434914
133.0622: 0.9234988,-3.425578,1.861851,0.5693352
133.2845: 0.8962892,-3.426659,1.857325,0.7642195
133.5067: 0.8801746,-3.423179,1.858849,2.730971
133.7289: 0.8803711,-3.42204,1.85355,2.127846
133.9511: 0.8617777,-3.425814,1.858993,359.2134
134.1733: 0.8565342,-3.431321,1.862303,355.7523
134.3956: 0.860451,-3.435971,1.869721,354.924
134.6178: 0.8674235,-3.436209,1.87053,353.692
134.84: 0.8758391,-3.43199,1.871522,355.9216
135.0622: 0.8872432,-3.427492,1.873905,357.6401
135.2845: 0.9047314,-3.419984,1.866092,6.700236
135.5067: 0.9131287,-3.399837,1.851156,20.4124
135.7289: 0.9242263,-3.364127,1.848632,44.16243
135.9511: 0.9306595,-3.296839,1.848019,53.47647
136.1733: 0.9559492,-3.215786,1.842969,53.95977
136.3956: 1.039456,-3.148029,1.837209,45.96018
136.6178: 1.200763,-3.108745,1.836073,39.36742
136.84: 1.364908,-3.041429,1.857791,19.66123
137.0622: 1.498961,-2.935623,1.850611,8.430065
137.2845: 1.594125,-2.767911,1.834778,5.630583
137.5067: 1.675358,-2.577451,1.852418,2.31882
137.7289: 1.773851,-2.384952,1.834786,357.9377
137.9511: 1.877193,-2.174197,1.836824,352.0242
138.1733: 1.904537,-1.970371,1.835613,344.7511
138.3956: 1.833082,-1.784374,1.807131,323.3635
138.6178: 1.732353,-1.595519,1.824423,303.3642
138.84: 1.647581,-1.402092,1.817338,295.9649
139.0622: 1.544432,-1.232675,1.804463,280.3939
139.2845: 1.388034,-1.109719,1.811693,283.8389
139.5067: 1.199379,-1.078296,1.788762,292.1531
139.7289: 0.9745657,-1.086259,1.80231,299.5129
139.9511: 0.7493483,-1.045407,1.793328,306.266
140.1733: 0.5362933,-0.9412682,1.775664,317.3726
140.3956: 0.361878,-0.8471342,1.794424,328.5993
140.6178: 0.2255572,-0.7592939,1.770305,341.1482
140.84: 0.1151318,-0.6796389,1.763831,350.5356
141.0622: 0.04933406,-0.581592,1.718811,357.4457
141.2845: 0.01968377,-0.4430341,1.688184,359.5542
141.5067: 0.02650047,-0.2610325,1.719693,9.27354
141.7289: 0.0323178,-0.09330386,1.750212,14.53256
141.9511: 0.0264148,0.08175169,1.73942,19.26535
142.1733: 0.02697851,0.2660604,1.723659,30.91786
142.3956: 0.04694024,0.4456083,1.740749,48.10306
142.6178: 0.08449253,0.5897413,1.736588,55.40127
142.84: 0.07988888,0.7299388,1.754145,18.56188
143.0622: 0.01549402,0.7568748,1.761873,315.0219
143.2845: 0.01690463,0.7121527,1.761168,264.9786
143.5067: 0.03549802,0.7035983,1.760545,243.5307
143.7289: 0.05038761,0.6660489,1.757475,217.8409
143.9511: 0.05456296,0.6006594,1.747895,198.381
144.1733: 0.0430628,0.5543583,1.748236,187.8319
144.3956: 0.01491162,0.5456277,1.746244,186.2992
144.6178: -0.01129963,0.4959464,1.746467,186.3316
144.84: -0.001862662,0.360592,1.731996,190.6281
145.0622: 0.04143305,0.1546628,1.744355,197.9917
145.2845: 0.04250778,-0.06797992,1.771301,205.92
145.5067: -0.02605538,-0.2855896,1.746456,211.4418
145.7289: -0.1465528,-0.4932118,1.774951,227.3834
145.9511: -0.2497007,-0.682357,1.771634,236.4971
146.1733: -0.3316161,-0.8876418,1.768201,219.5896
146.3956: -0.4466577,-1.057945,1.784906,205.1106
146.6178: -0.5864542,-1.209848,1.763944,194.4461
146.84: -0.7116657,-1.382094,1.780354,177.8453
147.0622: -0.7859529,-1.590909,1.772287,173.4059
147.2845: -0.8120172,-1.819478,1.772915,191.2228
147.5067: -0.8576897,-2.063568,1.797202,208.1739
147.7289: -0.9472125,-2.309529,1.775385,215.4979
147.9511: -1.059576,-2.513683,1.798636,234.3433
148.1733: -1.164875,-2.693872,1.786878,249.8303
148.3956: -1.290444,-2.834405,1.787298,275.918
148.6178: -1.453554,-2.919383,1.78036,293.091
148.84: -1.668255,-2.937824,1.77333,300.691
149.0622: -1.879655,-2.931153,1.795875,305.7419
149.2845: -2.081049,-2.904014,1.783799,316.8048
149.5067: -2.279029,-2.854958,1.771562,334.7613
149.7289: -2.442374,-2.759631,1.778256,349.3857
149.9511: -2.540545,-2.59209,1.753968,356.958
150.1733: -2.59234,-2.353086,1.778466,2.703866
150.3956: -2.660866,-2.117115,1.780074,6.269288
150.6178: -2.745981,-1.887355,1.737636,6.820325
150.84: -2.801003,-1.628146,1.760704,10.3688
151.0622: -2.820684,-1.338656,1.584242,11.75034
151.2845: -2.776672,-1.066404,1.607226,11.59874
151.5067: -2.774462,-0.8062425,1.622804,12.36648
151.7289: -2.801702,-0.5464295,1.596058,14.31344
151.9511: -2.805742,-0.2761116,1.622102,20.53012
152.1733: -2.763807,-0.01363753,1.585977,29.65496
152.3956: -2.675579,0.2491014,1.595384,37.61697
152.6178: -2.623802,0.4862922,1.606817,36.29601
152.84: -2.571889,0.7173306,1.576411,37.41833
153.0622: -2.484096,0.9387837,1.605679,37.37591
153.2845: -2.367556,1.135512,1.583962,20.86706
153.5067: -2.202237,1.324286,1.593013,358.9568
153.7289: -2.083185,1.535683,1.59694,347.4279
153.9511: -2.034696,1.773026,1.566103,339.3668
154.1733: -2.022306,1.980282,1.598089,321.1059
154.3956: -1.983738,2.190044,1.587626,315.943
154.6178: -1.862705,2.438429,1.590216,353.4695
154.84: -1.737611,2.612727,1.603791,44.43548
155.0622: -1.654619,2.777073,1.571317,66.86667
155.2845: -1.554307,2.922273,1.578374,88.85943
155.5067: -1.400989,3.040824,1.565981,101.3247
155.7289: -1.192114,3.084538,1.561035,102.3638
155.9511: -0.9458157,3.113066,1.597079,97.8103
156.1733: -0.7264449,3.144025,1.584649,108.2962
156.3956: -0.5153304,3.168076,1.582639,138.7098
156.6178: -0.2754954,3.179785,1.59315,138.7323
156.84: -0.02722982,3.161156,1.57021,118.7268
157.0622: 0.2106125,3.120407,1.604697,111.382
157.2845: 0.4323013,3.107085,1.590428,108.2362
157.5067: 0.6851974,3.127187,1.583827,100.4218
157.7289: 0.9371735,3.131958,1.607661,90.40104
157.9511: 1.193295,3.090439,1.58089,97.96676
158.1733: 1.461018,3.026296,1.602701,108.2631
158.3956: 1.711131,2.994205,1.602872,118.9747
158.6178: 1.957675,2.970575,1.571836,132.5443
158.84: 2.190814,2.892732,1.60028,150.2943
159.0622: 2.368623,2.755471,1.580709,155.726
159.2845: 2.490257,2.556983,1.60088,158.9358
159.5067: 2.601126,2.348729,1.618035,162.9866
159.7289: 2.71254,2.13333,1.587205,165.03
159.9511: 2.788517,1.923846,1.623307,163.4543
160.1733: 2.809667,1.735191,1.61098,157.9456
160.3956: 2.776501,1.539243,1.604976,144.646
Trial Result: Success object: Trashcan | Time Spent: 29.15675
Trial No.:24 Ends
Trial No.:20 Begins
User confirmed on object: Well, this maze officially starts.
180.8956: 1.574065,-2.110277,1.61645,84.15595
181.1178: 1.584224,-2.109931,1.625779,83.89246
181.34: 1.590105,-2.106022,1.630689,83.24017
181.5622: 1.577443,-2.085684,1.631549,83.1811
181.7845: 1.549945,-2.052789,1.639219,84.71239
182.0067: 1.518503,-2.010108,1.645258,85.35287
182.2289: 1.488303,-1.974803,1.643866,85.24632
182.4511: 1.463166,-1.97179,1.648438,90.91032
182.6733: 1.4523,-2.006875,1.651283,108.2464
182.8956: 1.442119,-2.077609,1.631602,146.3437
183.1178: 1.442083,-2.129225,1.618199,176.1983
183.34: 1.468575,-2.15933,1.621254,204.5709
183.5622: 1.525162,-2.161661,1.617275,234.6366
183.7845: 1.576086,-2.141796,1.618598,263.4993
184.0067: 1.603047,-2.137833,1.620066,271.2024
184.2289: 1.60866,-2.206606,1.622075,241.1229
184.4511: 1.629083,-2.289353,1.613875,225.5701
184.6733: 1.636686,-2.404841,1.594392,229.4737
184.8956: 1.636572,-2.570704,1.605325,244.5972
185.1178: 1.583065,-2.72986,1.603594,261.0163
185.34: 1.440343,-2.838893,1.583539,272.2944
185.5622: 1.241536,-2.909897,1.604944,283.6343
185.7845: 1.041521,-3.013635,1.624007,276.502
186.0067: 0.8329233,-3.119253,1.58952,274.0837
186.2289: 0.5910475,-3.191795,1.613896,281.7471
186.4511: 0.3250537,-3.208921,1.586013,281.7956
186.6733: 0.03467792,-3.153533,1.601797,281.8774
186.8956: -0.2598635,-3.131731,1.619539,279.8216
187.1178: -0.5623274,-3.137979,1.588397,278.53
187.34: -0.8743947,-3.139854,1.627034,278.2665
187.5622: -1.191162,-3.109459,1.584188,283.6526
187.7845: -1.51529,-3.055572,1.615449,293.2618
188.0067: -1.817618,-3.005569,1.59851,301.8268
188.2289: -2.110976,-2.922982,1.571439,319.5414
188.4511: -2.325753,-2.778823,1.588176,338.6902
188.6733: -2.455481,-2.556541,1.581816,350.6292
188.8956: -2.54699,-2.313417,1.608106,1.778694
189.1178: -2.636972,-2.046787,1.580571,5.432838
189.34: -2.709458,-1.763275,1.605847,7.698522
189.5622: -2.724531,-1.465107,1.588145,8.096146
189.7845: -2.687788,-1.134454,1.60205,7.742619
190.0067: -2.686024,-0.8036546,1.611373,7.119736
190.2289: -2.699401,-0.4826302,1.580607,11.44075
190.4511: -2.677699,-0.1687165,1.610343,18.28789
190.6733: -2.602508,0.138101,1.567658,25.54765
190.8956: -2.50528,0.4322275,1.606883,29.60755
191.1178: -2.405087,0.712829,1.579382,24.88868
191.34: -2.29832,0.9901782,1.599342,16.24583
191.5622: -2.174746,1.243646,1.60458,6.841223
191.7845: -2.040098,1.495322,1.579578,351.7832
192.0067: -1.967143,1.754538,1.595513,341.6258
192.2289: -1.912177,2.031625,1.557744,5.246805
192.4511: -1.85265,2.287562,1.595418,40.92654
192.6733: -1.767327,2.502873,1.581998,58.77655
192.8956: -1.601408,2.697379,1.575229,71.49298
193.1178: -1.412478,2.866609,1.587872,83.10924
193.34: -1.194504,3.011423,1.562599,87.75842
193.5622: -0.9407737,3.101418,1.607819,92.75808
193.7845: -0.6909004,3.132404,1.582373,95.33507
194.0067: -0.4212303,3.119324,1.606511,98.03183
194.2289: -0.1504798,3.124257,1.598684,101.0743
194.4511: 0.1220445,3.149094,1.585345,104.84
194.6733: 0.3899156,3.144795,1.61876,106.6915
194.8956: 0.6447862,3.097029,1.580381,110.0784
195.1178: 0.8818724,3.029692,1.610029,115.5661
195.34: 1.077516,2.997948,1.618409,124.8947
Trial Result: Success object: Piano | Time Spent: 14.76049
Trial No.:20 Ends
Trial No.:15 Begins
User confirmed on object: Wheelbarrow, this maze officially starts.
211.2622: 0.3242897,-0.02322904,1.650985,273.8763
211.4845: 0.2887069,-0.005742242,1.65241,270.72
211.7067: 0.2961264,-0.006768985,1.650133,269.2687
211.9289: 0.3377442,-0.02320715,1.636512,275.5537
212.1511: 0.3861677,-0.05761838,1.621614,276.5515
212.3733: 0.4116557,-0.09512991,1.623737,258.6661
212.5956: 0.4102305,-0.1161267,1.621374,231.2219
212.8178: 0.3688375,-0.1210377,1.614397,221.5404
213.04: 0.3200362,-0.1761135,1.605468,217.5907
213.2622: 0.2682289,-0.2934987,1.591208,227.8398
213.4845: 0.2133068,-0.4476759,1.604106,241.2738
213.7067: 0.1318211,-0.5639967,1.60449,248.763
213.9289: -0.004763269,-0.6432767,1.592512,254.4699
214.1511: -0.1795462,-0.7135249,1.611064,252.7569
214.3733: -0.327678,-0.818228,1.620273,237.3611
214.5956: -0.4427991,-0.9536271,1.595592,203.3699
214.8178: -0.5839981,-1.113541,1.600609,195.766
215.04: -0.7086736,-1.277084,1.612594,186.9084
215.2622: -0.8245293,-1.44792,1.599819,179.6132
215.4845: -0.9124897,-1.649307,1.613131,175.9516
215.7067: -0.9381846,-1.870346,1.589119,179.3096
215.9289: -0.8989977,-2.107131,1.600203,179.2753
216.1511: -0.8454286,-2.305278,1.619745,140.4123
216.3733: -0.8623808,-2.49032,1.598244,117.9472
216.5956: -0.9147656,-2.688202,1.613608,115.4419
216.8178: -1.027097,-2.904108,1.61638,170.3114
217.04: -1.146659,-3.014633,1.605896,238.043
217.2622: -1.202904,-3.112169,1.623145,259.8085
217.4845: -1.257429,-3.210912,1.627681,240.3565
217.7067: -1.213867,-3.281894,1.635683,184.1566
217.9289: -1.167521,-3.272041,1.632791,148.355
218.1511: -1.312173,-3.28352,1.63788,197.5665
218.3733: -1.558424,-3.143447,1.60549,271.3143
218.5956: -1.721585,-3.021542,1.607127,303.6602
218.8178: -1.908727,-2.957793,1.609839,314.0888
219.04: -2.11461,-2.895423,1.567344,323.8368
219.2622: -2.303845,-2.794103,1.588712,344.8156
219.4845: -2.404995,-2.680869,1.584005,4.503999
219.7067: -2.41479,-2.684634,1.597027,39.23062
219.9289: -2.425738,-2.775501,1.592445,60.72514
220.1511: -2.394821,-2.864233,1.609575,61.10361
Trial Result: Success object: Mailbox | Time Spent: 9.295942
Trial No.:15 Ends
Trial No.:2 Begins
User confirmed on object: Stove, this maze officially starts.
235.84: -2.678066,2.954068,1.623348,274.9813
236.0622: -2.692825,2.959051,1.626192,273.4051
236.2845: -2.67569,2.946421,1.627148,270.3155
236.5067: -2.632425,2.925702,1.625023,270.2648
236.7289: -2.575344,2.904202,1.625015,277.6444
236.9511: -2.520056,2.894989,1.625934,283.0266
237.1733: -2.477332,2.895304,1.623637,276.7619
237.3956: -2.447706,2.928201,1.614304,282.7436
237.6178: -2.433331,2.960751,1.590597,284.7343
237.84: -2.4466,2.977903,1.577205,284.3902
238.0622: -2.465504,3.005339,1.58146,324.2602
238.2845: -2.459157,3.000856,1.582383,22.3559
238.5067: -2.439403,2.943953,1.575844,76.99686
238.7289: -2.376832,2.86682,1.574957,102.3766
238.9511: -2.291186,2.79732,1.567097,116.7137
239.1733: -2.193229,2.757175,1.575756,122.6352
239.3956: -2.101413,2.75035,1.56769,140.448
239.6178: -2.028526,2.77678,1.555393,168.0504
239.84: -1.949121,2.735247,1.561239,176.4694
240.0622: -1.91332,2.659716,1.565849,179.1036
240.2845: -1.895298,2.601981,1.578511,182.4279
240.5067: -1.87535,2.573882,1.590583,178.3862
240.7289: -1.815656,2.628888,1.596577,142.8416
240.9511: -1.770843,2.781745,1.580551,110.3211
241.1733: -1.731931,2.922928,1.583666,94.39635
241.3956: -1.703611,3.000036,1.589962,95.34166
241.6178: -1.703782,3.035535,1.58687,90.97504
241.84: -1.695801,3.054143,1.586716,90.12528
242.0622: -1.681233,3.060291,1.587348,89.93269
242.2845: -1.675756,3.06179,1.589342,90.6517
242.5067: -1.676193,3.04305,1.596565,108.8472
242.7289: -1.701786,2.975682,1.587068,142.1798
242.9511: -1.741582,2.854625,1.582301,161.0893
243.1733: -1.798314,2.669441,1.575358,170.2742
243.3956: -1.875692,2.460926,1.587753,187.7528
243.6178: -1.899806,2.246009,1.580679,194.781
243.84: -1.901928,2.019497,1.562505,201.6084
244.0622: -1.959723,1.789582,1.591436,206.426
244.2845: -2.083458,1.593269,1.575634,198.7912
244.5067: -2.231979,1.407945,1.608298,188.8209
244.7289: -2.354664,1.213005,1.597588,183.3067
244.9511: -2.443371,0.9982153,1.584452,179.3103
245.1733: -2.532364,0.7743053,1.596397,174.2535
245.3956: -2.634541,0.5382644,1.572944,173.0484
245.6178: -2.744064,0.2847785,1.590608,171.716
245.84: -2.802121,0.01623707,1.593781,177.9139
246.0622: -2.80076,-0.2606356,1.579914,176.9346
246.2845: -2.794877,-0.535018,1.611504,169.7056
246.5067: -2.815327,-0.8339584,1.580752,170.1129
246.7289: -2.836121,-1.123412,1.605255,165.9703
246.9511: -2.823985,-1.390853,1.59912,161.5596
247.1733: -2.786139,-1.67229,1.58494,158.4485
247.3956: -2.745698,-1.95755,1.606597,151.379
247.6178: -2.705389,-2.244164,1.574513,142.5109
247.84: -2.596931,-2.502658,1.595007,117.2885
248.0622: -2.438342,-2.674943,1.576862,90.52288
248.2845: -2.218744,-2.809988,1.592335,88.92772
248.5067: -1.990984,-2.90425,1.608885,73.29707
248.7289: -1.730383,-3.03375,1.58222,79.73613
248.9511: -1.44222,-3.115164,1.617169,81.84055
249.1733: -1.159174,-3.128152,1.585696,79.85901
249.3956: -0.8692287,-3.111193,1.612874,80.53365
249.6178: -0.5770868,-3.11717,1.608981,80.42466
249.84: -0.274883,-3.153336,1.605436,82.51331
250.0622: 0.01830774,-3.1569,1.639149,83.35222
250.2845: 0.3041696,-3.132701,1.599318,81.62728
250.5067: 0.5757524,-3.104286,1.632102,76.58243
250.7289: 0.8336752,-3.078424,1.61937,68.36345
250.9511: 1.093478,-3.075259,1.615055,59.36778
251.1733: 1.312736,-3.03282,1.640614,41.62661
251.3956: 1.501305,-2.94214,1.598056,22.04849
251.6178: 1.658545,-2.817972,1.611394,7.639202
251.84: 1.799468,-2.676487,1.608376,357.9978
252.0622: 1.929425,-2.501302,1.606659,355.7051
252.2845: 2.002674,-2.296902,1.615053,2.597472
252.5067: 2.013708,-2.067576,1.595265,6.32798
252.7289: 2.021797,-1.807343,1.63134,12.53675
252.9511: 2.077949,-1.572731,1.615415,16.97133
253.1733: 2.190806,-1.35117,1.620004,10.37074
253.3956: 2.285285,-1.152807,1.625769,1.422552
253.6178: 2.362019,-0.9582022,1.595469,4.649322
253.84: 2.432732,-0.7517657,1.621424,16.64797
254.0622: 2.488146,-0.5315973,1.614884,14.75884
254.2845: 2.565113,-0.3003806,1.608412,358.0543
254.5067: 2.624099,-0.05254085,1.628458,348.5421
254.7289: 2.641043,0.2002739,1.596037,340.1237
254.9511: 2.592873,0.4239478,1.613314,304.0679
255.1733: 2.594412,0.6397693,1.615421,281.261
255.3956: 2.627573,0.8754669,1.600899,269.2877
255.6178: 2.638866,1.043801,1.619866,250.9055
255.84: 2.617297,1.194454,1.606658,264.9019
256.0622: 2.634402,1.40811,1.614129,327.4476
256.2845: 2.667327,1.579908,1.600007,351.3586
256.5067: 2.704395,1.788171,1.601941,346.677
256.7289: 2.707382,1.999544,1.621307,328.576
256.9511: 2.675167,2.217943,1.592217,314.3465
257.1733: 2.593217,2.437979,1.594648,310.675
257.3956: 2.512149,2.604706,1.607142,291.355
257.6178: 2.438128,2.749444,1.583137,256.3511
257.84: 2.345173,2.935664,1.594308,247.3615
258.0622: 2.197829,3.070015,1.589503,244.3333
258.2845: 1.98711,3.160401,1.581562,259.4989
258.5067: 1.755365,3.216248,1.613209,264.5775
258.7289: 1.519248,3.275156,1.592363,260.293
258.9511: 1.268043,3.341846,1.599217,259.0444
259.1733: 1.014243,3.353959,1.601213,256.4413
259.3956: 0.7699586,3.303848,1.579041,240.2669
259.6178: 0.5710748,3.23828,1.603469,207.8656
259.84: 0.3502682,3.218304,1.584835,198.5452
260.0622: 0.09636337,3.230987,1.590531,202.2026
260.2845: -0.169358,3.251026,1.605492,240.101
260.5067: -0.3891924,3.222241,1.579422,253.9428
260.7289: -0.606104,3.168784,1.597535,257.4542
260.9511: -0.8275363,3.141441,1.588653,259.0366
261.1733: -1.07016,3.140349,1.582885,257.2095
261.3956: -1.285397,3.065877,1.600233,242.3051
261.6178: -1.445137,2.918004,1.580634,220.025
261.84: -1.568812,2.738066,1.582778,190.381
262.0622: -1.693626,2.572509,1.587771,168.2986
262.2845: -1.817042,2.40143,1.571323,150.6101
262.5067: -1.888465,2.206223,1.592905,136.0748
262.7289: -1.911556,2.004817,1.572644,137.1558
262.9511: -1.865167,1.804286,1.575999,133.9615
263.1733: -1.809266,1.627931,1.589005,126.1017
263.3956: -1.759353,1.45623,1.574354,117.4235
263.6178: -1.673635,1.296367,1.594049,104.7346
263.84: -1.541701,1.183125,1.587063,101.232
264.0622: -1.356462,1.144217,1.586631,108.7658
264.2845: -1.156973,1.115334,1.608672,116.7054
264.5067: -0.9565506,1.063922,1.594335,123.1054
264.7289: -0.7412776,0.9734042,1.595662,128.7445
264.9511: -0.5531733,0.8978019,1.606347,138.9851
265.1733: -0.3832508,0.8377065,1.584811,148.5369
265.3956: -0.1998243,0.8166397,1.600449,120.2499
265.6178: -0.08633866,0.7860463,1.610649,99.87112
Trial Result: Fail at object:  | Time Spent: 30
Trial No.:2 Ends
Trial No.:23 Begins
User confirmed on object: Chair, this maze officially starts.
283.3067: 0.9298691,-3.208031,1.65289,358.9522
283.5289: 0.9260122,-3.213671,1.652347,357.3658
283.7511: 0.9271878,-3.220222,1.654385,355.2167
283.9733: 0.9433236,-3.228458,1.655261,355.9826
284.1956: 0.9457089,-3.240085,1.655642,342.5405
284.4178: 0.9517663,-3.253647,1.653436,327.4406
284.64: 0.9776465,-3.250823,1.650108,328.43
284.8622: 1.011725,-3.239394,1.641894,337.6217
285.0844: 1.031017,-3.223508,1.639712,339.1017
285.3067: 0.9900044,-3.213745,1.630173,311.343
285.5289: 0.9009272,-3.212427,1.611335,288.5422
285.7511: 0.7540349,-3.207728,1.595199,282.0461
285.9733: 0.5636654,-3.216385,1.603058,281.2133
286.1956: 0.3718709,-3.198337,1.608187,280.2902
286.4178: 0.1543697,-3.134343,1.585227,281.0074
286.64: -0.09307718,-3.052122,1.607365,278.0073
286.8622: -0.3626991,-3.033283,1.604728,276.5795
287.0844: -0.6556499,-3.072862,1.596131,278.4821
287.3067: -0.9569587,-3.096613,1.627375,279.6642
287.5289: -1.258013,-3.079401,1.586163,285.231
287.7511: -1.563673,-3.026478,1.616142,293.8519
287.9733: -1.845085,-2.977969,1.616238,303.7014
288.1956: -2.112068,-2.902908,1.588243,316.7274
288.4178: -2.312371,-2.786643,1.606248,336.2109
288.64: -2.438058,-2.609927,1.571548,347.8856
288.8622: -2.511665,-2.364341,1.595661,356.1428
289.0844: -2.583072,-2.104786,1.595335,4.019824
289.3067: -2.665719,-1.83092,1.590834,8.852701
289.5289: -2.70027,-1.542014,1.610931,10.63489
289.7511: -2.683823,-1.243504,1.579088,11.25021
289.9733: -2.663582,-0.9316531,1.625487,9.986098
290.1956: -2.672128,-0.6305861,1.593716,6.462047
290.4178: -2.678434,-0.3243475,1.596411,10.99836
290.64: -2.646309,-0.03241283,1.609063,19.26335
290.8622: -2.572924,0.2649557,1.59138,24.55872
291.0844: -2.494331,0.5282427,1.612981,29.49072
291.3067: -2.422932,0.7791066,1.585187,29.79885
291.5289: -2.342846,1.031742,1.596183,24.93869
291.7511: -2.237494,1.266067,1.593626,11.6143
291.9733: -2.119789,1.490229,1.584473,349.8906
292.1956: -2.034282,1.708464,1.595887,339.187
292.4178: -2.016579,1.932739,1.565782,328.8419
292.64: -2.043671,2.164299,1.589485,319.3806
292.8622: -1.986548,2.411556,1.604136,1.188564
293.0844: -1.883259,2.605316,1.577506,41.92113
293.3067: -1.774176,2.78378,1.583049,59.89723
293.5289: -1.607359,2.934926,1.577444,79.06757
293.7511: -1.427454,3.066146,1.571826,90.72388
293.9733: -1.182113,3.154533,1.576011,97.72393
294.1956: -0.9105583,3.184671,1.566166,99.11465
294.4178: -0.6290447,3.200002,1.601244,97.27071
294.64: -0.3578507,3.229466,1.578038,98.03088
294.8622: -0.08448902,3.261903,1.597225,103.8012
295.0844: 0.181042,3.250992,1.601384,106.0364
295.3067: 0.4528282,3.188738,1.596632,109.0269
295.5289: 0.6898572,3.138179,1.618933,112.7897
295.7511: 0.9100283,3.098336,1.590018,118.5718
295.9733: 1.129109,3.067301,1.597039,127.1401
296.1956: 1.317834,3.019748,1.608479,132.7358
Trial Result: Success object: Piano | Time Spent: 13.19432
Trial No.:23 Ends
Trial No.:14 Begins
User confirmed on object: Telescope, this maze officially starts.
310.3289: -2.798956,0.01799977,1.650542,85.04907
310.5511: -2.802325,0.01409237,1.650259,83.75981
310.7733: -2.815437,-0.008179255,1.649334,83.99654
310.9956: -2.848826,-0.05302643,1.646023,86.02924
311.2178: -2.898296,-0.107997,1.6345,84.16291
311.44: -2.949945,-0.1569766,1.614054,78.78052
311.6622: -2.991144,-0.1831096,1.604751,71.53693
311.8845: -3.009621,-0.1857687,1.603204,69.70706
312.1067: -3.018745,-0.17279,1.5997,71.53292
312.3289: -3.034666,-0.1537568,1.60632,71.76373
312.5511: -3.046982,-0.1287449,1.607441,62.9774
312.7733: -3.038338,-0.07385713,1.597692,44.86517
312.9956: -3.009676,0.03163601,1.578365,37.48725
313.2178: -2.970643,0.1915283,1.581311,40.16735
313.44: -2.910174,0.357559,1.59266,41.14915
313.6622: -2.79059,0.5171967,1.580614,43.26252
313.8845: -2.603232,0.672011,1.575732,39.21421
314.1067: -2.435424,0.8573228,1.60165,23.63821
314.3289: -2.28471,1.054629,1.573441,20.67138
314.5511: -2.172243,1.293849,1.587471,10.59607
314.7733: -2.052699,1.516606,1.592375,1.628798
314.9956: -1.900803,1.752676,1.564242,14.85107
315.2178: -1.773894,2.005461,1.593674,27.22417
315.44: -1.693115,2.255272,1.566588,37.44667
315.6622: -1.610453,2.504807,1.556597,57.56393
315.8845: -1.481748,2.690994,1.574814,83.82816
316.1067: -1.30705,2.831937,1.555033,94.76038
316.3289: -1.076609,2.954314,1.585367,91.53051
316.5511: -0.8305652,3.055182,1.579402,92.53105
316.7733: -0.5653598,3.154465,1.57642,95.36879
316.9956: -0.2783209,3.196763,1.59489,97.55275
317.2178: 0.006505064,3.175831,1.568009,98.40255
317.44: 0.2877994,3.15801,1.610246,97.28376
317.6622: 0.5774162,3.167771,1.582652,94.72382
317.8845: 0.8941945,3.185935,1.600105,99.29924
318.1067: 1.181741,3.162509,1.607258,104.3976
318.3289: 1.472522,3.095619,1.577089,112.1789
318.5511: 1.746955,3.022508,1.606829,123.2301
318.7733: 2.01335,2.959536,1.575795,135.8119
318.9956: 2.252174,2.854775,1.581917,152.0075
319.2178: 2.407589,2.698397,1.583961,170.2616
319.44: 2.512458,2.47293,1.584583,176.7437
319.6622: 2.601508,2.225308,1.614886,182.1862
319.8845: 2.698909,1.977124,1.593346,189.0625
320.1067: 2.771864,1.729666,1.607378,202.7772
320.3289: 2.795268,1.481716,1.613765,207.977
320.5511: 2.74818,1.275147,1.603478,225.2961
320.7733: 2.706883,1.116524,1.617455,247.8448
320.9956: 2.668693,0.97767,1.599522,263.0438
321.2178: 2.570386,0.901428,1.5999,270.3777
321.44: 2.392443,0.8971601,1.589568,266.9688
321.6622: 2.144376,0.9524364,1.625072,258.2472
321.8845: 1.88578,0.9751652,1.626184,259.3517
322.1067: 1.610135,0.9550245,1.602432,262.3125
322.3289: 1.353352,0.9320827,1.628123,258.9271
322.5511: 1.093599,0.9244017,1.596679,249.5812
322.7733: 0.8251768,0.9232392,1.6134,240.1295
322.9956: 0.5980695,0.8749554,1.607248,236.1869
323.2178: 0.401791,0.7631832,1.591947,236.7473
323.44: 0.2430343,0.6505773,1.616681,229.9301
Trial Result: Success object: Wheelbarrow | Time Spent: 13.39241
Trial No.:14 Ends
Trial No.:1 Begins
User confirmed on object: Stove, this maze officially starts.
340.0844: -2.463289,2.999302,1.62026,266.6255
340.3067: -2.469518,3.00132,1.621816,265.9733
340.5289: -2.468524,3.010835,1.622361,269.11
340.7511: -2.4624,3.020439,1.620983,271.8112
340.9733: -2.458761,3.026094,1.618265,271.08
341.1956: -2.454167,3.033897,1.589623,270.2952
341.4178: -2.460785,3.038579,1.57786,269.8604
341.64: -2.471141,3.044549,1.575854,269.1388
341.8622: -2.486937,3.069937,1.580871,281.0416
342.0844: -2.49325,3.096525,1.582325,317.9387
342.3067: -2.494101,3.083825,1.578956,352.0702
342.5289: -2.4889,3.062365,1.57473,20.93373
342.7511: -2.457232,3.047064,1.567622,44.58602
342.9733: -2.42206,3.041784,1.561541,70.70164
343.1956: -2.407337,3.059397,1.56392,92.85201
343.4178: -2.366701,3.109264,1.56245,105.8243
343.64: -2.259539,3.146188,1.552246,109.7498
343.8622: -2.063985,3.134034,1.550433,110.4217
344.0844: -1.841383,3.125384,1.582237,105.6296
344.3067: -1.622464,3.151035,1.577797,100.9046
344.5289: -1.392888,3.214083,1.569271,100.0055
344.7511: -1.146885,3.240302,1.590997,103.0796
344.9733: -0.9058003,3.211315,1.560614,106.8734
345.1956: -0.6548327,3.134296,1.588097,122.4308
345.4178: -0.3851739,3.129578,1.591677,109.0728
345.64: -0.1152753,3.146854,1.569574,104.4852
345.8622: 0.1656819,3.150166,1.601793,101.4979
346.0844: 0.4511072,3.120458,1.572081,102.2999
346.3067: 0.7513387,3.085559,1.609319,99.58425
346.5289: 1.037352,3.088844,1.601771,98.10278
346.7511: 1.316729,3.097415,1.584399,101.752
346.9733: 1.563605,3.06868,1.602734,108.6418
347.1956: 1.802008,2.996552,1.58318,120.6807
347.4178: 2.034031,2.893438,1.611571,138.8925
347.64: 2.236099,2.780088,1.607762,151.1593
347.8622: 2.41534,2.630883,1.580724,169.7452
348.0844: 2.5451,2.448937,1.600472,182.5397
348.3067: 2.616925,2.23139,1.572905,188.664
348.5289: 2.632233,1.978172,1.608124,197.6033
348.7511: 2.608017,1.747901,1.61018,214.2391
348.9733: 2.559307,1.5093,1.585014,231.4762
349.1956: 2.427146,1.314073,1.59596,244.9205
349.4178: 2.210619,1.195498,1.577867,253.2611
349.64: 1.964511,1.105265,1.632226,258.0592
349.8622: 1.722158,1.017629,1.615929,258.8553
350.0844: 1.457721,0.9252883,1.630186,260.2239
350.3067: 1.193011,0.890053,1.618233,256.1001
350.5289: 0.9154587,0.9046297,1.604341,247.4927
350.7511: 0.6696205,0.8672329,1.61939,226.2728
350.9733: 0.4472058,0.7789701,1.586236,216.8826
351.1956: 0.2785094,0.639469,1.602434,198.1396
351.4178: 0.1645699,0.4883071,1.609333,172.5546
351.64: 0.04554944,0.3061072,1.602029,159.955
351.8622: -0.01699323,0.08128558,1.609457,155.5934
352.0844: -0.007767338,-0.1352901,1.587491,147.181
352.3067: 0.04848388,-0.3357281,1.603848,135.6382
352.5289: 0.120324,-0.5254703,1.592966,123.3588
352.7511: 0.2263656,-0.7099227,1.58736,101.3594
352.9733: 0.3858895,-0.8331156,1.596824,82.92558
353.1956: 0.587485,-0.903903,1.587825,91.37496
353.4178: 0.805385,-0.9605052,1.621734,116.3093
353.64: 1.038853,-1.020361,1.60237,123.5539
353.8622: 1.274861,-1.131741,1.608931,129.3676
354.0844: 1.481946,-1.246309,1.624501,133.4059
354.3067: 1.663993,-1.355639,1.584884,136.9205
Trial Result: Success object: Well | Time Spent: 14.60347
Trial No.:1 Ends
Trial No.:13 Begins
User confirmed on object: Telescope, this maze officially starts.
373.6289: -3.055185,0.0168413,1.639673,89.39565
373.8511: -3.041435,0.01947938,1.640531,88.6263
374.0733: -3.034727,0.01377783,1.639416,92.17696
374.2956: -3.030099,0.01232484,1.633988,90.22021
374.5178: -3.022492,0.01606286,1.616936,83.22593
374.74: -2.99807,0.03115229,1.600092,68.16438
374.9622: -2.966904,0.0910304,1.581538,43.10091
375.1844: -2.941294,0.2090886,1.570162,41.1412
375.4067: -2.92019,0.37075,1.586622,43.87392
375.6289: -2.8401,0.5290282,1.594133,47.22288
375.8511: -2.681413,0.6607386,1.567909,58.64786
376.0733: -2.456437,0.7655638,1.589755,82.35751
376.2956: -2.263329,0.8933438,1.60202,83.13263
376.5178: -2.080025,1.028171,1.566968,85.01938
376.74: -1.917275,1.152025,1.597586,71.26385
376.9622: -1.817122,1.249029,1.602591,29.05522
377.1844: -1.699749,1.272815,1.601431,12.84279
377.4067: -1.621619,1.293211,1.606018,11.02542
377.6289: -1.541168,1.276273,1.605283,57.04342
377.8511: -1.486832,1.200963,1.594062,105.9017
378.0733: -1.376811,1.144814,1.573097,115.3487
378.2956: -1.201812,1.074946,1.575341,112.0917
378.5178: -1.019602,1.023435,1.588852,116.9285
378.74: -0.8227479,0.9985396,1.569885,123.8918
378.9622: -0.620369,0.9856985,1.574574,133.5947
379.1844: -0.4401407,0.9617121,1.599224,138.1178
379.4067: -0.2919634,0.9402727,1.605204,106.5794
379.6289: -0.1841532,0.8691807,1.610147,99.55273
379.8511: -0.07261537,0.8487023,1.609836,96.88293
380.0733: 0.0289972,0.8634472,1.609225,99.66218
380.2956: 0.08620057,0.8092005,1.623456,135.3057
380.5178: 0.06737665,0.7200578,1.612071,170.3102
380.74: 0.02910486,0.5852084,1.60516,173.9503
380.9622: -0.03536206,0.451665,1.611531,194.0801
381.1844: -0.06312947,0.3891396,1.612907,208.3773
381.4067: -0.02752404,0.3679416,1.608227,220.4574
381.6289: 0.02476205,0.3384449,1.607262,222.8932
381.8511: 0.08105439,0.2536633,1.606339,192.5367
382.0733: 0.08778799,0.1401222,1.598291,170.7544
382.2956: 0.02298206,-0.02700578,1.591276,157.9518
382.5178: -0.006604904,-0.218485,1.604976,131.6447
382.74: 0.01573408,-0.3941195,1.59357,123.3938
382.9622: 0.1135929,-0.5523925,1.589681,113.9868
383.1844: 0.230186,-0.6801932,1.609063,94.49866
383.4067: 0.3590609,-0.8194114,1.597459,87.68176
383.6289: 0.5372702,-0.9590274,1.610126,102.7065
383.8511: 0.7583616,-0.9974003,1.605715,110.5522
384.0733: 0.9993491,-0.9997823,1.607472,118.1677
384.2956: 1.21791,-1.060756,1.613853,126.5405
384.5178: 1.403374,-1.192014,1.597156,129.465
384.74: 1.560246,-1.317243,1.625371,130.8364
384.9622: 1.698515,-1.414996,1.608679,132.8878
Trial Result: Success object: Well | Time Spent: 11.61646
Trial No.:13 Ends
Trial No.:5 Begins
User confirmed on object: Table, this maze officially starts.
396.4178: -2.151207,1.951729,1.641981,86.18579
396.64: -2.151338,1.944676,1.640085,84.60042
396.8622: -2.153574,1.94128,1.630544,83.51585
397.0844: -2.145575,1.941163,1.608704,79.7496
397.3067: -2.119476,1.945606,1.596244,73.47804
397.5289: -2.08586,1.988318,1.591231,46.65197
397.7511: -2.051922,2.063497,1.577772,37.38273
397.9733: -2.016505,2.18927,1.565652,43.02562
398.1956: -1.952035,2.311866,1.574097,74.36513
398.4178: -1.937897,2.37254,1.584168,95.53442
398.64: -1.948039,2.391387,1.588512,113.1653
398.8622: -1.986028,2.353066,1.591727,143.7019
399.0844: -2.029677,2.31203,1.58982,166.4908
399.3067: -2.02859,2.30402,1.596553,158.3187
399.5289: -2.037117,2.289369,1.601492,152.7365
399.7511: -2.081006,2.262435,1.601545,176.2945
399.9733: -2.133285,2.197341,1.599775,183.3064
400.1956: -2.1784,2.077523,1.590762,179.0606
400.4178: -2.21254,1.932229,1.586874,178.471
400.64: -2.217479,1.779797,1.587103,182.7063
400.8622: -2.210386,1.621505,1.568821,185.0219
401.0844: -2.227246,1.447886,1.590534,188.5597
401.3067: -2.30215,1.296538,1.583365,184.0605
401.5289: -2.449551,1.148655,1.587498,175.7546
401.7511: -2.553061,1.031575,1.616127,165.3108
401.9733: -2.612246,0.9466824,1.605066,160.5434
402.1956: -2.637455,0.8700776,1.607497,158.8366
402.4178: -2.589454,0.854796,1.610975,143.6125
402.64: -2.478455,0.9430233,1.607932,90.83049
402.8622: -2.373462,1.056578,1.599202,59.82723
403.0844: -2.229395,1.189284,1.59426,48.13535
403.3067: -2.076875,1.324486,1.586608,31.34226
403.5289: -1.92784,1.442048,1.57844,21.19745
403.7511: -1.832558,1.594349,1.585893,14.71263
403.9734: -1.802861,1.796525,1.561429,15.08741
404.1956: -1.806871,2.040888,1.582697,26.63979
404.4178: -1.766553,2.264126,1.5775,41.91235
404.64: -1.659572,2.489283,1.557011,51.25138
404.8622: -1.532397,2.671659,1.575441,67.13208
405.0844: -1.387989,2.812394,1.558214,84.10902
405.3067: -1.213143,2.956962,1.567358,94.69107
405.5289: -0.9825422,3.051603,1.574779,96.80061
405.7511: -0.7056688,3.073269,1.573167,93.76498
405.9734: -0.4171906,3.09385,1.605908,94.47346
406.1956: -0.1290423,3.136501,1.56961,97.59919
406.4178: 0.1662354,3.177837,1.60065,100.9195
406.64: 0.4681442,3.181126,1.590489,100.3518
406.8622: 0.7808676,3.135961,1.595085,100.9861
407.0844: 1.081158,3.112329,1.61664,101.8874
407.3067: 1.385173,3.100505,1.57476,107.3811
407.5289: 1.686089,3.055271,1.614257,121.8183
407.7511: 1.962363,2.961729,1.575335,135.3954
407.9734: 2.212229,2.820532,1.602947,146.7429
408.1956: 2.395803,2.663453,1.602372,160.8543
408.4178: 2.552299,2.47368,1.585186,181.5913
408.64: 2.652261,2.258543,1.607555,192.8707
408.8622: 2.669461,2.022762,1.576292,198.2793
409.0844: 2.622827,1.774946,1.613202,206.448
409.3067: 2.560911,1.559067,1.605216,212.7094
409.5289: 2.483891,1.335969,1.592083,222.3423
Trial Result: Success object: Bookshelf | Time Spent: 13.54926
Trial No.:5 Ends
Trial No.:17 Begins
User confirmed on object: Harp, this maze officially starts.
431.0178: 1.772112,-1.189243,1.703257,353.8719
431.24: 1.757136,-1.182977,1.705598,351.7455
431.4622: 1.742263,-1.189807,1.707037,346.5901
431.6844: 1.727463,-1.206813,1.709953,337.193
431.9067: 1.767018,-1.208139,1.709395,9.110825
432.1289: 1.757113,-1.208165,1.70202,6.476569
432.3511: 1.738428,-1.20365,1.657707,359.3329
432.5733: 1.726419,-1.189991,1.645594,351.9225
432.7956: 1.679881,-1.214554,1.663979,305.0587
433.0178: 1.700419,-1.209089,1.666671,288.6414
433.24: 1.699423,-1.16285,1.66154,285.0416
433.4622: 1.616553,-1.124199,1.650844,286.1797
433.6844: 1.458443,-1.109806,1.643379,287.8803
433.9067: 1.265574,-1.107706,1.658845,292.0338
434.1289: 1.064254,-1.077359,1.653825,294.3076
434.3511: 0.8446304,-1.002714,1.633158,301.1031
434.5733: 0.6299814,-0.9100434,1.657137,312.5207
434.7956: 0.4472263,-0.8234555,1.651646,325.3234
435.0178: 0.2748619,-0.7239146,1.62631,343.0426
435.24: 0.1332761,-0.5499709,1.595149,356.7433
435.4622: 0.0827523,-0.3364537,1.577775,358.5591
435.6844: 0.07393923,-0.08507262,1.616354,356.5022
435.9067: 0.05242837,0.168203,1.616734,354.2613
436.1289: 0.01249266,0.4347098,1.598878,351.1079
436.3511: 0.003697574,0.721943,1.625288,354.3025
436.5733: 0.02930882,1.009474,1.587531,357.5842
436.7956: 0.04979926,1.297356,1.612268,353.5596
437.0178: 0.04353607,1.571696,1.601768,349.8456
437.24: 0.02051703,1.840899,1.591909,345.2012
437.4622: 0.001113725,2.100762,1.610435,335.3315
437.6844: -0.02676003,2.344328,1.590463,314.6198
437.9067: -0.08244556,2.55582,1.616569,285.9733
438.1289: -0.1818991,2.739611,1.599822,278.5529
438.3511: -0.3633854,2.870611,1.597427,275.9281
438.5733: -0.5616755,2.978651,1.610501,270.4409
438.7956: -0.7763334,3.095534,1.586202,269.3134
439.0178: -1.023425,3.186046,1.609437,266.9993
439.24: -1.265914,3.208638,1.593903,263.6833
439.4622: -1.508344,3.173979,1.583595,264.3141
439.6844: -1.757038,3.144736,1.608228,264.975
439.9067: -2.018195,3.130474,1.559021,265.3617
440.1289: -2.259606,3.115017,1.585396,265.1693
440.3511: -2.449895,3.084804,1.584872,267.0794
Trial Result: Success object: Stove | Time Spent: 9.64011
Trial No.:17 Ends
Trial No.:6 Begins
User confirmed on object: Table, this maze officially starts.
455.6511: -2.168629,2.118646,1.625978,94.29425
455.8734: -2.165176,2.12272,1.625114,93.76579
456.0956: -2.165887,2.109439,1.622581,102.8892
456.3178: -2.161802,2.104844,1.616198,102.4242
456.54: -2.160284,2.105593,1.601881,97.05387
456.7622: -2.161693,2.106253,1.589781,90.02579
456.9845: -2.152925,2.102457,1.590409,84.44096
457.2067: -2.160168,2.028378,1.598525,128.2699
457.4289: -2.199601,1.974123,1.589972,170.722
457.6511: -2.203766,1.954358,1.582836,193.0097
457.8734: -2.165169,1.952922,1.571517,207.4702
458.0956: -2.107158,1.878783,1.566527,206.8852
458.3178: -2.116769,1.71921,1.553495,197.406
458.54: -2.220432,1.507475,1.568138,189.8546
458.7622: -2.336592,1.283559,1.589161,185.7088
458.9845: -2.439495,1.029742,1.545492,181.8026
459.2067: -2.524075,0.7531425,1.586776,177.7359
459.4289: -2.61875,0.493918,1.569258,179.063
459.6511: -2.732986,0.2078644,1.562516,180.716
459.8734: -2.782443,-0.09353863,1.587,184.4934
460.0956: -2.777551,-0.3996392,1.561848,179.8293
460.3178: -2.770082,-0.6928332,1.600117,177.6978
460.54: -2.780242,-0.9999057,1.560384,174.2433
460.7622: -2.792967,-1.316355,1.586009,162.1455
460.9845: -2.767063,-1.625862,1.575074,157.6618
461.2067: -2.698828,-1.927159,1.574203,155.7032
461.4289: -2.623373,-2.18594,1.589306,139.6896
461.6511: -2.531304,-2.448494,1.55508,119.9525
461.8734: -2.398306,-2.657702,1.574293,87.9134
462.0956: -2.214284,-2.814051,1.553138,77.99535
462.3178: -1.979043,-2.930837,1.577165,75.11938
462.54: -1.746277,-3.058226,1.57879,79.61003
462.7622: -1.489065,-3.192739,1.568414,82.51022
462.9845: -1.216815,-3.266544,1.596949,78.06157
463.2067: -0.943374,-3.283191,1.56217,74.82558
463.4289: -0.6559136,-3.265454,1.592481,76.53645
463.6511: -0.3840504,-3.255128,1.584496,68.22932
463.8734: -0.1044651,-3.256507,1.575741,63.25992
464.0956: 0.1293275,-3.220228,1.610524,57.03533
Trial Result: Success object: Chair | Time Spent: 8.752373
Trial No.:6 Ends
Trial No.:16 Begins
User confirmed on object: Wheelbarrow, this maze officially starts.
474.8178: 0.3616696,-0.01041519,1.660439,266.8762
475.04: 0.3576087,-0.009722587,1.658955,269.5444
475.2622: 0.3508869,-0.003662178,1.652637,275.9133
475.4845: 0.3285822,-0.01812962,1.633948,269.4354
475.7067: 0.2902277,-0.03840018,1.613849,252.8893
475.9289: 0.2456211,-0.06547107,1.612866,220.2842
476.1511: 0.2016246,-0.08926718,1.606428,195.9857
476.3734: 0.152512,-0.09998278,1.603528,197.2151
476.5956: 0.09646803,-0.07869537,1.609812,258.9824
476.8178: 0.1420338,-0.08285643,1.616231,322.5126
477.04: 0.1908339,-0.1420224,1.615937,1.254355
477.2622: 0.1907104,-0.1516074,1.604889,6.990143
477.4845: 0.1584168,-0.05814883,1.595834,359.6614
477.7067: 0.1429037,0.1338511,1.576391,357.356
477.9289: 0.1397813,0.3806793,1.606387,357.0471
478.1511: 0.1019712,0.6209983,1.624545,359.7666
478.3734: 0.03136198,0.8728549,1.600055,3.666667
478.5956: -0.01195502,1.148852,1.621971,5.707972
478.8178: -0.00767418,1.435534,1.583764,8.723467
479.04: 0.003380205,1.727577,1.609259,7.824032
479.2622: -0.0119538,1.990093,1.601629,11.6109
479.4845: -0.02101835,2.234426,1.583736,36.30432
479.7067: 0.007888675,2.435861,1.604833,63.00977
479.9289: 0.05427465,2.623199,1.587166,74.23559
480.1511: 0.0944905,2.783117,1.609867,83.69576
480.3734: 0.09832276,2.907401,1.614313,85.56973
480.5956: 0.01347613,3.051575,1.629118,34.00217
480.8178: -0.2025514,3.081026,1.625596,298.0691
481.04: -0.3444635,3.115623,1.606889,269.5961
481.2622: -0.4967475,3.163648,1.599525,249.8885
481.4845: -0.6696794,3.212207,1.594947,227.2691
481.7067: -0.9066077,3.232735,1.591527,234.6854
481.9289: -1.170522,3.18299,1.576873,247.7805
482.1511: -1.378706,3.07885,1.612572,230.429
482.3734: -1.549329,2.982983,1.582303,206.3992
482.5956: -1.709048,2.847226,1.591077,190.8525
482.8178: -1.820746,2.659754,1.56836,186.0995
483.04: -1.881613,2.414487,1.579082,193.3611
483.2622: -1.946686,2.159552,1.602845,196.0607
483.4845: -2.025948,1.903351,1.568821,192.4452
483.7067: -2.108765,1.65074,1.597627,189.9622
483.9289: -2.19413,1.423417,1.579552,191.53
484.1511: -2.271978,1.200465,1.568366,191.3699
484.3734: -2.362597,1.005816,1.579435,184.4071
484.5956: -2.482727,0.8271273,1.555821,176.6147
484.8178: -2.609208,0.6419833,1.583068,172.9555
485.04: -2.696696,0.4304066,1.574607,174.927
485.2622: -2.726897,0.1809114,1.563937,182.2047
485.4845: -2.736778,-0.07072246,1.591598,186.2794
485.7067: -2.761673,-0.3285717,1.563607,190.9611
485.9289: -2.811315,-0.6018655,1.580477,192.3446
486.1511: -2.823043,-0.850154,1.585521,198.1071
486.3734: -2.812177,-1.090048,1.547948,205.2531
486.5956: -2.809327,-1.31623,1.579393,215.5263
Trial Result: Success object: Plant | Time Spent: 12.12791
Trial No.:16 Ends
Trial No.:18 Begins
User confirmed on object: Harp, this maze officially starts.
498.9289: 1.771893,-1.193711,1.673691,354.5241
499.1511: 1.766218,-1.194689,1.674973,352.669
499.3734: 1.772414,-1.192478,1.675585,352.4452
499.5956: 1.78437,-1.187221,1.667534,351.1112
499.8178: 1.800087,-1.175043,1.638668,350.5439
500.04: 1.824425,-1.159234,1.6227,353.9057
500.2622: 1.835323,-1.149554,1.629702,349.908
500.4845: 1.779082,-1.167661,1.634235,297.1821
500.7067: 1.765028,-1.186961,1.631075,262.3474
500.9289: 1.741326,-1.16147,1.626611,261.9258
501.1511: 1.669645,-1.112692,1.619423,281.9637
501.3734: 1.535173,-1.108491,1.602992,288.601
501.5956: 1.396656,-1.103034,1.620341,300.1335
501.8178: 1.425764,-1.057375,1.638665,359.9155
502.04: 1.529591,-1.086077,1.633431,56.90624
502.2622: 1.65192,-1.088237,1.633813,72.4491
502.4845: 1.809122,-1.054986,1.631994,55.98145
502.7067: 1.968935,-0.9641787,1.624848,30.11183
502.9289: 2.151785,-0.8236607,1.601304,32.20846
503.1511: 2.320978,-0.6584738,1.637742,22.54769
503.3734: 2.477942,-0.4950449,1.623185,5.855797
503.5956: 2.637058,-0.3017835,1.633342,347.3849
503.8178: 2.732348,-0.07866801,1.633028,340.7708
504.04: 2.75229,0.1704173,1.615477,349.9896
504.2622: 2.749714,0.4359362,1.656186,356.5528
504.4845: 2.7802,0.7140212,1.626019,357.0125
504.7067: 2.832498,1.011684,1.658131,354.6277
504.9289: 2.828042,1.293207,1.659644,350.5747
505.1511: 2.780324,1.583494,1.641183,346.0573
505.3734: 2.745847,1.860443,1.661038,338.3973
505.5956: 2.713028,2.139669,1.627129,325.1244
505.8178: 2.632645,2.393965,1.650732,299.1881
506.04: 2.500268,2.613585,1.617285,288.0736
506.2622: 2.285548,2.785195,1.632148,279.6197
506.4845: 2.07739,2.91143,1.638281,256.859
506.7067: 1.858469,3.029919,1.612033,231.6845
506.9289: 1.583598,3.131259,1.636656,231.629
507.1511: 1.285704,3.194184,1.603205,252.0493
507.3734: 1.003215,3.196153,1.634752,260.9051
507.5956: 0.7253032,3.199949,1.618309,262.9697
507.8178: 0.4158524,3.222101,1.611158,261.1652
508.04: 0.1078429,3.207861,1.6289,258.9167
508.2622: -0.1990343,3.154487,1.591275,257.8148
508.4845: -0.4867123,3.098556,1.621775,253.2638
508.7067: -0.7770797,3.060763,1.583469,253.503
508.9289: -1.068848,3.008953,1.60205,248.4743
509.1511: -1.298372,2.878211,1.588584,222.185
509.3734: -1.467482,2.699159,1.571778,195.907
509.5956: -1.597522,2.524029,1.580373,169.9995
509.8178: -1.743078,2.33882,1.560429,159.4603
510.04: -1.864744,2.140468,1.583928,163.979
510.2622: -1.95906,1.921116,1.562313,191.9314
510.4845: -2.0034,1.674571,1.566841,205.8552
510.7067: -2.087875,1.431441,1.576709,201.3324
510.9289: -2.238276,1.222908,1.561364,193.0973
511.1511: -2.361901,1.00785,1.581483,174.8998
511.3734: -2.456813,0.7855191,1.548558,170.8303
511.5956: -2.50763,0.5708366,1.568444,161.3693
Trial Result: Success object: Telescope | Time Spent: 12.90596
Trial No.:18 Ends
Trial No.:8 Begins
User confirmed on object: Plant, this maze officially starts.
520.8511: -2.470189,-2.106846,1.631967,276.9873
521.0734: -2.464661,-2.118815,1.630877,274.8418
521.2956: -2.454001,-2.113499,1.626424,284.0912
521.5178: -2.456252,-2.119181,1.615474,281.9417
521.74: -2.471704,-2.112085,1.596966,283.8701
521.9622: -2.475855,-2.056135,1.585647,332.0551
522.1844: -2.516246,-1.976279,1.58077,357.0529
522.4067: -2.568256,-1.804951,1.553104,5.169003
522.6289: -2.59996,-1.565051,1.568851,10.17292
522.8511: -2.649406,-1.329751,1.580949,11.63043
523.0734: -2.729321,-1.068555,1.542649,11.91683
523.2956: -2.787173,-0.7666197,1.580885,15.7741
523.5178: -2.773919,-0.452625,1.541502,19.49067
523.74: -2.718619,-0.1264142,1.575585,25.1564
523.9622: -2.677371,0.1772959,1.563629,31.82783
524.1844: -2.614512,0.4805868,1.558197,40.4915
524.4067: -2.504342,0.7562853,1.569988,37.2268
524.6289: -2.340787,1.018745,1.564047,22.60855
524.8511: -2.189867,1.28027,1.596168,8.192787
525.0734: -2.077681,1.55737,1.550111,2.115314
525.2956: -2.012805,1.825573,1.587708,343.4118
525.5178: -1.956323,2.068364,1.581949,321.4812
525.74: -1.802024,2.351874,1.582908,10.29581
525.9622: -1.686308,2.560782,1.587075,57.35666
526.1844: -1.590267,2.780657,1.546725,73.77147
526.4067: -1.431508,2.963038,1.57102,88.18912
526.6289: -1.205838,3.07323,1.545765,93.34795
526.8511: -0.9130032,3.113569,1.596815,94.73969
527.0734: -0.6258721,3.162512,1.602087,97.08498
527.2956: -0.3239197,3.232406,1.591707,99.59671
527.5178: -0.01571817,3.252509,1.615709,97.99918
527.74: 0.305096,3.210318,1.593261,97.79927
527.9622: 0.6247566,3.173796,1.636412,97.75234
528.1844: 0.9421242,3.163622,1.604289,97.84235
528.4067: 1.254883,3.144903,1.628771,107.1066
528.6289: 1.55244,3.09253,1.623087,116.9931
528.8511: 1.840621,3.000042,1.622809,126.0829
529.0734: 2.105681,2.893667,1.651747,135.7165
529.2956: 2.343104,2.731201,1.60676,152.4245
529.5178: 2.509641,2.52944,1.637599,172.8671
529.74: 2.601717,2.296752,1.61447,184.0843
529.9622: 2.63774,2.036821,1.64186,194.3551
530.1844: 2.652123,1.802626,1.639651,206.3018
530.4067: 2.640261,1.564169,1.617993,224.6011
530.6289: 2.560236,1.355138,1.643816,240.2621
530.8511: 2.39959,1.204101,1.620788,244.5288
531.0734: 2.154152,1.105109,1.641548,248.823
531.2956: 1.908071,1.019596,1.640134,254.5738
531.5178: 1.642175,0.9257175,1.622528,261.5266
531.74: 1.361403,0.8878405,1.639544,259.0222
531.9622: 1.076,0.9074788,1.60629,250.074
532.1844: 0.7987708,0.8992701,1.632566,236.7708
532.4067: 0.5685682,0.835176,1.598675,224.8826
532.6289: 0.3684433,0.7116435,1.605255,213.2915
532.8511: 0.230793,0.5808642,1.607972,186.4561
533.0734: 0.08515677,0.4208827,1.593777,165.9148
533.2956: -0.00973156,0.1953609,1.596889,159.6893
533.5178: -0.02050441,-0.04347371,1.563735,152.8366
533.74: 0.02155933,-0.2565114,1.596731,143.7424
533.9622: 0.07092372,-0.4313315,1.592553,124.6368
534.1844: 0.1258646,-0.6250821,1.583791,106.5042
534.4067: 0.2527636,-0.7642086,1.597596,88.22903
534.6289: 0.4267054,-0.8327081,1.580637,80.44818
534.8511: 0.6322219,-0.8593611,1.613227,82.55164
535.0734: 0.8362615,-0.8904563,1.617209,74.89211
Trial Result: Success object: Harp | Time Spent: 14.57075
Trial No.:8 Ends
Trial No.:11 Begins
User confirmed on object: Trashcan, this maze officially starts.
541.7511: 2.456304,1.06274,1.69045,95.20793
541.9733: 2.465299,1.066844,1.68888,93.56016
542.1956: 2.473863,1.068164,1.688798,93.20807
542.4178: 2.48045,1.068577,1.687688,93.25437
542.64: 2.48701,1.062791,1.676455,95.00368
542.8622: 2.491289,1.039832,1.663999,107.0437
543.0845: 2.472035,0.9900893,1.658327,147.6403
543.3067: 2.459182,0.9674454,1.645167,185.8198
543.5289: 2.48825,0.8714237,1.635293,192.3101
543.7511: 2.484036,0.690102,1.614936,201.4593
543.9733: 2.487442,0.5006768,1.637514,205.2208
544.1956: 2.523346,0.2998226,1.630497,203.1304
544.4178: 2.580332,0.07471365,1.614506,203.9481
544.64: 2.590837,-0.171182,1.640406,212.0809
544.8622: 2.540906,-0.3979328,1.621261,213.6031
545.0845: 2.450031,-0.627802,1.63446,191.6011
545.3067: 2.346133,-0.8286689,1.624897,186.5648
545.5289: 2.239801,-1.031824,1.597412,187.7987
545.7511: 2.058819,-1.160033,1.628729,224.553
545.9733: 1.865783,-1.156449,1.62102,274.8597
546.1956: 1.600893,-1.127454,1.615907,273.0452
546.4178: 1.320773,-1.094923,1.642123,276.9623
546.64: 1.036366,-1.085488,1.598686,286.0773
546.8622: 0.7433675,-1.094393,1.623594,288.1313
547.0845: 0.4376077,-1.075942,1.600859,275.333
547.3067: 0.1255389,-1.028556,1.597365,265.5952
547.5289: -0.1786444,-1.017271,1.609917,264.5221
547.7511: -0.4856863,-1.031358,1.578823,271.4247
547.9733: -0.7867624,-1.035985,1.614006,275.0273
548.1956: -1.094658,-1.004159,1.575497,279.3767
548.4178: -1.400835,-0.9840124,1.599347,271.6214
548.64: -1.671056,-1.016068,1.585375,243.3942
548.8622: -1.951095,-1.002728,1.565476,266.2697
549.0845: -2.180282,-0.9145041,1.582838,322.6955
549.3067: -2.356444,-0.8126676,1.553162,351.9985
549.5289: -2.513358,-0.6784401,1.566394,7.190109
549.7511: -2.61607,-0.5527008,1.589974,27.57629
Trial Result: Success object: Telescope | Time Spent: 8.372847
Trial No.:11 Ends
Trial No.:9 Begins
User confirmed on object: Bookshelf, this maze officially starts.
558.9622: 1.7938,1.257047,1.687746,182.0357
559.1844: 1.79632,1.260454,1.684372,182.0777
559.4067: 1.787677,1.271275,1.678678,189.5016
559.6289: 1.794725,1.273138,1.6424,183.8117
559.8511: 1.790843,1.268341,1.61707,181.5549
560.0734: 1.778706,1.248387,1.619971,185.3929
560.2956: 1.71491,1.235351,1.631455,234.1519
560.5178: 1.664855,1.229615,1.621356,268.2692
560.74: 1.533756,1.205601,1.609685,272.4524
560.9622: 1.315284,1.188026,1.623545,240.8064
561.1844: 1.098009,1.180062,1.631836,238.1507
561.4067: 0.8594028,1.161608,1.59879,263.4696
561.6289: 0.6201526,1.133158,1.615389,289.7894
561.8511: 0.4040544,1.138015,1.628863,295.842
562.0734: 0.1816426,1.169875,1.611823,273.2098
562.2956: -0.08500318,1.185448,1.609446,269.3088
562.5178: -0.3693576,1.152759,1.574106,274.4578
562.74: -0.6606881,1.112429,1.623541,281.3625
562.9622: -0.9339668,1.125591,1.595741,289.6877
563.1844: -1.19694,1.195221,1.595586,300.3852
563.4067: -1.410892,1.301516,1.594802,314.5311
563.6289: -1.5955,1.438533,1.573079,324.8368
563.8511: -1.733361,1.639399,1.58608,321.7626
564.0734: -1.812725,1.904101,1.562798,317.2103
564.2956: -1.918088,2.153658,1.593577,309.639
564.5178: -2.071373,2.355015,1.550839,303.3185
564.74: -2.261395,2.522192,1.560944,300.2291
564.9622: -2.425688,2.664739,1.582906,291.7436
Trial Result: Success object: Stove | Time Spent: 6.331358
Trial No.:9 Ends
Trial No.:7 Begins
User confirmed on object: Plant, this maze officially starts.
578.0734: -2.39573,-2.066484,1.628479,273.3316
578.2956: -2.397059,-2.069856,1.627393,274.3564
578.5178: -2.400161,-2.075041,1.626018,276.8236
578.74: -2.404666,-2.083066,1.625877,276.7867
578.9622: -2.406532,-2.087705,1.620043,277.4496
579.1844: -2.416321,-2.081816,1.59631,285.1821
579.4067: -2.413822,-2.017445,1.578964,337.6078
579.6289: -2.466948,-1.931031,1.570166,353.6016
579.8511: -2.520202,-1.737712,1.543267,1.243736
580.0734: -2.54319,-1.471722,1.570605,6.262381
580.2956: -2.577244,-1.220748,1.591646,7.695377
580.5178: -2.6368,-0.9474288,1.548608,9.111805
580.74: -2.68675,-0.6286526,1.589139,13.32644
580.9622: -2.672375,-0.3377571,1.546542,18.55852
581.1844: -2.612631,-0.01791283,1.574617,24.91307
581.4067: -2.566486,0.2584424,1.565975,32.42165
581.6289: -2.506458,0.5251584,1.534655,49.0183
581.8511: -2.35306,0.7461588,1.568521,59.93307
582.0734: -2.09528,0.8444188,1.54846,69.70996
582.2956: -1.794236,0.9021261,1.607266,69.57471
582.5178: -1.500459,0.963984,1.581711,69.83151
582.74: -1.194677,1.041475,1.611075,66.07258
582.9622: -0.9127532,1.075856,1.604308,58.86271
583.1844: -0.6349082,1.100966,1.58045,45.02599
583.4067: -0.3889675,1.191991,1.612497,23.11456
583.6289: -0.2367505,1.34288,1.586862,15.42958
583.8511: -0.1342287,1.559685,1.596204,14.50937
584.0734: -0.03584214,1.797498,1.590051,19.37791
584.2956: 0.06841551,2.063209,1.590988,25.68223
584.5178: 0.1337318,2.312694,1.599405,35.1888
584.74: 0.2061536,2.547786,1.565705,51.75826
584.9622: 0.3357855,2.732306,1.598728,77.14194
585.1844: 0.5249806,2.849872,1.579448,91.3828
585.4067: 0.7816582,2.931806,1.619224,92.12573
585.6289: 1.035604,3.00513,1.625223,94.57458
585.8511: 1.312724,3.065239,1.599855,103.8547
586.0734: 1.614004,3.053166,1.632288,118.0751
586.2956: 1.8852,2.954236,1.610301,130.5649
586.5178: 2.122931,2.838765,1.633928,141.768
586.74: 2.337729,2.725796,1.606579,150.049
586.9622: 2.508289,2.566454,1.628695,159.5468
587.1844: 2.600427,2.358794,1.607635,162.5302
587.4067: 2.639193,2.086601,1.62899,155.9372
587.6289: 2.688688,1.873013,1.650473,153.518
Trial Result: Success object: Trashcan | Time Spent: 9.985548
Trial No.:7 Ends
Trial No.:12 Begins
User confirmed on object: Trashcan, this maze officially starts.
599.7511: 2.491344,1.180418,1.696087,101.7409
599.9733: 2.500355,1.180208,1.693933,103.2983
600.1956: 2.504633,1.160506,1.686254,117.3605
600.4178: 2.523856,1.168902,1.681853,108.6123
600.64: 2.537778,1.195112,1.68612,86.19173
600.8622: 2.543768,1.184352,1.687911,86.37378
601.0845: 2.555373,1.151376,1.692987,101.5968
601.3067: 2.550995,1.115983,1.699095,124.8589
601.5289: 2.535855,1.082167,1.686849,152.3708
601.7511: 2.526077,1.044754,1.646314,184.3071
601.9733: 2.562079,0.920318,1.622722,189.6128
602.1956: 2.564181,0.6918006,1.599657,191.6019
602.4178: 2.552453,0.431401,1.636316,194.5612
602.64: 2.563662,0.1622277,1.627743,197.5197
602.8622: 2.582291,-0.1135192,1.627887,201.4731
603.0845: 2.553313,-0.3636535,1.647407,200.9229
603.3067: 2.442356,-0.6033663,1.615294,209.7286
603.5289: 2.282708,-0.801186,1.633111,236.3891
603.7511: 2.126438,-0.9500551,1.619352,255.6535
603.9733: 1.93385,-1.071417,1.628559,266.7239
604.1956: 1.692264,-1.099647,1.59778,276.3415
604.4178: 1.388358,-1.057873,1.62092,284.7087
604.64: 1.111743,-1.056055,1.631221,276.0208
604.8622: 0.8380828,-1.075405,1.598912,262.3602
605.0845: 0.5454812,-1.06945,1.629792,256.7711
605.3067: 0.2571705,-1.037433,1.593828,249.774
605.5289: -0.04110875,-1.031732,1.616186,232.6161
605.7511: -0.2788229,-1.087735,1.600121,219.0085
605.9733: -0.4674726,-1.207307,1.592557,213.1805
606.1956: -0.618682,-1.334622,1.616421,202.2601
606.4178: -0.7638525,-1.495014,1.587253,195.6696
606.64: -0.8666885,-1.697544,1.595549,191.3121
606.8622: -0.8987916,-1.929386,1.571142,195.8565
607.0845: -0.8900552,-2.196854,1.580959,216.9555
607.3067: -0.9323357,-2.430075,1.586619,244.0924
607.5289: -1.044981,-2.616374,1.549732,259.2437
607.7511: -1.19003,-2.770327,1.571893,276.7733
607.9733: -1.358571,-2.922769,1.564732,285.2676
608.1956: -1.562894,-3.049479,1.56287,293.8924
608.4178: -1.787637,-3.082238,1.56585,302.6544
608.64: -2.007886,-2.999359,1.550812,313.5293
608.8622: -2.197132,-2.878912,1.581634,328.1002
609.0845: -2.368606,-2.755298,1.571374,338.5326
609.3067: -2.526797,-2.606172,1.569462,355.3525
609.5289: -2.635305,-2.410905,1.564779,3.909464
609.7511: -2.677446,-2.147435,1.551316,8.205855
609.9733: -2.696569,-1.86395,1.593714,11.59512
610.1956: -2.707821,-1.585852,1.562078,34.83541
610.4178: -2.695738,-1.367192,1.551307,58.95663
610.64: -2.642226,-1.217908,1.570731,68.1201
610.8622: -2.49052,-1.134104,1.572569,70.51068
611.0845: -2.206499,-1.125994,1.58261,76.6982
611.3067: -1.928714,-1.117952,1.613508,82.07685
611.5289: -1.637528,-1.062927,1.580858,80.66788
611.7511: -1.367619,-0.9988552,1.604172,76.06689
611.9733: -1.101974,-0.9759892,1.587496,71.28627
612.1956: -0.8093001,-0.9800258,1.594694,58.81912
612.4178: -0.5559396,-0.9418799,1.615989,34.2159
612.64: -0.2701148,-0.9237056,1.583363,44.21406
612.8622: 0.02029615,-0.9388138,1.625775,75.36594
613.0845: 0.2957161,-0.9454879,1.602966,79.09074
613.3067: 0.5990676,-0.9943669,1.614809,88.15681
613.5289: 0.8838257,-1.020248,1.631279,104.2639
613.7511: 1.161798,-1.010658,1.605762,113.7212
613.9733: 1.383269,-1.050918,1.631026,154.4235
614.1956: 1.580072,-1.103671,1.601379,181.6066
614.4178: 1.810814,-1.146767,1.627354,161.195
614.64: 2.046352,-1.03184,1.642791,70.9212
614.8622: 2.187739,-0.9440701,1.614922,29.78136
615.0845: 2.344403,-0.8492956,1.625522,12.79587
615.3067: 2.490554,-0.7444962,1.63215,5.041642
615.5289: 2.62177,-0.612062,1.623533,349.9882
615.7511: 2.722874,-0.4442858,1.640569,345.3653
615.9733: 2.745672,-0.2527689,1.625234,344.7744
616.1956: 2.68545,-0.05664866,1.637204,340.3409
616.4178: 2.635795,0.1364861,1.642795,326.3218
616.64: 2.6013,0.3484556,1.621859,310.4626
616.8622: 2.533521,0.5449755,1.648946,291.4323
617.0845: 2.417405,0.6692274,1.635597,274.9676
617.3067: 2.245595,0.7259165,1.607227,264.4115
617.5289: 2.063239,0.7603859,1.628768,261.9046
617.7511: 1.85001,0.8082114,1.627826,270.188
617.9733: 1.616469,0.8650078,1.617008,275.4767
618.1956: 1.385881,0.9077298,1.637688,279.1048
618.4178: 1.162131,0.9065404,1.617776,281.6739
618.64: 0.9211373,0.8661085,1.61428,269.8863
618.8622: 0.7033345,0.8243933,1.629364,245.5122
619.0845: 0.4847223,0.8355718,1.609981,246.7802
619.3067: 0.2416848,0.8991729,1.616678,265.5787
619.5289: 0.008144982,0.9374175,1.63233,283.394
619.7511: -0.2351623,0.9302543,1.596743,284.8992
619.9733: -0.4856189,0.911456,1.605575,290.6616
620.1956: -0.7215869,0.9155713,1.601445,295.0494
620.4178: -0.9660084,0.9684654,1.567644,309.0161
620.64: -1.188065,1.027609,1.581265,318.2006
620.8622: -1.380203,1.078565,1.569915,336.736
621.0845: -1.57543,1.10723,1.559552,352.9846
621.3067: -1.750999,1.143717,1.581485,4.76173
621.5289: -1.889789,1.18872,1.579856,8.416451
621.7511: -1.976867,1.241728,1.578891,19.35047
621.9733: -2.019877,1.281806,1.58752,40.84335
622.1956: -2.05513,1.375925,1.590443,53.12185
Trial Result: Success object: Table | Time Spent: 22.70002
Trial No.:12 Ends
Trial No.:19 Begins
User confirmed on object: Well, this maze officially starts.
648.4844: 1.629009,-1.896875,1.665884,97.44531
648.7067: 1.635591,-1.89757,1.667848,100.2487
648.9289: 1.638546,-1.895131,1.661733,98.11974
649.1511: 1.637185,-1.872814,1.646935,80.52255
649.3734: 1.647138,-1.877725,1.644191,80.89552
649.5956: 1.661955,-1.91169,1.634224,99.86362
649.8178: 1.659842,-1.975103,1.633227,144.9329
650.04: 1.647746,-1.99616,1.621445,184.1873
650.2623: 1.653433,-2.056758,1.613827,203.119
650.4844: 1.625592,-2.195703,1.596743,207.396
650.7067: 1.584345,-2.35725,1.599877,215.3463
650.9289: 1.545393,-2.536277,1.588141,227.1104
651.1511: 1.49613,-2.718688,1.571745,250.7896
651.3734: 1.368452,-2.866228,1.588308,269.1148
651.5956: 1.172431,-2.914547,1.570347,287.7761
651.8178: 0.9200051,-2.942569,1.608429,295.0317
652.04: 0.6524342,-3.008986,1.598017,284.2385
652.2623: 0.3902382,-3.063459,1.583529,287.7655
652.4844: 0.1039796,-3.05237,1.600042,295.8092
652.7067: -0.1618302,-2.943906,1.571304,305.7122
652.9289: -0.3861032,-2.811147,1.601955,319.2841
653.1511: -0.5667551,-2.668299,1.576136,330.4048
653.3734: -0.705829,-2.492177,1.580817,353.1296
653.5956: -0.7683799,-2.290287,1.573393,3.144719
653.8178: -0.7428269,-2.029864,1.577297,8.824096
654.04: -0.7072477,-1.778328,1.606185,15.50318
654.2623: -0.6695271,-1.54061,1.576039,22.22675
654.4844: -0.5814866,-1.318074,1.585318,49.05116
654.7067: -0.4460481,-1.130463,1.587679,62.8996
654.9289: -0.2532277,-0.9641421,1.599866,60.47141
655.1511: -0.1158378,-0.765205,1.625526,44.51465
655.3734: -0.007922687,-0.6282783,1.583395,70.77971
655.5956: 0.09244831,-0.5933094,1.61483,98.58118
655.8178: 0.2101354,-0.6380801,1.60609,107.5178
656.04: 0.3750555,-0.7542794,1.620503,102.0628
656.2623: 0.5708488,-0.8400805,1.625855,100.5956
656.4844: 0.8020695,-0.8506704,1.595321,91.94039
656.7067: 1.062986,-0.8302575,1.630409,79.19773
656.9289: 1.314839,-0.8499876,1.62565,71.46266
657.1511: 1.581762,-0.8883457,1.606421,59.04534
657.3734: 1.844156,-0.8696162,1.627596,43.89452
657.5956: 2.066432,-0.8033416,1.601613,35.33122
657.8178: 2.238603,-0.697122,1.62435,23.16079
658.04: 2.375087,-0.5889248,1.62517,357.5067
658.2623: 2.528548,-0.4641661,1.622574,340.8394
658.4844: 2.64826,-0.2785792,1.632436,341.7924
658.7067: 2.685187,-0.07026874,1.608576,344.1029
658.9289: 2.666913,0.146639,1.641176,339.5094
659.1511: 2.637002,0.3398062,1.642733,306.259
659.3734: 2.652731,0.5598339,1.628687,288.9721
659.5956: 2.646846,0.7692288,1.646835,271.0045
659.8178: 2.605768,0.9402293,1.62318,260.9181
660.04: 2.568907,1.155352,1.63941,299.9913
660.2623: 2.603041,1.369267,1.644065,340.8764
660.4844: 2.630208,1.590485,1.625667,343.4093
660.7067: 2.657519,1.835313,1.651314,329.0682
660.9289: 2.636775,2.056441,1.646907,319.1906
661.1511: 2.563442,2.277665,1.617707,316.4208
661.3734: 2.456299,2.471305,1.638425,295.9522
661.5956: 2.359845,2.645979,1.629679,271.5706
661.8178: 2.255129,2.830217,1.621016,249.7983
662.04: 2.086892,2.983809,1.636425,247.4682
662.2623: 1.866047,3.085717,1.609502,257.3625
662.4844: 1.616437,3.123749,1.641931,260.4133
662.7067: 1.368143,3.159899,1.635436,261.5243
662.9289: 1.098614,3.192765,1.617465,254.6139
663.1511: 0.8414871,3.174709,1.643817,241.952
663.3734: 0.6258929,3.092952,1.602156,220.4229
663.5956: 0.4387136,2.951008,1.608056,200.5017
663.8178: 0.2717836,2.815956,1.620795,192.0247
664.04: 0.1106992,2.664725,1.602,186.4384
664.2623: 0.008676849,2.472373,1.617899,186.4745
664.4844: -0.01738525,2.254625,1.591158,186.3193
664.7067: 0.01587895,1.995919,1.611527,186.8417
664.9289: 0.01362442,1.759612,1.622754,189.2772
665.1511: -0.08200657,1.563467,1.589791,215.7266
665.3734: -0.1888337,1.385811,1.620917,236.4149
665.5956: -0.3036551,1.236087,1.609774,248.5494
665.8178: -0.4376064,1.097089,1.594474,266.0484
666.04: -0.5938221,1.007989,1.608507,280.2499
666.2623: -0.7856165,0.9586543,1.583409,281.4901
666.4844: -1.01839,0.980706,1.602893,277.1285
666.7067: -1.228245,1.028797,1.610346,302.1786
666.9289: -1.418853,1.057762,1.574389,337.008
667.1511: -1.600016,1.078053,1.584471,7.194112
667.3734: -1.79261,1.118814,1.586481,7.106993
667.5956: -1.918076,1.159202,1.57569,5.046096
667.8178: -1.953909,1.164449,1.579145,23.09997
668.04: -1.921549,1.231615,1.575857,30.95263
668.2623: -1.851749,1.352929,1.577467,38.19019
668.4844: -1.809685,1.4552,1.58802,47.61037
668.7067: -1.805826,1.505249,1.605333,91.31683
668.9289: -1.87184,1.603405,1.613931,120.8361
669.1511: -1.941251,1.669526,1.6167,149.5182
669.3734: -1.999156,1.688532,1.610158,180.5956
669.5956: -2.011613,1.700366,1.602648,183.8659
Trial Result: Success object: Table | Time Spent: 21.535
Trial No.:19 Ends
Trial No.:21 Begins
User confirmed on object: Mailbox, this maze officially starts.
682.14: -1.683118,-3.401037,1.629664,351.6019
682.3622: -1.678914,-3.397369,1.629108,352.8827
682.5845: -1.677435,-3.388976,1.626907,354.1996
682.8067: -1.676856,-3.371089,1.615924,353.2895
683.0289: -1.666533,-3.350052,1.597901,355.2469
683.2511: -1.643139,-3.332525,1.590435,6.642906
683.4733: -1.591168,-3.351727,1.590181,57.75599
683.6956: -1.594525,-3.338456,1.592602,59.71081
683.9178: -1.662977,-3.266896,1.605492,11.63047
684.14: -1.806198,-3.236759,1.588382,333.6805
684.3622: -1.991004,-3.194917,1.557736,326.4312
684.5845: -2.188145,-3.085026,1.576228,338.2133
684.8067: -2.332483,-2.894128,1.550202,351.0237
685.0289: -2.414505,-2.61018,1.573966,353.9718
685.2511: -2.498935,-2.332488,1.593431,359.9263
685.4733: -2.596411,-2.036272,1.541982,4.600462
685.6956: -2.666825,-1.739636,1.585677,8.134235
685.9178: -2.69031,-1.443768,1.557503,8.694395
686.14: -2.671515,-1.122135,1.583922,9.577127
686.3622: -2.679913,-0.7976018,1.584285,11.56282
686.5845: -2.694202,-0.4827195,1.563659,14.7511
686.8067: -2.672385,-0.1859535,1.589037,18.54363
687.0289: -2.602592,0.108407,1.553982,24.16791
687.2511: -2.521088,0.3865489,1.594877,32.15316
687.4733: -2.457766,0.6469808,1.578301,34.47509
687.6956: -2.402424,0.9224023,1.583497,24.60313
687.9178: -2.314942,1.170722,1.58271,11.30667
688.14: -2.181939,1.422063,1.565778,3.872517
688.3622: -2.096087,1.679332,1.587889,347.3772
688.5845: -2.070892,1.935645,1.558498,329.127
688.8067: -2.053709,2.199816,1.592512,329.9968
689.0289: -1.92707,2.445548,1.591578,25.96862
689.2511: -1.779084,2.657616,1.571895,53.36005
689.4733: -1.626197,2.83727,1.595882,70.98512
689.6956: -1.446161,2.981868,1.574253,89.92218
689.9178: -1.241203,3.104576,1.588094,105.361
690.14: -1.007293,3.171928,1.575768,104.8753
690.3622: -0.7283013,3.176502,1.589705,101.708
690.5845: -0.4512523,3.201881,1.615539,95.80809
690.8067: -0.16629,3.237012,1.5826,97.86282
691.0289: 0.1268693,3.264241,1.620777,100.6788
691.2511: 0.4210564,3.242491,1.598497,101.7549
691.4733: 0.7339114,3.187217,1.627584,102.3827
691.6956: 1.03178,3.160274,1.639044,102.7082
691.9178: 1.331403,3.136302,1.619275,109.7982
692.14: 1.609752,3.082543,1.64285,119.0826
692.3622: 1.876442,2.994127,1.615764,127.7473
692.5845: 2.104986,2.876049,1.6411,139.8473
692.8067: 2.299044,2.750829,1.633973,146.2836
693.0289: 2.468012,2.598831,1.624281,155.5629
693.2511: 2.595454,2.402413,1.637227,161.1737
693.4733: 2.662908,2.173032,1.621253,160.5205
693.6956: 2.71248,1.97018,1.653488,157.0749
Trial Result: Success object: Trashcan | Time Spent: 11.96162
Trial No.:21 Ends
Trial No.:22 Begins
User confirmed on object: Mailbox, this maze officially starts.
710.1289: -1.84524,-3.375338,1.620183,356.1434
710.3511: -1.840185,-3.377783,1.622548,357.8833
710.5734: -1.838136,-3.376524,1.620084,0.7124596
710.7956: -1.83776,-3.365319,1.617925,0.5414806
711.0178: -1.834437,-3.345166,1.615393,1.134103
711.24: -1.836909,-3.311629,1.612632,357.39
711.4622: -1.885614,-3.246891,1.585489,334.7181
711.6844: -2.002415,-3.150712,1.558522,326.8741
711.9067: -2.199941,-3.029882,1.547635,329.7821
712.1289: -2.38257,-2.858177,1.575952,342.1223
712.3511: -2.47984,-2.641948,1.551796,350.8286
712.5734: -2.516262,-2.344144,1.572759,356.5897
712.7956: -2.56206,-2.061764,1.595436,3.161808
713.0178: -2.626156,-1.762514,1.551391,4.961264
713.24: -2.676346,-1.455971,1.593794,8.213852
713.4622: -2.689863,-1.141653,1.556758,10.00634
713.6844: -2.682873,-0.8121195,1.591228,11.50512
713.9067: -2.704414,-0.5002963,1.580635,13.69914
714.1289: -2.730912,-0.1841432,1.566184,21.95004
714.3511: -2.689545,0.1097988,1.577034,32.51661
714.5734: -2.572289,0.3785312,1.562496,40.91842
714.7956: -2.439818,0.6140842,1.592022,54.34694
715.0178: -2.313569,0.8285793,1.555928,65.79213
715.24: -2.148748,1.005595,1.585384,72.03656
715.4622: -1.946066,1.088677,1.573721,78.84893
715.6844: -1.680441,1.060775,1.579718,75.50555
715.9067: -1.414841,1.045352,1.615562,73.88612
716.1289: -1.153102,1.071283,1.579201,71.1366
716.3511: -0.8978542,1.122547,1.595011,66.15182
716.5734: -0.6586958,1.150919,1.602893,56.15544
716.7956: -0.4149302,1.170511,1.596132,40.39616
717.0178: -0.2227016,1.230307,1.61906,16.41363
717.24: -0.06626968,1.314554,1.605552,43.63684
717.4622: 0.0402239,1.330586,1.606941,99.69682
717.6844: 0.1847785,1.330702,1.598952,105.6141
717.9067: 0.3886887,1.229505,1.606129,108.6958
718.1289: 0.5892382,1.143899,1.628127,115.0211
718.3511: 0.7942588,1.102708,1.601465,119.5886
718.5734: 1.007432,1.079013,1.617,125.9401
Trial Result: Success object: Bookshelf | Time Spent: 8.773933
Trial No.:22 Ends
Trial No.:3 Begins
User confirmed on object: Piano, this maze officially starts.
733.3289: 1.734422,3.437426,1.682098,180.2789
733.5511: 1.731253,3.431283,1.679793,178.8783
733.7734: 1.729149,3.420743,1.671781,176.2751
733.9955: 1.727673,3.390507,1.657923,174.8817
734.2178: 1.722919,3.349962,1.647935,178.906
734.44: 1.710842,3.316673,1.639949,191.4318
734.6622: 1.699528,3.304725,1.639214,204.9856
734.8845: 1.809258,3.273748,1.626621,156.2468
735.1067: 1.945383,3.268641,1.614728,142.8165
735.3289: 2.083406,3.240016,1.628834,156.6682
735.5511: 2.201852,3.175971,1.642333,159.171
735.7734: 2.278407,3.084104,1.641736,155.5721
735.9955: 2.377419,3.054646,1.664391,106.5853
736.2178: 2.367558,3.13508,1.655928,27.61898
736.44: 2.353545,3.211461,1.643546,359.5388
736.6622: 2.346316,3.310977,1.646105,345.5
736.8845: 2.343746,3.35186,1.650185,324.0009
737.1067: 2.307423,3.343262,1.649985,291.9899
737.3289: 2.212427,3.327231,1.629251,274.2626
737.5511: 2.054586,3.288227,1.612509,266.205
737.7734: 1.830805,3.216959,1.614332,263.5132
737.9955: 1.580981,3.180089,1.620673,262.3185
738.2178: 1.314699,3.181173,1.586598,262.3028
738.44: 1.014392,3.195961,1.629085,264.0823
738.6622: 0.7368517,3.184368,1.614831,264.5325
738.8845: 0.4493063,3.158596,1.61164,266.8737
739.1067: 0.1544233,3.148901,1.62867,262.9358
739.3289: -0.1445703,3.173788,1.58587,262.7496
739.5511: -0.438595,3.167623,1.616357,260.2934
739.7734: -0.7166916,3.107045,1.580024,247.1947
739.9955: -0.9906323,2.970893,1.594691,233.9825
740.2178: -1.23511,2.838396,1.591818,220.1445
740.44: -1.486942,2.67413,1.563542,202.9376
740.6622: -1.690962,2.440822,1.573941,193.1371
740.8845: -1.813162,2.158866,1.555082,197.2622
741.1067: -1.927554,1.878125,1.602761,198.3807
741.3289: -2.067732,1.634899,1.564802,197.355
741.5511: -2.232898,1.386454,1.583831,189.7988
741.7734: -2.359435,1.122955,1.574413,186.3902
741.9955: -2.441211,0.8270689,1.561594,186.5589
742.2178: -2.508948,0.533909,1.586682,185.784
742.44: -2.572473,0.2297748,1.546049,182.2077
742.6622: -2.641606,-0.08651771,1.584045,185.2374
742.8845: -2.656976,-0.3920289,1.567313,179.552
743.1067: -2.639328,-0.6965381,1.574274,176.285
743.3289: -2.648221,-1.004805,1.580885,174.2673
743.5511: -2.682452,-1.305296,1.561807,172.0374
743.7734: -2.684373,-1.612097,1.598091,163.5888
743.9955: -2.643926,-1.912532,1.55225,155.143
744.2178: -2.563619,-2.188612,1.575099,145.2383
744.44: -2.481042,-2.440786,1.56161,125.9912
744.6622: -2.372782,-2.672788,1.538837,94.59496
744.8845: -2.228958,-2.832094,1.566196,68.73283
Trial Result: Success object: Mailbox | Time Spent: 11.99429
Trial No.:3 Ends
Trial No.:4 Begins
User confirmed on object: Piano, this maze officially starts.
759.7956: 1.705912,3.331556,1.667808,174.0069
760.0178: 1.706921,3.336844,1.667083,171.4033
760.24: 1.695427,3.337593,1.666823,177.3244
760.4622: 1.688972,3.335667,1.660163,180.4568
760.6844: 1.687839,3.325061,1.648284,179.7733
760.9067: 1.707343,3.290315,1.647487,165.3924
761.1289: 1.774239,3.250113,1.630906,140.8403
761.3511: 1.886624,3.185274,1.613139,140.7953
761.5734: 2.086381,3.106703,1.608348,150.3807
761.7956: 2.26859,2.985841,1.627644,162.1983
762.0178: 2.388736,2.792774,1.60051,171.4904
762.24: 2.458588,2.490064,1.625304,177.4343
762.4622: 2.537728,2.221036,1.650901,184.1888
762.6844: 2.622825,1.943346,1.611778,193.737
762.9067: 2.693299,1.667908,1.651615,192.3203
763.1289: 2.720855,1.351727,1.622811,187.4619
763.3511: 2.698333,1.029563,1.639948,190.5007
763.5734: 2.708413,0.7133738,1.65468,192.3924
763.7956: 2.72865,0.4019752,1.613061,195.0282
764.0178: 2.697762,0.09038576,1.647219,202.094
764.24: 2.608641,-0.1925668,1.606367,210.7824
764.4622: 2.483963,-0.4477554,1.642139,224.7406
764.6844: 2.379286,-0.6829298,1.627797,222.7571
764.9067: 2.297931,-0.9470814,1.618352,190.9178
765.1289: 2.181461,-1.18691,1.631269,179.6813
765.3511: 2.056171,-1.427299,1.596456,168.8191
765.5734: 1.978357,-1.674243,1.623019,149.6684
765.7956: 1.941938,-1.926844,1.604168,153.4168
766.0178: 1.907547,-2.190297,1.613722,196.5948
766.24: 1.850045,-2.400953,1.621683,230.2168
766.4622: 1.72764,-2.581777,1.591505,245.1524
766.6844: 1.57313,-2.734202,1.607169,267.0245
766.9067: 1.39071,-2.866628,1.593839,284.309
767.1289: 1.202265,-2.961989,1.587931,303.8316
767.3511: 0.9878112,-2.991793,1.603518,301.3942
767.5734: 0.7314531,-2.961997,1.580085,288.7533
767.7956: 0.4744344,-2.918916,1.626543,285.2265
768.0178: 0.2289516,-2.913922,1.604311,285.8699
768.24: -0.02395019,-2.92443,1.587291,292.3362
768.4622: -0.2663449,-2.874814,1.610612,308.7543
768.6844: -0.4577882,-2.762484,1.580402,322.1852
768.9067: -0.6123764,-2.606117,1.606449,334.6547
769.1289: -0.7130742,-2.450859,1.596749,344.0229
769.3511: -0.8015527,-2.276911,1.578608,355.7794
769.5734: -0.860988,-2.080589,1.605835,5.315406
769.7956: -0.852021,-1.887069,1.592836,10.24539
770.0178: -0.7664961,-1.668011,1.599533,14.02914
770.24: -0.6814235,-1.459846,1.617023,19.40342
770.4622: -0.598452,-1.252308,1.591725,21.57365
770.6844: -0.5094323,-1.041318,1.608151,19.15946
770.9067: -0.3905662,-0.8436526,1.602365,12.63143
771.1289: -0.2533665,-0.6381186,1.589263,359.5314
771.3511: -0.1574249,-0.4394452,1.607372,339.2228
771.5734: -0.120859,-0.2620689,1.588832,328.7019
771.7956: -0.1051627,-0.06506687,1.597028,344.186
772.0178: -0.05107254,0.1376331,1.616612,17.80073
772.24: 0.006512986,0.3267975,1.589896,52.24773
772.4622: 0.05444992,0.5509374,1.598528,51.28072
772.6844: 0.09300194,0.7143486,1.607806,76.82368
772.9067: 0.09167335,0.867461,1.59408,88.98956
773.1289: 0.06149384,1.059202,1.606277,68.94034
773.3511: -0.04729037,1.260898,1.619914,342.481
773.5734: -0.07286692,1.320062,1.601687,273.8515
773.7956: -0.02772569,1.417328,1.61195,251.4936
774.0178: -0.006479789,1.52866,1.615677,256.6462
774.24: 0.01161016,1.681415,1.612118,295.7776
774.4622: 0.03320354,1.817686,1.605889,337.5109
774.6844: -0.01144874,1.941188,1.593255,343.8286
774.9067: -0.08487559,2.09498,1.602461,334.7131
775.1289: -0.1393327,2.27054,1.600597,319.3642
775.3511: -0.1638035,2.453032,1.578835,298.8534
775.5734: -0.1870066,2.628886,1.607579,269.0352
775.7956: -0.2539062,2.765771,1.603309,252.4567
776.0178: -0.3936917,2.868762,1.585652,257.9619
776.24: -0.5832239,2.918525,1.597036,264.3566
776.4622: -0.7897122,2.973574,1.610339,264.0464
776.6844: -1.013186,3.040308,1.587303,262.6334
776.9067: -1.220086,3.061471,1.606507,244.5405
777.1289: -1.357575,2.986079,1.594865,210.2078
777.3511: -1.479751,2.85685,1.573087,197.3805
777.5734: -1.585061,2.680681,1.584233,193.3298
777.7956: -1.666491,2.50867,1.585176,174.9781
778.0178: -1.808751,2.331818,1.567912,184.0136
778.24: -1.951618,2.146661,1.590891,195.7259
778.4622: -2.033897,1.947987,1.582273,198.0515
778.6844: -2.095398,1.735461,1.562556,206.4681
778.9067: -2.154307,1.518715,1.59156,192.1687
779.1289: -2.264388,1.330584,1.566678,189.8415
779.3511: -2.400576,1.149182,1.578968,178.2995
779.5734: -2.491568,0.9688231,1.588286,167.3625
779.7956: -2.559333,0.7724642,1.558931,176.6363
780.0178: -2.581975,0.5592726,1.583067,181.4568
780.24: -2.60182,0.3438958,1.589995,173.3844
780.4622: -2.651293,0.1159179,1.567159,180.321
780.6844: -2.653376,-0.1086408,1.592163,162.8372
780.9067: -2.592041,-0.295324,1.579891,134.2762
781.1289: -2.487481,-0.4775285,1.567655,125.3219
781.3511: -2.371677,-0.6281518,1.581865,115.395
781.5734: -2.253683,-0.753324,1.571821,98.34771
781.7956: -2.124373,-0.8864236,1.580036,83.52847
782.0178: -1.9576,-0.9869034,1.588668,89.13777
782.24: -1.770983,-1.026176,1.570147,110.5325
782.4622: -1.56497,-1.019975,1.590898,128.7502
782.6844: -1.377331,-1.053715,1.585341,147.687
782.9067: -1.199706,-1.116204,1.566924,160.6696
783.1289: -1.03224,-1.158608,1.587614,166.7229
783.3511: -0.7977621,-1.126403,1.585402,123.0889
783.5734: -0.6032993,-1.031249,1.57431,72.8243
783.7956: -0.4249669,-0.9721308,1.599162,50.6184
784.0178: -0.2141021,-0.9844873,1.603227,58.39616
784.24: 0.01463396,-1.034684,1.59638,70.89175
784.4622: 0.2358978,-1.062107,1.626233,75.4276
784.6844: 0.4402849,-1.056198,1.614545,75.02203
784.9067: 0.637967,-1.015341,1.597328,73.25033
785.1289: 0.8139586,-0.984571,1.616681,68.30484
Trial Result: Success object: Harp | Time Spent: 25.6992
Trial No.:4 Ends
