Participant ID: 444
Maze Mode: testing
Trial No.:22 Begins
User confirmed on object: Mailbox, this maze officially starts.
34.00667: -1.741211,-2.930973,1.440545,355.9028
34.22889: -1.755634,-2.956025,1.471743,352.1051
34.45111: -1.769626,-3.003379,1.483298,348.3829
34.67333: -1.775382,-3.015583,1.478451,349.2135
34.89556: -1.781953,-2.999953,1.474279,352.6731
35.11778: -1.779071,-2.976956,1.455527,357.6426
35.34: -1.764691,-2.960986,1.435803,1.201421
35.56222: -1.759718,-2.949464,1.431236,359.1807
35.78445: -1.75884,-2.940604,1.43057,357.2448
36.00667: -1.757004,-2.936401,1.431563,356.6107
36.22889: -1.756118,-2.933651,1.430283,356.6127
36.45111: -1.757649,-2.930438,1.430348,356.8935
36.67333: -1.755545,-2.924555,1.423233,358.8837
36.89556: -1.754975,-2.917912,1.421968,359.95
37.11778: -1.754075,-2.914924,1.423708,359.7595
37.34: -1.751536,-2.916839,1.424138,359.4058
37.56222: -1.748828,-2.920197,1.424113,359.4243
37.78445: -1.749094,-2.923391,1.424113,359.3204
38.00667: -1.75183,-2.924899,1.422834,359.0912
38.22889: -1.754472,-2.924108,1.422686,359.5122
38.45111: -1.753314,-2.923947,1.422176,0.3673832
38.67333: -1.75293,-2.92565,1.422064,0.4646741
38.89556: -1.751409,-2.924811,1.427619,1.525906
39.11778: -1.7438,-2.919753,1.433418,7.592508
39.34: -1.736947,-2.913786,1.430344,11.78909
39.56222: -1.734813,-2.910598,1.427912,9.613
39.78445: -1.729831,-2.913391,1.429018,7.046933
40.00667: -1.727821,-2.922544,1.435044,4.020244
40.22889: -1.768012,-2.940866,1.443149,333.2867
40.45111: -1.811443,-2.987459,1.444403,294.5588
40.67333: -1.835065,-3.030846,1.446341,276.5532
40.89556: -1.843864,-3.0991,1.445354,244.0301
41.11778: -1.806865,-3.164059,1.436185,205.5915
41.34: -1.781241,-3.193071,1.432475,189.8776
41.56222: -1.811597,-3.193295,1.434192,210.9269
41.78445: -1.853248,-3.137595,1.442048,263.6111
42.00667: -1.830022,-3.079642,1.451628,319.4552
42.22889: -1.792283,-3.09324,1.462536,2.054022
42.45111: -1.79168,-3.121865,1.457736,12.99806
42.67334: -1.797903,-3.122882,1.453903,5.328506
42.89556: -1.798911,-3.094487,1.449141,358.6941
43.11778: -1.793497,-3.061002,1.427784,358.7872
43.34: -1.794083,-3.028958,1.417747,359.3773
43.56222: -1.802212,-3.00675,1.416596,356.5635
Trial Result: Fail at object: Mailbox | Time Spent: 9.814632
Trial No.:22 Ends
Trial No.:4 Begins
User confirmed on object: Piano, this maze officially starts.
103.4844: 1.702476,3.038591,1.63654,175.8302
103.7067: 1.708646,3.046161,1.638028,175.2685
103.9289: 1.717282,3.06417,1.640901,176.497
104.1511: 1.727998,3.08933,1.645569,176.9769
104.3733: 1.744952,3.12947,1.669588,177.9409
104.5956: 1.759146,3.169359,1.674587,177.8221
104.8178: 1.74291,3.195542,1.670712,189.0913
105.04: 1.72379,3.211249,1.668101,195.1556
105.2622: 1.71649,3.210897,1.670663,194.2193
105.4844: 1.729343,3.199111,1.66726,180.0454
105.7067: 1.739174,3.187899,1.666939,170.7166
105.9289: 1.75506,3.155366,1.653822,154.3045
106.1511: 1.782674,3.121954,1.639262,113.9505
106.3733: 1.792683,3.091412,1.634252,73.32004
106.5956: 1.799206,3.087039,1.631116,38.06202
106.8178: 1.897069,3.077194,1.630765,55.57869
107.04: 2.022272,3.044326,1.636249,112.3702
107.2622: 2.135406,3.010078,1.642964,150.0634
107.4844: 2.279834,2.942272,1.61919,164.3129
107.7067: 2.431626,2.827083,1.626881,167.0829
107.9289: 2.55365,2.681541,1.635118,175.5194
108.1511: 2.670025,2.514436,1.614007,185.4801
108.3733: 2.75015,2.313192,1.644137,197.5099
108.5956: 2.762138,2.092857,1.616697,207.0872
108.8178: 2.72715,1.856202,1.617416,216.7317
109.04: 2.692095,1.643793,1.635754,232.7417
109.2622: 2.672544,1.421108,1.597627,247.1478
109.4844: 2.662741,1.174931,1.617737,253.1442
109.7067: 2.661688,0.8873321,1.616732,220.6711
109.9289: 2.670294,0.6129432,1.596418,189.0608
110.1511: 2.653332,0.3563408,1.62188,191.9066
110.3733: 2.64692,0.09864992,1.582093,209.1219
110.5956: 2.646878,-0.1641012,1.614373,213.8729
110.8178: 2.605042,-0.3976866,1.599068,208.6709
111.04: 2.527999,-0.6208203,1.581253,194.8854
111.2622: 2.422095,-0.8168113,1.600064,194.1228
111.4844: 2.320277,-0.9927493,1.577195,192.2661
111.7067: 2.220796,-1.136112,1.60198,190.6095
111.9289: 2.086975,-1.200254,1.591855,216.0171
112.1511: 1.907968,-1.179481,1.57786,261.1349
112.3733: 1.74805,-1.195027,1.599637,256.3233
112.5956: 1.701441,-1.263808,1.586874,183.9305
112.8178: 1.65434,-1.250049,1.580661,144.2961
113.04: 1.523844,-1.253789,1.589033,157.3759
113.2622: 1.309466,-1.206207,1.581792,222.0545
113.4844: 1.1367,-1.071375,1.580498,279.7712
113.7067: 0.9846957,-0.9960556,1.591111,292.7378
113.9289: 0.8141454,-0.9454774,1.580141,296.2399
114.1511: 0.6100222,-0.9115041,1.562135,306.4999
114.3733: 0.4220824,-0.8556895,1.587932,329.1983
114.5956: 0.2521713,-0.7996666,1.583977,339.0212
114.8178: 0.04028783,-0.7730263,1.573594,296.922
115.04: -0.1466637,-0.7741992,1.580597,259.8396
115.2622: -0.3265569,-0.7875955,1.5619,236.9404
115.4844: -0.5508661,-0.8313318,1.54073,225.9608
115.7067: -0.8219324,-0.8523089,1.577132,243.8228
115.9289: -1.103166,-0.8531051,1.55507,261.6584
116.1511: -1.39011,-0.860145,1.567944,262.7122
116.3733: -1.651211,-0.916417,1.5679,238.9229
116.5956: -1.895141,-0.9780068,1.535102,222.1643
116.8178: -2.120861,-1.018351,1.572865,204.3392
117.04: -2.327432,-1.040135,1.542258,182.3669
117.2622: -2.481584,-1.03994,1.557166,147.3832
117.4844: -2.586184,-0.9245399,1.561793,81.59976
117.7067: -2.720508,-0.8020163,1.564761,36.93049
117.9289: -2.826643,-0.6556464,1.547063,25.02311
118.1511: -2.898359,-0.5022082,1.559388,19.06198
118.3733: -2.913288,-0.3217843,1.556998,16.40392
118.5956: -2.848794,-0.09467547,1.520243,21.34124
118.8178: -2.751492,0.1454895,1.560987,30.67966
119.04: -2.661783,0.3700652,1.569906,35.90918
119.2622: -2.553027,0.6120983,1.545321,44.14587
119.4844: -2.398572,0.7988083,1.592584,69.67399
119.7067: -2.236358,0.9893085,1.558946,70.97409
119.9289: -2.10975,1.237699,1.591559,28.26098
120.1511: -2.062908,1.469528,1.559464,345.8268
120.3733: -2.010075,1.728887,1.562163,331.3268
120.5956: -1.915503,2.016356,1.589574,353.6243
120.8178: -1.780481,2.276205,1.562011,38.54805
121.04: -1.67106,2.499274,1.597835,66.10722
121.2622: -1.550474,2.706461,1.572704,82.0378
121.4844: -1.37841,2.868314,1.61411,95.17635
121.7067: -1.161768,2.958595,1.583316,103.3777
121.9289: -0.931093,3.001546,1.60678,106.1204
122.1511: -0.7101755,2.984784,1.605611,117.7289
122.3733: -0.5010314,2.937129,1.606522,135.2637
122.5956: -0.3071162,2.887911,1.640334,114.2677
122.8178: -0.1822439,2.840144,1.62059,100.4651
123.04: -0.06997599,2.830797,1.621781,95.18406
123.2622: 0.07464559,2.878457,1.603104,93.874
123.4844: 0.263472,2.970206,1.607496,96.9141
123.7067: 0.4678287,3.027891,1.63414,101.3898
123.9289: 0.6235717,3.023747,1.568696,112.8566
124.1511: 0.5776346,2.996432,1.577004,159.9222
124.3733: 0.4499237,2.991696,1.604625,194.0742
124.5956: 0.3166777,2.92488,1.588641,195.8579
124.8178: 0.1655661,2.77379,1.572714,181.612
125.04: 0.06227723,2.559975,1.606221,171.5544
125.2622: 0.01864385,2.302392,1.569276,169.5256
125.4844: 0.01213211,2.027223,1.614255,166.6252
125.7067: 0.01782079,1.740055,1.577352,155.6781
125.9289: 0.05918488,1.466363,1.594911,122.9458
126.1511: 0.1060087,1.218094,1.587247,98.94534
126.3733: 0.1565224,0.9775889,1.577508,99.63648
126.5956: 0.1692111,0.7501417,1.608084,112.8554
126.8178: 0.1047135,0.480287,1.565016,148.3044
127.04: 0.05007521,0.1925492,1.575435,166.0051
127.2622: 0.06601473,-0.07884511,1.586841,151.1978
127.4844: 0.09804122,-0.3495281,1.551643,131.0209
127.7067: 0.1255555,-0.5835725,1.586182,104.6416
127.9289: 0.1706905,-0.7743231,1.570228,82.76408
128.1511: 0.257484,-0.9411577,1.576265,81.28018
128.3733: 0.4014468,-1.018413,1.571485,79.14254
128.5956: 0.6025815,-1.005793,1.525699,67.65033
128.8178: 0.8416926,-0.9769651,1.557521,60.59094
129.04: 1.063685,-0.963551,1.58153,54.58902
129.2622: 1.300581,-0.9472829,1.552348,41.09486
Trial Result: Success object: Harp | Time Spent: 26.08744
Trial No.:4 Ends
Trial No.:8 Begins
User confirmed on object: Plant, this maze officially starts.
167.64: -2.639504,-2.015965,1.523411,272.0346
167.8622: -2.615834,-2.02481,1.538884,271.1097
168.0844: -2.591124,-2.036244,1.54598,270.9526
168.3067: -2.577247,-2.044811,1.540272,273.755
168.5289: -2.568629,-2.039497,1.534392,283.5193
168.7511: -2.558814,-2.041947,1.532364,287.5208
168.9733: -2.557777,-2.047351,1.531324,284.6781
169.1956: -2.576625,-2.0741,1.528581,256.8776
169.4178: -2.591901,-2.089038,1.521392,224.0745
169.64: -2.60661,-2.070631,1.528973,213.4591
169.8622: -2.592077,-2.080649,1.512925,185.0016
170.0844: -2.561143,-2.110894,1.495251,152.4262
170.3067: -2.541359,-2.193285,1.481244,131.5313
170.5289: -2.526659,-2.31828,1.48458,124.6504
170.7511: -2.494325,-2.468646,1.491795,115.3661
170.9733: -2.446135,-2.639682,1.474997,101.9425
171.1956: -2.357728,-2.792932,1.501004,86.3809
171.4178: -2.228563,-2.879521,1.483594,73.7945
171.64: -2.036069,-2.929777,1.477246,65.78352
171.8622: -1.822068,-2.960952,1.497063,60.77802
172.0844: -1.581835,-2.970847,1.463398,50.19588
172.3067: -1.340702,-2.941963,1.493497,30.70052
172.5289: -1.168581,-2.835335,1.489318,14.25307
172.7511: -1.04884,-2.660611,1.47488,8.426569
172.9733: -0.9371135,-2.46532,1.505529,10.66962
173.1956: -0.8238537,-2.229248,1.483476,13.07964
173.4178: -0.7423751,-1.971103,1.5164,13.96017
173.64: -0.7019364,-1.702916,1.478748,20.58638
173.8622: -0.6589209,-1.426335,1.512257,28.87978
174.0844: -0.5553753,-1.202741,1.500828,25.98032
174.3067: -0.3908387,-0.9931724,1.489335,14.74214
174.5289: -0.2455035,-0.7631338,1.522159,1.214614
174.7511: -0.1621295,-0.517585,1.48097,353.3602
174.9733: -0.1049347,-0.2563549,1.516442,349.1829
175.1956: -0.03742297,0.001213444,1.496959,351.8982
175.4178: 0.04296265,0.2599522,1.505392,6.258366
175.64: 0.08860385,0.4760841,1.529774,19.05822
175.8622: 0.1373487,0.6508313,1.503318,50.89444
176.0844: 0.07719566,0.8585843,1.552654,83.64241
176.3067: 0.2044674,0.9751624,1.533797,96.4162
176.5289: 0.4125506,1.045253,1.53488,103.6517
176.7511: 0.6424842,1.111722,1.548311,104.187
176.9733: 0.900533,1.168934,1.521329,106.0045
177.1956: 1.134491,1.167307,1.584081,115.5508
177.4178: 1.262513,1.149739,1.524636,123.037
177.64: 1.375747,1.130058,1.525373,136.0635
177.8622: 1.608986,1.078168,1.514174,141.9564
178.0844: 1.865346,1.000196,1.556813,144.9621
178.3067: 2.122523,0.8976166,1.533627,153.9412
178.5289: 2.348245,0.7470249,1.567305,171.6062
178.7511: 2.483217,0.5356702,1.531831,186.446
178.9733: 2.56185,0.2901304,1.548579,196.0911
179.1956: 2.628348,0.02039184,1.530025,208.3029
179.4178: 2.651937,-0.2569591,1.530276,225.0036
179.64: 2.580939,-0.4902524,1.539888,244.5813
179.8622: 2.450674,-0.6751251,1.524298,268.3079
180.0844: 2.316762,-0.8492796,1.556884,286.3577
180.3067: 2.183051,-0.9936653,1.536356,304.1567
Trial Result: Success object: Harp | Time Spent: 13.05056
Trial No.:8 Ends
Trial No.:3 Begins
User confirmed on object: Piano, this maze officially starts.
190.7511: 1.732956,3.056686,1.615669,178.6009
190.9733: 1.736398,3.09399,1.615983,180.4375
191.1956: 1.752147,3.116849,1.60864,184.4587
191.4178: 1.809073,3.100014,1.592145,168.1284
191.64: 1.889024,3.106334,1.574728,121.352
191.8622: 1.907778,3.132326,1.561309,68.04129
192.0844: 1.907185,3.108389,1.548392,35.6512
192.3067: 2.015945,3.073948,1.535432,50.94203
192.5289: 2.16565,3.043497,1.524919,95.10307
192.7511: 2.287156,3.010744,1.551477,142.4566
192.9733: 2.418826,2.933626,1.538615,173.1274
193.1956: 2.550035,2.789908,1.538361,180.6803
193.4178: 2.67729,2.634662,1.5654,171.3214
193.64: 2.771011,2.451727,1.5404,183.683
193.8622: 2.812101,2.243831,1.570429,203.5401
194.0844: 2.795349,2.027578,1.545124,210.5701
194.3067: 2.722849,1.79966,1.557336,217.2827
194.5289: 2.639761,1.592718,1.572095,234.3238
194.7511: 2.537086,1.376483,1.531774,250.5629
194.9733: 2.379571,1.195063,1.578571,263.778
195.1956: 2.184495,1.089461,1.548195,267.3535
195.4178: 1.951015,1.026833,1.562765,266.3681
195.64: 1.708592,0.9553384,1.561209,267.881
195.8622: 1.442018,0.8845494,1.54029,265.7072
196.0844: 1.17777,0.8722748,1.565402,261.0779
196.3067: 0.9138713,0.9043713,1.520617,255.8211
196.5289: 0.6467222,0.9445691,1.564978,263.6881
196.7511: 0.3934379,0.9492834,1.538795,273.5358
196.9733: 0.1404728,0.9212697,1.536663,272.4427
197.1956: -0.09958535,0.92871,1.548624,271.9612
197.4178: -0.3695468,0.9683851,1.5132,276.3864
197.64: -0.6426611,1.004607,1.550717,288.9006
197.8622: -0.9122872,1.021803,1.519027,306.0656
198.0844: -1.189182,1.038391,1.527392,331.4162
198.3067: -1.411819,1.084719,1.544997,353.2736
198.5289: -1.63639,1.138109,1.507435,2.886926
198.7511: -1.918068,1.15545,1.543552,324.755
198.9733: -2.161809,1.046092,1.505873,250.3537
199.1956: -2.328264,0.9471877,1.510166,198.0092
199.4178: -2.491093,0.8718191,1.528934,172.8724
199.64: -2.647061,0.7722818,1.508475,159.0438
199.8622: -2.761962,0.6075463,1.528928,156.9057
200.0844: -2.818548,0.3806841,1.489957,168.8177
200.3067: -2.839106,0.1228935,1.522665,187.9484
200.5289: -2.838043,-0.1198398,1.533933,187.0463
200.7511: -2.823884,-0.3875791,1.513109,170.3777
200.9733: -2.750787,-0.6141301,1.540241,117.5693
201.1956: -2.698101,-0.8514938,1.4935,94.30163
201.4178: -2.650317,-1.149884,1.521189,110.1163
201.64: -2.675749,-1.469737,1.503482,139.2099
201.8622: -2.716834,-1.772882,1.503515,157.2446
202.0844: -2.705127,-2.03456,1.531,143.9235
202.3067: -2.670594,-2.286767,1.49215,127.9214
202.5289: -2.628254,-2.537925,1.523395,108.619
202.7511: -2.552592,-2.767137,1.491937,87.71436
202.9733: -2.459446,-2.940153,1.524116,70.90749
203.1956: -2.374918,-2.990152,1.519036,51.1067
203.4178: -2.263606,-3.009107,1.507697,38.00792
Trial Result: Success object: Mailbox | Time Spent: 13.10532
Trial No.:3 Ends
Trial No.:14 Begins
User confirmed on object: Telescope, this maze officially starts.
213.8067: -2.637374,-0.006822929,1.519979,80.70322
214.0289: -2.668569,-0.00278329,1.577226,76.7753
214.2511: -2.743649,0.005147014,1.568248,85.14632
214.4733: -2.816691,0.03552344,1.558807,84.61617
214.6956: -2.861425,0.111495,1.53299,56.79539
214.9178: -2.889563,0.2082583,1.501822,29.21192
215.14: -2.844535,0.3359146,1.493069,30.52149
215.3622: -2.744559,0.4989886,1.51392,39.84821
215.5844: -2.646928,0.6858994,1.523407,40.66681
215.8067: -2.506835,0.8710378,1.501964,50.63871
216.0289: -2.344884,1.046911,1.515635,69.5125
216.2511: -2.170033,1.243084,1.51884,50.54395
216.4733: -2.043996,1.44164,1.519956,4.691454
216.6956: -1.967086,1.642186,1.522364,341.7578
216.9178: -1.944305,1.883475,1.500726,331.5593
217.14: -1.94108,2.121876,1.536466,314.2591
217.3622: -1.90533,2.375725,1.509158,322.275
217.5844: -1.791704,2.625451,1.531827,20.00023
217.8067: -1.699773,2.81505,1.534794,63.82877
218.0289: -1.60403,2.976917,1.5392,95.47784
218.2511: -1.459284,3.076763,1.532845,108.2379
218.4733: -1.252556,3.145548,1.524743,107.2312
218.6956: -1.040084,3.195441,1.543079,103.583
218.9178: -0.8140724,3.222775,1.513991,106.9277
219.14: -0.5820459,3.212317,1.551598,113.1195
219.3622: -0.3851755,3.139345,1.538101,118.1775
219.5844: -0.210714,3.05941,1.552619,107.8771
219.8067: -0.07222527,2.989212,1.558933,106.5149
220.0289: 0.08422281,2.949384,1.549457,103.3562
220.2511: 0.2791305,2.932153,1.550142,96.93486
220.4733: 0.5109242,2.920525,1.533662,94.7738
220.6956: 0.7926551,2.91077,1.542682,92.00833
220.9178: 1.068845,2.924507,1.569606,95.4352
221.14: 1.370561,2.965473,1.531978,106.6806
221.3622: 1.666034,2.9906,1.573632,120.1615
221.5844: 1.927839,2.95848,1.550399,132.4977
221.8067: 2.166324,2.885967,1.565669,144.1407
222.0289: 2.365539,2.790954,1.577903,155.8973
222.2511: 2.533241,2.665651,1.55812,178.3272
222.4733: 2.637994,2.5005,1.579313,191.2754
222.6956: 2.699087,2.272581,1.549715,197.6357
222.9178: 2.737672,2.047001,1.574237,197.4643
223.14: 2.763064,1.810712,1.542377,198.0014
223.3622: 2.709723,1.603681,1.573951,227.9318
223.5844: 2.585088,1.451109,1.554016,249.5185
223.8067: 2.401862,1.303488,1.551217,252.7271
224.0289: 2.184872,1.158645,1.551547,257.7616
224.2511: 1.950201,1.028979,1.542353,263.9466
224.4733: 1.663357,0.9651392,1.559276,270.4355
224.6956: 1.367347,0.9378543,1.534721,261.4801
224.9178: 1.069078,0.9032587,1.563305,251.2931
225.14: 0.7827883,0.856856,1.518626,243.1496
225.3622: 0.5239395,0.8112136,1.554384,235.5031
225.5844: 0.2910841,0.7411619,1.534904,231.3056
225.8067: 0.1129991,0.6492509,1.549287,223.5821
226.0289: 0.02309582,0.5526597,1.56564,218.5568
Trial Result: Success object: Wheelbarrow | Time Spent: 12.52742
Trial No.:14 Ends
Trial No.:21 Begins
User confirmed on object: Mailbox, this maze officially starts.
240.6956: -1.698534,-2.991334,1.547199,355.8113
240.9178: -1.712834,-3.05758,1.562447,355.5813
241.14: -1.742549,-3.111267,1.560991,356.0071
241.3622: -1.799805,-3.143453,1.549446,341.9002
241.5845: -1.887239,-3.163654,1.520664,309.249
241.8067: -1.958524,-3.156978,1.518868,292.6966
242.0289: -2.035197,-3.147868,1.521342,262.3213
242.2511: -2.059886,-3.160341,1.528567,212.2143
242.4733: -2.023095,-3.160413,1.524093,163.4617
242.6956: -1.937986,-3.136215,1.517639,109.2415
242.9178: -1.868492,-3.136717,1.507524,81.21741
243.14: -1.795976,-3.180018,1.517263,73.88328
243.3622: -1.723156,-3.227203,1.519114,56.3749
243.5845: -1.641305,-3.228525,1.517782,29.2565
243.8067: -1.501474,-3.201537,1.494349,27.26286
244.0289: -1.300102,-3.166952,1.513112,50.97393
244.2511: -1.095325,-3.161142,1.532697,67.68039
244.4733: -0.8930518,-3.126898,1.508429,41.78263
244.6956: -0.7120109,-3.106261,1.532762,1.046344
244.9178: -0.4655955,-3.078675,1.509404,5.044486
245.14: -0.1561094,-3.065757,1.519169,53.87954
245.3622: 0.1108977,-3.087757,1.534605,82.33665
245.5845: 0.3818401,-3.096412,1.503441,86.14032
245.8067: 0.6402267,-3.066029,1.538718,67.20185
246.0289: 0.8759685,-3.007406,1.508758,56.63774
246.2511: 1.114016,-2.924501,1.520817,56.3203
246.4733: 1.323584,-2.830391,1.526559,37.8436
246.6956: 1.513581,-2.726306,1.514524,12.59313
246.9178: 1.668876,-2.587806,1.548761,358.9077
247.14: 1.759439,-2.383318,1.50819,354.9163
247.3622: 1.783289,-2.149452,1.525818,342.1104
247.5845: 1.792774,-1.931862,1.540974,330.3078
247.8067: 1.787762,-1.706432,1.531335,315.0557
248.0289: 1.734027,-1.514548,1.556778,303.8573
248.2511: 1.603584,-1.37311,1.526477,297.9972
248.4733: 1.401791,-1.245251,1.535913,294.0035
248.6956: 1.198992,-1.141487,1.548279,294.8285
248.9178: 0.9662095,-1.03709,1.51944,298.0722
249.14: 0.7330534,-0.9355414,1.557395,305.3215
249.3622: 0.5019233,-0.8334296,1.521539,320.0768
249.5845: 0.2874743,-0.7136122,1.533305,339.5762
249.8067: 0.1583606,-0.5609306,1.551128,356.3557
250.0289: 0.07252675,-0.3804053,1.524029,357.9869
250.2511: 0.005988111,-0.1723595,1.549286,355.2578
250.4733: -0.06137012,0.05111605,1.530325,340.8974
250.6956: -0.1331643,0.2569512,1.543257,312.9959
250.9178: -0.1534243,0.4592043,1.545659,297.5674
251.14: -0.1623033,0.6722082,1.534028,286.2002
251.3622: -0.2077714,0.8375701,1.56556,279.6178
251.5845: -0.3192885,0.9293314,1.553528,280.1658
251.8067: -0.5378849,0.928268,1.535275,281.3722
252.0289: -0.7708584,0.9465384,1.563311,280.1252
252.2511: -0.9971796,1.007612,1.533065,293.084
252.4733: -1.198138,1.115725,1.538087,320.2082
252.6956: -1.380112,1.224766,1.539054,338.7859
252.9178: -1.556481,1.341913,1.517612,353.2794
253.14: -1.682256,1.495259,1.546911,4.959735
253.3622: -1.78703,1.675385,1.525986,337.271
253.5845: -1.858698,1.86976,1.543687,316.0281
253.8067: -1.905089,2.096641,1.520325,332.7103
254.0289: -1.874886,2.325678,1.535032,22.70603
254.2511: -1.776891,2.509388,1.518723,71.03139
254.4733: -1.64315,2.707486,1.525964,91.40065
254.6956: -1.443976,2.892108,1.537,94.79913
254.9178: -1.191271,3.058506,1.531362,97.12989
255.14: -0.8970568,3.15612,1.5424,99.46011
255.3622: -0.574373,3.210742,1.535215,101.3386
255.5845: -0.2404283,3.253386,1.542809,103.5751
255.8067: 0.1068577,3.283968,1.520546,107.8676
256.0289: 0.4389164,3.267568,1.547671,108.3995
256.2511: 0.7742378,3.235811,1.526511,107.362
256.4733: 1.097706,3.206916,1.565626,109.8839
256.6956: 1.413646,3.172778,1.523391,116.8511
256.9178: 1.708577,3.092075,1.57846,129.4842
257.14: 1.98122,2.969779,1.535057,137.8419
257.3622: 2.226325,2.816228,1.578331,146.9991
257.5844: 2.456889,2.645309,1.547298,154.2508
257.8067: 2.641479,2.445767,1.567267,163.0879
258.0289: 2.760431,2.202409,1.550642,164.7807
258.2511: 2.851485,1.96054,1.556081,161.8162
258.4733: 2.92479,1.750304,1.571685,158.1501
Trial Result: Success object: Trashcan | Time Spent: 18.11356
Trial No.:21 Ends
Trial No.:7 Begins
User confirmed on object: Plant, this maze officially starts.
268.84: -2.716656,-1.999598,1.567168,272.7599
269.0622: -2.726231,-1.997556,1.567667,266.5785
269.2845: -2.75878,-2.04945,1.554604,239.2753
269.5067: -2.728101,-2.141224,1.523295,189.6169
269.7289: -2.660521,-2.197798,1.521507,158.274
269.9511: -2.588615,-2.215604,1.519536,114.0398
270.1733: -2.580739,-2.217585,1.519501,65.60115
270.3956: -2.626021,-2.211001,1.518339,10.37254
270.6178: -2.662207,-2.146719,1.520796,356.0517
270.84: -2.686088,-2.027455,1.517745,4.624216
271.0622: -2.702631,-1.861485,1.516737,9.343408
271.2845: -2.688118,-1.650764,1.50112,9.757499
271.5067: -2.67601,-1.419167,1.529854,6.89925
271.7289: -2.692218,-1.175067,1.512065,7.200289
271.9511: -2.731795,-0.8998781,1.51763,13.22456
272.1733: -2.741558,-0.6284924,1.540775,15.48905
272.3956: -2.723782,-0.3507814,1.498318,18.51752
272.6178: -2.692665,-0.07387415,1.534295,24.90739
272.84: -2.660161,0.2072944,1.500763,32.15119
273.0622: -2.596703,0.4688104,1.520371,46.78977
273.2845: -2.461601,0.648006,1.524621,71.66951
273.5067: -2.261398,0.7949604,1.5074,83.02656
273.7289: -2.018856,0.9261302,1.537601,90.20517
273.9511: -1.746821,1.03821,1.505149,91.3205
274.1733: -1.461358,1.100632,1.553469,93.52576
274.3956: -1.166941,1.115373,1.507732,95.64732
274.6178: -0.8598351,1.112517,1.547248,97.3775
274.84: -0.5609062,1.127647,1.537495,98.17787
275.0622: -0.2453591,1.146935,1.541456,96.53907
275.2845: 0.07896431,1.137231,1.558007,96.06699
275.5067: 0.4072276,1.121876,1.53806,92.09896
275.7289: 0.7190322,1.128011,1.575293,91.61616
275.9511: 1.02712,1.144207,1.526219,91.77903
276.1733: 1.328517,1.144076,1.572707,94.93274
276.3956: 1.634555,1.125577,1.530599,96.71205
276.6178: 1.932702,1.113744,1.568201,96.2001
276.84: 2.203733,1.118363,1.552523,95.79977
277.0622: 2.450538,1.125746,1.541005,97.9534
277.2845: 2.633642,1.123867,1.583671,99.42258
Trial Result: Success object: Trashcan | Time Spent: 8.796251
Trial No.:7 Ends
Trial No.:15 Begins
User confirmed on object: Wheelbarrow, this maze officially starts.
287.7956: 0.0770475,-0.05207036,1.59021,273.4427
288.0178: 0.05395924,-0.04336877,1.591571,270.0338
288.24: 0.03497495,-0.08147544,1.569198,232.5128
288.4622: 0.08656427,-0.1145956,1.540354,177.4718
288.6844: 0.131864,-0.1525833,1.533919,143.3226
288.9067: 0.1587361,-0.194748,1.535057,122.0113
289.1289: 0.1466438,-0.1699092,1.546613,75.5704
289.3511: 0.05115015,-0.1640352,1.536305,22.34385
289.5733: -0.007882025,-0.2222521,1.532579,357.7841
289.7956: -0.02848304,-0.2653027,1.536235,355.1916
290.0178: -0.02447626,-0.2368871,1.557596,351.7167
290.24: -0.0249032,-0.1326056,1.552137,349.5671
290.4622: -0.02091807,-0.0005695233,1.551197,348.2816
290.6844: -0.005027311,0.1687557,1.540598,346.2948
290.9067: -0.01697201,0.3600541,1.529423,312.6641
291.1289: -0.05739304,0.5412825,1.548576,287.2462
291.3511: -0.1283583,0.7331356,1.518074,281.7971
291.5733: -0.1821856,0.9596188,1.54356,298.7778
291.7956: -0.1307622,1.223639,1.532117,337.8421
292.0178: -0.04664819,1.490114,1.528115,355.0863
292.24: -0.02422369,1.767382,1.554521,342.7877
292.4622: -0.04740476,2.06095,1.508963,326.5063
292.6844: -0.09002979,2.337333,1.548567,308.9597
292.9067: -0.1379786,2.589455,1.533347,292.696
293.1289: -0.2238334,2.804923,1.545604,271.3535
293.3511: -0.3584526,2.928664,1.542973,260.1191
293.5733: -0.57286,2.997884,1.517109,259.0063
293.7956: -0.8174341,3.045093,1.555363,253.9611
294.0178: -1.090559,3.084525,1.52218,252.1264
294.24: -1.354257,3.102332,1.547561,254.208
294.4622: -1.538264,3.013486,1.550009,218.4697
294.6844: -1.681857,2.902845,1.513309,188.6777
294.9067: -1.825912,2.771709,1.556624,180.5302
295.1289: -1.916237,2.616232,1.530513,163.5217
295.3511: -1.998319,2.418447,1.54819,173.6608
295.5733: -2.035869,2.183399,1.516854,194.658
295.7956: -2.034078,1.898872,1.538927,201.6013
296.0178: -2.101709,1.624241,1.528284,200.5397
296.24: -2.240343,1.358037,1.500113,195.9897
296.4622: -2.384142,1.09093,1.535249,189.6597
296.6844: -2.482921,0.8267512,1.499933,183.1193
296.9067: -2.58404,0.5378402,1.533993,182.0244
297.1289: -2.681301,0.2285385,1.495763,179.7739
297.3511: -2.765335,-0.09302752,1.548967,178.9921
297.5733: -2.798678,-0.4236756,1.504465,179.3992
297.7956: -2.812822,-0.7564155,1.544849,177.576
298.0178: -2.822485,-1.096707,1.51986,172.6171
298.24: -2.821074,-1.432503,1.53861,165.8564
298.4622: -2.785325,-1.751012,1.524328,151.9954
298.6844: -2.745116,-2.068117,1.517298,135.963
298.9067: -2.710633,-2.370502,1.523632,119.5517
299.1289: -2.614108,-2.627701,1.488785,100.9864
299.3511: -2.459312,-2.780859,1.52675,83.29398
299.5733: -2.294312,-2.847683,1.492133,67.44573
299.7956: -2.140182,-2.893992,1.530382,46.20518
Trial Result: Success object: Mailbox | Time Spent: 12.23856
Trial No.:15 Ends
Trial No.:11 Begins
User confirmed on object: Trashcan, this maze officially starts.
309.8067: 2.673009,1.037266,1.614323,91.28609
310.0289: 2.691049,1.04742,1.61342,88.86613
310.2511: 2.735424,1.097517,1.595658,67.23676
310.4733: 2.73017,1.181876,1.560496,2.839145
310.6956: 2.71955,1.269979,1.547458,332.9878
310.9178: 2.718179,1.457821,1.534296,337.6993
311.14: 2.693401,1.68753,1.567439,339.812
311.3622: 2.669396,1.93603,1.54646,329.5567
311.5844: 2.638313,2.210445,1.557914,313.2115
311.8067: 2.530107,2.468163,1.573165,298.1847
312.0289: 2.353379,2.675812,1.538712,284.0592
312.2511: 2.16458,2.830686,1.577255,257.9684
312.4733: 1.951674,2.962487,1.53463,233.4584
312.6956: 1.672182,3.079638,1.579403,245.7539
312.9178: 1.376074,3.135512,1.530736,256.2531
313.14: 1.080443,3.153696,1.570218,263.9622
313.3622: 0.7922586,3.126425,1.549999,246.5035
313.5844: 0.5335381,3.063626,1.552047,199.8711
313.8067: 0.2619363,3.000669,1.549866,185.8812
314.0289: -0.03447129,2.934761,1.538159,196.349
314.2511: -0.3583989,2.932412,1.551271,227.2418
314.4733: -0.6853162,2.950479,1.518485,246.5063
314.6956: -0.9988363,2.909085,1.559271,239.7293
314.9178: -1.288312,2.842385,1.506355,249.7527
315.14: -1.501778,2.702515,1.543506,209.6525
315.3622: -1.676763,2.555215,1.529303,183.5705
315.5844: -1.843727,2.38251,1.545197,174.3315
315.8067: -1.936365,2.186037,1.54165,159.5324
316.0289: -2.026667,1.928479,1.507744,186.4209
316.2511: -2.121303,1.654924,1.543144,197.0463
316.4733: -2.240075,1.393308,1.505895,193.9963
316.6956: -2.38246,1.122204,1.534271,182.5632
316.9178: -2.480179,0.8511587,1.518632,177.4136
317.14: -2.530809,0.6045256,1.490366,158.1465
317.3622: -2.581388,0.4252656,1.536788,136.2992
Trial Result: Success object: Telescope | Time Spent: 7.851357
Trial No.:11 Ends
Trial No.:10 Begins
User confirmed on object: Bookshelf, this maze officially starts.
324.9178: 1.7273,1.137867,1.606655,174.114
325.14: 1.738258,1.128263,1.611522,176.2026
325.3622: 1.719199,1.12519,1.622331,191.9252
325.5844: 1.714678,1.105616,1.613768,192.0788
325.8067: 1.752037,1.049746,1.59711,179.6831
326.0289: 1.88033,1.013382,1.55438,152.6729
326.2511: 2.059253,0.9917789,1.536966,144.2881
326.4733: 2.211761,0.9132853,1.556318,159.8752
326.6956: 2.335312,0.7816428,1.533425,179.859
326.9178: 2.469741,0.5869704,1.54834,188.2641
327.14: 2.583638,0.3721334,1.561767,194.255
327.3622: 2.684132,0.1254683,1.543431,201.687
327.5844: 2.706509,-0.1206543,1.574106,212.6641
327.8067: 2.669431,-0.3585845,1.527551,208.1421
328.0289: 2.575259,-0.588975,1.557274,203.5696
328.2511: 2.433918,-0.8099769,1.532651,199.3004
328.4733: 2.286237,-1.005621,1.557886,187.3596
328.6956: 2.146683,-1.163668,1.537406,179.5689
328.9178: 2.028631,-1.333735,1.564736,180.0134
329.14: 1.968689,-1.523607,1.52637,189.6135
329.3622: 1.964023,-1.774597,1.541589,169.3913
329.5844: 1.945242,-2.014112,1.539728,138.6732
329.8067: 1.856836,-2.297138,1.523284,153.0483
330.0289: 1.728129,-2.535377,1.540906,214.1682
330.2511: 1.635822,-2.730608,1.513663,255.4974
330.4733: 1.497753,-2.889224,1.545775,274.1942
330.6956: 1.298535,-2.983104,1.506732,285.0721
330.9178: 1.056577,-3.060674,1.530457,288.0307
331.14: 0.7921132,-3.132066,1.499063,282.0316
331.3622: 0.5023936,-3.17477,1.52463,286.3672
331.5844: 0.2062623,-3.166786,1.516675,289.7138
331.8067: -0.0859558,-3.128911,1.522563,292.4176
332.0289: -0.3375713,-3.06846,1.541462,317.0163
332.2511: -0.5805411,-3.023404,1.51465,335.9938
332.4733: -0.821311,-2.963249,1.554078,313.6579
332.6956: -1.032206,-2.967422,1.545769,272.5583
332.9178: -1.263868,-2.991499,1.499515,262.2925
333.14: -1.509825,-2.987439,1.533165,288.1323
333.3622: -1.754522,-2.978459,1.505892,302.1868
333.5844: -2.025262,-2.926978,1.51598,304.9127
333.8067: -2.286427,-2.830287,1.508487,307.8195
334.0289: -2.521302,-2.71041,1.517736,311.3219
334.2511: -2.695415,-2.552769,1.529232,310.5556
334.4733: -2.813602,-2.414756,1.527538,308.2282
Trial Result: Success object: Plant | Time Spent: 9.784155
Trial No.:10 Ends
Trial No.:18 Begins
User confirmed on object: Harp, this maze officially starts.
348.7622: 1.746189,-1.06532,1.598091,354.194
348.9845: 1.747358,-1.05572,1.596817,348.0134
349.2067: 1.700689,-1.050459,1.5658,303.0248
349.4289: 1.667645,-1.044536,1.54222,270.683
349.6511: 1.556173,-1.040105,1.532139,267.1957
349.8734: 1.371429,-1.040152,1.52065,287.6773
350.0956: 1.149764,-1.026748,1.535294,289.8483
350.3178: 0.8884927,-0.9839462,1.498721,277.2412
350.54: 0.6267158,-0.9027641,1.545054,288.9558
350.7622: 0.3847598,-0.7889951,1.517227,324.1894
350.9845: 0.1906424,-0.6376826,1.545946,355.4671
351.2067: 0.06601585,-0.4332342,1.518451,358.3435
351.4289: -0.007448921,-0.2070583,1.527935,353.3395
351.6511: -0.06550129,0.03858641,1.523038,349.4614
351.8734: -0.1503622,0.3031431,1.518286,312.9072
352.0956: -0.1724052,0.5503297,1.547635,293.0352
352.3178: -0.1528619,0.8470232,1.514528,303.1166
352.54: -0.08533158,1.176437,1.546988,351.0659
352.7622: -0.05164802,1.454736,1.514222,12.57833
352.9845: -0.06009955,1.773958,1.535,2.034333
353.2067: -0.07899528,2.063795,1.535995,329.766
353.4289: -0.07901712,2.355969,1.526282,313.5597
353.6511: -0.1625664,2.596514,1.566839,295.5863
353.8734: -0.3113119,2.756887,1.5174,275.3014
354.0956: -0.4937036,2.883712,1.551252,258.0684
354.3178: -0.7184938,3.011529,1.520875,259.0006
354.54: -0.9780837,3.113954,1.549217,265.8207
354.7622: -1.257672,3.115844,1.512304,261.7618
354.9845: -1.489584,3.038612,1.515787,211.3061
355.2067: -1.663336,2.986269,1.549273,183.3221
355.4289: -1.801834,2.924316,1.537932,167.7201
355.6511: -1.886788,2.830106,1.54671,159.2097
355.8734: -1.922848,2.652776,1.507799,176.7261
356.0956: -1.90564,2.400986,1.514872,191.6171
356.3178: -1.958086,2.140244,1.513841,195.5551
356.54: -2.079544,1.873595,1.507984,198.471
356.7622: -2.203949,1.609731,1.535574,199.3832
356.9845: -2.316702,1.327776,1.495204,189.804
357.2067: -2.427135,1.063421,1.543543,184.2768
357.4289: -2.499335,0.8280044,1.502209,170.5882
357.6511: -2.540545,0.6235309,1.535145,151.1579
Trial Result: Success object: Telescope | Time Spent: 9.218151
Trial No.:18 Ends
Trial No.:24 Begins
User confirmed on object: Chair, this maze officially starts.
368.6067: 0.9379646,-2.966254,1.561203,344.2122
368.8289: 0.930277,-2.977976,1.566301,334.8532
369.0511: 0.9239324,-2.990884,1.56337,339.1684
369.2733: 0.8990626,-3.012608,1.566005,340.8509
369.4956: 0.821591,-3.047989,1.552793,312.4921
369.7178: 0.738313,-3.111287,1.524241,269.5607
369.94: 0.6485718,-3.11907,1.525573,261.0048
370.1622: 0.4937309,-3.079586,1.512332,276.0871
370.3845: 0.2754246,-3.047185,1.513336,279.8375
370.6067: 0.04116629,-3.052601,1.528128,280.4581
370.8289: -0.2058713,-3.088045,1.491166,280.9475
371.0511: -0.4826255,-3.123786,1.521823,283.175
371.2733: -0.7751034,-3.127368,1.497108,286.7185
371.4956: -1.095095,-3.112396,1.496149,289.5709
371.7178: -1.405845,-3.107076,1.524749,294.5062
371.94: -1.717554,-3.091583,1.472579,305.0298
372.1622: -2.007541,-2.998214,1.519113,329.0992
372.3845: -2.246902,-2.846548,1.470487,341.6387
372.6067: -2.449629,-2.650504,1.501795,354.2219
372.8289: -2.616457,-2.40206,1.488537,357.0614
373.0511: -2.731574,-2.110987,1.514137,359.8274
373.2733: -2.761959,-1.804075,1.5022,2.436783
373.4956: -2.764696,-1.479873,1.508366,2.741589
373.7178: -2.77651,-1.166877,1.521381,5.749366
373.94: -2.799826,-0.8379422,1.505669,7.488256
374.1622: -2.769524,-0.4984246,1.530868,9.594481
374.3845: -2.708169,-0.1579286,1.497715,11.17164
374.6067: -2.639719,0.1714082,1.542097,15.9062
374.8289: -2.575323,0.506351,1.488174,22.37309
375.0511: -2.473132,0.8311008,1.541039,22.56031
375.2733: -2.333924,1.143849,1.495578,23.24499
375.4956: -2.206858,1.457471,1.543519,9.56229
375.7178: -2.097617,1.753061,1.506183,2.411544
375.94: -1.954721,2.054723,1.536129,33.64118
376.1622: -1.815133,2.331123,1.521898,54.55153
376.3845: -1.659874,2.564286,1.520766,69.80114
376.6067: -1.465884,2.768007,1.53093,83.89281
376.8289: -1.250042,2.923103,1.527061,98.99477
377.0511: -0.9979465,3.001468,1.536425,103.9337
377.2733: -0.7437322,2.984202,1.519282,109.4699
377.4956: -0.5149254,2.89355,1.539495,130.9361
377.7178: -0.2919614,2.760535,1.521534,143.1243
377.94: -0.131949,2.550308,1.551769,152.1856
378.1622: -0.03649354,2.303264,1.53014,153.4737
378.3845: 0.03836343,2.037182,1.562046,152.8788
378.6067: 0.1226197,1.771255,1.522836,148.5824
378.8289: 0.2296435,1.515972,1.559303,133.1229
379.0511: 0.3468584,1.302962,1.528329,116.3499
379.2733: 0.5095438,1.168888,1.568946,94.63046
379.4956: 0.710295,1.114071,1.530582,92.26335
379.7178: 0.9517685,1.089192,1.560875,93.32947
379.94: 1.203421,1.061082,1.538312,93.32128
380.1622: 1.493858,1.024228,1.546503,91.43204
380.3845: 1.778599,1.022287,1.584828,91.80273
380.6067: 2.066716,1.040625,1.535404,93.36415
380.8289: 2.332808,1.053773,1.585293,97.30035
381.0511: 2.564652,1.062215,1.564744,95.92045
Trial Result: Success object: Trashcan | Time Spent: 12.82954
Trial No.:24 Ends
Trial No.:13 Begins
User confirmed on object: Telescope, this maze officially starts.
440.0511: -2.701056,0.009317378,1.507031,89.16525
440.2733: -2.686323,-0.001159647,1.498778,90.46235
440.4956: -2.694487,-0.02317391,1.497757,115.9134
440.7178: -2.723356,-0.01102692,1.497086,117.7736
440.94: -2.750639,0.01528472,1.49567,105.3605
441.1622: -2.759323,0.01973189,1.495503,101.8274
441.3845: -2.802819,-0.05541497,1.451974,142.3078
441.6067: -2.836966,-0.1315262,1.447314,160.4437
441.8289: -2.82491,-0.2518075,1.441647,156.8051
442.0511: -2.80179,-0.4335205,1.448871,166.4362
442.2733: -2.765751,-0.5941384,1.466567,188.2227
442.4956: -2.642938,-0.7271453,1.449566,171.4155
442.7178: -2.452452,-0.8168929,1.44319,127.7344
442.94: -2.300408,-0.8858727,1.455351,89.10072
443.1622: -2.123609,-1.004762,1.428764,84.86047
443.3845: -1.931846,-1.125346,1.468268,97.32362
443.6067: -1.729024,-1.165523,1.440586,103.8501
443.8289: -1.477286,-1.162329,1.41904,116.3418
444.0511: -1.254723,-1.214947,1.464715,148.0609
444.2733: -1.124896,-1.34446,1.428983,168.4012
444.4956: -1.015016,-1.535613,1.431768,173.0996
444.7178: -0.9013318,-1.741429,1.44133,156.3125
444.94: -0.7941267,-1.974072,1.419945,148.3727
445.1622: -0.7253186,-2.221556,1.450989,137.4231
445.3845: -0.6901064,-2.483526,1.409453,125.7628
445.6067: -0.6016707,-2.688696,1.454427,101.7593
445.8289: -0.4526321,-2.822273,1.409317,86.71738
446.0511: -0.2435915,-2.917759,1.419996,80.09857
446.2733: -0.003065638,-2.998655,1.423182,84.02232
446.4956: 0.2663993,-3.055885,1.408745,83.34237
446.7178: 0.5390137,-3.038683,1.437099,81.74094
446.94: 0.819715,-2.963518,1.39643,69.45797
447.1622: 1.092977,-2.889421,1.434655,52.84282
447.3845: 1.359509,-2.832878,1.37543,46.18486
447.6067: 1.58005,-2.726106,1.417234,45.65975
447.8289: 1.736798,-2.571891,1.382019,46.94933
448.0511: 1.854756,-2.412911,1.414771,52.92712
Trial Result: Success object: Well | Time Spent: 8.218824
Trial No.:13 Ends
Trial No.:23 Begins
User confirmed on object: Chair, this maze officially starts.
458.1733: 0.9209483,-3.079204,1.455579,2.705503
458.3956: 0.9035363,-3.049724,1.452481,354.2164
458.6178: 0.8059072,-2.983415,1.442666,313.6777
458.84: 0.7221469,-2.987761,1.401877,265.4724
459.0622: 0.6055957,-2.995667,1.393127,247.4593
459.2845: 0.4023381,-3.002998,1.394761,261.0195
459.5067: 0.1690489,-3.012929,1.440018,274.2028
459.7289: -0.1001779,-3.008464,1.395865,277.4843
459.9511: -0.3866209,-3.012938,1.445888,275.2351
460.1733: -0.6824043,-3.036424,1.407869,273.4534
460.3956: -1.003641,-3.05699,1.434294,282.8964
460.6178: -1.317245,-3.043795,1.43728,291.6639
460.84: -1.635413,-3.010839,1.418794,299.5436
461.0622: -1.920143,-2.959803,1.444863,312.6605
461.2845: -2.195906,-2.876032,1.418174,336.0089
461.5067: -2.40408,-2.712793,1.456556,356.651
461.7289: -2.545272,-2.50537,1.405174,3.949749
461.9511: -2.640418,-2.281993,1.448027,10.81234
462.1733: -2.724684,-2.008493,1.418742,20.74903
462.3956: -2.768348,-1.718038,1.461371,22.2435
462.6178: -2.749041,-1.44554,1.433234,47.79718
462.84: -2.723459,-1.18478,1.470642,80.55389
463.0622: -2.721693,-0.901871,1.451232,87.81824
463.2845: -2.738126,-0.5167323,1.444411,53.35745
463.5067: -2.744464,-0.1711297,1.464689,20.06203
463.7289: -2.690668,0.1372143,1.442409,22.00784
463.9511: -2.601804,0.404017,1.481216,46.2261
464.1733: -2.517376,0.6656358,1.437888,57.33816
464.3956: -2.365322,0.8525006,1.491288,82.4266
464.6178: -2.177695,0.9822154,1.446846,92.24345
464.84: -1.955887,1.076335,1.472142,90.43343
465.0622: -1.710103,1.152232,1.441034,89.40404
465.2845: -1.448553,1.178698,1.455344,89.25785
465.5067: -1.183854,1.150713,1.429073,86.80122
465.7289: -0.925687,1.121219,1.450312,83.79229
465.9511: -0.6915079,1.158857,1.437367,73.80984
466.1733: -0.4774462,1.285712,1.414262,38.08795
466.3956: -0.2934837,1.409342,1.428417,16.21317
466.6178: -0.1279083,1.573261,1.403862,1.66217
466.84: -0.04458855,1.793017,1.433508,346.4229
467.0622: -0.03931966,2.040821,1.394196,335.1373
467.2845: -0.05347099,2.299181,1.432949,320.9367
467.5067: -0.0586511,2.523673,1.422306,302.8322
467.7289: -0.05315971,2.742866,1.426883,280.2331
467.9511: -0.07941787,2.904521,1.455706,260.3374
468.1733: -0.1054526,3.018985,1.445762,258.3038
468.3956: -0.08192105,3.073869,1.459501,222.6074
468.6178: 0.04099045,3.151502,1.448368,152.5296
468.84: 0.1298404,3.220174,1.450998,126.5958
469.0622: 0.266292,3.242808,1.453488,114.1747
469.2845: 0.4582177,3.238029,1.4366,114.9917
469.5067: 0.6620454,3.206277,1.439035,122.3808
469.7289: 0.8853961,3.120362,1.406637,127.0986
469.9511: 1.109084,3.042769,1.453009,128.4318
Trial Result: Success object: Piano | Time Spent: 12.13879
Trial No.:23 Ends
Trial No.:2 Begins
User confirmed on object: Stove, this maze officially starts.
482.4289: -2.753979,3.082017,1.496609,253.9922
482.6511: -2.781033,3.093297,1.502122,243.1571
482.8734: -2.787068,3.091268,1.507568,225.2567
483.0956: -2.703878,3.062138,1.474954,165.6537
483.3178: -2.61742,3.0924,1.472382,122.4761
483.54: -2.601219,3.069842,1.491977,143.9154
483.7622: -2.646446,3.099863,1.50397,223.3886
483.9845: -2.598788,3.129376,1.497835,256.3232
484.2067: -2.53864,3.103053,1.486759,236.3971
484.4289: -2.406214,3.055526,1.436319,157.5347
484.6511: -2.262887,3.085918,1.41902,98.12737
484.8734: -2.095688,3.048355,1.413727,90.15075
485.0956: -1.853194,3.026597,1.45263,91.85651
485.3178: -1.575391,3.059824,1.43356,94.93694
485.54: -1.292693,3.104106,1.448756,99.2634
485.7622: -1.0049,3.093265,1.451819,103.3209
485.9845: -0.7355509,3.033456,1.42828,116.4611
486.2067: -0.4798663,2.964514,1.456467,122.7649
486.4289: -0.2451515,2.866491,1.423585,121.7096
486.6511: -0.1139247,2.668958,1.451077,155.0716
486.8734: -0.04173162,2.449404,1.416111,172.5389
487.0956: 0.02765905,2.210681,1.440858,170.9052
487.3178: 0.07716402,1.956191,1.407149,174.43
487.54: 0.09805005,1.713744,1.441705,184.8801
487.7622: 0.09357592,1.474259,1.413677,188.4972
487.9845: 0.06136978,1.183841,1.408188,191.9611
488.2067: 0.04115918,0.9071696,1.440242,196.4532
488.4289: 0.01434782,0.6335683,1.389794,200.9142
Trial Result: Success object: Wheelbarrow | Time Spent: 6.243113
Trial No.:2 Ends
Trial No.:5 Begins
User confirmed on object: Table, this maze officially starts.
500.2845: -1.834884,1.979166,1.497325,94.75994
500.5067: -1.832258,1.98003,1.497855,96.22858
500.7289: -1.824241,2.049391,1.489339,62.83774
500.9511: -1.859653,2.145158,1.470859,28.28206
501.1733: -1.868388,2.251477,1.451641,22.04293
501.3956: -1.794906,2.393369,1.43455,49.42854
501.6178: -1.691241,2.555975,1.442924,71.8638
501.84: -1.586998,2.721056,1.445759,84.40222
502.0622: -1.452395,2.899915,1.420243,99.00807
502.2845: -1.268084,3.061897,1.452395,102.198
502.5067: -1.041043,3.163616,1.419662,101.6747
502.7289: -0.7908518,3.234321,1.447635,98.133
502.9511: -0.5265946,3.299883,1.411306,98.48883
503.1733: -0.2367034,3.353993,1.438276,105.4875
503.3956: 0.04771489,3.36235,1.434823,109.4474
503.6178: 0.3396977,3.351342,1.419536,104.4643
503.84: 0.6280249,3.339602,1.432136,100.5157
504.0622: 0.9210663,3.313426,1.396688,105.3898
504.2845: 1.216936,3.255421,1.429297,112.662
504.5067: 1.504525,3.181385,1.380546,116.5701
504.7289: 1.7718,3.094289,1.420365,122.0721
504.9511: 2.036103,2.984004,1.390274,133.4991
505.1733: 2.273063,2.829023,1.404239,153.7861
505.3956: 2.459545,2.62324,1.411058,162.4975
505.6178: 2.577762,2.392912,1.39728,177.8975
505.84: 2.653973,2.165568,1.420454,193.9202
506.0622: 2.710507,1.922802,1.392736,204.9349
506.2845: 2.683352,1.667619,1.42216,210.6987
506.5067: 2.569893,1.431316,1.377831,212.2852
506.7289: 2.440041,1.233586,1.426459,214.815
506.9511: 2.316767,1.060048,1.397683,215.8313
Trial Result: Success object: Bookshelf | Time Spent: 7.053186
Trial No.:5 Ends
Trial No.:17 Begins
User confirmed on object: Harp, this maze officially starts.
518.34: 1.73215,-0.9977148,1.4539,358.3039
518.5623: 1.746853,-0.9761465,1.449221,2.789455
518.7845: 1.733266,-0.9491041,1.443536,354.3557
519.0067: 1.665646,-0.936685,1.412203,299.5973
519.2289: 1.598498,-0.977107,1.405998,258.9161
519.4511: 1.472859,-1.008992,1.405591,254.5077
519.6733: 1.288986,-1.012546,1.420733,276.9194
519.8956: 1.07354,-0.9953432,1.392207,295.9913
520.1178: 0.8352906,-0.9857994,1.425808,293.7534
520.34: 0.5935735,-0.9900224,1.423865,284.9235
520.5623: 0.3580362,-0.9432485,1.425772,311.2628
520.7845: 0.1835501,-0.8312513,1.444012,345.5181
521.0067: 0.06221846,-0.6689309,1.410436,356.5641
521.2289: -0.03066826,-0.471242,1.439566,0.2242321
521.4511: -0.1045212,-0.2491528,1.419608,4.79061
521.6733: -0.1462515,-0.008495213,1.448631,8.841431
521.8956: -0.1456024,0.2464971,1.414648,6.504507
522.1178: -0.1099535,0.5309906,1.419747,4.326418
522.34: -0.100961,0.8327096,1.436915,2.246269
522.5623: -0.1047523,1.149715,1.402466,3.852469
522.7845: -0.08362351,1.454038,1.446523,4.57575
523.0067: -0.07844378,1.755005,1.397546,347.0715
523.2289: -0.07314009,2.053502,1.438003,329.4697
523.4511: -0.1057436,2.338779,1.409469,317.0884
523.6733: -0.185199,2.578417,1.424275,301.2396
523.8956: -0.2846604,2.762918,1.449692,288.9879
524.1178: -0.3947732,2.883724,1.403935,253.9285
524.34: -0.3888827,2.92084,1.44716,178.4227
524.5623: -0.3168855,3.031712,1.45555,118.4748
524.7845: -0.2715515,3.10236,1.458899,96.69559
525.0067: -0.1822889,3.113604,1.455276,95.88921
525.2289: 0.01323489,3.110152,1.433163,110.6586
525.4511: 0.1543685,3.115093,1.442158,107.9806
525.6733: 0.1687225,3.088259,1.444675,118.1631
525.8956: -0.02406658,3.042801,1.442758,190.9111
526.1178: -0.2717491,3.108408,1.433667,255.9558
526.34: -0.5183386,3.112751,1.443856,268.3345
526.5623: -0.8174809,3.088147,1.397782,269.7067
526.7845: -1.151939,3.069449,1.442305,273.9411
527.0067: -1.48423,3.090044,1.430717,272.1284
527.2289: -1.809891,3.115707,1.452772,267.4486
527.4511: -2.121979,3.119031,1.454071,267.427
527.6733: -2.403082,3.118585,1.449282,268.2612
527.8956: -2.626419,3.147802,1.477474,263.375
Trial Result: Success object: Stove | Time Spent: 9.893465
Trial No.:17 Ends
Trial No.:19 Begins
User confirmed on object: Well, this maze officially starts.
537.8067: 1.822861,-2.015367,1.428869,78.86757
538.0289: 1.842378,-2.037078,1.428292,76.26563
538.2511: 1.860214,-2.048293,1.433394,81.39131
538.4733: 1.896088,-1.991569,1.417245,50.54997
538.6956: 1.870388,-1.893435,1.388225,10.10284
538.9178: 1.839745,-1.747386,1.377567,358.8181
539.14: 1.829611,-1.576404,1.402808,355.8504
539.3622: 1.816803,-1.470032,1.406513,313.3779
539.5845: 1.905019,-1.329204,1.388685,298.9676
539.8067: 2.09234,-1.082001,1.393524,347.458
540.0289: 2.258672,-0.8521266,1.394899,8.108182
540.2511: 2.372851,-0.6054103,1.365764,4.837447
540.4733: 2.499816,-0.3579523,1.41719,19.31984
540.6956: 2.56391,-0.08237739,1.38327,8.667343
540.9178: 2.585426,0.1821758,1.4189,351.3606
541.14: 2.530088,0.4205354,1.381019,333.9924
541.3622: 2.422813,0.6295345,1.403973,300.8044
541.5845: 2.401841,0.8232696,1.43751,284.6004
541.8067: 2.455348,1.072074,1.389941,311.3615
542.0289: 2.50046,1.267778,1.429276,299.3512
542.2511: 2.516919,1.343261,1.439674,258.7225
542.4733: 2.529743,1.405791,1.418161,245.6786
542.6956: 2.551424,1.493991,1.422281,245.7888
542.9178: 2.509812,1.507599,1.40612,244.4666
543.14: 2.390012,1.371147,1.387335,247.355
543.3622: 2.213992,1.245029,1.425797,262.0524
543.5845: 1.972937,1.173747,1.373679,266.9546
543.8067: 1.673223,1.135549,1.407537,267.9685
544.0289: 1.37201,1.078876,1.423508,267.1945
544.2511: 1.021958,1.017096,1.409651,259.0817
544.4733: 0.6724637,1.010073,1.443419,250.9902
544.6956: 0.3039027,1.041732,1.401175,262.7401
544.9178: -0.05503927,1.050501,1.454291,267.8843
545.14: -0.4105387,1.047976,1.40025,274.3493
545.3622: -0.7580596,1.049729,1.461624,273.4261
545.5845: -1.104384,1.068701,1.415388,267.6342
545.8067: -1.440044,1.051641,1.467325,245.9412
546.0289: -1.761526,1.009087,1.419543,228.1034
546.2511: -2.078563,0.9560974,1.440612,212.0011
546.4733: -2.345338,0.8823496,1.453377,186.5358
546.6956: -2.558828,0.7842716,1.454028,165.5312
546.9178: -2.698666,0.6292844,1.471704,162.8631
547.14: -2.761692,0.3802625,1.433126,169.9938
547.3622: -2.815672,0.09661588,1.475103,177.4085
547.5845: -2.868013,-0.2057486,1.432427,176.9253
547.8067: -2.899026,-0.5225315,1.473471,165.0166
548.0289: -2.897869,-0.847977,1.439048,161.2304
548.2511: -2.881057,-1.194613,1.45036,161.9234
548.4733: -2.873912,-1.547277,1.450196,156.9373
548.6956: -2.858868,-1.889379,1.439843,145.4925
548.9178: -2.784704,-2.211831,1.477095,131.6067
549.14: -2.670483,-2.491044,1.420914,117.8045
549.3622: -2.551846,-2.707313,1.478069,94.77612
549.5845: -2.431561,-2.903608,1.435696,72.18998
549.8067: -2.274474,-3.061585,1.461227,72.21697
550.0289: -2.039426,-3.13355,1.415121,78.62666
550.2511: -1.771029,-3.13826,1.453275,84.59851
550.4733: -1.494691,-3.15861,1.435916,86.78674
550.6956: -1.19554,-3.181403,1.420749,82.3381
550.9178: -0.8998369,-3.171823,1.440361,80.34226
551.14: -0.5857071,-3.14186,1.398256,82.88531
551.3622: -0.2673244,-3.12792,1.449905,87.85148
551.5845: 0.05106923,-3.130298,1.399483,86.34252
551.8067: 0.3623227,-3.114909,1.4296,76.0506
552.0289: 0.6551957,-3.057446,1.4006,68.06396
552.2511: 0.9434733,-2.98481,1.411757,69.74102
552.4733: 1.224617,-2.922947,1.422912,73.22808
552.6956: 1.447829,-2.787584,1.385807,23.87783
552.9178: 1.601773,-2.62607,1.413692,2.750353
553.14: 1.701864,-2.40091,1.378711,1.885283
553.3622: 1.76978,-2.168383,1.415887,349.5168
553.5845: 1.831597,-1.947211,1.385543,329.2935
553.8067: 1.877509,-1.718613,1.400214,317.3569
554.0289: 1.901727,-1.464533,1.377244,332.0057
554.2511: 1.991653,-1.214806,1.397089,5.742391
554.4733: 2.121992,-1.035321,1.380732,20.65936
554.6956: 2.291245,-0.8369607,1.393399,20.97376
554.9178: 2.40747,-0.6369931,1.409885,17.50702
555.14: 2.490561,-0.3764742,1.380423,5.93417
555.3622: 2.554609,-0.1342649,1.415163,355.9706
555.5845: 2.61545,0.138949,1.384554,339.1696
555.8067: 2.631465,0.3929355,1.404654,312.2169
556.0289: 2.605186,0.6257212,1.402703,293.6216
556.2511: 2.56828,0.8896924,1.389245,297.033
556.4733: 2.594268,1.196938,1.415368,327.5549
556.6956: 2.638305,1.495704,1.375442,346.3808
556.9178: 2.632758,1.784586,1.416931,336.2994
557.14: 2.592121,2.073975,1.38691,331.2329
557.3622: 2.517381,2.373851,1.396309,320.0204
557.5845: 2.408209,2.621895,1.398616,289.6952
557.8067: 2.282188,2.821237,1.401303,257.0374
558.0289: 2.096654,2.957786,1.414244,252.9931
558.2511: 1.850542,3.063078,1.406084,265.3113
558.4733: 1.583313,3.127785,1.43446,267.931
558.6956: 1.297404,3.161091,1.418108,262.0453
558.9178: 1.014182,3.14752,1.447732,244.0533
559.14: 0.7256281,3.115008,1.411048,219.9331
559.3622: 0.411596,3.102572,1.450858,211.7291
559.5845: 0.06623109,3.121796,1.413932,235.0758
559.8067: -0.2496835,3.118063,1.467926,250.1326
560.0289: -0.5640376,3.065404,1.42469,247.883
560.2511: -0.8799962,2.997092,1.456586,237.8286
560.4733: -1.189822,2.911548,1.440637,219.5207
560.6956: -1.466463,2.77201,1.442999,195.4684
560.9178: -1.68421,2.632589,1.456601,223.7135
561.14: -1.842072,2.547939,1.449938,266.8407
561.3622: -1.956054,2.420788,1.475521,211.5832
561.5845: -1.968006,2.412902,1.464031,127.3568
561.8067: -1.9858,2.352231,1.460954,116.8694
562.0289: -1.913988,2.294115,1.446072,113.3482
Trial Result: Success object: Table | Time Spent: 24.61156
Trial No.:19 Ends
Trial No.:1 Begins
User confirmed on object: Stove, this maze officially starts.
575.74: -2.707198,3.136587,1.500456,271.6581
575.9622: -2.726477,3.122711,1.493881,259.665
576.1844: -2.733107,3.046604,1.481844,208.4906
576.4067: -2.676248,3.001443,1.457997,155.3867
576.6289: -2.612648,2.9896,1.463211,117.4178
576.8511: -2.527103,2.97657,1.457821,97.8502
577.0734: -2.419971,2.950776,1.460407,84.34027
577.2956: -2.290639,2.882724,1.443581,85.59415
577.5178: -2.124203,2.820791,1.448123,89.24926
577.74: -1.899561,2.823861,1.417539,93.13882
577.9622: -1.623343,2.87746,1.428755,97.23196
578.1844: -1.322627,2.891381,1.455218,97.38319
578.4067: -0.9883838,2.886432,1.420783,94.88227
578.6289: -0.6734304,2.907054,1.464314,94.16791
578.8511: -0.3436272,2.952716,1.406846,95.9038
579.0734: -0.01332378,2.995237,1.460408,100.4963
579.2956: 0.3164271,3.01659,1.415782,102.6266
579.5178: 0.6441158,3.042296,1.452678,102.6153
579.74: 0.9631884,3.083628,1.422453,105.3816
579.9622: 1.277304,3.107172,1.430245,115.9978
580.1844: 1.570207,3.070881,1.426073,125.2944
580.4067: 1.848408,2.995059,1.40787,131.2431
580.6289: 2.09988,2.887037,1.438279,143.709
580.8511: 2.311578,2.737381,1.390473,163.6924
581.0734: 2.44942,2.539824,1.428736,186.6631
581.2956: 2.534145,2.298965,1.391614,193.4023
581.5178: 2.587671,2.046004,1.426987,193.1427
581.74: 2.625439,1.772822,1.389189,186.6995
581.9622: 2.628139,1.489902,1.414583,187.9679
582.1844: 2.57519,1.207307,1.4059,188.5907
582.4067: 2.516514,0.9161321,1.415276,183.2584
582.6289: 2.501554,0.6215205,1.41966,183.7108
582.8511: 2.511451,0.3051513,1.399623,187.4071
583.0734: 2.479397,-0.008856116,1.435847,190.7944
583.2956: 2.419902,-0.3227438,1.38029,195.3446
583.5178: 2.36402,-0.6234899,1.420275,192.4921
583.74: 2.286753,-0.9078377,1.392392,181.6402
583.9622: 2.170609,-1.160294,1.422854,181.0486
584.1844: 2.067205,-1.381179,1.404588,168.1301
584.4067: 2.016771,-1.557249,1.444121,147.9751
Trial Result: Success object: Well | Time Spent: 9.040934
Trial No.:1 Ends
Trial No.:12 Begins
User confirmed on object: Trashcan, this maze officially starts.
597.0623: 2.714935,1.18112,1.459143,121.3528
597.2845: 2.735645,1.18319,1.460256,123.6314
597.5067: 2.754013,1.160748,1.457385,118.9677
597.7289: 2.759956,1.195009,1.437464,50.61207
597.9511: 2.694745,1.190984,1.416902,359.3839
598.1733: 2.651972,1.219265,1.404975,334.6309
598.3956: 2.629603,1.320549,1.401479,338.903
598.6178: 2.606971,1.476873,1.403516,347.9527
598.84: 2.597588,1.67066,1.375072,347.0299
599.0623: 2.610804,1.906851,1.399946,336.12
599.2845: 2.575145,2.130967,1.412517,319.1733
599.5067: 2.491836,2.362395,1.376955,306.005
599.7289: 2.394355,2.590636,1.409662,294.2733
599.9511: 2.277287,2.779042,1.399697,267.5527
600.1733: 2.144575,2.929761,1.438643,233.6385
600.3956: 1.961609,3.039686,1.428652,237.0851
600.6178: 1.715346,3.11456,1.411981,256.8285
600.84: 1.443312,3.169937,1.427343,261.2914
601.0623: 1.197064,3.193861,1.399022,241.1103
601.2845: 0.9697993,3.177349,1.432147,223.9173
601.5067: 0.7392175,3.072911,1.390924,217.8573
601.7289: 0.539627,2.948864,1.433071,211.629
601.9511: 0.3448898,2.806437,1.424931,199.871
602.1733: 0.2019034,2.643791,1.431253,180.64
602.3956: 0.1154642,2.436507,1.439412,174.5658
602.6178: 0.0923782,2.190781,1.41503,173.8884
602.84: 0.05390418,1.932384,1.447446,176.6302
603.0623: -0.01118495,1.651937,1.404065,178.5239
603.2845: -0.1041107,1.392711,1.452382,205.6883
603.5067: -0.1875401,1.213633,1.435795,244.534
603.7289: -0.3017471,1.05734,1.445587,265.5553
603.9511: -0.4903739,0.9609538,1.414106,274.7947
604.1733: -0.7069618,0.9105811,1.438088,271.2653
604.3956: -0.9554979,0.8680569,1.433047,264.9943
604.6178: -1.228839,0.830927,1.429654,263.4628
604.84: -1.516824,0.8279654,1.45098,258.6852
605.0623: -1.793106,0.8175371,1.421016,244.7225
605.2845: -2.054128,0.767693,1.473143,221.3114
605.5067: -2.271748,0.6579038,1.435334,198.9075
605.7289: -2.466302,0.5435066,1.484726,173.0054
605.9511: -2.643025,0.4413942,1.455822,159.4414
606.1733: -2.757535,0.2829933,1.486173,163.2945
606.3956: -2.794172,0.08760735,1.44931,177.9877
606.6178: -2.773743,-0.1202104,1.475833,176.6956
606.84: -2.740725,-0.3333201,1.452979,153.7343
607.0623: -2.685512,-0.5040659,1.469109,118.9656
607.2845: -2.594497,-0.6357701,1.463207,104.4089
607.5067: -2.448053,-0.7338755,1.450255,101.174
607.7289: -2.281061,-0.8216074,1.464202,97.76148
607.9511: -2.09619,-0.9059089,1.44688,96.16203
608.1733: -1.893529,-0.9766381,1.463128,94.96429
608.3956: -1.683131,-0.9889317,1.462367,90.91548
608.6178: -1.458058,-0.9743824,1.452627,95.51626
608.84: -1.212172,-0.9736265,1.47956,98.15057
609.0623: -0.9611094,-0.9900986,1.43372,96.08837
609.2845: -0.7198949,-1.004794,1.461268,90.16678
609.5067: -0.4722867,-1.000942,1.429402,88.74412
609.7289: -0.210037,-0.9882113,1.44398,92.84531
609.9511: 0.05071373,-0.9975299,1.444391,98.80553
610.1733: 0.3102401,-1.010496,1.424473,102.4054
610.3956: 0.5727293,-1.011947,1.455097,106.6804
610.6178: 0.8297098,-0.995271,1.406066,108.2168
610.84: 1.071783,-1.008232,1.443522,116.6545
611.0623: 1.2629,-1.08557,1.415607,135.7225
611.2845: 1.434893,-1.206985,1.415051,144.9484
611.5067: 1.59122,-1.291299,1.428992,129.9533
611.7289: 1.715418,-1.274539,1.411338,83.8493
611.9511: 1.845392,-1.254541,1.399929,48.52937
612.1733: 1.955442,-1.230165,1.396067,21.32081
612.3956: 2.097624,-1.146356,1.38958,18.51181
612.6178: 2.265131,-0.9998154,1.375767,12.35381
612.84: 2.373166,-0.7993823,1.406302,1.92406
613.0623: 2.441943,-0.5587354,1.370888,11.73349
613.2845: 2.465071,-0.2896371,1.407407,10.40068
613.5067: 2.494927,-0.02376525,1.410806,355.329
613.7289: 2.532815,0.2638118,1.390812,352.8358
613.9511: 2.53248,0.5536075,1.416837,354.058
614.1733: 2.519365,0.8498979,1.385691,356.0851
614.3956: 2.526848,1.140759,1.430531,0.6685241
614.6178: 2.542172,1.423185,1.3894,356.7969
614.84: 2.543866,1.692524,1.418489,345.0151
615.0623: 2.515965,1.950757,1.395738,336.7191
615.2845: 2.470639,2.208432,1.402514,331.6498
615.5067: 2.416584,2.449816,1.419959,319.4648
615.7289: 2.335785,2.659007,1.397552,294.9064
615.9511: 2.217851,2.781496,1.428279,264.5365
616.1733: 2.071464,2.851255,1.386416,241.3994
616.3956: 1.854514,2.956851,1.336961,258.6177
616.6178: 1.701509,3.018845,1.400188,262.7462
616.84: 1.546092,3.082931,1.43106,260.4366
617.0623: 1.322032,3.13662,1.455434,264.6937
617.2845: 1.074917,3.138537,1.420144,270.5764
617.5067: 0.8225068,3.131615,1.446147,280.5546
617.7289: 0.570393,3.140121,1.428692,277.4803
617.9511: 0.3053772,3.160508,1.428916,265.2981
618.1733: 0.03808108,3.165684,1.448503,258.8192
618.3956: -0.2265892,3.169294,1.416924,255.6391
618.6178: -0.4915056,3.198016,1.45969,263.2785
618.84: -0.760385,3.240542,1.436728,268.5903
619.0623: -1.024965,3.253171,1.464621,264.2903
619.2845: -1.237304,3.180306,1.45978,231.4697
619.5067: -1.404688,3.086211,1.450738,202.1138
619.7289: -1.535018,2.972903,1.47148,192.6265
619.9511: -1.647856,2.871053,1.454561,173.3753
620.1733: -1.733643,2.692025,1.472462,160.7818
620.3956: -1.750862,2.514948,1.444159,155.7083
620.6178: -1.726223,2.399666,1.449213,132.4221
Trial Result: Success object: Table | Time Spent: 23.85537
Trial No.:12 Ends
Trial No.:9 Begins
User confirmed on object: Bookshelf, this maze officially starts.
633.54: 1.830792,1.016842,1.478433,198.3462
633.7622: 1.804029,1.001484,1.477885,204.8178
633.9844: 1.804346,0.9679042,1.471679,191.3397
634.2067: 1.874221,0.9380102,1.442225,144.3862
634.4289: 1.975655,0.9894713,1.408403,102.2712
634.6511: 2.076622,1.042253,1.410579,72.39121
634.8734: 2.152654,1.085092,1.414668,28.86563
635.0956: 2.221675,1.104645,1.402629,355.6385
635.3178: 2.342689,1.190994,1.40033,353.2906
635.54: 2.43066,1.379293,1.369735,353.2957
635.7622: 2.469872,1.605565,1.409731,348.7485
635.9844: 2.521219,1.869204,1.357888,344.282
636.2067: 2.553306,2.2214,1.313559,333.0507
636.4289: 2.482489,2.468859,1.36881,320.0401
636.6511: 2.354235,2.646805,1.360794,291.9048
636.8734: 2.208376,2.810753,1.424061,277.5092
637.0956: 2.008379,2.974212,1.402794,268.7628
637.3178: 1.742554,3.084004,1.43863,263.4807
637.54: 1.43527,3.145646,1.410109,267.6407
637.7622: 1.110289,3.186198,1.457475,268.733
637.9844: 0.7607933,3.228338,1.41006,268.1122
638.2067: 0.4041775,3.227845,1.46558,264.0755
638.4289: 0.04418818,3.199358,1.420226,263.002
638.6511: -0.3081043,3.185617,1.468729,266.588
638.8734: -0.668406,3.197281,1.418895,268.1826
639.0956: -1.022314,3.195819,1.455808,265.7732
639.3178: -1.357644,3.165155,1.413476,265.0242
639.54: -1.680566,3.147078,1.436046,265.2414
639.7622: -1.985626,3.15231,1.428332,264.8369
639.9844: -2.265138,3.148148,1.432395,259.697
640.2067: -2.511507,3.120767,1.454758,261.3876
640.4289: -2.7162,3.094892,1.436132,264.3849
Trial Result: Success object: Stove | Time Spent: 7.140413
Trial No.:9 Ends
Trial No.:6 Begins
User confirmed on object: Table, this maze officially starts.
651.5178: -1.893316,1.936767,1.481808,104.5807
651.74: -1.878793,1.94412,1.476672,101.0327
651.9622: -1.846358,1.992474,1.46406,64.452
652.1844: -1.897934,2.051943,1.453903,19.31279
652.4067: -1.982203,2.103179,1.448226,347.7051
652.6289: -2.060966,2.174304,1.440526,317.6948
652.8511: -2.088668,2.279011,1.437521,302.2354
653.0734: -2.011804,2.498613,1.43132,339.5573
653.2956: -1.895083,2.686856,1.450125,42.58526
653.5178: -1.814728,2.868841,1.423757,85.60858
653.74: -1.702891,3.050194,1.449764,105.3209
653.9622: -1.527841,3.175524,1.437892,110.3505
654.1844: -1.309003,3.258599,1.425246,100.9272
654.4067: -1.073435,3.308624,1.447581,98.41366
654.6289: -0.8029243,3.337449,1.41163,103.7418
654.8511: -0.50999,3.339354,1.453032,104.8342
655.0734: -0.212707,3.321302,1.405803,104.6963
655.2956: 0.09080531,3.314245,1.440592,99.88007
655.5178: 0.3998932,3.318319,1.412157,99.48533
655.74: 0.7126065,3.312455,1.426802,104.1323
655.9622: 1.015832,3.270751,1.42953,112.2313
656.1844: 1.318359,3.220465,1.407495,117.924
656.4067: 1.619396,3.168664,1.43755,123.4516
656.6289: 1.924576,3.090672,1.385943,132.6434
656.8511: 2.186033,2.935928,1.439394,148.5056
657.0734: 2.373217,2.723031,1.388305,159.4814
657.2956: 2.52643,2.493372,1.414808,176.1498
657.5178: 2.648211,2.233861,1.384954,184.5462
657.74: 2.724189,1.942356,1.401865,193.2419
657.9622: 2.731248,1.647424,1.400212,187.6703
658.1844: 2.715629,1.339737,1.386289,181.3589
658.4067: 2.70788,1.028092,1.418557,183.9699
658.6289: 2.7119,0.7022191,1.373644,187.9113
658.8511: 2.685069,0.3790661,1.415876,195.5029
659.0734: 2.636609,0.06626551,1.362269,202.0927
659.2956: 2.577506,-0.2260821,1.403974,210.3788
659.5178: 2.511668,-0.4919955,1.380386,234.5609
659.74: 2.427161,-0.7272159,1.385351,274.2297
659.9622: 2.299818,-0.9233571,1.406252,296.7646
660.1844: 2.130114,-1.08192,1.401114,281.3062
660.4067: 2.026628,-1.267822,1.426424,207.969
660.6289: 1.967332,-1.401035,1.396503,162.5993
660.8511: 1.908331,-1.528352,1.414393,154.5258
661.0734: 1.867894,-1.705946,1.409177,167.845
661.2956: 1.815118,-1.917794,1.382268,193.1844
661.5178: 1.769232,-2.145306,1.425687,222.5317
661.74: 1.727989,-2.386107,1.371959,249.0255
661.9622: 1.642153,-2.639273,1.408203,277.2155
662.1844: 1.510321,-2.821067,1.391002,286.5359
662.4067: 1.390674,-2.943234,1.401535,299.549
662.6289: 1.29275,-3.063505,1.414205,320.2076
Trial Result: Success object: Chair | Time Spent: 11.42835
Trial No.:6 Ends
Trial No.:16 Begins
User confirmed on object: Wheelbarrow, this maze officially starts.
684.44: 0.01785356,-0.06587248,1.476493,276.7882
684.6622: 0.03681787,-0.05610606,1.487965,277.8538
684.8845: 0.05898811,-0.02460095,1.492538,277.6144
685.1067: 0.05809758,0.008914342,1.492321,283.0175
685.3289: 0.05483382,0.03635321,1.493664,289.1926
685.5511: 0.04739597,0.05383297,1.492854,290.2082
685.7734: 0.04081027,0.05117007,1.491213,282.2824
685.9955: 0.04141977,0.0240231,1.488799,261.4698
686.2178: 0.04134566,-0.05257639,1.461558,217.8796
686.44: 0.04267499,-0.1516449,1.433227,200.9674
686.6622: 0.014149,-0.2957471,1.411306,206.191
686.8845: -0.06129225,-0.4633602,1.424805,225.1065
687.1067: -0.1958869,-0.627669,1.399749,237.8
687.3289: -0.3595415,-0.8198838,1.411972,222.4632
687.5511: -0.4822876,-1.025935,1.443218,202.5958
687.7734: -0.5931817,-1.239636,1.408935,183.413
687.9955: -0.7092896,-1.45784,1.442983,173.4153
688.2178: -0.8147171,-1.714881,1.420579,170.0836
688.44: -0.8632438,-1.992761,1.44989,160.6418
688.6622: -0.8393883,-2.252076,1.417984,141.1593
688.8845: -0.7879236,-2.491735,1.439559,120.749
689.1067: -0.7260836,-2.699977,1.452558,107.4126
689.3289: -0.6345435,-2.870405,1.442699,87.98849
689.5511: -0.4632511,-2.989133,1.448073,80.43781
689.7734: -0.2008674,-3.03726,1.39989,81.94535
689.9955: 0.07353124,-3.043143,1.440113,80.50488
690.2178: 0.3816436,-3.023342,1.400183,75.27009
690.44: 0.6995935,-2.954183,1.438142,68.98657
690.6622: 0.9936945,-2.847848,1.394259,62.81554
690.8845: 1.259659,-2.740397,1.435064,35.78461
691.1067: 1.49088,-2.641789,1.395221,5.495544
691.3289: 1.642246,-2.486052,1.437042,358.0519
691.5511: 1.726978,-2.258725,1.396133,5.091556
691.7734: 1.823012,-1.999236,1.428913,20.23501
691.9955: 1.934495,-1.735098,1.387386,26.85882
692.2178: 2.047033,-1.461913,1.41426,19.77848
692.44: 2.156,-1.174438,1.397031,8.089081
692.6622: 2.281629,-0.8863517,1.412812,5.816435
692.8845: 2.394014,-0.6025201,1.408076,1.928189
693.1067: 2.492861,-0.3002577,1.405223,9.904617
693.3289: 2.513925,-0.004177422,1.417814,353.6139
693.5511: 2.511178,0.2934754,1.39885,326.2002
693.7734: 2.530273,0.5944563,1.434699,301.9406
693.9955: 2.579268,0.9488316,1.391963,295.9982
694.2178: 2.615849,1.300678,1.438331,319.8586
694.44: 2.642049,1.643586,1.38411,338.8959
694.6622: 2.645907,1.969152,1.430236,340.201
694.8845: 2.63153,2.273591,1.397358,323.9374
695.1067: 2.554798,2.540472,1.426708,294.5316
695.3289: 2.424151,2.76057,1.393905,267.6555
695.5511: 2.252028,2.947489,1.416631,257.6531
695.7734: 2.019701,3.101678,1.425165,263.8615
695.9955: 1.751615,3.208378,1.433738,260.5242
696.2178: 1.455938,3.231141,1.427266,256.6287
696.44: 1.136783,3.203689,1.42111,252.1606
696.6622: 0.8398435,3.163343,1.450292,223.695
696.8845: 0.5240613,3.143442,1.428228,204.8989
697.1067: 0.2201646,3.101655,1.472193,193.4486
697.3289: -0.1033144,3.04735,1.416202,197.2885
697.5511: -0.4708856,3.040746,1.477715,236.7767
697.7734: -0.8233819,3.060543,1.423345,261.7048
697.9955: -1.145617,3.007997,1.462554,252.9015
698.2178: -1.382041,2.870822,1.436775,206.1519
698.44: -1.559796,2.725292,1.458193,167.4174
698.6622: -1.731653,2.549486,1.445327,155.3073
698.8845: -1.829687,2.366667,1.45972,150.9756
699.1067: -1.878241,2.149926,1.443762,179.353
699.3289: -1.919947,1.94446,1.467308,209.6542
699.5511: -2.004411,1.731372,1.438438,211.8618
699.7734: -2.133056,1.510211,1.450106,188.7092
699.9955: -2.276781,1.283251,1.462058,179.7067
700.2178: -2.42334,1.033905,1.43444,179.8698
700.44: -2.550517,0.7931558,1.468283,176.5296
700.6622: -2.669395,0.5240507,1.4308,172.0966
700.8845: -2.730055,0.2333603,1.473395,162.4213
701.1067: -2.7329,-0.05056684,1.43644,188.1107
701.3289: -2.675158,-0.308918,1.472208,195.8246
701.5511: -2.624084,-0.5704124,1.452661,198.623
701.7734: -2.612381,-0.8131106,1.463672,204.8499
701.9955: -2.639124,-1.050126,1.462592,208.89
702.2178: -2.692482,-1.292038,1.43104,212.4907
Trial Result: Success object: Plant | Time Spent: 18.15662
Trial No.:16 Ends
Trial No.:20 Begins
User confirmed on object: Well, this maze officially starts.
714.9178: 1.871856,-1.986932,1.443399,86.22045
715.14: 1.892643,-2.01848,1.444725,108.2514
715.3622: 1.889104,-2.024501,1.446025,117.3513
715.5845: 1.930796,-1.96012,1.43979,70.86287
715.8067: 1.917217,-1.864748,1.396866,1.250027
716.0289: 1.907706,-1.797833,1.395883,336.7477
716.2511: 1.858336,-1.703084,1.393718,311.7696
716.4733: 1.778851,-1.601968,1.409214,290.1887
716.6956: 1.716731,-1.478037,1.414258,280.6412
716.9178: 1.658054,-1.345907,1.412843,276.2439
717.14: 1.531781,-1.237522,1.405916,280.9061
717.3622: 1.318275,-1.182168,1.381189,286.2813
717.5845: 1.074221,-1.147432,1.428221,285.0771
717.8067: 0.8133302,-1.104309,1.412625,284.7424
718.0289: 0.5611267,-1.022559,1.416361,313.6465
718.2511: 0.3733607,-0.9179385,1.447508,345.7726
718.4733: 0.1952167,-0.7854292,1.416438,358.1724
718.6956: 0.08210763,-0.5578648,1.42577,1.133158
718.9178: 0.03067296,-0.3060622,1.406398,356.6906
719.14: -0.03920183,-0.03551971,1.440254,344.5047
719.3622: -0.1392643,0.2213114,1.408318,319.14
719.5845: -0.2200947,0.461925,1.459227,300.5769
719.8067: -0.3196469,0.6760793,1.433979,286.4048
720.0289: -0.4728105,0.8386406,1.47254,280.3321
720.2511: -0.6822661,0.9247688,1.431443,282.8481
720.4733: -0.9395818,0.9741756,1.45116,279.9439
720.6956: -1.190367,1.076409,1.464017,290.0253
720.9178: -1.377111,1.23809,1.43824,331.6886
721.14: -1.551982,1.387755,1.46706,353.8235
721.3622: -1.739276,1.56814,1.438077,352.3441
721.5845: -1.86656,1.771634,1.47958,347.3089
721.8067: -1.946802,1.974049,1.438554,312.432
722.0289: -1.93054,2.233581,1.457453,337.7809
722.2511: -1.848547,2.442158,1.457364,51.46687
722.4733: -1.836229,2.62109,1.449326,100.9344
722.6956: -1.768232,2.799062,1.479408,110.6482
722.9178: -1.715902,2.86279,1.458389,135.1097
723.14: -1.684983,2.925593,1.473817,167.0094
723.3622: -1.610584,3.022124,1.471871,167.7995
723.5845: -1.48667,3.180128,1.464516,114.7574
723.8067: -1.402221,3.257772,1.456804,102.7972
724.0289: -1.275167,3.279493,1.441886,101.7232
724.2511: -1.079088,3.26188,1.417028,102.7002
724.4733: -0.843004,3.23482,1.449531,104.9617
724.6956: -0.5806009,3.247617,1.425567,101.4593
724.9178: -0.2699159,3.280975,1.422508,104.1892
725.14: 0.0377917,3.268456,1.447311,102.7881
725.3622: 0.3618247,3.223441,1.408556,106.3214
725.5845: 0.6928053,3.19317,1.460066,108.6905
725.8067: 1.029452,3.188719,1.406323,113.5443
726.0289: 1.359279,3.15908,1.451177,120.9681
726.2511: 1.676982,3.075038,1.413295,128.631
726.4733: 1.966365,2.958877,1.445619,138.614
726.6956: 2.226282,2.817601,1.432818,151.1398
726.9178: 2.42865,2.623425,1.418873,173.4892
727.14: 2.540803,2.379566,1.419258,191.7687
727.3622: 2.605927,2.112331,1.40357,199.6853
727.5845: 2.64002,1.839654,1.422972,212.338
727.8067: 2.654658,1.551642,1.396165,234.6872
728.0289: 2.644635,1.261893,1.436115,246.6508
728.2511: 2.626486,0.9248762,1.385136,222.1874
728.4733: 2.618183,0.5938877,1.434647,195.1671
728.6956: 2.594261,0.2741721,1.390022,192.9535
728.9178: 2.543429,-0.04236624,1.419685,206.7607
729.14: 2.460858,-0.341056,1.3936,223.9664
729.3622: 2.352353,-0.6005511,1.411221,253.5274
729.5845: 2.252207,-0.8295732,1.418315,279.754
729.8067: 2.148606,-1.058156,1.405075,293.2042
730.0289: 1.993773,-1.306139,1.406922,259.2066
730.2511: 1.877188,-1.544992,1.393535,208.5721
730.4733: 1.824025,-1.758825,1.4205,174.2822
730.6956: 1.858817,-1.874909,1.396868,100.2178
730.9178: 1.835379,-2.057128,1.423217,89.51166
731.14: 1.795046,-2.294984,1.416986,113.6484
731.3622: 1.694806,-2.547221,1.410288,176.7746
731.5845: 1.587402,-2.692869,1.424732,252.0121
731.8067: 1.561553,-2.856731,1.38737,287.3325
732.0289: 1.533499,-2.960456,1.403295,297.9562
732.2511: 1.561048,-2.892766,1.396055,322.8552
732.4733: 1.695287,-2.6724,1.382196,344.291
732.6956: 1.794671,-2.408566,1.396793,348.1914
732.9178: 1.766057,-2.140434,1.381915,345.4757
733.14: 1.642427,-1.867506,1.3789,333.2237
733.3622: 1.537851,-1.621185,1.409128,315.9821
733.5845: 1.41213,-1.385974,1.388144,299.3646
733.8067: 1.214661,-1.236952,1.436821,289.601
734.0289: 0.9862404,-1.138482,1.401422,301.4719
734.2511: 0.7385594,-1.059929,1.451604,314.4689
734.4733: 0.4921102,-0.9621439,1.406221,339.1806
734.6956: 0.2634184,-0.884155,1.43726,0.7673395
734.9178: 0.04833397,-0.8368949,1.434478,1.813645
735.14: -0.2638896,-0.8521519,1.40578,311.1761
735.3622: -0.5456146,-0.8915355,1.43325,261.2503
735.5845: -0.8221323,-0.8624356,1.410325,250.5219
735.8067: -1.121361,-0.8236114,1.450964,256.0709
736.0289: -1.409309,-0.8519108,1.445096,251.2353
736.2511: -1.686321,-0.9293831,1.431494,236.4696
736.4733: -1.973079,-0.9948663,1.45801,233.987
736.6956: -2.26545,-1.084706,1.433601,229.1195
736.9178: -2.487315,-1.226242,1.481083,225.2282
737.14: -2.656818,-1.408825,1.43412,229.305
Trial Result: Fail at object: Plant | Time Spent: 22.56641
Trial No.:20 Ends
