Participant ID: 445
Maze Mode: testing
Trial No.:16 Begins
User confirmed on object: Wheelbarrow, this maze officially starts.
70.75333: 0.4095804,-0.1496012,1.621896,271.0507
70.97556: 0.3863523,-0.161347,1.627513,271.8057
71.19778: 0.4174647,-0.1499365,1.626454,270.8715
71.42: 0.4841145,-0.1159565,1.6207,276.6421
71.64223: 0.5525705,-0.08208077,1.615437,280.7411
71.86445: 0.6033441,-0.06451258,1.620776,280.6805
72.08667: 0.636605,-0.05718273,1.620964,284.0911
72.30889: 0.6410317,-0.06620341,1.629526,288.0041
72.53111: 0.6335629,-0.09320542,1.631721,290.8547
72.75333: 0.6464899,-0.1338004,1.622753,296.9117
72.97556: 0.6652251,-0.1802657,1.6198,294.0059
73.19778: 0.676589,-0.1900619,1.616064,301.2395
73.42: 0.6761574,-0.1596313,1.607388,319.2221
73.64223: 0.6614951,-0.1095202,1.597613,336.0426
73.86445: 0.6276211,-0.04261077,1.595977,348.4067
74.08667: 0.5998156,0.007873598,1.598858,2.351995
74.30889: 0.577011,0.03937435,1.60152,26.29232
74.53111: 0.5277213,0.06097702,1.600555,51.13354
74.75333: 0.4631144,0.06449831,1.596421,72.38932
74.97556: 0.4212851,0.04814706,1.602067,85.83103
75.19778: 0.3949559,0.005048674,1.605785,98.01496
75.42: 0.3753434,-0.0424889,1.605918,105.719
75.64223: 0.3644707,-0.06842395,1.605787,110.6785
75.86445: 0.3488687,-0.07594809,1.598126,121.2183
76.08667: 0.3367668,-0.05395773,1.596314,135.5314
76.30889: 0.3215073,-0.01372918,1.58672,150.8182
76.53111: 0.3076284,0.01979433,1.580857,163.4753
76.75333: 0.2973409,0.04625081,1.57513,172.3767
76.97556: 0.2821853,0.04870303,1.571416,178.2523
77.19778: 0.2430828,0.03606655,1.578794,178.9005
77.42: 0.1741502,0.000130632,1.58607,179.3594
77.64223: 0.1095762,-0.03966136,1.594227,172.8233
77.86445: 0.07536148,-0.07693864,1.601807,164.3187
78.08667: 0.0682954,-0.1160918,1.596563,156.7354
78.30889: 0.07795142,-0.1731499,1.589999,151.1267
78.53111: 0.09596404,-0.2598977,1.590034,144.2981
78.75333: 0.1097797,-0.3230437,1.590179,137.7533
78.97556: 0.1050996,-0.3709503,1.595345,131.3573
79.19778: 0.07931234,-0.4198657,1.605622,123.4701
79.42: 0.04941921,-0.4808736,1.615773,117.146
79.64223: 0.02966425,-0.530373,1.615752,109.3152
79.86445: 0.01286089,-0.5720019,1.6073,103.2781
80.08667: 0.02053682,-0.6117629,1.602171,96.08744
80.30889: 0.05672617,-0.6690527,1.59605,90.85374
80.53111: 0.1187172,-0.7489949,1.591737,86.73497
80.75333: 0.1877941,-0.8433557,1.596249,83.14708
80.97556: 0.2444582,-0.9198877,1.609415,84.21124
81.19778: 0.3052473,-1.009041,1.61439,96.16345
81.42: 0.3657655,-1.081834,1.629119,99.03457
81.64223: 0.4222798,-1.119385,1.626967,95.94353
81.86445: 0.493888,-1.136152,1.619344,96.72573
82.08667: 0.5954432,-1.134075,1.602584,100.2444
82.30889: 0.7457796,-1.115827,1.601434,104.077
82.53111: 0.8907888,-1.105913,1.604107,104.2685
82.75333: 1.026198,-1.097048,1.588675,94.86869
82.97556: 1.179325,-1.091408,1.578937,80.46772
83.19778: 1.352753,-1.100026,1.60312,67.05985
83.42: 1.501317,-1.10333,1.598776,59.6164
83.64223: 1.640726,-1.094844,1.579589,54.62619
83.86445: 1.796871,-1.068342,1.576053,48.21297
84.08667: 1.93054,-1.047746,1.574728,41.33089
84.30889: 2.042395,-1.022099,1.569609,34.59619
84.53111: 2.167679,-0.9882525,1.571709,25.46299
84.75333: 2.310119,-0.9474066,1.591604,15.17018
84.97556: 2.417333,-0.9090305,1.587666,7.173898
85.19778: 2.498848,-0.8457325,1.567415,359.2789
85.42: 2.57737,-0.7422829,1.553901,355.6213
85.64223: 2.677645,-0.595335,1.55074,349.8665
85.86445: 2.757176,-0.4693966,1.551292,347.1141
86.08667: 2.79319,-0.3570167,1.550866,343.7742
86.30889: 2.820372,-0.2173723,1.548173,338.3826
86.53111: 2.829256,-0.06072293,1.576627,330.3233
86.75333: 2.814034,0.0728133,1.573132,318.7971
86.97556: 2.776515,0.2135656,1.551186,310.4575
87.19778: 2.722518,0.3599204,1.556504,303.2367
87.42: 2.692338,0.4821126,1.556439,297.8303
87.64223: 2.676208,0.5990317,1.548077,291.4682
87.86445: 2.667791,0.718289,1.562086,282.4365
88.08667: 2.673175,0.8022127,1.567067,270.4141
88.30889: 2.675978,0.8631651,1.56511,269.7732
88.53111: 2.710089,0.9527304,1.568196,306.8861
88.75333: 2.748096,1.017498,1.56675,334.8677
88.97556: 2.748304,1.081374,1.562239,343.0977
89.19778: 2.713314,1.175616,1.563051,347.0638
89.42: 2.667281,1.299062,1.569259,351.6256
89.64223: 2.65223,1.422143,1.561754,355.6567
89.86445: 2.657353,1.562089,1.538585,352.4006
90.08667: 2.671587,1.743285,1.545844,340.3029
90.30889: 2.692264,1.921748,1.565124,329.5862
90.53111: 2.690023,2.085593,1.552703,320.0498
90.75333: 2.663304,2.25242,1.52464,311.7728
90.97556: 2.618914,2.431665,1.535899,303.2751
91.19778: 2.569216,2.561771,1.539124,292.7586
91.42001: 2.516731,2.685378,1.522165,277.8549
91.64223: 2.445852,2.833055,1.533588,261.7901
91.86445: 2.363605,2.955811,1.541383,248.4421
92.08667: 2.262591,3.052594,1.531903,249.3828
92.30889: 2.107686,3.129086,1.524092,255.4289
92.53111: 1.924989,3.179835,1.541692,259.3135
92.75333: 1.75369,3.207612,1.535601,261.8088
92.97556: 1.547239,3.217856,1.516106,260.5347
93.19778: 1.34373,3.221665,1.549878,257.9195
93.42001: 1.163857,3.219375,1.549515,255.1913
93.64223: 0.9603473,3.209506,1.546036,260.9964
93.86445: 0.7638673,3.204159,1.561496,264.8705
94.08667: 0.5724443,3.208588,1.541523,267.5807
94.30889: 0.349667,3.22596,1.541461,267.4478
94.53111: 0.1412004,3.234969,1.563458,261.6643
94.75333: -0.04709068,3.232213,1.54936,256.6743
94.97556: -0.2509416,3.213899,1.541338,255.7551
95.19778: -0.4292566,3.211152,1.560004,255.4944
95.42001: -0.5739282,3.215939,1.543874,255.33
95.64223: -0.7266967,3.235309,1.545911,252.765
95.86445: -0.890781,3.254124,1.565597,250.068
96.08667: -1.049262,3.269861,1.567609,252.3131
96.30889: -1.201691,3.255771,1.551858,250.7064
96.53111: -1.3614,3.190134,1.562459,226.6604
96.75333: -1.472165,3.125085,1.569375,203.1333
96.97556: -1.580022,3.030674,1.561252,184.585
97.19778: -1.709162,2.909509,1.570802,169.3207
97.42001: -1.805314,2.794169,1.583083,156.9355
97.64223: -1.877639,2.687006,1.577504,153.269
97.86445: -1.944386,2.542675,1.566306,160.4112
98.08667: -2.008991,2.383206,1.577118,164.9881
98.30889: -2.059687,2.249068,1.579488,174.991
98.53111: -2.073993,2.108672,1.565376,181.9727
98.75333: -2.087996,1.931254,1.580268,195.7584
98.97556: -2.098775,1.778417,1.59341,205.8055
99.19778: -2.140722,1.646687,1.58575,218.6493
99.42001: -2.196792,1.505831,1.581114,237.5143
99.64223: -2.241976,1.356068,1.59598,237.404
99.86445: -2.274633,1.212864,1.597222,208.549
100.0867: -2.345421,1.091712,1.590463,189.4434
100.3089: -2.459181,0.9644287,1.602195,176.9993
100.5311: -2.547865,0.8568394,1.613808,167.2549
Trial Result: Fail at object:  | Time Spent: 30
Trial No.:16 Ends
Trial No.:17 Begins
User confirmed on object: Harp, this maze officially starts.
133.1756: 1.686944,-1.344188,1.53643,356.2249
133.3978: 1.688895,-1.330808,1.543821,355.1641
133.62: 1.687,-1.335786,1.551975,356.7184
133.8422: 1.692546,-1.360236,1.559949,10.79752
134.0645: 1.688281,-1.388142,1.563055,20.10629
134.2867: 1.682366,-1.403258,1.560503,26.38965
134.5089: 1.685848,-1.412085,1.558456,37.92516
134.7311: 1.705707,-1.414916,1.54849,49.38889
134.9533: 1.747946,-1.398396,1.543178,56.49951
135.1756: 1.808553,-1.350163,1.545402,49.60847
135.3978: 1.884439,-1.300091,1.549004,37.20658
135.62: 1.962717,-1.273624,1.561065,29.80404
135.8422: 2.019978,-1.266647,1.560123,29.70986
136.0645: 2.054942,-1.255071,1.561329,45.63851
136.2867: 2.079613,-1.247631,1.552777,85.80537
136.5089: 2.063841,-1.198873,1.552089,117.0346
136.7311: 2.041928,-1.145423,1.547404,133.6496
136.9533: 2.007301,-1.124197,1.540401,151.129
137.1756: 1.99174,-1.113443,1.535189,158.7737
137.3978: 2.005609,-1.105007,1.537719,155.5133
137.62: 2.054037,-1.086908,1.537357,134.1213
137.8422: 2.119283,-1.061888,1.5326,104.0976
138.0645: 2.19392,-1.043365,1.532149,70.72868
138.2867: 2.267998,-1.042896,1.548249,38.5665
138.5089: 2.324708,-1.059905,1.556709,20.26423
138.7311: 2.359345,-1.079789,1.554755,11.93276
138.9533: 2.385375,-1.084761,1.546123,4.482417
139.1756: 2.430146,-1.037403,1.53274,1.238588
139.3978: 2.481553,-0.9458731,1.51373,358.1573
139.62: 2.556469,-0.7840458,1.520802,354.8238
139.8422: 2.621539,-0.6333762,1.534602,350.0834
140.0645: 2.685682,-0.4683802,1.517732,346.6752
140.2867: 2.749004,-0.2690109,1.535273,338.3913
140.5089: 2.778265,-0.09155279,1.545502,329.8806
140.7311: 2.779574,0.09368125,1.522766,332.0551
140.9533: 2.760244,0.3053685,1.528709,342.1031
141.1756: 2.742355,0.4956642,1.546314,347.5605
141.3978: 2.732141,0.6795385,1.520453,351.4798
141.62: 2.720042,0.8952931,1.538228,352.3662
141.8422: 2.708429,1.082265,1.551261,353.11
142.0645: 2.698737,1.258322,1.522971,353.0707
142.2867: 2.68225,1.448718,1.525561,352.4346
142.5089: 2.691199,1.614968,1.535787,350.6289
142.7311: 2.70508,1.776103,1.517678,344.4082
142.9533: 2.714211,1.969003,1.530632,326.2507
143.1756: 2.725909,2.155657,1.54398,314.2409
143.3978: 2.696847,2.31817,1.528071,304.2888
143.62: 2.628243,2.485303,1.505879,293.2035
143.8422: 2.544148,2.642854,1.522581,280.9332
144.0645: 2.452656,2.777622,1.515804,269.5577
144.2867: 2.3376,2.907283,1.512042,252.0417
144.5089: 2.188706,3.043051,1.540454,248.5871
144.7311: 2.019071,3.135998,1.522787,249.7598
144.9533: 1.811668,3.186047,1.517732,248.6851
145.1756: 1.611081,3.223923,1.536094,247.6647
145.3978: 1.410174,3.255088,1.509734,247.4839
145.62: 1.179728,3.287353,1.522142,247.3752
145.8422: 0.9710967,3.293901,1.543371,246.0102
146.0645: 0.7758743,3.286569,1.514457,243.9243
146.2867: 0.5777506,3.258417,1.518516,233.9947
146.5089: 0.4030508,3.228382,1.525955,213.1893
146.7311: 0.2431615,3.208356,1.507765,192.4127
146.9533: 0.05805749,3.205226,1.523129,174.0809
147.1756: -0.1334226,3.207032,1.533272,178.1948
147.3978: -0.3718277,3.213088,1.517897,221.0394
147.62: -0.5876817,3.179469,1.519566,236.5251
147.8422: -0.7735208,3.147044,1.533878,242.572
148.0645: -0.9515977,3.129619,1.508897,251.9826
148.2867: -1.146944,3.10422,1.521125,257.7827
148.5089: -1.326093,3.070763,1.536961,260.5408
148.7311: -1.504118,3.033493,1.512254,262.5322
148.9533: -1.692421,2.991424,1.523542,264.1171
149.1756: -1.876319,2.976164,1.520412,266.1782
149.3978: -2.04577,2.977297,1.497629,265.7013
149.62: -2.209895,2.984194,1.520112,264.5468
149.8422: -2.326612,2.989261,1.523042,263.7213
150.0645: -2.423264,2.982474,1.520978,263.2216
150.2867: -2.500814,2.968956,1.523454,265.6476
150.5089: -2.554568,2.961673,1.517026,267.66
150.7311: -2.590801,2.964958,1.515322,267.5758
150.9533: -2.60508,2.981509,1.522688,265.879
151.1756: -2.608554,3.000935,1.525815,263.7147
151.3978: -2.59543,3.013147,1.520732,262.2196
151.62: -2.581398,3.018659,1.518649,263.524
151.8422: -2.561325,3.021554,1.525482,266.9706
Trial Result: Success object: Stove | Time Spent: 19.10109
Trial No.:17 Ends
Trial No.:18 Begins
User confirmed on object: Harp, this maze officially starts.
189.02: 1.708384,-1.262416,1.564919,354.979
189.2422: 1.723943,-1.261335,1.573651,355.1846
189.4644: 1.739681,-1.266792,1.581543,358.1989
189.6867: 1.749726,-1.263333,1.577814,359.291
189.9089: 1.776188,-1.251867,1.567242,13.37652
190.1311: 1.801372,-1.243764,1.559674,29.62463
190.3533: 1.812446,-1.232265,1.553369,41.52166
190.5756: 1.819922,-1.207998,1.54577,44.23413
190.7978: 1.84811,-1.19225,1.542083,40.14351
191.02: 1.916157,-1.179099,1.543444,34.26339
191.2422: 2.019032,-1.162617,1.54762,28.60879
191.4644: 2.110458,-1.154272,1.557739,24.3799
191.6867: 2.16128,-1.155841,1.555683,23.71194
191.9089: 2.199829,-1.160254,1.556046,41.89443
192.1311: 2.223733,-1.179919,1.555579,85.68208
192.3533: 2.203458,-1.181462,1.551162,134.6347
192.5756: 2.191055,-1.144368,1.543586,157.6745
192.7978: 2.170467,-1.111453,1.541737,176.8417
193.02: 2.145895,-1.089008,1.534117,187.0165
193.2422: 2.139113,-1.074607,1.53747,186.9202
193.4644: 2.175614,-1.060839,1.542533,164.0036
193.6867: 2.240797,-1.004239,1.548376,120.1072
193.9089: 2.286556,-0.9363382,1.543075,75.70666
194.1311: 2.347842,-0.9018046,1.539115,46.16299
194.3533: 2.440713,-0.8665043,1.554976,16.79613
194.5756: 2.521198,-0.8165153,1.550359,2.688599
194.7978: 2.598649,-0.7127528,1.52796,353.461
195.02: 2.665759,-0.5528713,1.521391,346.1325
195.2422: 2.721746,-0.3887608,1.530901,338.985
195.4644: 2.769354,-0.2213149,1.511727,332.605
195.6867: 2.812646,-0.02101229,1.524014,326.5804
195.9089: 2.817564,0.1739089,1.539708,313.4546
196.1311: 2.786983,0.3410861,1.51847,298.6045
196.3533: 2.732991,0.5180156,1.511728,286.0021
196.5756: 2.698532,0.6702985,1.528412,274.161
196.7978: 2.675853,0.8150703,1.522515,263.8578
197.02: 2.671737,0.9671199,1.544766,257.5188
197.2422: 2.685368,1.098628,1.540888,270.1126
197.4644: 2.694058,1.235459,1.535944,295.0626
197.6867: 2.703508,1.389897,1.53236,324.6417
197.9089: 2.686387,1.566195,1.535812,333.8481
198.1311: 2.679804,1.74216,1.533683,337.2432
198.3533: 2.685892,1.945339,1.507259,335.9761
198.5756: 2.684305,2.170084,1.535057,325.7324
198.7978: 2.642481,2.35615,1.530009,309.0911
199.02: 2.564078,2.533759,1.505579,293.6812
199.2422: 2.46607,2.696059,1.509261,276.7697
199.4644: 2.364334,2.834578,1.509255,264.7789
199.6867: 2.241652,2.967964,1.506122,254.1494
199.9089: 2.087209,3.082848,1.5278,252.6152
200.1311: 1.91263,3.146983,1.507233,250.4719
200.3533: 1.709869,3.172063,1.512941,248.5031
200.5756: 1.524198,3.192229,1.52124,246.4769
200.7978: 1.326417,3.205478,1.499293,247.6546
201.02: 1.08999,3.218387,1.521752,251.1993
201.2422: 0.8788759,3.193254,1.529239,247.8323
201.4644: 0.6900757,3.125773,1.499914,228.5026
201.6867: 0.514269,3.041382,1.51609,203.7248
201.9089: 0.3518901,2.983053,1.519022,189.7798
202.1311: 0.1915114,2.942909,1.505081,177.5345
202.3533: -0.001715221,2.921952,1.525542,183.8541
202.5756: -0.2138774,2.929558,1.520979,226.6672
202.7978: -0.4111428,2.916052,1.504267,246.4847
203.02: -0.6146184,2.867186,1.518457,247.4485
203.2422: -0.7981322,2.839737,1.521137,245.9685
203.4644: -0.9940276,2.828486,1.496929,245.7824
203.6867: -1.202393,2.80915,1.508361,233.7123
203.9089: -1.33094,2.762302,1.518157,205.0991
204.1311: -1.452811,2.716993,1.50371,188.7839
204.3533: -1.586414,2.657738,1.503083,174.1517
204.5756: -1.701389,2.603484,1.515413,164.0992
204.7978: -1.829672,2.520321,1.513376,167.6825
205.02: -1.958326,2.432766,1.523204,181.1814
205.2422: -2.028645,2.33419,1.519803,184.2303
205.4644: -2.057241,2.202362,1.501048,185.4998
205.6867: -2.067058,2.033712,1.505961,186.6889
205.9089: -2.095315,1.901211,1.50679,190.9735
206.1311: -2.146947,1.750904,1.498376,190.5762
206.3533: -2.238292,1.557173,1.499536,186.8546
206.5756: -2.340975,1.370893,1.520611,181.6607
206.7978: -2.423572,1.216527,1.516344,176.7953
207.02: -2.495604,1.057937,1.506175,173.0238
207.2422: -2.552197,0.907421,1.524659,166.4654
207.4644: -2.596834,0.7720761,1.521269,158.1193
207.6867: -2.648702,0.6506683,1.521997,145.5995
207.9089: -2.699646,0.5432166,1.534159,133.9861
208.1311: -2.719067,0.4551227,1.532289,125.6918
208.3533: -2.714289,0.3723031,1.521209,118.5396
208.5756: -2.696516,0.2955546,1.524179,112.6182
Trial Result: Success object: Telescope | Time Spent: 19.92381
Trial No.:18 Ends
Trial No.:19 Begins
User confirmed on object: Well, this maze officially starts.
229.8422: 1.753825,-1.959763,1.572976,91.98663
230.0645: 1.755839,-1.96543,1.576427,90.56816
230.2867: 1.717463,-1.986927,1.582947,91.21048
230.5089: 1.649734,-2.028967,1.584555,96.73771
230.7311: 1.585278,-2.071695,1.580858,99.83105
230.9533: 1.546774,-2.103724,1.572089,98.6853
231.1756: 1.53538,-2.120504,1.565245,99.18527
231.3978: 1.527823,-2.153151,1.561931,119.1114
231.62: 1.532349,-2.167331,1.554435,142.8624
231.8422: 1.53991,-2.152499,1.54808,166.4439
232.0645: 1.553651,-2.109426,1.547368,194.1431
232.2867: 1.57773,-2.05803,1.537083,220.1713
232.5089: 1.592165,-2.039276,1.534388,234.0647
232.7311: 1.593102,-2.054073,1.528984,244.6551
232.9533: 1.603935,-2.128654,1.534493,237.9575
233.1756: 1.645588,-2.219626,1.545332,228.2999
233.3978: 1.683282,-2.325617,1.526794,224.0814
233.62: 1.702112,-2.438927,1.516546,233.0496
233.8422: 1.714761,-2.537078,1.521959,247.0461
234.0645: 1.722636,-2.55673,1.535084,261.217
234.2867: 1.737913,-2.503839,1.548249,281.9439
234.5089: 1.766711,-2.406004,1.552708,310.7564
234.7311: 1.780274,-2.339299,1.557835,316.2907
234.9533: 1.75828,-2.391426,1.548507,295.1796
235.1756: 1.713387,-2.535244,1.536071,273.2982
235.3978: 1.658339,-2.673008,1.540829,267.7202
235.62: 1.624046,-2.754839,1.538394,270.2854
235.8422: 1.60136,-2.777606,1.544333,273.9945
236.0645: 1.602974,-2.74886,1.5471,278.4413
236.2867: 1.64103,-2.628026,1.561832,294.0191
236.5089: 1.704732,-2.434941,1.553146,326.5831
236.7311: 1.752626,-2.247941,1.542315,337.5485
236.9533: 1.778831,-2.099748,1.54317,344.8162
237.1756: 1.770474,-1.952895,1.532868,352.0614
237.3978: 1.736317,-1.781023,1.534308,358.3487
237.62: 1.683444,-1.645776,1.546541,350.1769
237.8422: 1.609774,-1.533713,1.537355,316.1349
238.0645: 1.561419,-1.410839,1.533202,290.8326
238.2867: 1.518483,-1.281508,1.546131,275.1515
238.5089: 1.443377,-1.165275,1.54767,280.8713
238.7311: 1.318119,-1.093612,1.530925,285.53
238.9533: 1.139482,-1.056327,1.535061,288.052
239.1756: 0.9814248,-1.032274,1.539061,287.6502
239.3978: 0.8155159,-1.023551,1.523987,275.7264
239.62: 0.6158342,-0.9945105,1.525073,274.8857
239.8422: 0.4627899,-0.951261,1.537348,292.6558
240.0645: 0.3565296,-0.8979435,1.542706,325.6845
240.2867: 0.2432383,-0.8725916,1.553168,344.4323
240.5089: 0.1518327,-0.8462351,1.545171,353.2775
240.7311: 0.09884694,-0.7797015,1.538049,359.1283
240.9533: 0.06866682,-0.6593273,1.521321,357.8376
241.1756: 0.0499111,-0.4711531,1.526801,0.9689611
241.3978: 0.05181234,-0.296357,1.522731,8.672373
241.62: 0.04375121,-0.1168851,1.51939,10.44897
241.8422: 0.02511702,0.08535124,1.527152,8.923893
242.0645: 0.02470759,0.2573727,1.536026,8.589076
242.2867: 0.0354927,0.4246464,1.512128,5.992474
242.5089: 0.05667846,0.6362669,1.5299,359.2681
242.7311: 0.06707606,0.8221543,1.540531,357.4464
242.9533: 0.0561315,0.9965551,1.51465,359.2135
243.1756: 0.02448609,1.207981,1.511192,2.872691
243.3978: 0.004329566,1.412958,1.524716,6.229963
243.62: -0.002645986,1.600787,1.497141,10.06141
243.8422: -0.0008119838,1.823052,1.506235,16.14565
244.0645: 0.001716375,2.016679,1.517006,26.29771
244.2867: 0.003339596,2.197795,1.494009,37.62453
244.5089: -0.008321641,2.393032,1.504306,56.03445
244.7311: 0.02569245,2.552893,1.511288,75.09327
244.9533: 0.08204696,2.68388,1.496479,88.18747
245.1756: 0.1526668,2.822639,1.508507,95.61742
245.3978: 0.2184384,2.946483,1.521112,98.79533
245.62: 0.2752364,3.047248,1.530171,106.3446
245.8422: 0.2886164,3.087404,1.53546,143.6307
246.0645: 0.1773796,3.130558,1.533558,207.6967
246.2867: 0.07878327,3.193342,1.540063,227.9021
246.5089: -0.04935236,3.257588,1.530105,237.165
246.7311: -0.2019511,3.303844,1.526395,244.7315
246.9533: -0.341801,3.29972,1.528914,248.9108
247.1756: -0.4917184,3.252006,1.510769,251.5062
247.3978: -0.6551934,3.180019,1.517967,253.5626
247.62: -0.802505,3.144761,1.522249,263.8701
247.8422: -0.9577671,3.108679,1.50473,267.6768
248.0645: -1.149871,3.075362,1.515845,264.3595
248.2867: -1.298241,3.02281,1.529194,245.8636
248.5089: -1.376549,2.949324,1.521483,210.6548
248.7311: -1.455654,2.86894,1.511468,184.4143
248.9533: -1.56165,2.779379,1.504199,173.1831
249.1756: -1.656747,2.685271,1.50337,165.9242
249.3978: -1.751708,2.561486,1.486969,159.2928
249.62: -1.825411,2.449549,1.511456,140.6112
249.8422: -1.89062,2.386209,1.54191,121.8672
250.0645: -1.951468,2.315261,1.544843,112.8315
250.2867: -1.97544,2.235586,1.532619,105.5548
250.5089: -1.993681,2.175009,1.521356,97.59057
250.7311: -2.022217,2.115999,1.521138,90.87096
250.9533: -2.057205,2.048681,1.52941,84.64088
251.1756: -2.083484,1.984837,1.528796,82.10957
Trial Result: Success object: Table | Time Spent: 21.68991
Trial No.:19 Ends
Trial No.:9 Begins
User confirmed on object: Bookshelf, this maze officially starts.
276.0867: 1.87703,1.068102,1.563355,184.1164
276.3089: 1.887603,1.059088,1.565729,186.6527
276.5311: 1.886557,1.091831,1.574996,187.9578
276.7533: 1.875935,1.154893,1.58246,187.9154
276.9756: 1.84885,1.208292,1.582719,193.7565
277.1978: 1.818788,1.247006,1.578331,203.0131
277.42: 1.797242,1.255816,1.570481,208.1309
277.6422: 1.77051,1.247484,1.562951,216.9055
277.8644: 1.738462,1.231794,1.558059,237.0834
278.0867: 1.721323,1.196345,1.547823,252.1606
278.3089: 1.705191,1.14352,1.549776,261.0034
278.5311: 1.682968,1.088863,1.550126,262.4741
278.7533: 1.645627,1.052964,1.547207,259.5202
278.9756: 1.575408,1.042838,1.537957,252.7561
279.1978: 1.466724,1.049906,1.525937,244.5538
279.42: 1.326542,1.082451,1.544052,240.5826
279.6422: 1.209113,1.11078,1.542569,238.1281
279.8644: 1.084598,1.11925,1.535768,241.2031
280.0867: 0.9316601,1.116869,1.518319,258.819
280.3089: 0.779624,1.102218,1.529805,272.8183
280.5311: 0.6581033,1.116913,1.529992,295.2974
280.7533: 0.5409343,1.141766,1.518317,317.9962
280.9756: 0.3873942,1.160626,1.526901,324.712
281.1978: 0.2489617,1.164645,1.531975,323.6725
281.42: 0.09580541,1.13608,1.530126,299.7045
281.6422: -0.07972471,1.101562,1.521198,282.5587
281.8644: -0.2526933,1.080962,1.526163,276.7396
282.0867: -0.4215491,1.085257,1.519122,278.4681
282.3089: -0.6203849,1.106645,1.500451,282.3892
282.5311: -0.8238761,1.139602,1.525176,286.8181
282.7533: -0.9913729,1.150159,1.523015,286.0913
282.9756: -1.163484,1.160611,1.512428,292.8283
283.1978: -1.308834,1.198442,1.529818,306.1658
283.42: -1.415377,1.261456,1.524061,315.2491
283.6422: -1.518917,1.36734,1.514525,319.1766
283.8644: -1.617639,1.506292,1.526713,323.471
284.0867: -1.695623,1.63818,1.527322,320.5608
284.3089: -1.773363,1.795259,1.50982,315.6689
284.5311: -1.865896,1.971544,1.5214,311.3868
284.7533: -1.938191,2.133222,1.528699,306.139
284.9756: -2.010131,2.292877,1.514497,298.4675
285.1978: -2.079569,2.452206,1.536337,289.607
285.42: -2.153332,2.582766,1.530208,285.3954
285.6422: -2.254239,2.691039,1.50693,281.8469
285.8644: -2.357414,2.778571,1.511766,278.6296
286.0867: -2.453559,2.852883,1.518414,275.9593
286.3089: -2.542773,2.919062,1.515144,271.834
286.5311: -2.621336,2.9825,1.528856,265.4294
286.7533: -2.67745,3.033206,1.522997,261.0514
286.9756: -2.707561,3.061374,1.516656,258.2279
287.1978: -2.728726,3.073559,1.516725,257.612
Trial Result: Success object: Stove | Time Spent: 11.34897
Trial No.:9 Ends
Trial No.:10 Begins
User confirmed on object: Bookshelf, this maze officially starts.
311.4533: 1.895881,1.067292,1.532497,193.987
311.6756: 1.88502,1.065662,1.553068,191.7348
311.8978: 1.878188,1.104357,1.579517,194.948
312.12: 1.872387,1.148028,1.585251,197.0224
312.3422: 1.86408,1.183559,1.57869,207.6156
312.5645: 1.875517,1.203117,1.571548,218.7054
312.7867: 1.910493,1.199437,1.565422,223.0712
313.0089: 1.924069,1.19357,1.549529,234.6405
313.2311: 1.929109,1.199427,1.54013,246.029
313.4533: 1.919562,1.203326,1.52856,251.8582
313.6756: 1.883898,1.21569,1.522681,258.7451
313.8978: 1.805292,1.219414,1.519566,261.6678
314.12: 1.686487,1.211275,1.522394,257.9957
314.3422: 1.564265,1.202231,1.539161,248.3642
314.5645: 1.437561,1.192099,1.535034,241.8508
314.7867: 1.27983,1.176213,1.515561,242.1168
315.0089: 1.104365,1.149573,1.524405,246.9077
315.2311: 0.9405503,1.141732,1.527467,248.802
315.4533: 0.7756684,1.139155,1.504489,243.1273
315.6756: 0.6124976,1.136299,1.536042,226.2906
315.8978: 0.4959753,1.110203,1.531647,205.1669
316.12: 0.3814152,1.075267,1.518986,198.1772
316.3422: 0.2545231,1.02137,1.509365,192.7858
316.5645: 0.1221347,0.9727126,1.518554,191.6133
316.7867: -0.03315404,0.955389,1.513038,204.6803
317.0089: -0.2193857,0.9666884,1.497102,229.7307
317.2311: -0.4156363,0.9853564,1.52115,246.3188
317.4533: -0.5822011,0.9882904,1.5297,251.7448
317.6756: -0.7497112,0.9863151,1.509576,255.426
317.8978: -0.9392266,0.9691405,1.516141,261.1748
318.12: -1.108227,0.9720163,1.52193,263.5074
318.3422: -1.289048,0.9850526,1.495873,260.1967
318.5645: -1.496553,0.9985054,1.514467,247.0991
318.7867: -1.675512,0.9936536,1.526817,234.4855
319.0089: -1.844265,0.9672725,1.503183,224.3932
319.2311: -2.03392,0.9066989,1.503564,215.0825
319.4533: -2.197555,0.8443857,1.516124,204.233
319.6756: -2.34971,0.7557315,1.499589,193.0181
319.8978: -2.501808,0.6421659,1.521607,176.7817
320.12: -2.596466,0.5214954,1.522813,158.9117
320.3422: -2.682355,0.3844982,1.500125,149.6249
320.5645: -2.764634,0.2188945,1.509853,144.8737
320.7867: -2.836515,0.04876979,1.499187,141.4993
321.0089: -2.889715,-0.1526092,1.491771,134.9998
321.2311: -2.908171,-0.3390446,1.509168,120.9775
321.4533: -2.894582,-0.5006179,1.497816,105.2235
321.6756: -2.860013,-0.6664273,1.493652,94.39133
321.8978: -2.839872,-0.8237341,1.515794,88.14518
322.12: -2.838772,-0.9997756,1.501725,92.52813
322.3422: -2.862347,-1.241572,1.513799,122.171
322.5645: -2.906719,-1.444126,1.537704,151.325
322.7867: -2.904543,-1.607928,1.526333,152.4655
323.0089: -2.870248,-1.800879,1.519952,151.0282
323.2311: -2.827926,-1.993683,1.535298,140.6452
323.4533: -2.789473,-2.180867,1.517748,127.0756
323.6756: -2.744786,-2.397652,1.520915,118.3195
323.8978: -2.682329,-2.572566,1.544231,107.2095
324.12: -2.600664,-2.70387,1.525434,91.88155
324.3422: -2.488059,-2.836494,1.517138,78.66949
324.5645: -2.379319,-2.963773,1.535398,64.62086
324.7867: -2.268926,-3.081253,1.533603,53.39641
325.0089: -2.142214,-3.192704,1.55374,50.48769
325.2311: -1.994698,-3.271693,1.544957,60.56319
325.4533: -1.824309,-3.300141,1.524142,64.92313
325.6756: -1.642717,-3.288819,1.542211,68.69191
325.8978: -1.485278,-3.276823,1.545693,69.40356
326.12: -1.308085,-3.252522,1.529587,65.14561
326.3422: -1.095901,-3.228457,1.548213,64.14951
326.5645: -0.9275064,-3.168241,1.55205,45.80927
326.7867: -0.800841,-3.090981,1.530698,9.752552
327.0089: -0.6575142,-3.030295,1.538241,354.7357
327.2311: -0.5027445,-2.985024,1.545872,357.3406
327.4533: -0.2857639,-2.965065,1.529283,37.52199
327.6756: -0.06371436,-2.967565,1.543454,65.181
327.8978: 0.1191679,-2.934049,1.546931,71.76012
328.12: 0.2998273,-2.89941,1.530181,74.59034
328.3422: 0.488524,-2.866351,1.535644,73.92477
328.5645: 0.6558291,-2.847773,1.545231,67.30004
328.7867: 0.8396419,-2.849452,1.528013,63.05301
329.0089: 1.039221,-2.859611,1.551487,54.15506
329.2311: 1.196268,-2.849825,1.557902,43.17456
329.4533: 1.326707,-2.801117,1.533322,20.56425
329.6756: 1.46629,-2.733249,1.524878,359.5238
329.8978: 1.593383,-2.677559,1.540011,354.4173
330.12: 1.710272,-2.595472,1.536368,348.4934
330.3422: 1.830654,-2.499093,1.544489,346.4027
330.5645: 1.924149,-2.398355,1.546871,351.1505
330.7867: 1.97705,-2.270189,1.52798,352.8602
331.0089: 1.982902,-2.097254,1.530276,347.0334
331.2311: 1.972826,-1.943864,1.542061,329.3504
331.4533: 1.971609,-1.799475,1.534608,319.7325
331.6756: 1.983175,-1.630472,1.524997,308.2541
331.8978: 1.990472,-1.487082,1.545813,289.2245
332.12: 1.998631,-1.360736,1.538296,279.1751
332.3422: 2.021102,-1.213291,1.524064,291.8807
332.5645: 2.117937,-1.048928,1.544318,349.7131
332.7867: 2.201303,-0.9565579,1.541035,10.4486
333.0089: 2.284154,-0.856714,1.526846,9.163402
333.2311: 2.410197,-0.7339469,1.538698,11.78321
333.4533: 2.509181,-0.6168857,1.551729,15.5255
333.6756: 2.567287,-0.4907656,1.538477,5.944285
333.8978: 2.609188,-0.3345682,1.527101,350.4331
334.12: 2.657253,-0.1717173,1.53602,342.4291
334.3422: 2.71135,-0.01370198,1.525001,340.0484
334.5645: 2.776157,0.164956,1.524269,338.5515
334.7867: 2.844665,0.3377224,1.549269,341.9893
335.0089: 2.877103,0.4894739,1.549142,344.8309
335.2311: 2.874581,0.6392992,1.533179,344.082
335.4533: 2.863929,0.6921932,1.527712,341.6444
335.6756: 2.757582,1.015746,1.527667,285.9132
335.8978: 2.739021,1.172895,1.519612,279.7175
336.12: 2.720799,1.305924,1.52782,282.2772
336.3422: 2.686883,1.378487,1.513812,280.1225
336.5645: 2.641582,1.420616,1.511766,275.0871
336.7867: 2.595212,1.440437,1.519713,264.6713
337.0089: 2.564701,1.453115,1.520189,249.7454
337.2311: 2.552178,1.495189,1.535166,238.288
337.4533: 2.549709,1.639084,1.537232,269.3213
337.6756: 2.585326,1.835963,1.524723,305.6809
337.8978: 2.617212,2.024157,1.525162,317.5455
338.12: 2.597317,2.202862,1.523813,318.6537
338.3422: 2.522549,2.383363,1.504457,310.9561
338.5645: 2.441661,2.558271,1.514443,296.6941
338.7867: 2.363753,2.723585,1.502053,276.6796
339.0089: 2.293223,2.890891,1.515312,259.3837
339.2311: 2.225024,3.021435,1.530834,249.6456
339.4533: 2.147575,3.127796,1.526354,247.8501
339.6756: 2.038972,3.224707,1.503259,250.3935
339.8978: 1.928503,3.306998,1.511032,251.8159
340.12: 1.815438,3.352305,1.507213,249.8213
340.3422: 1.666878,3.391749,1.501259,250.6637
340.5645: 1.493116,3.4197,1.526738,248.479
340.7867: 1.334943,3.425666,1.527776,243.6467
341.0089: 1.158278,3.411036,1.504575,242.4658
341.2311: 0.9655074,3.369844,1.51899,239.297
Trial Result: Fail at object:  | Time Spent: 30
Trial No.:10 Ends
Trial No.:20 Begins
User confirmed on object: Well, this maze officially starts.
362.6978: 1.825709,-2.042169,1.577449,93.53049
362.92: 1.824724,-2.041019,1.576121,88.98901
363.1422: 1.815141,-2.041973,1.579787,86.21904
363.3644: 1.791207,-2.040674,1.585308,84.57009
363.5867: 1.768097,-2.042107,1.588696,87.32368
363.8089: 1.749975,-2.055036,1.588781,98.00475
364.0311: 1.73172,-2.065749,1.589291,104.1516
364.2534: 1.711209,-2.076656,1.589846,102.5938
364.4756: 1.714306,-2.075449,1.577788,86.47562
364.6978: 1.717472,-2.050723,1.562109,58.54131
364.92: 1.70825,-2.018738,1.548701,29.90689
365.1422: 1.714517,-1.978368,1.545586,8.834512
365.3644: 1.735605,-1.929202,1.542585,355.1402
365.5867: 1.742478,-1.884556,1.535462,339.0017
365.8089: 1.757424,-1.822417,1.538887,322.0737
366.0311: 1.793071,-1.724,1.53547,310.5602
366.2534: 1.845888,-1.597806,1.549255,295.956
366.4756: 1.878292,-1.486639,1.544401,286.2009
366.6978: 1.864287,-1.39917,1.538041,278.7356
366.92: 1.818084,-1.320129,1.529853,274.4821
367.1422: 1.732242,-1.223845,1.528158,279.5012
367.3644: 1.644234,-1.142399,1.534502,283.0374
367.5867: 1.523528,-1.078362,1.536016,284.0445
367.8089: 1.372682,-1.014212,1.53007,284.6057
368.0311: 1.228929,-0.9721732,1.533778,286.0831
368.2534: 1.06482,-0.9641953,1.511307,289.8138
368.4756: 0.8702344,-0.97544,1.514681,296.3683
368.6978: 0.7163398,-0.9534199,1.526458,306.0507
368.92: 0.5808145,-0.8907737,1.503114,316.3215
369.1422: 0.4163654,-0.7895333,1.508308,329.5533
369.3644: 0.2848889,-0.6888593,1.519027,345.4727
369.5867: 0.1931933,-0.5571724,1.518891,359.1965
369.8089: 0.0740317,-0.3888005,1.523996,6.034946
370.0311: 0.01397658,-0.2237886,1.531004,14.45765
370.2534: -0.001286058,-0.04852836,1.498989,21.51435
370.4756: 0.02662343,0.1650007,1.513848,31.76681
370.6978: 0.06750234,0.3334659,1.520217,42.0184
370.92: 0.128583,0.487166,1.503926,54.16715
371.1422: 0.2033558,0.6520658,1.511394,72.51749
371.3644: 0.2834204,0.752981,1.522613,86.07467
371.5867: 0.3780393,0.8187758,1.506786,92.34801
371.8089: 0.5224215,0.8822826,1.498943,97.37931
372.0311: 0.6994309,0.9422609,1.518307,98.65538
372.2534: 0.8648694,0.9868916,1.517911,93.52489
372.4756: 1.062765,1.029688,1.505995,85.98132
372.6978: 1.265995,1.06266,1.521951,85.51218
372.92: 1.455117,1.071497,1.518487,83.85258
373.1422: 1.674492,1.078689,1.508969,72.28474
373.3644: 1.890499,1.110985,1.528055,53.9835
373.5867: 2.069936,1.172713,1.510279,36.13171
373.8089: 2.232181,1.270657,1.506171,21.73617
374.0311: 2.371489,1.378365,1.523851,5.687685
374.2534: 2.497222,1.507885,1.50527,356.6736
374.4756: 2.633584,1.665991,1.515381,349.6551
374.6978: 2.716414,1.836842,1.526798,338.9679
374.92: 2.743707,2.003553,1.499694,328.9451
375.1422: 2.734481,2.195832,1.505493,319.4719
375.3644: 2.708066,2.363077,1.512448,307.1953
375.5867: 2.656367,2.529757,1.495275,293.1477
375.8089: 2.597609,2.706375,1.509614,277.268
376.0311: 2.533341,2.833982,1.517455,264.1588
376.2534: 2.466289,2.920653,1.509094,254.3833
376.4756: 2.393074,2.977618,1.502142,243.2289
376.6978: 2.328093,3.01373,1.519727,229.2555
376.92: 2.246769,3.038799,1.521121,215.3853
377.1422: 2.142007,3.064232,1.529573,203.8009
Trial Result: Success object: Piano | Time Spent: 14.80338
Trial No.:20 Ends
Trial No.:12 Begins
User confirmed on object: Trashcan, this maze officially starts.
417.9644: 2.674187,1.104519,1.770676,95.96461
418.1867: 2.673441,1.112876,1.770729,95.72926
418.4089: 2.646302,1.100245,1.782903,102.4193
418.6311: 2.608725,1.054589,1.789423,122.2985
418.8533: 2.573073,1.020784,1.795219,127.0738
419.0756: 2.547845,0.9878561,1.787189,129.4175
419.2978: 2.534422,0.9603593,1.778669,142.7891
419.52: 2.536293,0.9485822,1.768637,161.8076
419.7422: 2.548511,0.9428238,1.756774,180.2955
419.9644: 2.560353,0.9404171,1.751675,198.3376
420.1867: 2.544712,0.9380422,1.749808,219.2112
420.4089: 2.505615,0.9325037,1.744957,239.4275
420.6311: 2.479974,0.9338224,1.743732,255.3224
420.8533: 2.494045,0.9296758,1.751849,275.1187
421.0756: 2.519268,0.9048982,1.753016,295.7365
421.2978: 2.547314,0.8811231,1.74362,314.983
421.52: 2.573662,0.8808614,1.742139,328.86
421.7422: 2.585137,0.9402753,1.740642,336.9961
421.9644: 2.594358,1.040224,1.731258,339.801
422.1867: 2.605659,1.200706,1.741105,338.315
422.4089: 2.624027,1.362265,1.749843,340.3869
422.6311: 2.630418,1.535512,1.734229,342.7332
422.8533: 2.609775,1.744981,1.732623,341.2414
423.0756: 2.597166,1.950916,1.745815,336.4394
423.2978: 2.646232,2.143772,1.605202,327.1652
423.52: 2.632055,2.351687,1.619126,312.1621
423.7422: 2.578765,2.522679,1.629446,292.8348
423.9644: 2.49381,2.670258,1.601546,274.619
424.1867: 2.357515,2.836634,1.51552,260.0543
424.4089: 2.241954,2.954353,1.521053,254.2206
424.6311: 2.090051,3.059381,1.510213,252.1086
424.8533: 1.916818,3.155555,1.537181,251.3592
425.0756: 1.74347,3.213444,1.528546,247.4363
425.2978: 1.536456,3.237692,1.521564,247.1918
425.52: 1.330177,3.257091,1.542559,247.2115
425.7422: 1.1215,3.279009,1.511308,247.5173
425.9644: 0.8967257,3.289016,1.525717,241.2559
426.1867: 0.7055422,3.259741,1.534068,225.1824
426.4089: 0.5237218,3.219113,1.506909,208.1259
426.6311: 0.3325853,3.166267,1.513371,194.3222
426.8533: 0.152342,3.138534,1.521117,185.5698
427.0756: -0.06578486,3.135302,1.499186,192.0119
427.2978: -0.3205541,3.145659,1.5275,209.3746
427.52: -0.5326831,3.153362,1.527299,227.1983
427.7422: -0.7331296,3.128274,1.502569,232.4795
427.9644: -0.9361925,3.096156,1.524702,232.5291
428.1867: -1.124066,3.064807,1.507906,223.2173
428.4089: -1.314749,3.031078,1.508836,206.5316
428.6311: -1.470779,2.983502,1.521296,189.3974
428.8533: -1.588848,2.916034,1.504894,175.1408
429.0756: -1.695014,2.811301,1.503015,165.7007
429.2978: -1.775506,2.719431,1.518083,155.6393
429.52: -1.840767,2.610748,1.515107,144.3177
429.7422: -1.891175,2.496957,1.521223,131.5011
429.9644: -1.905649,2.399378,1.523445,121.3376
430.1867: -1.885991,2.304947,1.510911,112.8805
430.4089: -1.843399,2.210184,1.518109,106.1391
430.6311: -1.826193,2.136133,1.522097,101.4829
Trial Result: Success object: Table | Time Spent: 12.88336
Trial No.:12 Ends
Trial No.:15 Begins
User confirmed on object: Wheelbarrow, this maze officially starts.
450.4644: 0.1734411,-0.09378049,1.538374,275.7658
450.6867: 0.1630923,-0.1161276,1.562284,275.5237
450.9089: 0.1797957,-0.1304048,1.580299,284.2856
451.1311: 0.1847106,-0.1382803,1.580995,292.5716
451.3533: 0.1709172,-0.1408754,1.573775,297.1949
451.5756: 0.154894,-0.125296,1.557787,316.0485
451.7978: 0.1488525,-0.1142518,1.544512,336.6715
452.02: 0.1469187,-0.09311172,1.53418,351.7512
452.2422: 0.1541311,-0.06040932,1.525688,5.569782
452.4644: 0.1655797,0.002330673,1.521769,16.51596
452.6867: 0.1538421,0.1159513,1.518418,16.57922
452.9089: 0.1358827,0.2391651,1.527972,9.211185
453.1311: 0.09088035,0.342435,1.525176,347.497
453.3533: 0.01367993,0.4410634,1.51359,319.9997
453.5756: -0.05857457,0.5192481,1.526297,295.7023
453.7978: -0.1041889,0.584204,1.523493,281.4241
454.02: -0.1427214,0.6620269,1.51805,271.2046
454.2422: -0.1869978,0.7737128,1.526383,267.4064
454.4644: -0.2363396,0.8932812,1.540489,271.3903
454.6867: -0.29476,0.969169,1.537818,276.4818
454.9089: -0.3877743,1.00418,1.523874,277.7391
455.1311: -0.5332478,1.014969,1.514466,280.7361
455.3533: -0.695743,1.018145,1.529476,283.1927
455.5756: -0.8462268,1.027507,1.524413,287.5511
455.7978: -1.008708,1.045782,1.507101,294.5401
456.02: -1.181108,1.087036,1.52329,312.2222
456.2422: -1.311878,1.118872,1.526457,328.7149
456.4644: -1.450398,1.153692,1.512662,349.5527
456.6867: -1.591392,1.192059,1.51772,4.259518
456.9089: -1.671234,1.241287,1.52218,14.28208
457.1311: -1.73214,1.325037,1.511703,8.722692
457.3533: -1.793614,1.47221,1.509647,353.8544
457.5756: -1.840534,1.622103,1.535797,334.2785
457.7978: -1.864854,1.770177,1.532293,326.401
458.02: -1.899876,1.943287,1.510309,319.1237
458.2422: -1.939548,2.116595,1.521991,320.2804
458.4644: -1.89216,2.274877,1.517117,9.41631
458.6867: -1.835237,2.391418,1.503583,51.97737
458.9089: -1.79419,2.546252,1.512685,69.39499
459.1311: -1.74969,2.66836,1.524913,84.45541
459.3533: -1.679414,2.79637,1.512801,93.22358
459.5756: -1.59563,2.929191,1.519655,99.2649
459.7978: -1.5575,2.97377,1.536524,112.0319
460.02: -1.589738,2.920132,1.532424,141.485
460.2422: -1.68559,2.806572,1.517827,160.8412
460.4644: -1.791082,2.666026,1.509079,170.3897
460.6867: -1.84079,2.505076,1.500851,178.4271
460.9089: -1.839462,2.304722,1.504162,183.1748
461.1311: -1.863308,2.113751,1.516841,192.7383
461.3533: -1.904915,1.923926,1.491209,204.2566
461.5756: -1.955444,1.711596,1.507108,207.3524
461.7978: -2.013493,1.503486,1.518111,204.0039
462.02: -2.082549,1.299628,1.503867,202.4226
462.2422: -2.187695,1.114486,1.514887,199.5357
462.4644: -2.308444,0.9607571,1.493611,190.1879
462.6867: -2.451022,0.8110454,1.511602,171.7852
462.9089: -2.569159,0.6816005,1.527675,161.2934
463.1311: -2.66441,0.5628512,1.514258,161.3441
463.3533: -2.751088,0.4137774,1.504832,160.548
463.5756: -2.82865,0.2593741,1.516019,160.1761
463.7978: -2.87669,0.08866811,1.49364,157.6248
464.02: -2.914015,-0.1115924,1.510626,150.5637
464.2422: -2.925536,-0.2944839,1.52682,152.6968
464.4644: -2.947019,-0.4545956,1.520332,188.9246
464.6867: -2.890263,-0.6224255,1.525112,190.7396
464.9089: -2.83359,-0.7756717,1.530259,178.3965
465.1311: -2.775923,-0.918597,1.514204,154.7412
465.3533: -2.705619,-1.049492,1.514723,116.5915
465.5756: -2.674967,-1.143694,1.524099,83.61207
465.7978: -2.658222,-1.248988,1.518786,72.35376
466.02: -2.626239,-1.402142,1.516252,84.02509
466.2422: -2.592267,-1.603552,1.51822,109.6932
466.4644: -2.592497,-1.793828,1.520357,138.0159
466.6867: -2.585804,-1.95856,1.500202,147.7662
466.9089: -2.558359,-2.162124,1.502636,140.3065
467.1311: -2.508948,-2.350029,1.518892,125.3196
467.3533: -2.447835,-2.523706,1.503415,109.6011
467.5756: -2.373288,-2.686102,1.502724,93.63326
467.7978: -2.315531,-2.819557,1.517615,76.74876
468.02: -2.26641,-2.936182,1.516886,59.04339
468.2422: -2.211348,-3.010833,1.527315,44.25997
468.4644: -2.145687,-3.031207,1.518744,33.07854
468.6867: -2.066505,-3.004077,1.507543,25.33976
468.9089: -1.98804,-2.968538,1.516102,19.60963
Trial Result: Success object: Mailbox | Time Spent: 18.77962
Trial No.:15 Ends
Trial No.:14 Begins
User confirmed on object: Telescope, this maze officially starts.
484.62: -2.775699,0.008402735,1.525561,86.41523
484.8422: -2.775157,0.006015584,1.527052,85.83735
485.0645: -2.793306,-0.001969564,1.55497,86.72639
485.2867: -2.820169,-0.01695335,1.563743,90.80435
485.5089: -2.842569,-0.02678698,1.563783,93.37512
485.7311: -2.837898,-0.03597965,1.552856,94.43591
485.9533: -2.831185,-0.06015682,1.546562,108.4553
486.1756: -2.819437,-0.08248954,1.538666,125.0012
486.3978: -2.805165,-0.1032134,1.534334,141.9919
486.62: -2.803812,-0.1348035,1.524691,167.0847
486.8422: -2.790193,-0.1551236,1.519018,178.2612
487.0645: -2.776187,-0.1952037,1.51837,184.4552
487.2867: -2.763802,-0.2711056,1.514009,183.3091
487.5089: -2.730098,-0.3836254,1.516867,162.8209
487.7311: -2.706357,-0.4496621,1.523882,134.3366
487.9533: -2.68981,-0.4669281,1.527557,106.5115
488.1756: -2.694683,-0.4500766,1.528404,84.07278
488.3978: -2.715842,-0.3807597,1.533654,65.56317
488.62: -2.757717,-0.2456257,1.539368,48.06896
488.8422: -2.819696,-0.06612214,1.528637,34.37358
489.0645: -2.848695,0.07236034,1.517411,34.53516
489.2867: -2.818553,0.186415,1.49885,41.05581
489.5089: -2.755831,0.3397247,1.488482,39.71351
489.7311: -2.675043,0.5059749,1.520785,40.52745
489.9533: -2.584335,0.6222444,1.527059,52.77502
490.1756: -2.474793,0.7293332,1.516999,68.24257
490.3978: -2.352017,0.8216478,1.514853,79.3924
490.62: -2.202953,0.8693221,1.497039,88.41358
490.8422: -1.997002,0.8855226,1.49922,90.55562
491.0645: -1.799257,0.8888837,1.531865,86.83268
491.2867: -1.613065,0.8900727,1.517709,78.50818
491.5089: -1.410637,0.8839308,1.510296,79.51867
491.7311: -1.209027,0.8597342,1.530679,79.0081
491.9533: -1.015163,0.8168151,1.51737,75.39178
492.1756: -0.8386698,0.7846091,1.532659,63.59446
492.3978: -0.7068113,0.7928455,1.539713,42.04788
492.62: -0.5530953,0.8014398,1.522442,38.03556
492.8422: -0.3639703,0.7599333,1.534209,92.10242
493.0645: -0.2219022,0.7362068,1.532849,125.2637
493.2867: -0.05179906,0.7416124,1.513203,123.3737
493.5089: 0.1552918,0.7599666,1.527473,103.7015
493.7311: 0.3353436,0.7757962,1.545155,94.75385
493.9533: 0.5141323,0.8078965,1.524092,84.8668
494.1756: 0.7105793,0.8587118,1.522334,77.31858
494.3978: 0.8969617,0.8820773,1.533938,76.73946
494.62: 1.087988,0.884944,1.514328,79.58113
494.8422: 1.312379,0.8791234,1.530307,80.36713
495.0645: 1.508231,0.8825727,1.547658,74.73139
495.2867: 1.689371,0.905804,1.523762,54.10978
495.5089: 1.883768,0.929199,1.520532,38.56098
495.7311: 2.057216,0.9281456,1.536288,27.2511
495.9533: 2.230795,0.9284103,1.521546,15.17988
496.1756: 2.397592,0.9327399,1.538418,1.426648
496.3978: 2.510152,0.9575604,1.538906,353.4615
496.62: 2.590043,0.9996804,1.534745,347.2883
496.8422: 2.666893,1.086801,1.519783,347.2799
497.0645: 2.731184,1.182355,1.520475,346.3958
497.2867: 2.75907,1.279913,1.527918,331.3435
497.5089: 2.755838,1.299372,1.545603,277.5679
497.7311: 2.783526,1.269401,1.553142,235.1562
497.9533: 2.808249,1.208788,1.552566,208.7569
498.1756: 2.821431,1.127219,1.534607,193.3838
498.3978: 2.801517,1.04531,1.530977,182.0567
498.62: 2.732642,0.938535,1.514256,176.1229
498.8422: 2.637506,0.796555,1.535627,174.7924
499.0645: 2.564897,0.6582025,1.543582,175.8041
499.2867: 2.525482,0.5238424,1.528546,178.0991
499.5089: 2.513999,0.3389488,1.518011,182.9489
499.7311: 2.516833,0.14552,1.535075,189.5353
499.9533: 2.528712,-0.03679018,1.52132,191.6295
500.1756: 2.529539,-0.2423641,1.514782,199.281
500.3978: 2.517988,-0.4137548,1.536826,216.7475
500.62: 2.496014,-0.5540477,1.528567,240.8849
500.8422: 2.476103,-0.6829644,1.526981,263.5163
501.0645: 2.436979,-0.7706572,1.525359,276.848
501.2867: 2.368208,-0.8434306,1.518921,281.2635
501.5089: 2.245804,-0.9336315,1.532931,255.9434
501.7311: 2.146801,-1.037631,1.542167,210.2155
501.9533: 2.078804,-1.124383,1.532147,173.7787
502.1756: 1.993575,-1.238064,1.51677,161.3389
502.3978: 1.919267,-1.361929,1.519929,157.7821
502.62: 1.879654,-1.495863,1.51419,155.0563
502.8422: 1.848701,-1.679037,1.491993,152.2093
503.0645: 1.828153,-1.90464,1.511352,146.1725
503.2867: 1.840334,-2.085187,1.514115,138.8185
503.5089: 1.865215,-2.254367,1.490353,132.9504
503.7311: 1.876873,-2.426095,1.511565,139.123
503.9533: 1.823535,-2.567621,1.527219,176.2344
504.1756: 1.732092,-2.673995,1.516991,218.5913
504.3978: 1.628441,-2.770953,1.522346,255.5489
504.62: 1.547316,-2.85003,1.525122,278.6199
504.8422: 1.445442,-2.932803,1.518342,292.6085
505.0645: 1.33168,-3.018768,1.51098,306.9527
505.2867: 1.219352,-3.083826,1.512902,308.6828
505.5089: 1.070459,-3.133354,1.49828,293.4066
505.7311: 0.8744922,-3.141086,1.500124,284.2917
505.9533: 0.6725746,-3.131653,1.522249,282.0529
506.1756: 0.4802544,-3.132314,1.507734,280.4537
506.3978: 0.2681205,-3.147388,1.49554,280.2905
506.62: 0.07004128,-3.145024,1.51758,281.174
506.8422: -0.108507,-3.103152,1.500628,292.0414
507.0645: -0.2935011,-3.017128,1.491565,316.8854
507.2867: -0.4514489,-2.936158,1.505993,333.5482
507.5089: -0.5768668,-2.831506,1.501338,347.9564
507.7311: -0.6830631,-2.718667,1.497854,15.70279
507.9533: -0.7659957,-2.606544,1.515089,30.62023
508.1756: -0.8281547,-2.479795,1.5031,20.20246
508.3978: -0.8567376,-2.309997,1.509172,15.50243
508.62: -0.8714492,-2.112354,1.523625,13.15277
508.8422: -0.8844401,-1.939885,1.515217,9.34794
509.0645: -0.9312165,-1.774815,1.500846,338.3901
509.2867: -0.9600979,-1.625628,1.517441,313.8932
509.5089: -0.9632183,-1.483413,1.520144,302.8892
509.7311: -0.9671125,-1.354064,1.516559,289.543
509.9533: -1.002547,-1.247663,1.514771,270.3096
510.1756: -1.08465,-1.174951,1.501121,255.5368
510.3978: -1.239017,-1.11331,1.503291,250.83
510.62: -1.399348,-1.070201,1.510046,249.7152
510.8422: -1.564577,-1.034676,1.498947,247.9202
511.0645: -1.745764,-0.9798219,1.513072,251.756
511.2867: -1.921181,-0.8963978,1.532732,285.3874
511.5089: -2.064603,-0.8238766,1.507777,318.1439
511.7311: -2.222752,-0.7589146,1.507037,341.5361
511.9533: -2.340455,-0.6856605,1.510445,2.493337
512.1756: -2.433682,-0.5909905,1.495171,16.10564
512.3978: -2.537616,-0.4462284,1.501519,20.18588
512.62: -2.62724,-0.3051982,1.51916,20.39046
512.8422: -2.689688,-0.1357345,1.509069,24.28486
513.0645: -2.74567,0.05344963,1.509403,33.11303
513.2867: -2.757468,0.212393,1.515427,40.11228
513.5089: -2.733873,0.364434,1.495264,43.99189
513.7311: -2.661103,0.529438,1.503054,56.98135
513.9534: -2.589242,0.6537426,1.513821,71.42701
514.1756: -2.506527,0.7652716,1.501692,86.87073
514.3978: -2.422495,0.8944544,1.504568,94.79736
Trial Result: Fail at object:  | Time Spent: 30
Trial No.:14 Ends
Trial No.:3 Begins
User confirmed on object: Piano, this maze officially starts.
536.4978: 1.635966,3.056376,1.573936,174.5671
536.72: 1.650226,3.062337,1.58633,175.8208
536.9423: 1.664663,3.078985,1.590306,179.5813
537.1644: 1.682005,3.080726,1.588477,183.0694
537.3867: 1.687177,3.065905,1.582946,193.7981
537.6089: 1.676096,3.047466,1.571206,213.4171
537.8311: 1.641306,3.042343,1.559052,233.6966
538.0533: 1.581604,3.048768,1.550833,245.7091
538.2756: 1.499125,3.065237,1.547463,252.9651
538.4978: 1.401082,3.07145,1.538652,255.9632
538.72: 1.284762,3.065472,1.530005,258.2838
538.9423: 1.135903,3.033952,1.522588,264.0204
539.1644: 0.9837269,3.004676,1.53993,271.3011
539.3867: 0.846727,3.001759,1.532634,279.0714
539.6089: 0.6829871,3.002255,1.517151,276.9956
539.8311: 0.4863418,2.994401,1.54061,262.353
540.0533: 0.3339818,2.971798,1.542965,239.7033
540.2756: 0.2146597,2.931542,1.525937,203.0504
540.4978: 0.06680967,2.910748,1.517742,182.587
540.72: -0.09138096,2.903696,1.52998,177.0308
540.9423: -0.2895592,2.901881,1.512207,194.5208
541.1644: -0.5398859,2.946318,1.516372,228.8072
541.3867: -0.7338774,2.977541,1.531397,243.0301
541.6089: -0.9096498,2.975117,1.523597,248.1104
541.8311: -1.084258,2.945926,1.51686,254.2886
542.0533: -1.230682,2.90519,1.530821,251.5945
542.2756: -1.351142,2.823781,1.518337,221.9137
542.4978: -1.471577,2.737595,1.512462,191.3629
542.72: -1.594648,2.651267,1.523162,171.392
542.9423: -1.692752,2.539587,1.511928,161.8091
543.1644: -1.782565,2.386497,1.504805,164.452
543.3867: -1.866877,2.238145,1.521161,175.9072
543.6089: -1.937948,2.098538,1.508833,185.5482
543.8311: -2.00416,1.920591,1.503595,190.8843
544.0533: -2.078263,1.722949,1.516917,194.4327
544.2756: -2.141912,1.536605,1.51779,190.9815
544.4978: -2.204461,1.334211,1.502783,187.8488
544.72: -2.281007,1.14167,1.517684,184.8593
544.9423: -2.366077,0.9644188,1.494674,179.083
545.1644: -2.473495,0.7686884,1.503191,171.949
545.3867: -2.560601,0.5813422,1.520316,168.81
545.6089: -2.63157,0.3978591,1.499138,166.899
545.8311: -2.684919,0.1921269,1.504141,169.5916
546.0533: -2.737552,-0.001229962,1.513919,170.4089
546.2756: -2.795039,-0.2054819,1.496677,177.8604
546.4978: -2.838259,-0.4219621,1.525554,176.2185
546.72: -2.84299,-0.622122,1.524764,165.149
546.9423: -2.826231,-0.8261307,1.494467,152.725
547.1644: -2.780614,-1.002135,1.522514,122.8295
547.3867: -2.760662,-1.128648,1.520088,85.91676
547.6089: -2.775838,-1.296638,1.524561,68.09493
547.8311: -2.767175,-1.521876,1.529038,84.77502
548.0533: -2.748429,-1.754874,1.514882,114.2804
548.2756: -2.703919,-1.959574,1.499654,125.3278
548.4978: -2.641017,-2.154468,1.522689,130.2675
548.72: -2.568771,-2.332446,1.500716,127.6974
548.9423: -2.480645,-2.52683,1.500024,111.1592
549.1644: -2.387866,-2.678455,1.51933,90.3442
549.3867: -2.299568,-2.796921,1.503069,75.57378
549.6089: -2.2149,-2.900552,1.500893,60.88279
549.8311: -2.148288,-2.97719,1.520631,46.46899
550.0533: -2.084169,-3.04351,1.521569,29.67977
550.2756: -2.017881,-3.110905,1.523832,17.43695
Trial Result: Success object: Mailbox | Time Spent: 14.02691
Trial No.:3 Ends
Trial No.:11 Begins
User confirmed on object: Trashcan, this maze officially starts.
568.1533: 2.616918,0.9865708,1.58391,90.57724
568.3755: 2.6091,0.9993666,1.587268,89.89224
568.5978: 2.586699,1.007868,1.591404,88.44531
568.82: 2.590268,1.005256,1.583945,90.72869
569.0422: 2.619631,0.9852399,1.569125,105.7243
569.2645: 2.629418,0.914849,1.553037,141.922
569.4867: 2.613076,0.828354,1.536666,173.8539
569.7089: 2.614283,0.7172936,1.522953,186.8795
569.9312: 2.6384,0.5809084,1.530131,191.4317
570.1533: 2.660598,0.432623,1.534243,194.0629
570.3755: 2.689051,0.2589557,1.513198,199.3788
570.5978: 2.712181,0.07009065,1.535085,205.5482
570.82: 2.690201,-0.1001235,1.528573,214.5797
571.0422: 2.629519,-0.2912629,1.508208,222.0703
571.2645: 2.554861,-0.4518485,1.530422,234.2477
571.4867: 2.479953,-0.5786921,1.527114,245.2417
571.7089: 2.399506,-0.7136558,1.522369,254.2721
571.9312: 2.303812,-0.8196474,1.530387,258.8835
572.1533: 2.178266,-0.8751178,1.518608,269.3943
572.3755: 2.017816,-0.8891387,1.515729,299.357
572.5978: 1.871095,-0.9016157,1.531037,321.8156
572.82: 1.689509,-0.9413237,1.53388,306.2357
573.0422: 1.494895,-0.9829199,1.522017,287.4082
573.2645: 1.306421,-0.992732,1.535323,279.7143
573.4867: 1.121395,-0.9655452,1.51891,283.5908
573.7089: 0.9111952,-0.9175107,1.510483,289.3127
573.9312: 0.7075264,-0.8944685,1.538806,275.6821
574.1533: 0.5191759,-0.8889775,1.524259,263.2852
574.3755: 0.3157874,-0.9063306,1.514498,250.126
574.5978: 0.131808,-0.9156559,1.53138,240.9739
574.82: -0.04961891,-0.9238153,1.514638,230.6717
575.0422: -0.2449566,-0.928449,1.524869,216.4695
575.2645: -0.4149127,-0.9428573,1.537644,205.3491
575.4867: -0.57705,-0.9633581,1.511772,198.4557
575.7089: -0.7769843,-0.9899982,1.51389,211.3808
575.9312: -0.9908148,-0.9741932,1.525199,246.0455
576.1533: -1.18716,-0.9582386,1.500487,252.624
576.3755: -1.397058,-0.9391779,1.521978,248.0411
576.5978: -1.577644,-0.9338205,1.531734,241.4043
576.82: -1.755802,-0.9393689,1.506806,234.722
577.0422: -1.941251,-0.9641352,1.512141,227.8223
577.2645: -2.105055,-0.9851591,1.516838,212.0044
577.4867: -2.267103,-0.9879851,1.499834,197.0276
577.7089: -2.426178,-0.967187,1.516237,195.8449
577.9312: -2.563617,-0.9121332,1.528992,240.0264
578.1533: -2.630427,-0.8396702,1.531843,308.6292
578.3755: -2.653224,-0.8251034,1.531829,358.8544
578.5978: -2.683732,-0.8252946,1.529188,17.71919
578.82: -2.703386,-0.8237213,1.524282,23.70022
579.0422: -2.704443,-0.8092393,1.522184,26.777
579.2645: -2.68362,-0.7575611,1.51405,27.47329
579.4867: -2.643815,-0.6728031,1.508627,27.88271
Trial Result: Success object: Telescope | Time Spent: 11.60528
Trial No.:11 Ends
Trial No.:21 Begins
User confirmed on object: Mailbox, this maze officially starts.
593.6089: -1.703267,-3.157389,1.564689,351.9803
593.8311: -1.726992,-3.150334,1.56201,352.8543
594.0533: -1.742964,-3.141321,1.552798,357.9362
594.2756: -1.732482,-3.121069,1.548216,13.62005
594.4978: -1.695179,-3.117598,1.539139,35.45128
594.72: -1.647788,-3.140394,1.53238,50.23223
594.9423: -1.593082,-3.17902,1.530641,64.81758
595.1644: -1.537243,-3.203822,1.52031,77.49928
595.3867: -1.463256,-3.170496,1.512211,80.09903
595.6089: -1.373598,-3.074404,1.509839,71.6298
595.8311: -1.283531,-2.974394,1.519225,65.02101
596.0533: -1.186657,-2.880968,1.511068,56.65625
596.2756: -1.088895,-2.754572,1.510979,30.29705
596.4978: -0.997478,-2.632247,1.528091,10.94723
596.72: -0.9365515,-2.486779,1.517086,357.3182
596.9423: -0.8903876,-2.311563,1.504625,2.384697
597.1644: -0.8469415,-2.131305,1.525856,12.27361
597.3867: -0.8012891,-1.944471,1.508514,18.3962
597.6089: -0.7431629,-1.740516,1.506897,25.95365
597.8311: -0.6738199,-1.562773,1.524801,37.6596
598.0533: -0.5991957,-1.404566,1.511764,51.01469
598.2756: -0.5256774,-1.240086,1.516742,61.96422
598.4978: -0.4443927,-1.122467,1.52536,71.23057
598.72: -0.3575332,-1.007201,1.512129,61.37206
598.9423: -0.2549817,-0.8781172,1.51913,33.16156
599.1644: -0.1670692,-0.7523972,1.530826,16.97759
599.3867: -0.09845056,-0.5964739,1.511343,7.6472
599.6089: -0.06739563,-0.4084573,1.518918,349.7658
599.8311: -0.0521442,-0.2600538,1.527225,324.1857
600.0533: -0.01467281,-0.09093017,1.509395,319.9873
600.2756: 0.02964913,0.1138424,1.52707,320.8759
600.4978: 0.04367169,0.2950167,1.535066,313.8773
600.72: 0.03936336,0.4815681,1.509953,310.8946
600.9423: 0.03520973,0.7057129,1.520111,328.9916
601.1644: 0.0427576,0.918779,1.529245,344.6839
601.3867: 0.0564953,1.117629,1.508304,354.3781
601.6089: 0.07668095,1.33418,1.528638,3.812815
601.8311: 0.07528545,1.538787,1.528514,5.070781
602.0533: 0.05597151,1.749575,1.500986,5.135003
602.2756: 0.05160349,1.955176,1.523893,13.50958
602.4978: 0.07403293,2.139981,1.509748,25.88848
602.72: 0.1164156,2.346535,1.504009,42.57223
602.9423: 0.146668,2.519953,1.523687,66.99129
603.1644: 0.1660094,2.660943,1.519742,86.87624
603.3867: 0.1788582,2.819533,1.52076,99.85463
603.6089: 0.192066,2.961309,1.541265,102.6023
603.8311: 0.1771393,3.037131,1.532519,104.501
604.0533: 0.1308421,3.058629,1.529489,118.9659
604.2756: -0.03739806,3.073061,1.515328,166.3312
604.4978: -0.2353184,3.166708,1.513963,209.8332
604.72: -0.3492493,3.24488,1.529758,224.7182
604.9423: -0.4532552,3.272363,1.532613,237.0523
605.1644: -0.5805837,3.256169,1.525343,250.9284
605.3867: -0.7215177,3.230144,1.533006,254.9438
605.6089: -0.8807126,3.222515,1.522607,259.1933
605.8311: -1.059632,3.226451,1.501772,257.2255
606.0533: -1.234657,3.195311,1.52948,229.7277
606.2756: -1.361856,3.146625,1.529734,202.2596
606.4978: -1.489666,3.081695,1.506814,184.2216
606.72: -1.630935,2.998534,1.509071,173.9066
606.9423: -1.756582,2.915161,1.509626,163.8144
607.1644: -1.902773,2.814933,1.505004,163.4225
607.3867: -2.021,2.714957,1.526846,166.7441
607.6089: -2.090334,2.627962,1.526825,172.6445
607.8311: -2.125594,2.517136,1.515892,177.4167
608.0533: -2.132044,2.356936,1.507893,182.6908
608.2756: -2.120538,2.189105,1.516707,186.1455
608.4978: -2.124683,2.023492,1.505165,196.7694
608.72: -2.138988,1.833865,1.49969,205.3617
608.9423: -2.15654,1.659169,1.519179,205.4681
609.1644: -2.193276,1.504854,1.514228,190.2785
609.3867: -2.267853,1.333194,1.508034,182.4488
609.6089: -2.368402,1.175336,1.516666,177.608
609.8311: -2.484469,1.033579,1.501288,172.7058
610.0533: -2.615541,0.9041438,1.515418,166.8504
610.2756: -2.691554,0.8164485,1.535351,158.6384
610.4978: -2.671488,0.8007119,1.54176,133.0456
610.72: -2.580931,0.8470434,1.528659,100.6166
610.9423: -2.454661,0.9196073,1.521283,89.41281
611.1644: -2.338773,0.9741454,1.504798,86.31081
611.3867: -2.214355,0.9851408,1.506122,86.4832
611.6089: -2.042604,0.9742454,1.488077,88.11564
611.8311: -1.826433,0.9553535,1.520065,89.02763
612.0533: -1.613381,0.9403732,1.526244,87.38857
612.2756: -1.391253,0.9415467,1.503212,87.70164
612.4978: -1.164835,0.9504964,1.52945,91.70632
612.72: -0.9524164,0.9455414,1.510983,95.62991
612.9423: -0.7244557,0.933305,1.507007,98.07886
613.1644: -0.5064095,0.9368401,1.530878,94.78835
613.3867: -0.2950113,0.9583244,1.51065,91.56835
613.6089: -0.07149909,0.9919649,1.513518,94.28481
613.8311: 0.15024,1.008023,1.522505,95.87621
614.0533: 0.3923494,1.015261,1.501845,98.44653
614.2756: 0.6363425,1.022027,1.532073,95.85353
614.4978: 0.8577852,1.030081,1.528427,92.71782
614.72: 1.088882,1.045802,1.51038,92.15478
614.9423: 1.298758,1.053014,1.533388,90.62615
615.1644: 1.485242,1.047049,1.516409,87.33758
615.3867: 1.694186,1.028572,1.532245,84.35777
615.6089: 1.878449,1.019016,1.547729,83.85503
615.8311: 2.048205,1.02184,1.524805,85.33884
616.0533: 2.218325,1.039432,1.531575,86.78867
616.2756: 2.364738,1.041013,1.537916,87.93381
616.4978: 2.498334,1.043301,1.524647,88.44743
616.72: 2.637452,1.038739,1.543567,87.40626
Trial Result: Success object: Trashcan | Time Spent: 23.34511
Trial No.:21 Ends
Trial No.:4 Begins
User confirmed on object: Piano, this maze officially starts.
639.7645: 1.738289,3.060306,1.5744,176.0943
639.9867: 1.744415,3.045248,1.581315,178.3217
640.2089: 1.726389,3.069308,1.584337,185.1987
640.4312: 1.693284,3.096533,1.589282,197.4724
640.6533: 1.668297,3.130057,1.591229,204.104
640.8755: 1.644712,3.149324,1.589392,209.1456
641.0978: 1.588526,3.150237,1.575995,226.2577
641.32: 1.52509,3.162587,1.559054,243.542
641.5422: 1.451516,3.169014,1.544525,250.8234
641.7645: 1.33634,3.150382,1.530338,253.8172
641.9867: 1.176315,3.116833,1.540793,255.2945
642.2089: 1.010539,3.111111,1.54241,255.6436
642.4312: 0.838842,3.115948,1.523955,250.3323
642.6533: 0.6509205,3.105633,1.52906,227.0152
642.8755: 0.4915086,3.081938,1.54326,203.7157
643.0978: 0.3285132,3.040504,1.520031,190.4977
643.32: 0.1696492,2.983184,1.518102,180.0313
643.5422: -0.008878132,2.956541,1.535472,193.1441
643.7645: -0.2181585,2.975112,1.518186,225.8903
643.9867: -0.4256403,3.010605,1.528786,237.4137
644.2089: -0.6110576,3.035362,1.538911,246.9952
644.4312: -0.788013,3.03882,1.525405,255.8198
644.6533: -0.977705,3.010816,1.520553,260.4271
644.8755: -1.138193,2.960499,1.530448,245.2654
645.0978: -1.282673,2.892897,1.510712,212.5365
645.32: -1.441637,2.843533,1.517196,187.681
645.5422: -1.584383,2.789873,1.528078,173.3552
645.7645: -1.691612,2.716577,1.520285,166.6151
645.9867: -1.79334,2.590284,1.503021,168.2552
646.2089: -1.895531,2.440806,1.514731,181.8765
646.4312: -1.95609,2.302109,1.511828,187.0094
646.6533: -1.980062,2.119637,1.49987,175.0556
646.8755: -1.96159,1.927439,1.52295,148.4948
647.0978: -1.916604,1.769251,1.514737,131.1864
647.32: -1.839874,1.605135,1.49591,122.4333
647.5422: -1.745559,1.451918,1.515985,113.0325
647.7645: -1.634436,1.315189,1.503003,106.8218
647.9867: -1.48612,1.17092,1.511303,103.6973
648.2089: -1.338497,1.078046,1.532884,99.72717
648.4312: -1.175582,1.029472,1.511302,95.0232
648.6533: -0.9800001,1.011417,1.511672,95.41284
648.8755: -0.7976279,0.9882046,1.52861,94.74243
649.0978: -0.6041055,0.9663483,1.505207,93.09188
649.32: -0.3731578,0.9478957,1.518791,91.68765
649.5422: -0.1633143,0.940183,1.536816,91.7538
649.7645: 0.04545262,0.9496454,1.509483,92.69241
649.9867: 0.2676217,0.97159,1.520159,92.96384
650.2089: 0.4732881,0.9785715,1.529886,92.4188
650.4312: 0.6878005,0.9839311,1.503243,90.395
650.6533: 0.9209695,0.9843848,1.52406,91.27156
650.8755: 1.113016,0.9819512,1.533411,90.09611
651.0978: 1.306685,0.9801562,1.513912,89.87997
651.32: 1.515261,0.9663062,1.533088,98.68108
651.5422: 1.719323,0.9086566,1.517176,116.7987
651.7645: 1.934523,0.8332808,1.499553,129.0828
651.9867: 2.119072,0.7532423,1.516855,143.1149
652.2089: 2.251767,0.6879427,1.513037,161.7602
652.4312: 2.383592,0.6518033,1.52101,181.194
652.6533: 2.503479,0.6204716,1.532061,191.5871
652.8755: 2.590203,0.5636779,1.525835,191.2488
653.0978: 2.648274,0.4586241,1.517991,191.5435
653.32: 2.696142,0.3256337,1.531507,191.9544
653.5422: 2.724115,0.1848275,1.53003,198.8828
653.7645: 2.753022,0.009444422,1.522327,205.8127
653.9867: 2.750831,-0.1518006,1.533129,214.4387
654.2089: 2.705384,-0.3036894,1.517741,221.6646
654.4312: 2.626712,-0.4642552,1.518723,223.5912
654.6533: 2.549541,-0.6061721,1.542776,219.9987
654.8755: 2.467381,-0.7432339,1.534187,208.9491
655.0978: 2.361501,-0.8957444,1.518875,201.1492
655.32: 2.248106,-1.048745,1.531933,194.9919
655.5422: 2.138493,-1.185281,1.516224,182.728
655.7645: 2.005778,-1.327727,1.515998,171.3123
655.9867: 1.895808,-1.461657,1.530819,164.8757
656.2089: 1.825487,-1.599085,1.514448,161.7524
656.4312: 1.786669,-1.769961,1.493188,156.0573
656.6533: 1.769069,-1.948092,1.508025,146.6625
656.8755: 1.765586,-2.117584,1.498725,136.2638
657.0978: 1.755181,-2.295729,1.493178,129.4459
657.32: 1.753064,-2.461211,1.512741,120.0342
657.5422: 1.757819,-2.585092,1.501546,106.4638
657.7645: 1.742175,-2.704806,1.495511,112.5028
657.9867: 1.653925,-2.855741,1.514403,178.1321
658.2089: 1.552677,-2.910059,1.51594,240.2015
658.4312: 1.479883,-2.972482,1.503026,270.6632
658.6533: 1.37596,-3.048937,1.50659,291.0057
658.8755: 1.278666,-3.110422,1.514405,306.1419
659.0978: 1.178048,-3.152069,1.514091,322.0321
659.32: 1.036849,-3.215596,1.515036,320.3202
659.5422: 0.8768684,-3.28227,1.520461,304.6154
659.7645: 0.7288973,-3.313778,1.510198,292.6845
659.9867: 0.5423861,-3.310215,1.48943,284.9793
660.2089: 0.3438487,-3.281107,1.511425,282.433
660.4312: 0.1804121,-3.254907,1.511203,280.6541
660.6533: 0.007446896,-3.232722,1.496495,281.8151
660.8755: -0.1746151,-3.207374,1.508821,288.7517
661.0978: -0.3006019,-3.135865,1.515794,315.0178
661.32: -0.4128653,-3.05898,1.502589,331.9805
661.5422: -0.5437578,-2.963014,1.50715,341.0908
661.7645: -0.6341236,-2.875483,1.510538,354.0684
661.9867: -0.7203932,-2.767074,1.500972,359.9382
662.2089: -0.8170125,-2.622939,1.508739,3.721
662.4312: -0.8751285,-2.47042,1.519051,8.461299
662.6533: -0.8896213,-2.31325,1.499045,11.52985
662.8755: -0.8707465,-2.097257,1.504548,16.14776
663.0978: -0.8401538,-1.892913,1.519819,23.81343
663.32: -0.8001356,-1.710986,1.504221,29.93213
663.5422: -0.7453634,-1.512787,1.5023,41.96913
663.7645: -0.6589292,-1.365293,1.519415,55.19535
663.9867: -0.5437433,-1.231099,1.499131,62.5765
664.2089: -0.3991609,-1.086757,1.516367,64.52184
664.4312: -0.2890258,-0.9410059,1.534009,56.43003
664.6533: -0.1857226,-0.8223741,1.509461,57.67955
664.8755: -0.07108744,-0.7779813,1.510417,71.03985
665.0978: 0.05536316,-0.7908863,1.500158,76.28536
665.32: 0.2280455,-0.8321526,1.504589,78.22821
665.5422: 0.412763,-0.8711684,1.534803,76.77926
665.7645: 0.5854905,-0.8961169,1.530185,73.16851
665.9867: 0.7677331,-0.9081424,1.506148,69.94547
666.2089: 0.9475752,-0.9164137,1.52504,64.09269
666.4312: 1.111162,-0.931373,1.518284,55.08296
666.6533: 1.279784,-0.951606,1.527259,42.11214
666.8755: 1.419225,-0.9680315,1.540055,30.63389
Trial Result: Success object: Harp | Time Spent: 27.38686
Trial No.:4 Ends
Trial No.:1 Begins
User confirmed on object: Stove, this maze officially starts.
700.6978: -2.732762,3.054061,1.529244,268.1751
700.92: -2.75967,3.062665,1.534948,267.7968
701.1422: -2.758774,3.049559,1.540317,271.3989
701.3644: -2.735617,3.014978,1.54758,281.1626
701.5867: -2.698021,2.97407,1.549088,292.2097
701.8089: -2.666783,2.931324,1.543483,292.8235
702.0311: -2.625593,2.90927,1.545113,288.6566
702.2534: -2.578579,2.92271,1.545666,293.9594
702.4756: -2.52853,2.944422,1.553391,301.8642
702.6978: -2.4778,2.958872,1.552005,306.6574
702.92: -2.445652,2.99929,1.538233,321.6433
703.1422: -2.430018,3.048243,1.529257,349.5042
703.3644: -2.431,3.073072,1.51602,16.91415
703.5867: -2.438979,3.075558,1.494981,46.96752
703.8089: -2.443069,3.065109,1.491131,72.23147
704.0311: -2.438161,3.054648,1.493871,89.27685
704.2534: -2.426803,3.044467,1.492655,103.9232
704.4756: -2.399415,3.035198,1.497208,114.1835
704.6978: -2.334098,3.032578,1.498152,119.5209
704.92: -2.250714,3.015442,1.497836,130.121
705.1422: -2.194063,2.978639,1.50722,151.3104
705.3644: -2.151918,2.964397,1.505244,172.8612
705.5867: -2.087165,2.972408,1.501633,181.6066
705.8089: -1.982476,3.000411,1.508739,182.0432
706.0311: -1.844771,3.038325,1.507103,161.1972
706.2534: -1.711545,3.094389,1.500275,127.2457
706.4756: -1.593828,3.128924,1.488284,104.3133
706.6978: -1.449723,3.117525,1.481951,94.85555
706.92: -1.282004,3.082346,1.510461,91.7105
707.1422: -1.131076,3.056091,1.513273,91.19926
707.3644: -0.9760031,3.027782,1.495718,100.7592
707.5867: -0.7899587,3.010353,1.495457,111.9135
707.8089: -0.6080607,2.985675,1.508301,116.0289
708.0311: -0.4117099,2.968484,1.484737,109.5327
708.2534: -0.2008718,2.945491,1.503334,99.74594
708.4756: -0.01188757,2.933928,1.513173,90.18573
708.6978: 0.1783435,2.935974,1.490073,82.48703
708.92: 0.3890665,2.946081,1.495548,78.79559
709.1422: 0.5750045,2.936483,1.505654,76.52255
709.3644: 0.7581305,2.92124,1.484619,79.58076
709.5867: 0.9668248,2.904661,1.500992,81.6727
709.8089: 1.157362,2.895426,1.514369,84.25027
710.0311: 1.346928,2.885352,1.488944,90.63873
710.2534: 1.566016,2.889697,1.487811,104.1593
710.4756: 1.759581,2.875792,1.496979,112.7563
710.6978: 1.949869,2.835824,1.470245,121.0276
710.92: 2.158476,2.757822,1.480248,134.0841
711.1422: 2.306368,2.685162,1.501765,147.0249
711.3644: 2.439164,2.596991,1.499878,153.2797
711.5867: 2.552709,2.484219,1.507102,167.1448
711.8089: 2.614662,2.357854,1.500575,178.8351
712.0311: 2.640269,2.194218,1.479992,187.8934
712.2534: 2.64759,1.998774,1.509467,197.8916
712.4756: 2.649972,1.831977,1.518669,204.3888
712.6978: 2.665499,1.649502,1.500591,202.9268
712.92: 2.703286,1.439658,1.508271,191.4793
713.1422: 2.725169,1.241862,1.513127,181.9258
713.3644: 2.739159,1.033682,1.48437,178.8096
713.5867: 2.737836,0.7925459,1.49802,179.6331
713.8089: 2.729502,0.5925221,1.506735,181.1862
714.0311: 2.714268,0.3951527,1.485257,185.2213
714.2534: 2.700586,0.1874565,1.497956,192.0668
714.4756: 2.661358,0.006118276,1.499002,200.9211
714.6978: 2.604929,-0.1875012,1.475835,207.3847
714.92: 2.528407,-0.3782585,1.499706,217.4461
715.1422: 2.460344,-0.528491,1.500759,226.5339
715.3644: 2.392335,-0.6907997,1.490645,226.4139
715.5867: 2.337738,-0.8729032,1.506295,205.9442
715.8089: 2.252553,-1.020528,1.506297,194.1544
716.0311: 2.136394,-1.170116,1.489786,187.2867
716.2534: 2.030091,-1.320591,1.514707,166.0326
716.4756: 1.95857,-1.451187,1.515672,150.8399
716.6978: 1.911048,-1.584913,1.494472,139.6167
716.92: 1.879444,-1.699924,1.500348,127.8029
717.1422: 1.853025,-1.786522,1.513163,114.6089
717.3644: 1.829554,-1.877648,1.516222,102.0266
Trial Result: Success object: Well | Time Spent: 16.92556
Trial No.:1 Ends
Trial No.:22 Begins
User confirmed on object: Mailbox, this maze officially starts.
732.7422: -1.933828,-3.010107,1.523885,9.746494
732.9645: -1.926056,-3.006231,1.534621,9.692234
733.1867: -1.910481,-3.034604,1.554899,11.68449
733.4089: -1.885765,-3.055971,1.561245,14.13679
733.6311: -1.858157,-3.077625,1.563686,19.38475
733.8533: -1.854855,-3.080537,1.564037,19.85393
734.0756: -1.818396,-3.097121,1.564827,12.11575
734.2978: -1.804245,-3.082345,1.558067,15.38675
734.52: -1.795571,-3.06449,1.548929,14.70923
734.7422: -1.791724,-3.045539,1.539391,14.70744
734.9645: -1.791777,-3.036472,1.534891,14.32069
735.1867: -1.773317,-3.025118,1.530774,24.04636
735.4089: -1.724179,-3.01767,1.522158,49.42784
735.6311: -1.647416,-3.046406,1.509181,73.75342
735.8533: -1.552416,-3.08282,1.505936,85.37861
736.0756: -1.454461,-3.095361,1.511104,86.69157
736.2978: -1.34601,-3.084153,1.512088,78.05711
736.52: -1.206427,-3.046099,1.49674,65.77314
736.7422: -1.090674,-2.977755,1.51294,37.8478
736.9645: -1.007219,-2.923858,1.516039,10.73869
737.1867: -0.9025467,-2.865113,1.514499,354.4055
737.4089: -0.8055568,-2.794396,1.515097,344.0342
737.6311: -0.7545215,-2.680756,1.506704,337.2479
737.8533: -0.7328545,-2.531996,1.49279,339.6899
738.0756: -0.7401829,-2.360437,1.514067,349.0051
738.2978: -0.7396015,-2.201577,1.507807,359.819
738.52: -0.7395867,-2.017765,1.487617,7.458661
738.7422: -0.7384783,-1.817273,1.5055,15.22448
738.9645: -0.7305374,-1.654919,1.515861,24.52471
739.1867: -0.7093198,-1.488444,1.504784,40.69564
739.4089: -0.6671591,-1.353916,1.514544,56.42766
739.6311: -0.6050471,-1.257764,1.507152,72.01138
739.8533: -0.5145539,-1.165779,1.498865,76.44277
740.0756: -0.401613,-1.06757,1.518941,73.53587
740.2978: -0.3180506,-0.9618233,1.526581,52.24602
740.52: -0.2539499,-0.8446727,1.513631,24.56327
740.7422: -0.1781565,-0.7089723,1.509458,7.693086
740.9645: -0.1104807,-0.5819263,1.511647,352.6182
741.1867: -0.06114008,-0.4580025,1.500353,337.1717
741.4089: 0.007074829,-0.2850096,1.499088,333.2632
741.6311: 0.05779815,-0.1069468,1.52256,330.74
741.8533: 0.05973984,0.06592819,1.509555,324.4181
742.0756: 0.03168953,0.2523517,1.497552,315.7826
742.2978: 0.004206956,0.4235856,1.513616,307.928
742.52: -0.01474216,0.6049411,1.493323,302.0019
742.7422: -0.009866288,0.8233279,1.499027,305.299
742.9645: 0.02181765,1.037026,1.51729,330.015
743.1867: 0.03996274,1.232944,1.497499,342.9418
743.4089: 0.03781029,1.442014,1.50065,349.986
743.6311: 0.0444507,1.636987,1.511984,351.6087
743.8533: 0.05136117,1.839383,1.481737,346.7765
744.0756: 0.05893873,2.048648,1.502053,336.9846
744.2978: 0.04877251,2.237108,1.51279,322.4506
744.52: 0.02203781,2.401607,1.489254,306.0594
744.7422: -0.01806548,2.572275,1.495264,289.0767
744.9645: -0.04747781,2.720288,1.502577,274.6637
745.1867: -0.08406921,2.884168,1.487477,266.4978
745.4089: -0.1240253,3.053522,1.504478,264.5257
745.6311: -0.1751073,3.160551,1.509982,259.8183
745.8533: -0.2548286,3.229522,1.501627,256.5986
746.0756: -0.3828298,3.280087,1.497174,254.9741
746.2978: -0.526747,3.326469,1.50525,256.754
746.52: -0.6715826,3.357497,1.495328,257.8987
746.7422: -0.8582022,3.38851,1.489371,258.9489
746.9645: -1.048668,3.40653,1.510869,257.0823
747.1867: -1.210589,3.387643,1.511537,251.2829
747.4089: -1.352371,3.332216,1.493988,234.3457
747.6311: -1.436839,3.284101,1.502915,200.802
747.8533: -1.495371,3.281663,1.511779,179.8725
748.0756: -1.518936,3.314597,1.511353,149.0509
748.2978: -1.52662,3.36469,1.505437,118.2856
748.52: -1.519731,3.396791,1.503849,103.6879
748.7422: -1.459479,3.412745,1.497225,97.42696
748.9645: -1.33724,3.425541,1.488712,98.21946
749.1867: -1.198521,3.444115,1.489061,99.85804
749.4089: -1.091639,3.440097,1.494318,101.1907
749.6311: -0.9881608,3.418809,1.484163,101.3295
749.8533: -0.8295909,3.381088,1.476788,101.3096
750.0756: -0.6130539,3.331305,1.497069,100.6273
750.2978: -0.436029,3.292806,1.505382,98.7586
750.52: -0.2735997,3.256132,1.492735,96.59204
750.7422: -0.08411871,3.221402,1.490442,96.44743
750.9645: 0.09021974,3.173502,1.509496,96.77242
751.1867: 0.2606064,3.126787,1.481888,96.98389
751.4089: 0.4523403,3.073749,1.501047,95.81377
751.6311: 0.6252903,3.049644,1.506585,92.7449
751.8533: 0.7931302,3.046536,1.481761,87.7185
752.0756: 0.9812617,3.060669,1.477441,88.77467
752.2978: 1.151381,3.067325,1.494434,90.87038
752.52: 1.310254,3.057319,1.480796,97.89775
752.7422: 1.492333,3.0158,1.481133,121.169
752.9645: 1.680385,2.991241,1.500439,128.7515
753.1867: 1.858862,2.958843,1.496174,135.9991
753.4089: 2.063421,2.9171,1.47972,145.9815
753.6311: 2.244853,2.85678,1.504583,152.8033
753.8533: 2.375401,2.783669,1.499791,160.5401
754.0756: 2.475185,2.672988,1.49203,178.125
754.2978: 2.553155,2.558114,1.50925,198.8626
754.52: 2.638528,2.428072,1.50434,201.0647
754.7422: 2.728299,2.267492,1.503713,203.0096
754.9645: 2.785833,2.112824,1.514696,206.7286
755.1867: 2.800915,1.965155,1.507706,209.2619
755.4089: 2.769861,1.802864,1.500967,211.3571
755.6311: 2.719385,1.647069,1.520473,216.7052
755.8533: 2.664854,1.515667,1.517597,225.1957
756.0756: 2.595917,1.373343,1.497616,229.1683
756.2978: 2.520093,1.22692,1.511867,228.0358
756.52: 2.452283,1.129255,1.515201,227.2277
756.7422: 2.371539,1.053528,1.506764,224.4503
Trial Result: Success object: Bookshelf | Time Spent: 24.34175
Trial No.:22 Ends
Trial No.:5 Begins
User confirmed on object: Table, this maze officially starts.
776.3089: -2.018464,2.202493,1.532694,96.8541
776.5311: -2.030828,2.207816,1.543122,100.6933
776.7534: -2.052699,2.205312,1.542716,103.0317
776.9756: -2.07748,2.185607,1.541212,110.8013
777.1978: -2.114351,2.140489,1.539373,127.7907
777.42: -2.16823,2.090713,1.528361,143.6505
777.6422: -2.221579,2.041706,1.513845,163.9896
777.8644: -2.251312,1.992778,1.510757,182.1723
778.0867: -2.245397,1.918605,1.507362,193.4094
778.3089: -2.200731,1.817773,1.509772,192.7674
778.5311: -2.169421,1.714275,1.506898,193.5603
778.7534: -2.164473,1.616777,1.504982,190.8163
778.9756: -2.202748,1.514694,1.493545,186.6936
779.1978: -2.28199,1.370146,1.498538,182.8019
779.42: -2.375882,1.227699,1.511213,178.5057
779.6422: -2.449646,1.111484,1.513354,174.2163
779.8644: -2.501495,0.9930979,1.49953,166.9281
780.0867: -2.523646,0.8729814,1.501443,148.4827
780.3089: -2.527193,0.823457,1.512523,114.142
780.5311: -2.553315,0.802792,1.515395,87.79893
780.7534: -2.583134,0.7753897,1.512169,72.0284
780.9756: -2.544133,0.7481687,1.503806,68.95858
781.1978: -2.44013,0.7592277,1.484423,69.38907
781.42: -2.284885,0.7997954,1.505774,71.95181
781.6422: -2.130781,0.8216977,1.496955,75.19193
781.8644: -1.945799,0.8341992,1.476972,80.15707
782.0867: -1.713419,0.8403231,1.506331,85.56366
782.3089: -1.511431,0.8556204,1.516194,88.38611
782.5311: -1.311535,0.8769249,1.491323,93.14874
782.7534: -1.112482,0.9168242,1.50537,89.94648
782.9756: -0.9401207,0.9552813,1.509964,73.38805
783.1978: -0.7580831,0.9887212,1.494616,55.73093
783.42: -0.5511038,1.017273,1.508924,37.6793
783.6422: -0.3775451,1.054037,1.507458,18.04135
783.8644: -0.1959676,1.091784,1.480649,6.11815
784.0867: 0.01186294,1.119977,1.500986,13.18364
784.3089: 0.2459277,1.103907,1.500362,46.04995
784.5311: 0.4705525,1.047181,1.490412,77.9406
784.7534: 0.6556518,1.018134,1.515965,88.89623
784.9756: 0.8281515,1.005591,1.506955,97.87387
785.1978: 1.017802,1.007863,1.49497,111.151
785.42: 1.1682,1.010514,1.510632,122.6355
785.6422: 1.288875,1.005964,1.505135,131.4119
Trial Result: Success object: Bookshelf | Time Spent: 9.684441
Trial No.:5 Ends
Trial No.:8 Begins
User confirmed on object: Plant, this maze officially starts.
802.9534: -2.616227,-1.987954,1.565114,270.3734
803.1756: -2.609057,-1.959696,1.572865,270.9319
803.3978: -2.593973,-1.918832,1.570059,283.5062
803.62: -2.584587,-1.900169,1.565355,292.5027
803.8422: -2.602322,-1.896274,1.554751,308.522
804.0645: -2.625903,-1.895448,1.54045,340.0303
804.2867: -2.624686,-1.910675,1.528546,4.299763
804.5089: -2.623516,-1.920518,1.520721,23.55636
804.7311: -2.630085,-1.899622,1.516148,24.42885
804.9534: -2.626259,-1.829112,1.506006,22.30837
805.1756: -2.586934,-1.71264,1.494189,32.62556
805.3978: -2.523185,-1.599305,1.511899,48.9802
805.62: -2.453909,-1.501218,1.512682,59.48994
805.8422: -2.370462,-1.393925,1.501212,69.94253
806.0645: -2.279688,-1.267503,1.511974,80.48154
806.2867: -2.184649,-1.187402,1.515659,90.03316
806.5089: -2.064601,-1.132248,1.496357,98.22919
806.7311: -1.882118,-1.085806,1.504977,103.4111
806.9534: -1.712878,-1.050697,1.525983,102.2037
807.1756: -1.537779,-1.017185,1.513154,94.05825
807.3978: -1.346171,-0.9717305,1.511332,83.49182
807.62: -1.162514,-0.9533468,1.520796,77.36098
807.8422: -0.972272,-0.9553977,1.49545,76.3632
808.0645: -0.7524794,-0.9654494,1.51249,69.98646
808.2867: -0.5699625,-0.9447569,1.522465,51.38965
808.5089: -0.3890233,-0.9407793,1.501286,52.45048
808.7311: -0.1906089,-0.9505759,1.508518,65.20675
808.9534: -0.008527389,-0.9767129,1.509586,68.68892
809.1756: 0.1850742,-1.023435,1.493398,69.80228
809.3978: 0.381552,-1.071089,1.523179,67.59901
809.62: 0.5548657,-1.083151,1.516896,61.65234
809.8422: 0.7318432,-1.067789,1.492362,56.46428
810.0645: 0.8964405,-1.0437,1.509015,52.07189
810.2867: 1.047955,-1.019264,1.503908,46.83692
810.5089: 1.206892,-0.9898074,1.498505,37.74397
810.7311: 1.348227,-0.9659827,1.515416,29.19599
Trial Result: Success object: Harp | Time Spent: 8.196371
Trial No.:8 Ends
Trial No.:13 Begins
User confirmed on object: Telescope, this maze officially starts.
825.32: -2.755908,0.06784214,1.559052,99.21212
825.5422: -2.735523,0.0873162,1.569355,102.7458
825.7645: -2.743948,0.08785506,1.573011,129.1296
825.9867: -2.762595,0.1190312,1.571134,137.5001
826.2089: -2.780067,0.1439317,1.559787,142.6321
826.4312: -2.797362,0.1290378,1.541113,148.3836
826.6534: -2.833871,0.1072989,1.537535,160.2753
826.8755: -2.880232,0.07855988,1.533548,178.3503
827.0978: -2.91365,0.06336608,1.522226,194.1684
827.32: -2.913276,0.0342872,1.517427,198.2035
827.5422: -2.882936,-0.03447474,1.520291,191.2445
827.7645: -2.829257,-0.1255163,1.517777,179.1605
827.9867: -2.769756,-0.2075587,1.519552,160.548
828.2089: -2.748798,-0.2639379,1.517406,137.6209
828.4312: -2.770333,-0.2737836,1.511869,107.796
828.6534: -2.817356,-0.2479052,1.513366,68.42862
828.8755: -2.867768,-0.199067,1.512344,38.09171
829.0978: -2.884298,-0.1233181,1.510956,25.4066
829.32: -2.868553,0.007250294,1.507428,28.0504
829.5422: -2.838781,0.1408236,1.513902,34.45203
829.7645: -2.785902,0.2655128,1.507537,38.05149
829.9867: -2.696951,0.4054791,1.488696,41.38578
830.2089: -2.570411,0.5480754,1.506672,50.71838
830.4312: -2.454532,0.6472777,1.52193,68.16155
830.6534: -2.342137,0.7529945,1.50397,79.80435
830.8755: -2.227137,0.8673257,1.509866,87.01014
831.0978: -2.108432,0.9955934,1.514377,67.55579
831.32: -1.995398,1.127176,1.507992,33.61018
831.5422: -1.912449,1.228616,1.520654,4.983963
831.7645: -1.858461,1.324955,1.515045,346.2987
831.9867: -1.816083,1.4649,1.493026,336.2379
832.2089: -1.789957,1.647871,1.500444,329.2723
832.4312: -1.77035,1.815995,1.50718,323.3042
832.6534: -1.750868,2.005673,1.486409,322.5781
832.8755: -1.695692,2.228017,1.505912,342.7248
833.0978: -1.62608,2.416492,1.508771,20.08206
833.32: -1.56824,2.596283,1.482539,47.63499
833.5422: -1.502761,2.744857,1.505059,69.47189
833.7645: -1.416051,2.844722,1.497585,88.17159
833.9867: -1.285176,2.942128,1.489856,99.46236
834.2089: -1.147148,3.022991,1.509341,104.5838
834.4312: -0.9913971,3.089239,1.503152,101.9496
834.6534: -0.7975895,3.152376,1.499382,99.32674
834.8755: -0.6081126,3.187785,1.512351,98.43684
835.0978: -0.425304,3.193594,1.490617,99.29989
835.32: -0.218065,3.175569,1.498238,99.57252
835.5422: -0.02655822,3.160461,1.519074,96.91482
835.7645: 0.1642077,3.158307,1.495614,88.23062
835.9867: 0.3659917,3.157376,1.506645,82.52773
836.2089: 0.5587505,3.12607,1.513198,84.81808
836.4312: 0.7661647,3.078292,1.489747,89.83561
836.6534: 0.9704189,3.032848,1.510354,93.13637
836.8755: 1.171592,3.009199,1.513008,92.03419
837.0978: 1.364583,2.996837,1.484869,95.05807
837.32: 1.574712,2.970704,1.498465,109.3549
837.5422: 1.743021,2.925532,1.492185,121.3667
837.7645: 1.953101,2.859756,1.470906,129.0174
837.9867: 2.148363,2.772738,1.501364,138.3602
838.2089: 2.30543,2.682623,1.497351,144.3907
838.4312: 2.468063,2.58079,1.452712,148.6904
838.6534: 2.585435,2.459005,1.435374,150.9485
838.8755: 2.641442,2.313622,1.43137,162.0168
839.0978: 2.667676,2.129717,1.470127,177.8309
839.32: 2.67773,1.975981,1.508833,190.093
839.5422: 2.679818,1.818137,1.50563,198.673
839.7645: 2.67569,1.633706,1.510418,209.4676
839.9867: 2.671851,1.446836,1.517253,206.1179
840.2089: 2.665385,1.248236,1.495146,195.2297
840.4312: 2.640347,1.031646,1.512248,186.5699
840.6534: 2.625175,0.817081,1.525484,183.0283
840.8755: 2.618797,0.6050901,1.49667,182.0872
841.0978: 2.622805,0.3855696,1.507609,187.1236
841.32: 2.603358,0.1913572,1.508762,193.0922
841.5422: 2.57628,-0.01890923,1.485119,193.7876
841.7645: 2.535985,-0.2245754,1.514551,195.5513
841.9867: 2.478347,-0.389075,1.509206,210.1746
842.2089: 2.421499,-0.5460087,1.488543,231.9201
842.4312: 2.370906,-0.6844025,1.506484,247.7651
842.6534: 2.295348,-0.7856523,1.494028,270.6892
842.8755: 2.18982,-0.9103793,1.488146,281.8817
843.0978: 2.074783,-1.072494,1.511384,261.8879
843.32: 2.026824,-1.246547,1.517469,207.2885
843.5422: 2.007178,-1.377715,1.494973,158.7087
843.7645: 1.942717,-1.503172,1.500502,143.2677
843.9867: 1.887654,-1.63137,1.518461,131.7792
844.2089: 1.841886,-1.744698,1.518097,116.5494
844.4312: 1.807092,-1.858918,1.524618,103.6009
Trial Result: Success object: Well | Time Spent: 19.40161
Trial No.:13 Ends
Trial No.:2 Begins
User confirmed on object: Stove, this maze officially starts.
860.7867: -2.65838,2.988261,1.540964,277.6912
861.0089: -2.677628,2.979262,1.54158,282.6816
861.2311: -2.663343,2.980678,1.53914,284.2507
861.4534: -2.631416,3.010391,1.535172,303.2481
861.6756: -2.572466,3.064886,1.518017,341.3212
861.8978: -2.519861,3.088865,1.506898,10.01877
862.12: -2.498702,3.097791,1.505932,36.81062
862.3422: -2.487018,3.088243,1.504813,65.92289
862.5645: -2.468876,3.065322,1.500715,85.26241
862.7867: -2.41926,3.046757,1.492369,97.49258
863.0089: -2.34982,3.023806,1.494465,111.6122
863.2311: -2.30978,2.997247,1.50279,134.079
863.4534: -2.26867,2.995745,1.506949,152.3075
863.6756: -2.20566,3.02595,1.514286,162.667
863.8978: -2.142339,3.053455,1.510667,167.4813
864.12: -2.102457,3.067073,1.504879,171.2748
864.3422: -2.052809,3.066672,1.502846,157.2001
864.5645: -1.976612,3.057006,1.501715,136.9672
864.7867: -1.888979,3.047205,1.500938,111.8842
865.0089: -1.797535,3.029251,1.495953,99.46494
865.2311: -1.654693,3.018976,1.477892,96.10684
865.4534: -1.472884,3.032041,1.494359,96.6355
865.6756: -1.318717,3.028408,1.502182,96.35223
865.8978: -1.153489,3.009487,1.479861,99.77161
866.12: -0.959085,2.965934,1.484894,106.4918
866.3422: -0.7801703,2.915191,1.495721,116.8836
866.5645: -0.6219721,2.867191,1.487691,126.4589
866.7867: -0.4549958,2.812619,1.478304,138.1072
867.0089: -0.2953761,2.778788,1.50538,129.8595
867.2311: -0.168808,2.778998,1.515231,101.2829
867.4534: -0.08491196,2.720722,1.506268,99.55704
867.6756: -0.05326923,2.573004,1.516504,137.6553
867.8978: -0.08894679,2.461952,1.505399,188.5575
868.12: -0.0873628,2.357373,1.500185,200.2286
868.3422: -0.07723217,2.224553,1.48727,199.0837
868.5645: -0.05764345,2.046052,1.503693,188.4734
868.7867: -0.05337118,1.888378,1.514269,182.7035
869.0089: -0.05951858,1.718373,1.490406,181.4282
869.2311: -0.0838801,1.51967,1.496196,181.6534
869.4534: -0.09993003,1.332891,1.51197,182.2941
869.6756: -0.09928999,1.149087,1.49143,183.4361
869.8978: -0.08217668,0.9526919,1.49372,187.844
870.12: -0.07427508,0.7888049,1.504849,193.4794
870.3422: -0.07142656,0.6432932,1.489149,201.6282
870.5645: -0.08012199,0.4798114,1.507018,210.1142
Trial Result: Success object: Wheelbarrow | Time Spent: 10.18423
Trial No.:2 Ends
Trial No.:24 Begins
User confirmed on object: Chair, this maze officially starts.
889.2534: 0.8239236,-3.164798,1.553966,357.1964
889.4756: 0.8119127,-3.154958,1.549306,2.208598
889.6978: 0.8091763,-3.15413,1.544905,10.1553
889.92: 0.8422691,-3.147624,1.533846,36.31141
890.1423: 0.8786192,-3.162376,1.530321,61.7587
890.3644: 0.9112281,-3.187747,1.530651,78.23539
890.5867: 0.930658,-3.234174,1.527866,98.32823
890.8089: 0.9314048,-3.266042,1.517593,118.2822
891.0311: 0.9333807,-3.274935,1.5119,145.6806
891.2534: 0.9274697,-3.264578,1.513747,178.1819
891.4756: 0.8821483,-3.240775,1.511076,215.9509
891.6978: 0.8218032,-3.204043,1.515437,245.0531
891.92: 0.7371845,-3.190235,1.511046,261.5821
892.1423: 0.6524701,-3.174307,1.514343,275.3531
892.3644: 0.5645415,-3.178727,1.516486,284.1704
892.5867: 0.4388825,-3.207136,1.501568,286.5689
892.8089: 0.2890522,-3.256341,1.511026,286.9525
893.0311: 0.1574523,-3.264061,1.511342,292.9402
893.2534: 0.04521875,-3.223117,1.495974,309.9154
893.4756: -0.09699813,-3.142485,1.483625,317.7746
893.6978: -0.2483166,-3.037513,1.503959,323.7375
893.92: -0.3704604,-2.933816,1.507745,330.7845
894.1423: -0.5016195,-2.81005,1.491379,341.1019
894.3644: -0.6187822,-2.680231,1.510089,350.5763
894.5867: -0.6917551,-2.529696,1.50074,356.5956
894.8089: -0.7305777,-2.352348,1.487592,1.95945
895.0311: -0.7505957,-2.171159,1.516012,6.546801
895.2534: -0.7659213,-2.012533,1.514299,10.92536
895.4756: -0.7644391,-1.839655,1.49053,18.86823
895.6978: -0.7572091,-1.659866,1.504035,28.91134
895.92: -0.7112777,-1.527832,1.509891,44.79281
896.1423: -0.638907,-1.403539,1.499344,55.21489
896.3644: -0.5426233,-1.276315,1.519646,64.16098
896.5867: -0.4614555,-1.178206,1.532493,69.67262
896.8089: -0.3950402,-1.041917,1.518035,47.48739
897.0311: -0.3313891,-0.8857604,1.508234,22.8575
897.2534: -0.2504274,-0.7372822,1.515916,13.21111
897.4756: -0.1804109,-0.5817202,1.507473,3.780447
897.6978: -0.1249996,-0.4121218,1.488234,343.7985
897.92: -0.07279,-0.2480413,1.513609,327.3591
898.1423: -0.03034,-0.093097,1.51046,325.4723
898.3644: -0.01192835,0.08093688,1.48888,325.4134
898.5867: -0.01987822,0.2575631,1.505218,319.3483
898.8089: -0.02795019,0.408675,1.503717,309.32
899.0311: -0.03302196,0.5644894,1.489618,295.9403
899.2534: -0.02082432,0.7339636,1.512945,283.4293
899.4756: -0.01054041,0.9033059,1.521148,289.873
899.6978: 0.02166987,1.108227,1.508261,334.6769
899.92: 0.03264941,1.303535,1.511992,359.7384
900.1423: 0.05306387,1.477576,1.512229,12.91552
900.3644: 0.07874162,1.661594,1.485347,15.20784
900.5867: 0.09568135,1.863873,1.506056,1.642232
900.8089: 0.08746362,2.025115,1.513323,333.8451
901.0311: 0.07645115,2.197672,1.488892,315.7262
901.2534: 0.05718245,2.390595,1.490182,306.9376
901.4756: 0.04729234,2.545139,1.502431,295.2962
901.6978: 0.0444538,2.68725,1.488822,283.0594
901.92: 0.067122,2.842949,1.505912,282.6372
902.1423: 0.1424581,3.002212,1.516494,338.6869
902.3644: 0.2365486,3.069262,1.514989,47.74424
902.5867: 0.247051,3.119592,1.519796,92.49633
902.8089: 0.2432032,3.18751,1.517512,107.777
903.0311: 0.2663893,3.237783,1.514633,109.745
903.2534: 0.3388785,3.275217,1.499007,103.3599
903.4756: 0.4717417,3.302536,1.477033,97.69624
903.6978: 0.6473911,3.313707,1.493854,94.76755
903.92: 0.7964531,3.318442,1.509132,92.98988
904.1423: 0.9562888,3.327811,1.495924,92.05134
904.3644: 1.134309,3.344415,1.501659,98.0207
904.5867: 1.290293,3.327866,1.508471,110.9749
904.8089: 1.407639,3.290955,1.500957,124.7321
905.0311: 1.419606,3.288279,1.502282,140.3575
905.2534: 1.343274,3.328283,1.497349,168.9155
905.4756: 1.237819,3.340407,1.500237,209.2248
905.6978: 1.111979,3.354456,1.505605,232.2979
905.92: 0.9228465,3.349521,1.492891,242.2809
906.1423: 0.7314972,3.344546,1.517591,248.6589
906.3644: 0.5561799,3.324563,1.510619,256.491
906.5867: 0.3626645,3.276562,1.495738,262.1123
906.8089: 0.1677898,3.233279,1.515892,266.6921
907.0311: -0.03456165,3.197704,1.495628,268.329
907.2534: -0.2642471,3.167462,1.49647,266.0638
907.4756: -0.4634966,3.14594,1.515842,261.0001
907.6978: -0.6558767,3.136592,1.493946,257.7431
907.92: -0.8709638,3.127907,1.50196,259.1138
908.1423: -1.066061,3.144489,1.510476,259.9527
908.3644: -1.252187,3.159941,1.490377,251.8258
908.5867: -1.402727,3.145238,1.507132,226.9711
908.8089: -1.509194,3.105652,1.504712,201.7247
909.0311: -1.605121,3.030251,1.491791,182.3517
909.2534: -1.70664,2.926245,1.489069,170.6698
909.4756: -1.798338,2.8269,1.496196,168.637
909.6978: -1.898889,2.705324,1.482767,175.3602
909.92: -1.996271,2.555518,1.504051,178.5292
910.1423: -2.053747,2.411393,1.522111,179.6613
910.3644: -2.079827,2.258054,1.50094,183.6049
910.5867: -2.07809,2.077037,1.500623,186.9131
910.8089: -2.091867,1.913482,1.5144,190.9354
911.0311: -2.140227,1.754541,1.494991,199.1504
911.2534: -2.217274,1.570104,1.494528,195.4879
911.4756: -2.292583,1.393199,1.512816,183.3721
911.6978: -2.383558,1.237916,1.50125,176.5083
911.92: -2.483052,1.07113,1.487006,170.5023
912.1423: -2.588173,0.9140306,1.503876,166.16
912.3644: -2.698686,0.7564524,1.482855,165.9853
912.5867: -2.813944,0.5874991,1.488052,161.7409
912.8089: -2.909163,0.4375339,1.50598,157.7322
913.0311: -2.97349,0.2904822,1.497901,156.2834
913.2534: -3.017777,0.1123959,1.490428,162.4833
913.4756: -3.04839,-0.05709428,1.513896,177.6344
913.6978: -3.041469,-0.2150442,1.504769,180.0398
913.92: -3.01651,-0.3937147,1.49934,178.003
914.1423: -2.982958,-0.5690607,1.522149,171.3075
914.3644: -2.925127,-0.7257668,1.511227,145.9825
914.5867: -2.845792,-0.8705034,1.497786,108.4345
914.8089: -2.797654,-1.008312,1.511118,87.30273
915.0311: -2.766528,-1.167675,1.501934,81.98314
915.2534: -2.742869,-1.374119,1.502281,90.92559
915.4756: -2.736155,-1.597557,1.51094,112.8143
915.6978: -2.702361,-1.781342,1.504317,125.3113
915.92: -2.642667,-1.973314,1.488463,135.9549
916.1423: -2.596522,-2.134791,1.51223,144.3208
916.3644: -2.556844,-2.290702,1.493137,147.5805
916.5867: -2.498859,-2.463271,1.492025,126.0418
916.8089: -2.438161,-2.624619,1.522569,101.9473
917.0311: -2.3705,-2.75249,1.519518,82.8314
917.2534: -2.288236,-2.878422,1.497,74.67297
917.4756: -2.190395,-3.0109,1.513157,74.34124
917.6978: -2.07735,-3.127219,1.505842,74.21291
917.92: -1.943787,-3.227922,1.496733,70.55151
918.1423: -1.814252,-3.315809,1.521242,64.77556
918.3644: -1.691376,-3.357254,1.516705,51.90473
918.5867: -1.551051,-3.372278,1.502224,40.98662
918.8089: -1.377697,-3.36758,1.509944,41.39128
919.0311: -1.202142,-3.377375,1.514486,54.84782
Trial Result: Fail at object:  | Time Spent: 30
Trial No.:24 Ends
Trial No.:23 Begins
User confirmed on object: Chair, this maze officially starts.
936.2645: 1.035501,-3.209326,1.557629,345.7345
936.4867: 1.062941,-3.199009,1.556712,344.54
936.7089: 1.091501,-3.203987,1.556954,349.7472
936.9312: 1.102489,-3.205177,1.558299,353.2819
937.1534: 1.121264,-3.189385,1.557459,7.218472
937.3755: 1.128749,-3.167458,1.546331,16.51737
937.5978: 1.133357,-3.146791,1.537825,24.61026
937.82: 1.134294,-3.130269,1.53115,36.15041
938.0422: 1.137423,-3.10508,1.519959,45.1716
938.2645: 1.169588,-3.085355,1.514008,48.02615
938.4867: 1.230998,-3.046953,1.50782,33.76228
938.7089: 1.318852,-3.01054,1.513664,18.85936
938.9312: 1.401794,-2.968233,1.516779,10.33361
939.1534: 1.482492,-2.891551,1.504132,5.339302
939.3755: 1.573749,-2.76257,1.505755,3.895686
939.5978: 1.673091,-2.629306,1.5201,5.338963
939.82: 1.772482,-2.493,1.499081,8.770061
940.0422: 1.871499,-2.328505,1.50788,9.314714
940.2645: 1.942459,-2.167175,1.517449,6.1722
940.4867: 1.996178,-1.984985,1.48624,5.934243
940.7089: 2.040086,-1.772343,1.49288,10.91754
940.9312: 2.098303,-1.575326,1.505948,13.92302
941.1534: 2.173445,-1.384297,1.483028,11.05999
941.3755: 2.272816,-1.181691,1.514764,6.072963
941.5978: 2.360132,-0.9783885,1.522009,4.22295
941.82: 2.443417,-0.7695267,1.488861,9.004081
942.0422: 2.518947,-0.5652916,1.52122,12.47071
942.2645: 2.58811,-0.3722112,1.503458,9.341624
942.4867: 2.642342,-0.158175,1.502208,354.3982
942.7089: 2.677321,0.04652222,1.521913,339.7986
942.9312: 2.683872,0.2452461,1.494409,323.2814
943.1534: 2.675937,0.4485495,1.503549,308.6254
943.3755: 2.675315,0.6319784,1.509472,292.3381
943.5978: 2.679823,0.8231269,1.490249,276.5758
943.82: 2.682707,1.009121,1.511981,263.477
944.0422: 2.674434,1.200913,1.508142,268.0934
944.2645: 2.65856,1.436631,1.505259,301.5042
944.4867: 2.672092,1.640867,1.517652,331.6391
944.7089: 2.675582,1.827511,1.492734,339.3998
944.9312: 2.686693,2.038888,1.504046,339.864
945.1534: 2.656996,2.231926,1.51575,325.2835
945.3755: 2.583411,2.425281,1.488278,306.3072
945.5978: 2.480623,2.604298,1.495294,287.4854
945.82: 2.391096,2.754254,1.500045,270.7147
946.0422: 2.298372,2.896993,1.49003,253.7601
946.2645: 2.213574,2.995758,1.510273,237.5057
946.4867: 2.147666,3.034251,1.508723,222.1597
946.7089: 2.068325,3.0331,1.50152,211.7734
946.9312: 1.98599,3.014393,1.50693,203.3155
Trial Result: Success object: Piano | Time Spent: 11.03841
Trial No.:23 Ends
Trial No.:6 Begins
User confirmed on object: Table, this maze officially starts.
963.2867: -1.992641,2.045416,1.545275,96.31094
963.5089: -1.980232,2.042393,1.549167,102.2956
963.7311: -1.987498,2.026126,1.549498,120.9373
963.9534: -2.009693,2.013929,1.555376,132.829
964.1756: -2.0287,1.973969,1.541837,150.1074
964.3978: -2.085045,1.932508,1.525594,178.5625
964.62: -2.14615,1.915375,1.512102,207.1571
964.8422: -2.161809,1.881973,1.509482,224.6354
965.0645: -2.136634,1.811772,1.506635,233.0748
965.2867: -2.103205,1.730722,1.508012,250.1951
965.5089: -2.096757,1.664287,1.498005,265.4102
965.7311: -2.137058,1.592077,1.490287,262.4639
965.9534: -2.216093,1.492025,1.479678,231.3753
966.1756: -2.320805,1.3892,1.5115,195.0695
966.3978: -2.422056,1.30621,1.519219,177.2769
966.62: -2.515722,1.204752,1.504494,173.3949
966.8422: -2.59438,1.071032,1.495534,172.6646
967.0645: -2.663511,0.9473708,1.511437,170.1534
967.2867: -2.695199,0.8371687,1.512587,156.7049
967.5089: -2.697025,0.7580386,1.517874,124.9083
967.7311: -2.694356,0.7242103,1.534431,89.244
967.9534: -2.693199,0.7061623,1.527311,73.02542
968.1756: -2.63554,0.7214402,1.520431,57.66398
968.3978: -2.525872,0.7804059,1.512311,44.91087
968.62: -2.392543,0.8518397,1.507293,32.49854
968.8422: -2.225039,0.8883197,1.499782,34.60037
969.0645: -2.001348,0.8836071,1.488434,54.27933
969.2867: -1.784038,0.8860185,1.521254,63.85518
969.5089: -1.582142,0.9077771,1.500301,66.83858
969.7311: -1.364452,0.9374653,1.499701,73.46903
969.9534: -1.158481,0.9471444,1.512168,79.49168
970.1756: -0.9681957,0.952324,1.489044,80.52434
970.3978: -0.7604725,0.9732085,1.513077,68.47627
970.62: -0.5961733,1.039836,1.520664,43.94555
970.8422: -0.4496946,1.125784,1.493919,25.80583
971.0645: -0.3111562,1.235247,1.498286,11.73311
971.2867: -0.2001501,1.343123,1.498805,357.8177
971.5089: -0.07606523,1.489563,1.484122,357.4824
971.7311: 0.03535511,1.646523,1.502266,1.529153
971.9534: 0.0905675,1.806699,1.498566,3.262371
972.1756: 0.1090431,1.992749,1.473123,9.237957
972.3978: 0.1190395,2.180275,1.498369,23.68921
972.62: 0.1358863,2.340064,1.492767,38.50959
972.8422: 0.1704607,2.510807,1.47663,53.40144
973.0645: 0.2120937,2.67232,1.488293,71.41263
973.2867: 0.2498943,2.798061,1.501209,86.3767
973.5089: 0.3058054,2.945185,1.494576,98.96524
973.7311: 0.3829454,3.051371,1.503526,101.4827
973.9534: 0.4955994,3.119994,1.486896,99.02764
974.1756: 0.6778638,3.165128,1.488976,98.45599
974.3978: 0.8496632,3.195799,1.520673,97.2361
974.62: 1.028123,3.217832,1.501773,99.39803
974.8422: 1.234636,3.244462,1.491056,106.6719
975.0645: 1.433888,3.239008,1.503835,118.5957
975.2867: 1.61843,3.19594,1.47998,131.9053
975.5089: 1.832335,3.122181,1.47741,142.7236
975.7311: 2.035968,3.057799,1.490195,144.9388
975.9534: 2.205324,2.949362,1.475671,148.7186
976.1756: 2.369506,2.820399,1.494337,151.4121
976.3978: 2.471844,2.673733,1.503521,157.5255
976.62: 2.514937,2.500416,1.489501,184.786
976.8422: 2.562178,2.329318,1.512206,200.6308
977.0645: 2.614874,2.150671,1.510223,202.0388
977.2867: 2.664703,1.952255,1.499897,203.5069
977.5089: 2.703351,1.742827,1.52138,199.0586
977.7311: 2.713283,1.532448,1.4963,193.4947
977.9534: 2.706182,1.292102,1.506015,189.6355
978.1756: 2.710062,1.059783,1.527073,185.633
978.3978: 2.712252,0.8218672,1.490924,185.152
978.62: 2.709117,0.5729876,1.509425,188.2722
978.8422: 2.679763,0.3365247,1.493501,193.4433
979.0645: 2.632123,0.08750163,1.485636,197.4024
979.2867: 2.586103,-0.1360474,1.513915,203.6859
979.5089: 2.534832,-0.3656945,1.483492,209.952
979.7311: 2.465687,-0.576051,1.506484,222.8643
979.9534: 2.356874,-0.7360411,1.497822,242.7424
980.1756: 2.224732,-0.9002305,1.49313,249.9498
980.3978: 2.126284,-1.101928,1.519551,219.7906
980.62: 2.077042,-1.27979,1.504279,178.4109
980.8422: 2.010437,-1.450557,1.498127,155.974
981.0645: 1.924113,-1.620582,1.511108,153.0828
981.2867: 1.843675,-1.813957,1.487017,155.3219
981.5089: 1.781896,-2.020192,1.507524,151.9043
981.7311: 1.763167,-2.199782,1.50777,137.6102
981.9534: 1.750003,-2.397643,1.481102,144.4603
982.1756: 1.68291,-2.606291,1.500575,189.867
982.3978: 1.588955,-2.771767,1.489936,234.3765
982.62: 1.493174,-2.933992,1.481057,260.899
982.8422: 1.412603,-3.075782,1.506632,281.0758
983.0645: 1.306686,-3.191948,1.503339,293.3549
983.2867: 1.200381,-3.277373,1.504529,315.0615
983.5089: 1.099987,-3.320397,1.501001,335.3291
983.7311: 0.9717073,-3.33094,1.488463,342.712
983.9534: 0.8482694,-3.32865,1.50789,348.3589
984.1756: 0.7604833,-3.333636,1.517849,353.7455
984.3978: 0.6884118,-3.342118,1.522384,359.555
984.62: 0.6274985,-3.351008,1.528459,2.297815
984.8422: 0.5735574,-3.362021,1.530835,356.6081
985.0645: 0.5112432,-3.374951,1.53029,333.9883
985.2867: 0.4572509,-3.39449,1.526936,308.2755
985.5089: 0.4437304,-3.397378,1.522762,299.9978
985.7311: 0.4472735,-3.394106,1.521359,297.436
985.9534: 0.49565,-3.342196,1.525058,332.3219
986.1756: 0.576997,-3.283998,1.527571,1.792835
986.3978: 0.6605982,-3.194605,1.525634,6.492954
Trial Result: Success object: Chair | Time Spent: 23.37733
Trial No.:6 Ends
Trial No.:7 Begins
User confirmed on object: Plant, this maze officially starts.
1000.676: -2.613383,-1.960605,1.557703,267.4421
1000.898: -2.618787,-1.989011,1.571638,271.9008
1001.12: -2.617131,-2.001281,1.566875,274.4702
1001.342: -2.637344,-1.981874,1.554536,283.9107
1001.564: -2.640583,-1.93699,1.544043,301.4787
1001.787: -2.599356,-1.873746,1.540426,337.0552
1002.009: -2.560617,-1.838096,1.535844,355.0143
1002.231: -2.534747,-1.81617,1.533692,7.372531
1002.453: -2.519406,-1.801553,1.53245,12.01139
1002.676: -2.506608,-1.776548,1.528048,24.94965
1002.898: -2.517995,-1.774728,1.515405,52.8097
1003.12: -2.57717,-1.751051,1.516228,61.44551
1003.342: -2.620854,-1.705951,1.507457,60.37318
1003.564: -2.613864,-1.633248,1.489921,62.70058
1003.787: -2.559431,-1.506248,1.471064,66.32097
1004.009: -2.482077,-1.374805,1.497962,73.76622
1004.231: -2.392456,-1.289293,1.512294,82.36259
1004.453: -2.287575,-1.194301,1.50335,91.63264
1004.676: -2.175427,-1.100925,1.515329,99.32559
1004.898: -2.043689,-1.039952,1.506382,104.8283
1005.12: -1.875494,-1.012718,1.492838,108.0413
1005.342: -1.681456,-1.006333,1.522421,113.7876
1005.564: -1.509116,-1.014422,1.522413,125.9876
1005.787: -1.31098,-0.9919733,1.507476,112.1986
1006.009: -1.127448,-0.9650157,1.522808,83.77722
1006.231: -0.944021,-0.9612324,1.500803,61.36043
1006.453: -0.7260733,-0.9824004,1.496756,51.28265
1006.676: -0.5174371,-0.9974897,1.516394,50.16484
1006.898: -0.3071645,-1.006761,1.501382,60.03528
1007.12: -0.1010329,-0.9893837,1.510942,64.73747
1007.342: 0.08487108,-0.9932026,1.520487,70.77461
1007.564: 0.2812238,-1.008436,1.496724,80.66769
1007.787: 0.4879616,-1.032472,1.520587,90.22038
1008.009: 0.6723963,-1.041237,1.522429,99.31166
1008.231: 0.8619047,-1.043692,1.497925,110.9683
1008.453: 1.051172,-1.041521,1.511003,122.6682
1008.676: 1.20476,-1.062479,1.503178,138.0671
1008.898: 1.35286,-1.107595,1.478837,157.7358
1009.12: 1.505946,-1.152563,1.4994,173.9739
1009.342: 1.648456,-1.176945,1.511421,175.6623
1009.564: 1.83687,-1.163056,1.506461,136.5423
1009.787: 2.010114,-1.086227,1.51241,82.80869
1010.009: 2.131611,-1.028985,1.514145,43.95021
1010.231: 2.258551,-0.9865057,1.495067,17.6585
1010.453: 2.410932,-0.9457183,1.504833,359.615
1010.676: 2.544068,-0.8939006,1.514269,3.802953
1010.898: 2.623362,-0.8049293,1.508333,4.631094
1011.12: 2.67837,-0.6589277,1.502623,5.483004
1011.342: 2.726988,-0.4979859,1.517008,9.851462
1011.564: 2.774522,-0.3298693,1.498433,11.28513
1011.787: 2.828872,-0.1397498,1.499498,11.32519
1012.009: 2.86483,0.0268055,1.515496,13.02517
1012.231: 2.875321,0.1813911,1.503138,15.02446
1012.453: 2.860162,0.3490459,1.496567,21.04073
Trial Result: Success object: Trashcan | Time Spent: 12.18325
Trial No.:7 Ends
