Participant ID: 446
Maze Mode: testing
Trial No.:4 Begins
User confirmed on object: Piano, this maze officially starts.
157.8578: 1.735284,3.054897,1.348065,185.5419
158.08: 1.740086,3.057756,1.348059,186.183
158.3022: 1.744849,3.058892,1.348738,184.6247
158.5244: 1.7502,3.062942,1.34898,180.9756
158.7467: 1.748538,3.064456,1.348915,181.6863
158.9689: 1.750432,3.063192,1.347867,181.062
159.1911: 1.756978,3.063219,1.347728,176.3364
159.4133: 1.756019,3.061478,1.347526,176.0685
159.6356: 1.748846,3.05627,1.34691,180.4585
159.8578: 1.738118,3.053005,1.345801,187.9811
160.08: 1.73304,3.055712,1.345203,191.1615
160.3022: 1.730013,3.059147,1.344145,192.9622
160.5244: 1.728404,3.058196,1.341331,193.718
160.7467: 1.731134,3.0502,1.336209,191.0749
160.9689: 1.736734,3.037468,1.330371,186.4078
161.1911: 1.740956,3.029345,1.328259,183.3855
161.4133: 1.740536,3.024754,1.327761,184.5557
161.6356: 1.734617,3.024016,1.325061,188.8572
161.8578: 1.725681,3.025805,1.321986,193.7628
162.08: 1.723338,3.025286,1.320991,195.6938
162.3022: 1.722994,3.024371,1.319363,196.8807
162.5244: 1.725242,3.02422,1.318503,196.6467
162.7467: 1.727736,3.023386,1.317894,195.8006
162.9689: 1.730708,3.021043,1.317753,193.9974
163.1911: 1.7337,3.019664,1.317479,191.1838
163.4133: 1.735602,3.020619,1.317575,189.083
163.6356: 1.736618,3.022934,1.31723,188.2032
163.8578: 1.735735,3.02412,1.316622,188.3194
164.08: 1.734904,3.02548,1.316179,189.1878
164.3022: 1.736292,3.025412,1.316188,188.6777
164.5244: 1.735643,3.025129,1.315428,187.7403
164.7467: 1.736248,3.026322,1.315457,186.4814
164.9689: 1.733769,3.028311,1.314108,185.9518
165.1911: 1.731883,3.033475,1.304383,186.9442
165.4133: 1.732494,3.030883,1.303228,188.266
165.6356: 1.734473,3.02787,1.303593,188.0371
165.8578: 1.739287,3.023527,1.302705,183.6852
166.08: 1.757435,3.00812,1.299991,170.9058
166.3022: 1.785559,2.993545,1.292065,154.657
166.5244: 1.795173,2.996587,1.291988,145.5233
166.7467: 1.788119,3.001005,1.293414,147.3278
166.9689: 1.775402,3.002507,1.293098,154.3715
167.1911: 1.762088,3.008509,1.291227,160.5393
167.4133: 1.751587,3.017199,1.291403,163.4501
167.6356: 1.746619,3.022375,1.292357,165.2042
167.8578: 1.747768,3.02762,1.292561,165.4921
168.08: 1.747773,3.031618,1.293072,166.1512
168.3022: 1.750388,3.037241,1.293405,166.4992
168.5244: 1.751085,3.039221,1.2929,167.6181
168.7467: 1.7485,3.038683,1.292414,169.435
168.9689: 1.746708,3.036236,1.292558,170.5414
169.1911: 1.745831,3.033963,1.291878,170.9264
169.4133: 1.745173,3.032273,1.291672,171.1039
169.6356: 1.742606,3.031902,1.291404,171.2347
169.8578: 1.73918,3.030694,1.291791,171.5807
170.08: 1.735871,3.025157,1.291898,172.0709
170.3022: 1.731672,3.01805,1.291786,172.2542
170.5244: 1.726299,3.00862,1.291806,172.5103
170.7467: 1.720662,3.002117,1.291382,172.501
170.9689: 1.71751,3.001683,1.290683,172.2651
171.1911: 1.712877,2.996965,1.2912,172.9318
171.4133: 1.70367,2.979287,1.283551,174.1645
171.6356: 1.698895,2.95248,1.281077,174.0025
171.8578: 1.708938,2.901412,1.278377,173.7987
172.08: 1.737506,2.810263,1.271346,176.0357
172.3022: 1.767505,2.706396,1.274391,178.0865
172.5244: 1.77457,2.62697,1.288133,180.668
172.7467: 1.769312,2.598623,1.288813,177.4653
172.9689: 1.756965,2.574728,1.296725,175.6868
173.1911: 1.776872,2.59747,1.29872,164.0815
173.4133: 1.828488,2.68813,1.291457,150.2542
173.6356: 1.896512,2.785355,1.285266,144.9726
173.8578: 1.943308,2.858217,1.283481,145.2632
174.08: 1.943625,2.885664,1.286496,155.1563
174.3022: 1.905282,2.88045,1.289303,167.1986
174.5244: 1.85504,2.867979,1.288983,182.2371
174.7467: 1.824128,2.858039,1.288533,188.3621
174.9689: 1.811763,2.848408,1.286599,187.9259
175.1911: 1.81295,2.841348,1.287076,184.2324
175.4133: 1.825922,2.832607,1.287953,178.9195
175.6356: 1.875717,2.816988,1.284821,159.9467
175.8578: 1.971318,2.808952,1.27876,149.2457
176.08: 2.120681,2.81638,1.259053,150.8098
176.3022: 2.254114,2.777242,1.273243,160.251
176.5244: 2.341772,2.694094,1.268613,170.1845
176.7467: 2.391172,2.577637,1.264301,173.1206
176.9689: 2.45145,2.454669,1.288298,176.3187
177.1911: 2.51272,2.323289,1.280788,180.0727
177.4133: 2.560623,2.190193,1.293484,188.5191
177.6356: 2.574415,2.053185,1.289156,193.4365
177.8578: 2.544806,1.882614,1.275045,193.308
178.08: 2.511476,1.696103,1.29979,188.8013
178.3022: 2.505526,1.511286,1.301134,184.455
178.5244: 2.528133,1.319759,1.293081,184.218
178.7467: 2.542601,1.128459,1.310561,184.4042
178.9689: 2.537098,0.9329575,1.286897,183.868
179.1911: 2.51388,0.7361638,1.304294,180.1104
179.4133: 2.540024,0.5319626,1.314058,178.7434
179.6356: 2.590063,0.3299681,1.292705,182.5621
179.8578: 2.612818,0.1473413,1.316907,188.1614
180.08: 2.599187,-0.03795042,1.301152,191.958
180.3022: 2.541143,-0.2373134,1.317582,192.4486
180.5244: 2.476065,-0.4335952,1.334478,200.1671
180.7467: 2.384302,-0.5649469,1.312291,237.2725
180.9689: 2.29073,-0.6436983,1.331096,275.0976
181.1911: 2.184866,-0.7183571,1.321658,289.2857
181.4133: 1.929569,-0.8241127,1.644094,304.6931
181.6356: 1.811129,-0.84294,1.663265,327.162
181.8578: 1.759165,-0.8416935,1.665901,355.8815
182.08: 1.744459,-0.847893,1.656656,9.504288
182.3022: 1.73635,-0.8584584,1.651525,13.74754
182.5244: 1.726993,-0.8685538,1.654046,10.67538
182.7467: 1.718264,-0.8844891,1.659626,2.790552
182.9689: 1.711342,-0.900391,1.666392,355.3018
183.1911: 1.713603,-0.9064777,1.666488,355.9322
183.4133: 1.722249,-0.9096743,1.664018,358.0606
183.6356: 1.728532,-0.9143412,1.66358,359.2661
183.8578: 1.733515,-0.9162573,1.661177,0.258208
184.08: 1.736145,-0.916656,1.658306,1.113936
184.3022: 1.735108,-0.9134638,1.651035,0.9556615
184.5244: 1.735099,-0.9082736,1.644958,0.9260767
184.7467: 1.736491,-0.9048574,1.642016,1.290827
184.9689: 1.7346,-0.9014816,1.639132,0.125796
185.1911: 1.732208,-0.899758,1.639677,358.7258
185.4133: 1.733304,-0.906099,1.654729,359.3053
185.6356: 1.732651,-0.9211351,1.676191,2.690877
185.8578: 1.72941,-0.9297869,1.680245,4.31093
186.08: 1.727582,-0.9310739,1.679292,4.211105
186.3022: 1.724554,-0.937723,1.685967,3.710932
186.5244: 1.71709,-0.9500529,1.691484,2.260325
186.7467: 1.711391,-0.9600163,1.688444,1.543891
186.9689: 1.715369,-0.9570562,1.664955,5.944351
187.1911: 1.719976,-0.9535923,1.632001,8.902917
187.4133: 1.718329,-0.9452627,1.609854,8.094087
187.6356: 1.712003,-0.9303854,1.593769,4.884857
Trial Result: Fail at object:  | Time Spent: 30
Trial No.:4 Ends
Trial No.:19 Begins
User confirmed on object: Well, this maze officially starts.
246.4245: 1.756188,-1.971511,1.546161,89.61482
246.6467: 1.738938,-1.97782,1.546306,88.55977
246.8689: 1.728001,-1.990669,1.545581,90.37766
247.0911: 1.7233,-2.001539,1.54449,94.308
247.3133: 1.730613,-1.997829,1.541878,92.80437
247.5356: 1.741409,-1.990233,1.540571,89.15185
247.7578: 1.7524,-1.985265,1.53928,86.16893
247.98: 1.760664,-1.985649,1.538306,86.79686
248.2022: 1.766148,-1.987713,1.53766,88.28252
248.4245: 1.768383,-1.989286,1.536102,89.13698
248.6467: 1.767551,-1.991128,1.53514,89.32883
248.8689: 1.765719,-1.993278,1.533276,89.3486
249.0911: 1.763852,-1.995505,1.531604,89.27895
249.3133: 1.763071,-1.997006,1.529946,89.03793
249.5356: 1.76103,-1.998441,1.529236,88.94431
249.7578: 1.757789,-1.998803,1.528297,88.64342
249.98: 1.754862,-1.99853,1.527687,87.46629
250.2022: 1.751937,-1.999857,1.527284,86.58966
250.4245: 1.751175,-2.000825,1.527231,86.52512
250.6467: 1.751388,-2.001022,1.526952,86.45377
250.8689: 1.751651,-2.001148,1.526528,86.33784
251.0911: 1.753885,-2.000205,1.525625,85.99609
251.3133: 1.756126,-1.999951,1.52477,86.28267
251.5356: 1.758895,-2.002059,1.523926,88.76164
251.7578: 1.761237,-2.007012,1.522696,93.26875
251.98: 1.761655,-2.012027,1.520973,97.85954
252.2022: 1.75963,-2.014901,1.520507,99.41997
252.4245: 1.75917,-2.015352,1.520034,99.68017
252.6467: 1.759741,-2.019134,1.519382,103.5064
252.8689: 1.755662,-2.030534,1.517045,116.7505
253.0911: 1.744973,-2.047495,1.514127,135.5679
253.3133: 1.730256,-2.060953,1.511211,151.8364
253.5356: 1.722638,-2.065896,1.512892,157.2874
253.7578: 1.724279,-2.069252,1.511008,159.4301
253.98: 1.726835,-2.070354,1.510116,160.0741
254.2022: 1.729192,-2.070408,1.510703,158.1998
254.4245: 1.733719,-2.068425,1.509529,155.3861
254.6467: 1.731966,-2.067302,1.508712,154.8427
254.8689: 1.729504,-2.065071,1.508553,154.1854
255.0911: 1.729273,-2.062451,1.508974,153.2257
255.3133: 1.773073,-2.018521,1.494958,152.3286
255.5356: 1.771215,-2.019186,1.494045,152.277
255.7578: 1.769662,-2.017446,1.494822,151.5313
255.98: 1.770108,-2.017748,1.497375,153.5558
256.2022: 1.759017,-2.019741,1.494778,165.1422
256.4244: 1.760918,-2.008796,1.493848,168.9267
256.6467: 1.770887,-2.012028,1.492836,168.5714
256.8689: 1.753798,-2.040885,1.496702,166.6689
257.0911: 1.723134,-2.088325,1.493507,172.9516
257.3134: 1.679227,-2.125803,1.492219,187.6271
257.5356: 1.641693,-2.141303,1.498593,204.7722
257.7578: 1.639227,-2.146823,1.495349,220.6381
257.98: 1.676856,-2.150052,1.496754,227.0215
258.2022: 1.694627,-2.167589,1.495139,226.1278
258.4244: 1.692082,-2.17173,1.495119,222.8623
258.6467: 1.70026,-2.164272,1.495257,222.7254
258.8689: 1.706302,-2.162141,1.495681,222.6772
259.0911: 1.704319,-2.163822,1.495102,222.6665
259.3134: 1.701848,-2.159325,1.495216,223.252
259.5356: 1.701097,-2.150698,1.495404,224.2178
259.7578: 1.700615,-2.14551,1.495487,223.7749
259.98: 1.698727,-2.142889,1.495308,222.4606
260.2022: 1.694689,-2.142087,1.49398,221.5525
260.4244: 1.689036,-2.140314,1.493446,221.5732
260.6467: 1.683854,-2.140258,1.49254,220.1743
260.8689: 1.676018,-2.145105,1.491661,216.1389
261.0911: 1.664194,-2.154315,1.487714,211.1004
261.3134: 1.655412,-2.162089,1.482748,207.4525
261.5356: 1.669617,-2.176283,1.481297,206.5622
261.7578: 1.699605,-2.191082,1.485148,208.7598
261.98: 1.726747,-2.210037,1.485777,212.8058
262.2022: 1.744042,-2.221157,1.485932,217.1279
262.4244: 1.754423,-2.22935,1.483832,220.4271
262.6467: 1.764778,-2.239573,1.481881,222.6996
262.8689: 1.776061,-2.252973,1.481663,224.4936
263.0911: 1.787119,-2.275555,1.48051,225.2144
263.3134: 1.793463,-2.298265,1.476886,225.5738
263.5356: 1.799445,-2.321878,1.474023,225.7479
263.7578: 1.789605,-2.360292,1.461976,231.0525
263.98: 1.740075,-2.437672,1.454309,238.525
264.2022: 1.637823,-2.55507,1.44256,246.4631
264.4244: 1.537957,-2.657647,1.461296,257.3192
264.6467: 1.445452,-2.734385,1.474779,265.9771
264.8689: 1.341028,-2.816666,1.464189,275.3293
265.0911: 1.21649,-2.892494,1.470831,281.0427
265.3134: 1.063591,-2.924953,1.462386,285.2375
265.5356: 0.8518534,-2.92707,1.435795,280.9629
265.7578: 0.6078348,-2.913005,1.468819,279.8258
265.98: 0.3553527,-2.916068,1.442558,280.1432
266.2022: 0.1038407,-2.934424,1.447851,283.8976
266.4244: -0.1254637,-2.923378,1.467336,286.3716
266.6467: -0.3375199,-2.882773,1.434744,284.3048
266.8689: -0.5409902,-2.843634,1.462321,281.778
267.0911: -0.7324114,-2.846688,1.461445,279.3544
267.3134: -0.909176,-2.883646,1.453761,280.0865
267.5356: -1.067827,-2.914757,1.463859,282.6756
267.7578: -1.174215,-2.926944,1.469199,286.3128
267.98: -1.231192,-2.920765,1.473583,288.8198
268.2022: -1.226973,-2.902195,1.460916,304.3198
268.4244: -1.151117,-2.855894,1.453992,340.9863
268.6467: -1.092353,-2.819815,1.457595,353.6321
268.8689: -1.057008,-2.77847,1.46075,351.2649
269.0911: -1.030738,-2.726052,1.463811,348.2256
269.3134: -1.008594,-2.676227,1.462987,348.2629
269.5356: -0.9880533,-2.630106,1.460951,348.8421
269.7578: -0.9823432,-2.603722,1.4598,346.0016
269.98: -0.9900208,-2.603052,1.459271,341.6928
270.2022: -0.9978412,-2.610099,1.459501,339.7748
270.4244: -1.000093,-2.605472,1.459196,340.6538
270.6467: -0.9950137,-2.576108,1.460976,342.3791
270.8689: -0.98137,-2.531455,1.462106,344.1803
271.0911: -0.9651756,-2.490504,1.460467,344.0219
271.3134: -0.9445248,-2.451759,1.459947,344.5883
271.5356: -0.9258611,-2.402362,1.455768,344.844
271.7578: -0.9086319,-2.321279,1.45331,351.2425
271.98: -0.9034202,-2.197714,1.443917,1.358097
272.2022: -0.9135491,-2.036888,1.458295,7.386171
272.4244: -0.8988922,-1.880333,1.469976,10.23057
272.6467: -0.8565239,-1.728736,1.453469,9.539045
272.8689: -0.7804296,-1.566245,1.465838,9.958099
273.0911: -0.7793644,-1.425562,1.54718,359.5016
273.3134: -0.7668368,-1.341571,1.545088,356.0621
273.5356: -0.8227972,-1.283097,1.550588,341.214
273.7578: -0.9112592,-1.229744,1.540442,317.1762
273.98: -0.9982709,-1.165393,1.540046,304.1471
274.2022: -1.097786,-1.066972,1.523334,299.1166
274.4244: -1.241875,-0.9660673,1.541069,297.894
274.6467: -1.452152,-0.9171747,1.515301,297.7169
274.8689: -1.686962,-0.9074783,1.5102,303.9509
275.0911: -1.900463,-0.8685215,1.538713,313.4493
275.3134: -2.09304,-0.7924702,1.511345,323.0898
275.5356: -2.249772,-0.6760856,1.526685,339.4679
275.7578: -2.348008,-0.5378932,1.550549,357.6118
275.98: -2.449735,-0.37606,1.525224,10.39288
276.2022: -2.5177,-0.1759824,1.537139,18.23032
Trial Result: Fail at object:  | Time Spent: 30
Trial No.:19 Ends
Trial No.:8 Begins
User confirmed on object: Plant, this maze officially starts.
325.6578: -2.640221,-2.061301,1.574132,270.4656
325.88: -2.624,-2.034831,1.573586,273.9122
326.1022: -2.608406,-2.014669,1.573433,278.7607
326.3245: -2.604088,-2.010466,1.570738,279.0148
326.5467: -2.607194,-2.017042,1.566103,271.5813
326.7689: -2.61098,-2.026518,1.561274,263.7324
326.9911: -2.613662,-2.027966,1.55898,261.2859
327.2133: -2.611821,-2.024163,1.557845,262.1113
327.4356: -2.6096,-2.019859,1.557621,262.7928
327.6578: -2.608483,-2.016423,1.557227,263.0179
327.88: -2.608019,-2.013928,1.556368,264.2534
328.1022: -2.607359,-2.009225,1.556172,268.2986
328.3245: -2.607776,-1.990371,1.553432,281.5929
328.5467: -2.601448,-1.969312,1.548837,301.6801
328.7689: -2.572042,-1.937302,1.54472,333.8566
328.9911: -2.502009,-1.909896,1.538455,13.05288
329.2133: -2.452915,-1.894045,1.538096,30.26666
329.4356: -2.434981,-1.896596,1.547298,45.36355
329.6578: -2.453449,-1.902486,1.54025,55.02613
329.88: -2.494483,-1.898435,1.537057,58.03248
330.1022: -2.533878,-1.863081,1.540819,42.83733
330.3245: -2.550199,-1.83906,1.543913,28.26471
330.5467: -2.5451,-1.821271,1.547824,23.78861
330.7689: -2.537534,-1.811477,1.544648,21.38107
330.9911: -2.525822,-1.818787,1.543595,27.45144
331.2133: -2.514539,-1.845173,1.538769,45.07732
331.4356: -2.517052,-1.866831,1.532633,57.94677
331.6578: -2.504319,-1.887846,1.524868,78.84095
331.88: -2.498178,-1.940346,1.519617,100.8925
332.1022: -2.506001,-2.04672,1.528447,110.6873
332.3245: -2.506666,-2.161886,1.529709,115.6945
332.5467: -2.513723,-2.258953,1.530802,117.6608
332.7689: -2.520633,-2.361073,1.521047,117.7348
332.9911: -2.498426,-2.434294,1.524007,115.33
333.2133: -2.461137,-2.501504,1.517976,112.3077
333.4356: -2.394346,-2.596776,1.506269,104.8306
333.6578: -2.29336,-2.69047,1.523162,95.68864
333.88: -2.201089,-2.746835,1.527631,88.44204
334.1022: -2.100418,-2.80395,1.517035,78.37719
334.3245: -1.986176,-2.8916,1.524452,78.02923
334.5467: -1.854614,-2.943825,1.524846,78.02194
334.7689: -1.71727,-2.954875,1.511672,76.28748
334.9911: -1.57029,-2.919522,1.515296,74.41294
335.2133: -1.422108,-2.889736,1.52954,66.5508
335.4356: -1.280952,-2.873705,1.517495,59.51273
335.6578: -1.157072,-2.842589,1.52893,48.89415
335.88: -1.067129,-2.750397,1.524973,34.55564
336.1022: -1.003932,-2.591234,1.493386,29.32113
336.3245: -0.9600735,-2.38713,1.514495,29.31447
336.5467: -0.9122274,-2.177299,1.522671,32.25084
336.7689: -0.8429196,-1.965503,1.51175,36.02195
336.9911: -0.7708712,-1.766182,1.53935,39.42133
337.2133: -0.697078,-1.572145,1.512247,47.32426
337.4356: -0.6039742,-1.373885,1.524666,63.55117
337.6578: -0.4844838,-1.239598,1.535673,72.63615
337.88: -0.3095952,-1.161663,1.506757,73.31392
338.1022: -0.06149654,-1.13553,1.543749,72.17861
338.3245: 0.1906871,-1.094725,1.554353,72.76921
338.5467: 0.4492612,-1.039662,1.530248,78.50851
338.7689: 0.6884968,-1.028475,1.562445,80.08781
338.9911: 0.9236951,-1.050074,1.528471,75.3215
339.2133: 1.145342,-1.080256,1.568822,53.12387
339.4356: 1.326951,-1.095154,1.571335,32.97228
339.6578: 1.487971,-1.106202,1.57213,23.81297
Trial Result: Success object: Harp | Time Spent: 14.40457
Trial No.:8 Ends
Trial No.:12 Begins
User confirmed on object: Trashcan, this maze officially starts.
382.1022: 2.600631,1.094674,1.616947,94.26197
382.3245: 2.577678,1.069629,1.62494,95.21999
382.5467: 2.547458,1.047361,1.621806,99.35763
382.7689: 2.540276,1.039753,1.61946,99.93781
382.9911: 2.542743,1.043078,1.615364,96.21965
383.2133: 2.544657,1.046831,1.611969,92.77502
383.4356: 2.549032,1.046931,1.609432,90.65417
383.6578: 2.552279,1.042641,1.606308,90.80238
383.88: 2.550759,1.037392,1.605391,92.80104
384.1022: 2.545785,1.032441,1.605078,93.58067
384.3245: 2.539859,1.028953,1.604826,94.12074
384.5467: 2.536799,1.025306,1.604501,95.04587
384.7689: 2.537648,1.000146,1.599581,109.7165
384.9911: 2.516135,0.9488251,1.584941,145.7153
385.2133: 2.480244,0.9092999,1.574294,178.6032
385.4356: 2.453562,0.8556803,1.571269,192.2601
385.6578: 2.452511,0.7908498,1.569583,190.3964
385.88: 2.474361,0.7139832,1.580033,188.0693
386.1022: 2.525544,0.5984657,1.566157,192.06
386.3245: 2.592648,0.4554283,1.570052,198.2123
386.5467: 2.623084,0.2907442,1.565951,205.3723
386.7689: 2.607978,0.1070498,1.540088,209.3169
386.9911: 2.57124,-0.07842666,1.565924,210.3737
387.2133: 2.546377,-0.2355086,1.569263,212.024
387.4356: 2.533411,-0.3881367,1.561502,222.9704
387.6578: 2.497836,-0.5260071,1.573579,236.9368
387.88: 2.424453,-0.63134,1.567452,248.9337
388.1022: 2.288723,-0.7155883,1.556487,253.5296
388.3245: 2.125623,-0.7851289,1.56589,259.2086
388.5467: 1.951094,-0.8365266,1.569741,264.4421
388.7689: 1.744311,-0.8969986,1.56886,269.5673
388.9911: 1.527094,-0.9315974,1.582787,274.7381
389.2133: 1.306182,-0.934379,1.553429,277.3148
389.4356: 1.081249,-0.9080349,1.576965,279.0755
389.6578: 0.8670943,-0.9052691,1.584883,283.324
389.88: 0.6481316,-0.9296216,1.563279,290.8526
390.1022: 0.4305639,-0.9750255,1.715385,284.9909
390.3245: 0.2313094,-0.9987727,1.702703,280.2354
390.5467: 0.01584393,-0.9860901,1.711733,274.2656
390.7689: -0.1990323,-0.9954966,1.722521,270.373
390.9911: -0.4194497,-1.018557,1.694031,268.8385
391.2133: -0.6439085,-1.045499,1.717507,269.0695
391.4356: -0.8551284,-1.047112,1.711194,270.3928
391.6578: -1.066985,-1.011838,1.696584,265.6047
391.88: -1.278175,-1.009638,1.71652,258.5652
392.1022: -1.474627,-1.031934,1.696541,254.071
392.3245: -1.66937,-1.0655,1.709292,256.308
392.5467: -1.853974,-1.084701,1.711737,248.2467
392.7689: -2.05035,-1.094952,1.677103,228.4467
392.9911: -2.238763,-1.167551,1.711274,201.4815
393.2133: -2.378101,-1.302637,1.683805,178.0997
393.4356: -2.483147,-1.481542,1.704372,166.8336
393.6578: -2.563798,-1.690595,1.690983,161.9848
393.88: -2.656019,-1.937283,1.691105,152.8253
394.1022: -2.6617,-2.189306,1.718646,139.7478
394.3245: -2.602759,-2.397548,1.690514,125.1204
394.5467: -2.535202,-2.556076,1.716014,108.0855
394.7689: -2.481067,-2.67117,1.716856,89.89041
394.9911: -2.436474,-2.704757,1.728197,72.10523
395.2133: -2.462877,-2.608519,1.722515,45.00777
395.4356: -2.563829,-2.437597,1.705756,17.39148
395.6578: -2.64105,-2.249421,1.725433,5.533162
395.88: -2.667163,-2.023227,1.684537,5.164539
396.1022: -2.632502,-1.744096,1.67558,8.068384
396.3245: -2.664854,-1.436,1.701978,4.726529
396.5467: -2.736752,-1.13385,1.69524,4.958385
396.7689: -2.773109,-0.8071909,1.717341,11.97688
396.9911: -2.778932,-0.4646749,1.690721,16.31486
397.2133: -2.765577,-0.1153979,1.716997,21.78131
397.4356: -2.73015,0.2184763,1.676008,30.40439
397.6578: -2.623485,0.5060813,1.712163,39.13456
397.88: -2.483726,0.7829634,1.679304,40.81084
398.1022: -2.343894,1.039156,1.699969,42.48845
398.3245: -2.210823,1.276592,1.683734,46.2049
398.5467: -2.077662,1.461433,1.706034,47.0367
398.7689: -1.959803,1.606286,1.704976,45.3429
398.9911: -1.896398,1.718167,1.718067,49.15899
Trial Result: Success object: Table | Time Spent: 17.11464
Trial No.:12 Ends
Trial No.:13 Begins
User confirmed on object: Telescope, this maze officially starts.
450.3134: -2.861008,-0.03074128,1.523728,88.49673
450.5356: -2.873734,-0.02163173,1.523432,90.73544
450.7578: -2.881571,-0.01775746,1.518938,98.43982
450.98: -2.875472,-0.01886632,1.51045,106.7831
451.2022: -2.845753,-0.03853472,1.490287,119.732
451.4245: -2.801396,-0.1232005,1.464236,125.1262
451.6467: -2.729465,-0.2836924,1.435121,122.7822
451.8689: -2.628684,-0.4753111,1.456056,114.2891
452.0911: -2.496378,-0.624234,1.460807,106.0011
452.3134: -2.323063,-0.7370056,1.445554,101.8967
452.5356: -2.117778,-0.8268249,1.470758,100.4577
452.7578: -1.879144,-0.9020263,1.437344,103.2982
452.98: -1.628099,-0.9881213,1.459827,104.9828
453.2022: -1.391301,-1.032486,1.470509,100.1093
453.4245: -1.11693,-1.03429,1.456725,102.1242
453.6467: -0.8426347,-1.031082,1.48267,102.3474
453.8689: -0.5656554,-1.049855,1.443677,99.52757
454.0911: -0.2948592,-1.064115,1.48697,94.45637
454.3134: -0.02619933,-1.051024,1.455769,94.2058
454.5356: 0.226363,-1.042346,1.485701,104.2378
454.7578: 0.4648054,-1.069826,1.466513,109.6324
454.98: 0.723874,-1.144509,1.456703,110.1134
455.2022: 0.9656976,-1.217698,1.484658,113.0554
455.4245: 1.222926,-1.290551,1.441738,120.5478
455.6467: 1.48103,-1.374713,1.465478,129.6137
455.8689: 1.637537,-1.46085,1.472518,127.177
456.0911: 1.728402,-1.619311,1.44855,116.3632
Trial Result: Success object: Well | Time Spent: 6.064043
Trial No.:13 Ends
Trial No.:15 Begins
User confirmed on object: Wheelbarrow, this maze officially starts.
503.9022: 0.1665734,-0.0246293,1.522643,267.1497
504.1245: 0.1842819,-0.04082479,1.536826,272.6463
504.3467: 0.2098598,-0.03829938,1.534423,273.7755
504.5689: 0.219408,-0.03015688,1.528855,273.675
504.7911: 0.2096309,-0.0326696,1.52405,266.2861
505.0133: 0.1971237,-0.0518178,1.514266,249.0278
505.2356: 0.1811968,-0.1046278,1.489974,228.3848
505.4578: 0.1355556,-0.2186134,1.457172,220.0481
505.68: 0.04514771,-0.3971412,1.459586,219.5421
505.9022: -0.09988917,-0.622037,1.464079,216.9868
506.1245: -0.3095512,-0.8620867,1.430949,209.2612
506.3467: -0.5122478,-1.119642,1.488775,207.2964
506.5689: -0.6764912,-1.362627,1.448778,202.4957
506.7911: -0.7826514,-1.626619,1.483803,196.9182
507.0133: -0.8182569,-1.906023,1.443959,192.6574
507.2356: -0.891758,-2.1893,1.476688,211.8534
507.4578: -0.971701,-2.456832,1.47481,243.3944
507.68: -1.053296,-2.708081,1.434554,277.9879
507.9022: -1.149646,-2.898472,1.481301,300.453
508.1245: -1.289903,-3.03565,1.451392,311.6839
508.3467: -1.462476,-3.131203,1.484926,325.7333
Trial Result: Success object: Mailbox | Time Spent: 4.820803
Trial No.:15 Ends
Trial No.:18 Begins
User confirmed on object: Harp, this maze officially starts.
548.5356: 1.727374,-1.076269,1.529239,356.715
548.7578: 1.73139,-1.069815,1.534367,356.071
548.98: 1.735939,-1.067514,1.534621,357.3325
549.2022: 1.738354,-1.062958,1.53066,358.6095
549.4244: 1.731263,-1.0585,1.52516,352.8669
549.6467: 1.715545,-1.055869,1.519303,340.2123
549.8689: 1.69757,-1.051232,1.514629,327.36
550.0911: 1.666232,-1.04048,1.49949,310.2171
550.3134: 1.577783,-1.042159,1.486981,297.1379
550.5356: 1.439373,-1.042347,1.471888,292.9677
550.7578: 1.289525,-1.011009,1.483974,295.1896
550.98: 1.139274,-0.9445356,1.458102,295.7085
551.2022: 0.9894601,-0.8735629,1.484803,292.9961
551.4244: 0.8263302,-0.8368969,1.479223,292.8047
551.6467: 0.6283258,-0.8217913,1.45657,301.848
551.8689: 0.4374098,-0.7841628,1.481924,315.3362
552.0911: 0.2964754,-0.7068752,1.473993,325.6837
552.3134: 0.1948864,-0.5750374,1.473673,327.7086
552.5356: 0.1189184,-0.4228411,1.480369,331.0969
552.7578: 0.05844324,-0.252781,1.461102,329.6565
552.98: -0.005402258,-0.0724485,1.473839,330.4475
553.2022: -0.04401817,0.08800167,1.480959,333.5194
553.4244: -0.06602173,0.2559533,1.456693,327.0618
553.6467: -0.08327608,0.4480919,1.472815,314.2404
553.8689: -0.146975,0.5960085,1.480874,298.0547
554.0911: -0.2473731,0.698565,1.458653,289.067
554.3134: -0.40136,0.7673335,1.467814,281.0787
554.5356: -0.5813233,0.8383285,1.466181,272.8896
554.7578: -0.807326,0.9375054,1.446719,272.9353
554.98: -1.052937,1.003438,1.484977,270.818
555.2022: -1.30001,1.008906,1.44801,259.0655
555.4244: -1.548257,0.976119,1.475658,245.8498
555.6467: -1.785683,0.9398208,1.467757,230.8269
555.8689: -2.049379,0.9056807,1.444514,204.5452
556.0911: -2.280891,0.8423523,1.487719,180.7417
556.3134: -2.452187,0.7529615,1.461079,166.9985
556.5356: -2.581427,0.6366906,1.471745,157.2394
556.7578: -2.692338,0.5482169,1.4818,141.5843
Trial Result: Success object: Telescope | Time Spent: 8.507008
Trial No.:18 Ends
Trial No.:10 Begins
User confirmed on object: Bookshelf, this maze officially starts.
591.9689: 1.729009,1.083963,1.541791,180.9821
592.1911: 1.728489,1.092962,1.53884,182.3736
592.4133: 1.7222,1.104826,1.536907,187.964
592.6356: 1.721593,1.112387,1.535692,189.5604
592.8578: 1.724416,1.113338,1.534532,189.1817
593.08: 1.721397,1.103093,1.528561,193.0101
593.3022: 1.716425,1.093422,1.52139,198.9135
593.5245: 1.698472,1.085315,1.515084,211.8723
593.7467: 1.626036,1.086958,1.493923,237.5081
593.9689: 1.490923,1.104746,1.472565,250.4044
594.1911: 1.326125,1.114543,1.475278,254.6666
594.4133: 1.156472,1.091378,1.48357,251.1664
594.6356: 0.9902349,1.03626,1.459998,252.182
594.8578: 0.8025954,0.9803087,1.483865,261.0464
595.08: 0.6125051,0.9600518,1.478187,265.2416
595.3022: 0.3987086,0.9761681,1.461678,263.2025
595.5245: 0.1799491,0.9832959,1.487888,259.8893
595.7467: -0.03231889,0.9734898,1.471895,256.5393
595.9689: -0.2542634,0.9433789,1.473422,262.0321
596.1911: -0.467966,0.9294581,1.48818,264.8172
596.4133: -0.691704,0.9466419,1.451535,261.8586
596.6356: -0.9311941,0.976402,1.482191,257.6857
596.8578: -1.167214,0.9673005,1.470539,250.9865
597.08: -1.431462,0.9239652,1.456488,246.4138
597.3022: -1.698105,0.8728894,1.484379,240.5339
597.5245: -1.968298,0.8185521,1.433108,228.3884
597.7467: -2.234067,0.7357665,1.445967,210.5024
597.9689: -2.410952,0.5784467,1.460017,195.1582
598.1911: -2.502976,0.3816385,1.44751,186.7026
598.4133: -2.557406,0.1630379,1.472946,184.1182
598.6356: -2.601688,-0.08943187,1.424119,189.4455
598.8578: -2.640344,-0.3781114,1.463979,192.147
599.08: -2.61425,-0.65801,1.463824,192.704
599.3022: -2.559228,-0.9386408,1.45918,199.7064
599.5245: -2.552119,-1.193851,1.490005,210.7104
599.7467: -2.582747,-1.447327,1.449265,218.7378
599.9689: -2.61517,-1.664806,1.497579,231.9661
Trial Result: Success object: Plant | Time Spent: 8.362823
Trial No.:10 Ends
Trial No.:14 Begins
User confirmed on object: Telescope, this maze officially starts.
631.1245: -2.823883,0.02055735,1.530159,86.95922
631.3467: -2.815361,0.02052225,1.526463,87.69606
631.5689: -2.813601,0.01715101,1.523659,89.40714
631.7911: -2.809273,0.01303335,1.520812,91.13544
632.0134: -2.800623,0.005952788,1.517904,92.47139
632.2356: -2.768755,-0.02091447,1.50809,107.145
632.4578: -2.745,-0.1133275,1.491845,117.5175
632.68: -2.725174,-0.2714444,1.458766,115.8142
632.9022: -2.674013,-0.4312997,1.483289,109.8453
633.1245: -2.593425,-0.5671678,1.469574,103.7562
633.3467: -2.460437,-0.6541386,1.462776,102.9109
633.5689: -2.3305,-0.7260417,1.477312,98.42097
633.7911: -2.202107,-0.8007824,1.473979,92.91427
634.0134: -2.059275,-0.8852558,1.473359,87.45015
634.2356: -1.877628,-0.9233186,1.47049,85.1968
634.4578: -1.663245,-0.9136602,1.454522,84.72539
634.68: -1.435982,-0.8931113,1.488451,88.80912
634.9022: -1.189754,-0.8870071,1.450864,93.2401
635.1245: -0.9307356,-0.9099226,1.462444,97.63385
635.3467: -0.7525296,-0.9606782,1.498522,148.9359
635.5689: -0.6283736,-0.9482528,1.474813,189.7046
635.7911: -0.4580326,-0.9190764,1.482211,201.7847
636.0134: -0.2176844,-0.9307358,1.462393,170.5608
636.2356: 0.04911539,-0.9438044,1.456648,125.8618
636.4578: 0.3085579,-0.9888734,1.481396,115.7081
636.68: 0.5896405,-1.012838,1.444992,113.0536
636.9022: 0.878519,-1.032921,1.489915,123.5952
637.1245: 1.137868,-1.084871,1.463352,140.2235
637.3467: 1.338372,-1.189364,1.472352,168.3009
637.5689: 1.460838,-1.261916,1.507242,201.3842
637.7911: 1.557954,-1.247494,1.4783,263.2383
638.0134: 1.699136,-1.155954,1.492563,318.3327
638.2356: 1.830004,-1.042717,1.489083,330.3451
638.4578: 1.932904,-0.8563176,1.459861,331.0901
638.68: 2.029167,-0.7967903,1.526701,333.1741
638.9022: 2.142973,-0.8118789,1.497169,353.6624
639.1245: 2.263113,-0.8412214,1.500166,19.15473
639.3467: 2.382186,-0.8544916,1.499345,3.402244
639.5689: 2.50729,-0.835933,1.493738,339.7464
639.7911: 2.547318,-0.8424213,1.50626,304.9942
640.0134: 2.518543,-0.8840701,1.488287,285.085
640.2356: 2.457506,-0.9115925,1.493701,274.9911
640.4578: 2.427835,-0.9175218,1.493588,275.3968
640.68: 2.369483,-0.8904561,1.457144,277.7551
640.9022: 2.134629,-0.9352108,1.416567,281.2505
641.1245: 1.798687,-0.9995782,1.449736,282.0116
641.3467: 1.478325,-1.004477,1.478635,285.6445
641.5689: 1.171404,-0.9550062,1.467219,289.088
641.7911: 0.8431467,-0.9123219,1.44877,295.9244
642.0134: 0.497386,-0.8559654,1.43458,304.7452
642.2356: 0.2525893,-0.6978698,1.476246,305.1835
Trial Result: Success object: Wheelbarrow | Time Spent: 11.41622
Trial No.:14 Ends
Trial No.:2 Begins
User confirmed on object: Stove, this maze officially starts.
680.2356: -2.644756,3.020148,1.516824,262.6895
680.4578: -2.620961,3.015016,1.516663,265.6532
680.68: -2.600098,3.009286,1.514996,267.4695
680.9022: -2.599368,2.998349,1.512088,265.7606
681.1245: -2.59859,2.979834,1.509097,259.2731
681.3467: -2.595184,2.953068,1.49388,231.3104
681.5689: -2.539423,2.948678,1.475735,176.7049
681.7911: -2.446142,2.985698,1.47307,135.7095
682.0134: -2.351887,2.990938,1.465151,121.9386
682.2356: -2.252995,2.975957,1.464152,113.676
682.4578: -2.174786,2.955621,1.467654,102.834
682.68: -2.083371,2.945917,1.456159,93.24291
682.9022: -1.917079,2.950905,1.423622,93.09347
683.1245: -1.694022,2.975267,1.44886,99.45611
683.3467: -1.464624,2.986681,1.466804,107.191
683.5689: -1.229082,2.977468,1.439878,108.7128
683.7911: -1.007761,2.958998,1.472614,110.4927
684.0134: -0.7897798,2.936525,1.446034,119.7056
684.2356: -0.5968772,2.899216,1.458336,135.179
684.4578: -0.421862,2.805596,1.45794,146.7167
684.68: -0.2923506,2.674045,1.449658,146.6955
684.9022: -0.1651096,2.554659,1.484332,124.1065
685.1245: -0.09428498,2.458536,1.487215,98.23849
685.3467: -0.03099868,2.265855,1.484037,124.7855
685.5689: 0.008190703,2.058279,1.482359,145.3037
685.7911: 0.05206747,1.827855,1.439921,145.1198
686.0134: 0.1106736,1.572215,1.469139,130.3793
686.2356: 0.2155733,1.374382,1.47496,116.0694
686.4578: 0.3605589,1.241415,1.455396,112.4776
686.68: 0.5147451,1.164209,1.47103,102.1069
686.9022: 0.6641234,1.094653,1.449168,96.47354
687.1245: 0.7525437,0.9904298,1.495431,134.9154
687.3467: 0.6864097,0.957955,1.469679,213.7449
687.5689: 0.5969225,1.017866,1.474284,256.6642
687.7911: 0.4835944,1.036779,1.456876,243.5107
688.0134: 0.386176,1.002164,1.47141,221.8281
688.2356: 0.3026555,0.9228686,1.480968,220.1984
688.4578: 0.2437606,0.7813348,1.470043,222.0016
688.68: 0.1789528,0.634223,1.492597,223.6291
688.9022: 0.09477851,0.5463674,1.47426,223.9578
689.1245: 0.03738469,0.4868092,1.487489,219.6675
689.3467: 0.0240866,0.4064137,1.488632,220.6232
689.5689: 0.06153873,0.293628,1.475512,233.369
Trial Result: Success object: Wheelbarrow | Time Spent: 9.772888
Trial No.:2 Ends
Trial No.:16 Begins
User confirmed on object: Wheelbarrow, this maze officially starts.
714.6356: 0.1502916,-0.06202884,1.541715,270.1711
714.8578: 0.1477339,-0.05526205,1.537586,276.2566
715.08: 0.1523809,-0.04351438,1.534286,286.769
715.3022: 0.1561081,-0.04059232,1.530953,287.8988
715.5245: 0.1495591,-0.0459346,1.52773,283.8976
715.7467: 0.1348719,-0.05953158,1.52107,275.619
715.9689: 0.1190287,-0.08684535,1.512027,259.2939
716.1911: 0.1058476,-0.1354646,1.492678,236.5645
716.4133: 0.1095221,-0.2322564,1.480637,228.5611
716.6356: 0.1028522,-0.3538318,1.472232,234.9386
716.8578: 0.07204881,-0.4612043,1.483526,244.6357
717.08: 0.02817905,-0.5273439,1.477672,250.9778
717.3022: -0.03442444,-0.5552269,1.478342,252.7443
717.5245: -0.1047513,-0.6107249,1.486608,255.3981
717.7467: -0.1949547,-0.7086767,1.474073,256.3038
717.9689: -0.3121699,-0.8167406,1.475947,259.5364
718.1911: -0.470132,-0.8731982,1.46501,262.2659
718.4133: -0.6793762,-0.8829036,1.454451,259.4622
718.6356: -0.8941848,-0.892236,1.489006,253.8288
718.8578: -1.109508,-0.9141631,1.462024,252.6996
719.08: -1.34267,-0.9677019,1.479876,251.9438
719.3022: -1.578324,-1.00798,1.478865,249.6444
719.5245: -1.841765,-1.040108,1.430827,244.1784
719.7467: -2.101167,-1.120698,1.481512,237.6619
719.9689: -2.297657,-1.255681,1.449741,234.7644
720.1911: -2.451133,-1.4188,1.469033,235.5365
720.4133: -2.546681,-1.583414,1.477526,235.9996
720.6356: -2.619788,-1.730491,1.482035,236.215
Trial Result: Success object: Plant | Time Spent: 6.274418
Trial No.:16 Ends
Trial No.:23 Begins
User confirmed on object: Chair, this maze officially starts.
745.5023: 0.836549,-3.074302,1.538579,354.144
745.7245: 0.8320276,-3.09791,1.534033,358.2291
745.9467: 0.8375592,-3.109041,1.531617,6.218762
746.1689: 0.8367358,-3.105863,1.529077,8.032546
746.3911: 0.8130801,-3.092448,1.524007,354.2153
746.6133: 0.779073,-3.065784,1.51464,339.8387
746.8356: 0.8144321,-3.022404,1.503289,4.859334
747.0578: 0.9281405,-3.007327,1.482347,23.95686
747.28: 1.102454,-2.990188,1.450395,24.47827
747.5023: 1.315559,-2.918897,1.445754,17.17342
747.7245: 1.476086,-2.774747,1.458348,9.957938
747.9467: 1.590678,-2.569135,1.428879,9.983626
748.1689: 1.678958,-2.329779,1.478698,13.01387
748.3911: 1.772455,-2.063356,1.444447,14.26291
748.6133: 1.896849,-1.775105,1.477262,13.30998
748.8356: 2.019824,-1.478545,1.464857,9.813799
749.0578: 2.148733,-1.16601,1.474657,11.96953
749.28: 2.301507,-0.8614074,1.460669,8.970671
749.5023: 2.45621,-0.5305032,1.460907,1.614319
749.7245: 2.52332,-0.1781446,1.455533,353.4148
749.9467: 2.534676,0.1909798,1.462348,353.8181
750.1689: 2.548838,0.5357826,1.479639,353.4208
750.3911: 2.583329,0.9285766,1.474249,350.226
750.6133: 2.60826,1.314544,1.503287,346.6488
750.8356: 2.615883,1.701277,1.459452,344.1115
751.0578: 2.608639,2.052204,1.492189,336.4384
751.28: 2.556118,2.389097,1.410512,320.0464
751.5023: 2.400597,2.658871,1.477902,301.9281
751.7245: 2.176221,2.834491,1.42886,292.1553
751.9467: 1.940315,2.933657,1.492433,279.418
752.1689: 1.697893,3.001232,1.456022,269.6556
752.3911: 1.477361,3.02463,1.483052,243.022
752.6133: 1.37373,3.017786,1.503027,193.211
752.8356: 1.308749,3.043037,1.513385,162.4483
753.0578: 1.220524,3.064866,1.500873,145.8661
Trial Result: Success object: Piano | Time Spent: 7.873375
Trial No.:23 Ends
Trial No.:9 Begins
User confirmed on object: Bookshelf, this maze officially starts.
782.1245: 1.771054,1.161394,1.536595,184.3907
782.3467: 1.758509,1.154835,1.532869,193.7155
782.5689: 1.747398,1.153345,1.528614,203.3523
782.7911: 1.735454,1.150263,1.521323,212.0425
783.0134: 1.702649,1.152004,1.508953,234.8811
783.2356: 1.660845,1.164452,1.488957,261.2455
783.4578: 1.592956,1.180039,1.480717,271.9167
783.68: 1.504859,1.188512,1.484229,269.1015
783.9022: 1.409752,1.151635,1.48072,259.1435
784.1245: 1.311805,1.09456,1.46492,265.205
784.3467: 1.205703,1.032997,1.484491,277.5535
784.5689: 1.084284,1.014499,1.482536,284.7698
784.7911: 0.9637907,1.039903,1.475876,284.3195
785.0134: 0.861119,1.075356,1.488773,282.1903
785.2356: 0.763652,1.081266,1.484894,277.6678
785.4578: 0.6446738,1.069048,1.470901,276.3357
785.68: 0.4852852,1.033132,1.477638,277.521
785.9022: 0.3186329,1.008691,1.494738,280.9854
786.1245: 0.1483869,1.008337,1.473672,284.1652
786.3467: -0.0386365,1.042478,1.472571,284.6333
786.5689: -0.2414472,1.042062,1.490122,285.1257
786.7911: -0.446734,1.010606,1.457561,284.9429
787.0134: -0.6520093,0.9745613,1.478843,288.9297
787.2356: -0.833411,0.9783943,1.477127,294.5099
787.4578: -1.010776,1.021498,1.462019,295.1931
787.68: -1.174653,1.084861,1.479589,309.9875
787.9022: -1.322078,1.150818,1.464114,344.1636
788.1245: -1.511499,1.180509,1.458464,12.20932
788.3467: -1.695038,1.254174,1.478841,25.08134
788.5689: -1.813821,1.382695,1.454738,35.60139
788.7911: -1.882147,1.527704,1.478033,47.97422
789.0134: -1.918188,1.629894,1.479845,56.8742
789.2356: -1.989152,1.736101,1.490289,35.71025
789.4578: -2.034712,1.820799,1.493525,6.361267
789.68: -2.036224,1.879518,1.482244,341.8604
789.9022: -1.999426,1.905786,1.47275,324.1565
790.1245: -1.968417,1.983229,1.468812,315.412
790.3467: -2.020241,2.116615,1.447786,308.3145
790.5689: -2.15237,2.295367,1.409771,301.9332
790.7911: -2.319806,2.478555,1.419008,293.3017
791.0134: -2.495702,2.627052,1.46949,287.9226
791.2356: -2.634959,2.731052,1.46208,278.1476
791.4578: -2.716115,2.79585,1.484287,272.6391
Trial Result: Success object: Stove | Time Spent: 9.562004
Trial No.:9 Ends
Trial No.:11 Begins
User confirmed on object: Trashcan, this maze officially starts.
816.38: 2.636589,1.01073,1.538791,85.09416
816.6022: 2.629363,1.009162,1.540525,91.30399
816.8245: 2.624732,1.005309,1.540105,96.88232
817.0467: 2.619177,0.9997609,1.535795,103.632
817.2689: 2.612747,1.003107,1.531956,105.5356
817.4911: 2.604718,0.9881386,1.528715,116.4574
817.7134: 2.506711,0.9212455,1.494072,186.2489
817.9355: 2.366175,0.9639928,1.494706,246.9455
818.1578: 2.233657,0.9950535,1.496788,259.2758
818.38: 2.093918,1.01829,1.494822,269.2989
818.6022: 1.94049,1.024471,1.50401,274.0753
818.8245: 1.777597,1.002166,1.495425,275.1398
819.0467: 1.594822,0.961645,1.488474,278.2741
819.2689: 1.391558,0.9660305,1.498188,280.1707
819.4911: 1.18193,1.015399,1.460657,277.2862
819.7134: 0.9620245,1.058933,1.495831,269.2235
819.9355: 0.7205116,1.054875,1.462915,256.7077
820.1578: 0.4456701,1.03692,1.480762,257.2423
820.38: 0.1687887,1.053356,1.491605,266.3759
820.6022: -0.1265329,1.091224,1.443331,261.6675
820.8245: -0.4242359,1.100069,1.500851,258.3193
821.0467: -0.7216505,1.072527,1.449788,256.2196
821.2689: -1.012985,1.04361,1.499985,260.2726
821.4911: -1.295757,1.032362,1.46404,260.7521
821.7134: -1.608773,1.0389,1.461024,246.5783
821.9355: -1.889938,0.9879214,1.491324,221.6083
822.1578: -2.143104,0.8973683,1.461398,197.9143
822.38: -2.359728,0.8026338,1.495779,172.3634
822.6022: -2.564775,0.6990687,1.457726,151.8988
822.8245: -2.746954,0.5713754,1.480967,133.9021
823.0467: -2.827057,0.4429987,1.476058,117.7267
Trial Result: Success object: Telescope | Time Spent: 6.97451
Trial No.:11 Ends
Trial No.:24 Begins
User confirmed on object: Chair, this maze officially starts.
842.0245: 0.8071848,-3.209815,1.529083,357.9258
842.2467: 0.8070555,-3.206414,1.527711,359.0298
842.4689: 0.8161075,-3.193282,1.522102,4.147605
842.6911: 0.8219695,-3.184725,1.520733,5.509824
842.9133: 0.8215795,-3.177674,1.518018,0.6198046
843.1356: 0.8054951,-3.16952,1.512629,344.9416
843.3578: 0.8267454,-3.13858,1.50884,353.5216
843.58: 0.9458182,-3.107957,1.489721,24.46412
843.8022: 1.124949,-3.078735,1.453514,33.25485
844.0245: 1.315719,-3.006739,1.475369,30.66823
844.2467: 1.480947,-2.875838,1.453165,24.94428
844.4689: 1.606855,-2.65059,1.438896,23.86437
844.6911: 1.740712,-2.397232,1.491368,23.3507
844.9133: 1.888894,-2.123307,1.431007,22.34067
845.1356: 2.02114,-1.834724,1.486184,19.81733
845.3578: 2.106056,-1.540462,1.445152,18.79927
845.58: 2.194808,-1.237622,1.474679,22.31644
845.8022: 2.329171,-0.957706,1.454501,26.92355
846.0245: 2.482447,-0.6604427,1.461684,22.55338
846.2467: 2.537902,-0.3396848,1.450324,18.03568
846.4689: 2.545351,-0.01784645,1.440656,19.62885
846.6911: 2.588159,0.2664438,1.494656,27.66802
846.9133: 2.64343,0.5393422,1.450006,33.30602
847.1356: 2.6828,0.7484465,1.509796,48.85575
Trial Result: Success object: Trashcan | Time Spent: 5.528713
Trial No.:24 Ends
Trial No.:22 Begins
User confirmed on object: Mailbox, this maze officially starts.
881.8911: -1.806377,-3.103509,1.533449,10.20415
882.1133: -1.799831,-3.102328,1.531227,8.890311
882.3356: -1.773341,-3.103275,1.527769,5.179997
882.5578: -1.748201,-3.094684,1.525239,7.830284
882.78: -1.742454,-3.086968,1.522668,9.795568
883.0023: -1.751119,-3.0819,1.521105,8.448737
883.2245: -1.761966,-3.074618,1.51993,5.620191
883.4467: -1.760211,-3.054457,1.51362,13.28746
883.6689: -1.750096,-3.039351,1.502993,25.72256
883.8911: -1.736329,-3.044278,1.498317,37.61477
884.1133: -1.709758,-3.048217,1.494257,47.74455
884.3356: -1.636838,-3.047588,1.484764,47.03189
884.5578: -1.503905,-3.030039,1.468398,37.77676
884.78: -1.363229,-2.966063,1.47756,26.17478
885.0023: -1.235231,-2.866922,1.454351,17.93347
885.2245: -1.13269,-2.703942,1.458415,18.84875
885.4467: -1.041972,-2.529213,1.476107,18.22314
885.6689: -0.940419,-2.326528,1.432331,16.78083
885.8911: -0.8409517,-2.115979,1.465703,14.71867
886.1133: -0.7989527,-1.882123,1.459654,13.55996
886.3356: -0.7680223,-1.61236,1.446916,23.7774
886.5578: -0.7021284,-1.388613,1.482933,33.85642
886.78: -0.5743396,-1.236499,1.454786,53.95216
887.0023: -0.4017002,-1.107614,1.459081,71.24364
887.2245: -0.2640612,-0.9651944,1.485373,78.08833
887.4467: -0.1719695,-0.811627,1.473807,69.37138
887.6689: -0.1200569,-0.6205237,1.481018,42.86334
887.8911: -0.06238605,-0.4314245,1.458834,25.61288
888.1133: 0.02959536,-0.2097113,1.45034,17.24258
888.3356: 0.07332736,0.054079,1.461366,20.71759
888.5578: 0.09653404,0.3222366,1.423529,43.38063
888.78: 0.1766022,0.5569384,1.47645,74.87719
889.0023: 0.2877734,0.7294501,1.445227,94.77744
889.2245: 0.4575709,0.9039144,1.477246,103.8741
889.4467: 0.6672083,1.041313,1.463904,111.216
889.6689: 0.8979419,1.134665,1.46365,123.8553
889.8911: 1.142712,1.12788,1.447355,134.2872
890.1133: 1.395369,1.045813,1.44482,140.8087
Trial Result: Success object: Bookshelf | Time Spent: 8.506311
Trial No.:22 Ends
Trial No.:5 Begins
User confirmed on object: Table, this maze officially starts.
912.4133: -1.976478,2.020734,1.514993,89.25124
912.6356: -1.970708,2.021293,1.515134,89.84576
912.8578: -1.965043,2.023455,1.513924,91.05436
913.08: -1.958103,2.024387,1.511844,92.77483
913.3022: -1.940281,2.003304,1.502154,106.952
913.5245: -1.916332,1.955087,1.478724,124.0342
913.7467: -1.89321,1.840431,1.459079,125.1322
913.9689: -1.859315,1.668967,1.428551,116.9034
914.1912: -1.769344,1.512407,1.470945,110.9442
914.4133: -1.628726,1.379549,1.431281,104.7024
914.6356: -1.426374,1.291217,1.448545,102.6912
914.8578: -1.216009,1.19156,1.461869,97.16394
915.08: -0.9890067,1.081734,1.440377,92.70091
915.3022: -0.7529798,1.049897,1.469328,90.8864
915.5245: -0.5014493,1.076524,1.433466,89.92205
915.7467: -0.2535492,1.108801,1.480157,94.84853
915.9689: 0.003035971,1.119204,1.44267,97.91866
916.1912: 0.2803187,1.105135,1.468171,98.1141
916.4133: 0.5563129,1.134101,1.466676,100.4388
916.6356: 0.8370138,1.178984,1.452755,109.2436
916.8578: 1.081456,1.154718,1.480669,125.5937
917.08: 1.315372,1.09453,1.452667,131.3461
Trial Result: Success object: Bookshelf | Time Spent: 5.019796
Trial No.:5 Ends
Trial No.:7 Begins
User confirmed on object: Plant, this maze officially starts.
942.48: -2.603116,-2.020824,1.52532,267.7684
942.7023: -2.604794,-2.032125,1.527919,271.8811
942.9244: -2.606688,-2.02529,1.521795,282.3225
943.1467: -2.600015,-1.979199,1.508291,316.9949
943.3689: -2.519938,-1.968351,1.462487,15.87858
943.5911: -2.443138,-2.005048,1.468636,51.65623
943.8134: -2.382234,-2.014018,1.475181,47.66431
944.0356: -2.394487,-1.961458,1.473106,23.85096
944.2578: -2.438928,-1.851843,1.464275,21.04114
944.48: -2.498638,-1.699033,1.442368,32.19123
944.7023: -2.46375,-1.533341,1.445462,51.1784
944.9244: -2.33615,-1.356611,1.425289,62.4067
945.1467: -2.194574,-1.21787,1.465044,71.62305
945.3689: -2.0269,-1.09731,1.454216,80.2455
945.5911: -1.857948,-0.9887701,1.472556,86.98523
945.8134: -1.663158,-0.9284199,1.4631,89.23747
946.0356: -1.420194,-0.9078043,1.462251,89.63265
946.2578: -1.170096,-0.8939908,1.488092,87.06165
946.48: -0.9157971,-0.8830177,1.459827,84.60659
946.7023: -0.6527902,-0.8704292,1.490883,89.12049
946.9244: -0.3781326,-0.8944602,1.452273,91.68928
947.1467: -0.07854813,-0.9431036,1.460547,87.88602
947.3689: 0.2015258,-0.9386361,1.483981,82.698
947.5911: 0.4754207,-0.9093266,1.457438,84.95715
947.8134: 0.7352214,-0.8885658,1.494701,89.53802
948.0356: 0.9973935,-0.8863125,1.454084,87.97121
948.2578: 1.267052,-0.8973098,1.482098,77.99665
948.48: 1.508072,-0.8704354,1.484527,70.96346
948.7023: 1.744148,-0.8085443,1.478827,68.07153
948.9244: 1.978065,-0.7341908,1.488792,62.3193
949.1467: 2.228131,-0.6364534,1.415268,45.04124
949.3689: 2.4326,-0.4686114,1.460256,27.34014
949.5911: 2.563453,-0.2428117,1.426549,22.19198
949.8134: 2.642978,0.01030939,1.474081,25.17985
950.0356: 2.694921,0.259986,1.470802,27.57144
Trial Result: Success object: Trashcan | Time Spent: 7.896467
Trial No.:7 Ends
Trial No.:21 Begins
User confirmed on object: Mailbox, this maze officially starts.
974.98: -1.781543,-3.080106,1.525413,352.7247
975.2023: -1.772187,-3.082322,1.524177,358.1302
975.4244: -1.773197,-3.077114,1.518001,358.8051
975.6467: -1.77244,-3.068137,1.513626,1.892535
975.8689: -1.728666,-3.044845,1.497837,29.34784
976.0911: -1.633169,-3.045445,1.484515,42.53183
976.3134: -1.490747,-3.0519,1.4601,43.93825
976.5356: -1.34154,-3.037154,1.479507,48.56359
976.7578: -1.206057,-3.006812,1.462893,56.12898
976.98: -1.106184,-2.894729,1.455484,50.50789
977.2023: -1.02006,-2.745962,1.467097,35.76971
977.4244: -0.9456095,-2.567554,1.460626,27.04293
977.6467: -0.8501678,-2.373926,1.436237,19.76054
977.8689: -0.7857357,-2.151873,1.469845,18.28517
978.0911: -0.7629763,-1.891462,1.419196,19.32489
978.3134: -0.7394837,-1.583561,1.446873,32.00529
978.5356: -0.6666418,-1.353015,1.476617,40.78084
978.7578: -0.5300825,-1.141331,1.432813,40.24687
978.98: -0.3335303,-0.8874735,1.453454,35.72065
979.2023: -0.1903257,-0.5899549,1.438465,29.91685
979.4244: -0.08899664,-0.2708127,1.430482,31.32327
979.6467: -0.003547873,0.008961411,1.489969,29.6446
979.8689: 0.1030591,0.2979462,1.449083,29.64347
980.0911: 0.2187532,0.5361263,1.485082,41.686
980.3134: 0.368198,0.7461003,1.439216,60.8919
980.5356: 0.566076,0.876607,1.469015,82.2675
980.7578: 0.811417,0.9327879,1.428999,88.41699
980.98: 1.097834,0.9503174,1.459868,87.24757
981.2023: 1.382178,0.9794,1.461191,84.87939
981.4244: 1.679528,1.014959,1.460613,89.01132
981.6467: 1.975092,1.027526,1.495039,89.58103
981.8689: 2.287452,1.017274,1.429381,87.37596
Trial Result: Success object: Trashcan | Time Spent: 7.307457
Trial No.:21 Ends
Trial No.:6 Begins
User confirmed on object: Table, this maze officially starts.
1003.713: -2.090203,1.97801,1.514526,86.30942
1003.936: -2.088644,1.978838,1.512571,84.40205
1004.158: -2.086199,1.970601,1.509797,88.83691
1004.38: -2.080368,1.956783,1.50555,95.38802
1004.602: -2.072935,1.950383,1.497821,97.0468
1004.824: -2.068324,1.930526,1.490688,109.9538
1005.047: -2.097885,1.88724,1.475068,150.2804
1005.269: -2.137911,1.843371,1.470364,170.3195
1005.491: -2.214752,1.752349,1.461121,173.0403
1005.713: -2.302765,1.619723,1.451939,173.6896
1005.936: -2.365178,1.474063,1.478426,173.4829
1006.158: -2.408308,1.322996,1.443242,173.7473
1006.38: -2.421058,1.107307,1.451237,177.349
1006.602: -2.45829,0.8553232,1.482833,179.7559
1006.824: -2.52482,0.5756459,1.43504,176.308
1007.047: -2.596948,0.2849676,1.490903,166.4452
1007.269: -2.621734,-0.01240362,1.452824,154.2692
1007.491: -2.635785,-0.3266217,1.480099,161.1647
1007.713: -2.65993,-0.6283298,1.463354,164.2184
1007.936: -2.703048,-0.9510831,1.462232,158.8512
1008.158: -2.711433,-1.254362,1.489024,153.1683
1008.38: -2.683296,-1.559177,1.466773,153.6397
1008.602: -2.659111,-1.833298,1.492835,151.4978
1008.824: -2.633993,-2.114941,1.435867,138.7928
1009.047: -2.581015,-2.407713,1.478942,118.6271
1009.269: -2.442937,-2.620611,1.455646,102.3066
1009.491: -2.194753,-2.791069,1.435425,98.36087
1009.713: -1.93783,-2.923812,1.478544,87.31143
1009.936: -1.649615,-3.058295,1.41614,82.70838
1010.158: -1.310654,-3.166543,1.481323,82.29768
1010.38: -0.9470369,-3.181737,1.429654,78.69823
1010.602: -0.6110282,-3.185242,1.482779,70.63456
1010.824: -0.2695636,-3.187173,1.44679,62.68208
1011.047: 0.07825426,-3.185379,1.470458,49.81298
1011.269: 0.3673178,-3.133464,1.470746,36.71775
Trial Result: Success object: Chair | Time Spent: 7.896399
Trial No.:6 Ends
Trial No.:1 Begins
User confirmed on object: Stove, this maze officially starts.
1032.524: -2.680892,3.014625,1.50849,257.4445
1032.747: -2.671144,3.020176,1.506056,262.0056
1032.969: -2.64139,3.01264,1.509203,265.6632
1033.191: -2.608979,2.979336,1.50531,256.4678
1033.413: -2.573729,2.927764,1.490438,213.6631
1033.636: -2.523437,2.93691,1.475122,162.8381
1033.858: -2.464475,2.95761,1.465072,132.4431
1034.08: -2.373853,2.957895,1.461995,119.4274
1034.302: -2.236042,2.950328,1.450871,109.5886
1034.524: -2.059537,2.932665,1.467782,104.1929
1034.747: -1.848194,2.886312,1.417861,97.99999
1034.969: -1.613678,2.851333,1.464725,95.24179
1035.191: -1.356468,2.880911,1.414482,94.75647
1035.413: -1.079356,2.920998,1.447144,102.6475
1035.636: -0.8310792,2.903651,1.457192,116.97
1035.858: -0.6012759,2.830448,1.439198,123.9503
1036.08: -0.4022917,2.739522,1.474003,137.1394
1036.302: -0.2154066,2.622336,1.432218,155.8154
1036.524: -0.1078742,2.454165,1.450729,162.2924
1036.747: -0.0665938,2.215079,1.410563,157.4883
1036.969: -0.02843888,1.946005,1.472065,144.9553
1037.191: 0.03460849,1.70432,1.446956,133.1466
1037.413: 0.1497399,1.479681,1.448679,128.444
1037.636: 0.3099405,1.291235,1.46579,121.3709
1037.858: 0.4852215,1.135368,1.430762,113.9845
1038.08: 0.6293168,1.020814,1.429223,156.9117
1038.302: 0.5816966,0.9435565,1.426044,191.5972
1038.524: 0.4455133,0.8579781,1.39323,192.649
1038.747: 0.2693401,0.7044345,1.407456,176.9059
1038.969: 0.1517536,0.4980541,1.462748,166.6682
1039.191: 0.0981765,0.2416125,1.420578,166.7335
1039.413: 0.09305358,-0.04833851,1.478795,159.9988
1039.636: 0.1023676,-0.3470106,1.432757,141.651
1039.858: 0.1712707,-0.6088828,1.458215,120.1244
1040.08: 0.3537893,-0.7677535,1.445414,104.8897
1040.302: 0.594564,-0.8666018,1.45266,100.6182
1040.524: 0.8605962,-0.9810178,1.461306,111.0126
1040.747: 1.142761,-1.105751,1.438923,115.3023
1040.969: 1.412061,-1.224619,1.486985,118.7533
1041.191: 1.67126,-1.367538,1.426309,122.7773
1041.413: 1.820024,-1.533312,1.481507,124.1585
1041.636: 1.876443,-1.711269,1.4573,116.4364
Trial Result: Success object: Well | Time Spent: 9.429031
Trial No.:1 Ends
Trial No.:3 Begins
User confirmed on object: Piano, this maze officially starts.
1060.88: 1.750278,3.093459,1.536772,178.8008
1061.102: 1.747322,3.092341,1.533419,183.3161
1061.324: 1.742651,3.096939,1.525869,191.6769
1061.547: 1.722982,3.106181,1.513434,207.4767
1061.769: 1.703275,3.115761,1.496169,223.9487
1061.991: 1.642367,3.120699,1.481867,232.2888
1062.213: 1.499663,3.129431,1.460978,232.8273
1062.436: 1.308147,3.117306,1.464816,232.2722
1062.658: 1.102993,3.052955,1.468265,230.6252
1062.88: 0.8997482,2.942086,1.446614,229.1388
1063.102: 0.6904436,2.837355,1.485307,234.6198
1063.324: 0.476563,2.73087,1.448355,228.7669
1063.547: 0.2542532,2.593966,1.451578,204.9806
1063.769: 0.129253,2.414735,1.47185,184.3532
1063.991: 0.06118689,2.202955,1.44886,180.992
1064.213: 0.02671637,1.965357,1.477351,183.1449
1064.436: -0.01683633,1.706114,1.433739,181.6198
1064.658: -0.05539438,1.415641,1.464831,177.4493
1064.88: -0.02294441,1.137935,1.468197,169.8997
1065.102: 0.03213759,0.8520974,1.452737,176.8785
1065.324: 0.05429155,0.5838556,1.483018,186.3504
1065.547: 0.05055412,0.2999102,1.449647,190.5415
1065.769: 0.02099857,0.01680493,1.486763,200.3548
1065.991: -0.01463548,-0.2605681,1.451003,210.2643
1066.213: -0.0919013,-0.5303801,1.462631,219.1404
1066.436: -0.2636322,-0.7418061,1.429672,222.235
1066.658: -0.4840603,-0.9668885,1.442628,208.9449
1066.88: -0.6294484,-1.217613,1.468067,194.1822
1067.102: -0.7177309,-1.504244,1.44238,194.7196
1067.324: -0.7916046,-1.787587,1.495038,198.2633
1067.547: -0.8683825,-2.09059,1.444491,202.3374
1067.769: -0.9733956,-2.362213,1.497717,230.7156
1067.991: -1.073827,-2.614713,1.454873,263.6622
1068.213: -1.173727,-2.867388,1.457757,292.5101
1068.436: -1.301329,-3.055614,1.475228,311.7327
Trial Result: Success object: Mailbox | Time Spent: 7.918524
Trial No.:3 Ends
Trial No.:20 Begins
User confirmed on object: Well, this maze officially starts.
1088.324: 1.807071,-1.955837,1.532828,98.48872
1088.547: 1.791105,-1.980532,1.532259,95.92472
1088.769: 1.790777,-2.000437,1.531386,98.4673
1088.991: 1.800632,-2.030685,1.528047,109.577
1089.213: 1.805754,-2.069957,1.510676,137.2739
1089.436: 1.724138,-2.071332,1.474157,203.128
1089.658: 1.638411,-1.992846,1.478283,251.3676
1089.88: 1.582451,-1.928038,1.491092,270.9823
1090.102: 1.576393,-1.88218,1.487821,290.986
1090.324: 1.608621,-1.851189,1.467687,314.1406
1090.547: 1.656931,-1.791306,1.478332,320.2821
1090.769: 1.697714,-1.685884,1.468702,315.7733
1090.991: 1.707782,-1.531058,1.455609,311.2487
1091.213: 1.64961,-1.388037,1.478163,305.4783
1091.436: 1.5386,-1.293698,1.450544,301.9473
1091.658: 1.392601,-1.222009,1.484259,302.8188
1091.88: 1.260704,-1.131954,1.483182,303.6741
1092.102: 1.181477,-1.021518,1.472431,322.6306
1092.324: 1.181173,-0.9801133,1.468701,359.0332
1092.547: 1.108472,-0.9474088,1.477978,338.4811
1092.769: 0.9817922,-0.9026084,1.459449,318.6532
1092.991: 0.7770795,-0.8460784,1.409792,315.8383
1093.213: 0.4837145,-0.7653224,1.405257,325.789
1093.436: 0.2836439,-0.6431251,1.45911,343.0191
1093.658: 0.1678141,-0.4908961,1.439264,350.9231
1093.88: 0.09297185,-0.254922,1.467692,356.047
1094.102: 0.04088765,0.0177112,1.451074,0.8003326
1094.324: -0.02535412,0.3389505,1.460264,7.948267
1094.547: -0.04335106,0.6547436,1.469638,13.48137
1094.769: -0.0318414,0.9982228,1.444401,14.69631
1094.991: -0.02462646,1.342917,1.48695,17.01862
1095.213: -0.0267099,1.717714,1.42827,24.10069
1095.436: 0.01532894,2.063235,1.494376,34.78679
1095.658: 0.0901986,2.382818,1.428637,49.20339
1095.88: 0.2131334,2.651037,1.472832,83.75677
1096.102: 0.339191,2.850544,1.449427,111.8537
1096.324: 0.4888158,3.055114,1.47407,118.5502
1096.547: 0.7056681,3.191455,1.451526,123.9936
1096.769: 0.9654163,3.232683,1.46034,128.9711
Trial Result: Success object: Piano | Time Spent: 8.884155
Trial No.:20 Ends
Trial No.:17 Begins
User confirmed on object: Harp, this maze officially starts.
1125.536: 1.713022,-1.027608,1.532255,356.7256
1125.758: 1.716971,-1.022842,1.530754,357.6796
1125.98: 1.721268,-1.02104,1.530196,359.9874
1126.202: 1.734003,-1.017751,1.528427,6.879144
1126.424: 1.739828,-1.010926,1.525103,6.201953
1126.647: 1.717631,-0.9976358,1.51979,350.7158
1126.869: 1.633066,-0.9931324,1.498797,317.1833
1127.091: 1.495866,-1.011082,1.469727,301.306
1127.313: 1.330671,-1.020136,1.471874,298.2569
1127.536: 1.162872,-1.003913,1.470531,298.5889
1127.758: 0.9675925,-0.9454666,1.427731,300.7444
1127.98: 0.7491997,-0.84615,1.455897,300.7712
1128.202: 0.5168099,-0.7549804,1.468926,307.4398
1128.424: 0.2764207,-0.6249999,1.431768,326.2508
1128.647: 0.1311905,-0.4548596,1.470531,341.711
1128.869: 0.06228408,-0.2287478,1.427899,340.7622
1129.091: 0.01330494,0.04002254,1.467829,331.9437
1129.313: -0.08159191,0.2990555,1.452381,320.7743
1129.536: -0.2139408,0.5431195,1.445452,317.9092
1129.758: -0.3827153,0.7573491,1.463529,309.9885
1129.98: -0.5858243,0.9531581,1.420325,300.0295
1130.202: -0.8673733,1.081403,1.435887,297.1035
1130.424: -1.209438,1.178984,1.391315,302.9034
1130.647: -1.48307,1.340843,1.442439,311.8571
1130.869: -1.673751,1.561913,1.416459,313.5818
1131.091: -1.847363,1.840561,1.452628,316.2567
1131.313: -2.007218,2.104206,1.449115,308.0002
1131.536: -2.168744,2.362434,1.445163,298.0045
1131.758: -2.318948,2.588615,1.492481,287.2612
1131.98: -2.497454,2.796664,1.431486,275.6106
1132.202: -2.638165,2.900689,1.491868,266.9335
Trial Result: Success object: Stove | Time Spent: 6.918718
Trial No.:17 Ends
