Participant ID: 447
Maze Mode: testing
Trial No.:18 Begins
User confirmed on object: Harp, this maze officially starts.
116.7422: 1.741906,-0.9250423,1.555896,0.1619445
116.9644: 1.767862,-0.9015689,1.550595,357.8188
117.1867: 1.777004,-0.8825626,1.550348,356.2032
117.4089: 1.774441,-0.8644295,1.551781,356.554
117.6311: 1.769738,-0.8548732,1.554206,356.301
117.8533: 1.768836,-0.8567501,1.553479,356.9281
118.0756: 1.76937,-0.8589599,1.553972,357.0767
118.2978: 1.767899,-0.8599049,1.555231,356.8652
118.52: 1.765488,-0.8598673,1.556093,356.7274
118.7422: 1.764578,-0.8586549,1.55611,356.9687
118.9644: 1.763286,-0.8594309,1.557137,356.6003
119.1867: 1.76146,-0.8635853,1.557816,356.1219
119.4089: 1.759867,-0.8661555,1.557656,356.0894
119.6311: 1.756819,-0.8697844,1.559537,356.3308
119.8533: 1.75444,-0.8892906,1.585266,356.3191
120.0756: 1.753481,-0.9224439,1.601695,355.022
120.2978: 1.757448,-0.9463099,1.608006,355.8822
120.52: 1.758021,-0.9481032,1.609288,355.6401
120.7422: 1.758276,-0.9499255,1.609612,355.655
120.9644: 1.759984,-0.9518241,1.609828,356.0676
121.1867: 1.762562,-0.9523785,1.61067,355.8325
121.4089: 1.768118,-0.953547,1.611092,354.8297
121.6311: 1.773806,-0.9697766,1.6055,347.6913
121.8533: 1.753623,-1.025757,1.597398,347.5099
122.0756: 1.734729,-1.056279,1.583319,6.536481
122.2978: 1.74383,-1.091473,1.563821,37.78708
122.52: 1.757703,-1.109629,1.559422,47.06395
122.7422: 1.811988,-1.117056,1.560752,41.20546
122.9644: 1.91257,-1.120634,1.555397,35.76947
123.1867: 2.020772,-1.106315,1.560166,32.7058
123.4089: 2.116476,-1.056834,1.562091,29.9224
123.6311: 2.20171,-0.9571958,1.544454,29.42706
123.8533: 2.289522,-0.8327604,1.554634,28.42095
124.0756: 2.391391,-0.7106225,1.563284,21.74365
124.2978: 2.509068,-0.5773184,1.540276,13.93363
124.52: 2.630724,-0.4262801,1.55189,2.358827
124.7422: 2.701309,-0.2631794,1.554066,351.0604
124.9644: 2.716495,-0.08997215,1.529767,352.5399
125.1867: 2.700309,0.08846473,1.550635,357.6013
125.4089: 2.696976,0.2588788,1.557324,354.4357
125.6311: 2.670795,0.4169922,1.535897,336.4083
125.8533: 2.629721,0.548894,1.543957,305.7792
126.0756: 2.569534,0.6634506,1.556496,287.5227
126.2978: 2.463788,0.7298128,1.544492,280.2722
126.52: 2.31364,0.7396255,1.53691,272.9518
126.7422: 2.194515,0.7397956,1.556074,253.4349
126.9644: 2.07347,0.771149,1.558336,245.4661
127.1867: 1.902487,0.8410411,1.543532,255.8447
127.4089: 1.697782,0.9347896,1.551481,270.0193
127.6311: 1.49578,0.9759889,1.559344,269.1721
127.8533: 1.291477,0.9825449,1.532423,266.1208
128.0756: 1.091834,0.961949,1.552065,253.1979
128.2978: 0.908272,0.9731544,1.557431,246.8432
128.52: 0.7233539,0.9906806,1.533436,235.1975
128.7422: 0.5484847,1.008376,1.547626,217.9523
128.9644: 0.3963754,1.010442,1.555738,213.8199
129.1867: 0.2664641,0.9797843,1.547829,206.9326
129.4089: 0.1175352,0.9277667,1.527433,216.7079
129.6311: -0.05968619,0.9032423,1.550046,251.2665
129.8533: -0.233146,0.9003483,1.545738,267.5178
130.0756: -0.4272576,0.935943,1.519921,274.4296
130.2978: -0.6253844,0.9883503,1.546429,280.1489
130.52: -0.8072212,1.010965,1.549212,281.3857
130.7422: -1.004239,1.018999,1.5286,286.1187
130.9644: -1.194734,1.042719,1.548353,300.7235
131.1867: -1.351365,1.089635,1.544372,315.7958
131.4089: -1.481112,1.173806,1.516544,331.8351
131.6311: -1.601278,1.277699,1.535037,345.0072
131.8533: -1.714563,1.394069,1.532262,354.2122
132.0756: -1.808602,1.518036,1.520801,17.65303
132.2978: -1.886336,1.642183,1.549934,34.90028
132.52: -1.926255,1.769037,1.547539,40.41932
132.7422: -1.943133,1.936592,1.527741,16.03727
132.9644: -1.945914,2.114074,1.526425,343.8298
133.1867: -1.971677,2.246978,1.540047,314.7785
133.4089: -2.017581,2.344407,1.534758,298.365
133.6311: -2.081712,2.436338,1.539871,298.7978
133.8533: -2.120065,2.539562,1.553989,327.691
134.0756: -2.121106,2.604299,1.561696,11.77685
134.2978: -2.108552,2.629471,1.552198,49.13102
134.52: -2.075748,2.658387,1.547153,70.56036
134.7422: -2.002806,2.698902,1.543148,77.5332
134.9644: -1.882715,2.738137,1.540754,81.48293
135.1867: -1.739336,2.788264,1.542475,83.67019
135.4089: -1.580835,2.854471,1.540422,88.53405
135.6311: -1.413129,2.944293,1.521245,93.78085
135.8533: -1.241394,3.034429,1.547142,98.46459
136.0756: -1.059962,3.070378,1.541744,101.6188
136.2978: -0.8550573,3.075088,1.517264,101.7999
136.52: -0.6410493,3.084368,1.548059,100.7207
136.7422: -0.443156,3.12031,1.544913,101.6976
136.9644: -0.2413536,3.188118,1.518416,102.4688
137.1867: -0.03162252,3.246681,1.553444,103.0657
137.4089: 0.1721749,3.254557,1.542466,103.3804
137.6311: 0.397794,3.224325,1.5202,98.98628
137.8533: 0.6214923,3.191046,1.552384,93.99441
138.0756: 0.8285631,3.180221,1.536861,95.32451
138.2978: 1.059566,3.196035,1.528356,97.42942
138.52: 1.283068,3.177404,1.558822,105.3116
138.7422: 1.488944,3.117232,1.530768,113.3653
138.9644: 1.697484,3.018701,1.530856,117.6814
139.1867: 1.899148,2.940906,1.557849,126.0405
139.4089: 2.099384,2.8763,1.530536,136.9637
139.6311: 2.300005,2.803146,1.537354,147.5457
139.8533: 2.451263,2.688684,1.551589,158.3846
140.0756: 2.540163,2.540316,1.527228,165.393
140.2978: 2.583224,2.362348,1.542557,178.2622
140.52: 2.634006,2.198429,1.556023,191.0391
140.7422: 2.684715,2.022641,1.531324,199.0556
140.9644: 2.737923,1.822883,1.548725,206.9695
141.1867: 2.735134,1.645144,1.561047,225.4781
141.4089: 2.683738,1.499947,1.544276,236.4657
141.6311: 2.560595,1.362499,1.539104,240.2397
141.8533: 2.433658,1.237865,1.550922,249.0311
142.0756: 2.29744,1.116849,1.531191,259.4707
142.2978: 2.151545,0.9922478,1.549051,264.1736
142.52: 1.979293,0.927852,1.550599,266.8948
142.7422: 1.779852,0.9280001,1.524146,269.2274
142.9644: 1.564721,0.9568243,1.548692,266.8097
143.1867: 1.36827,0.9531953,1.556738,261.9858
143.4089: 1.161943,0.9329116,1.52767,255.4861
143.6311: 0.9553995,0.9110777,1.55014,251.3281
143.8533: 0.7485414,0.9322287,1.549565,256.7838
144.0756: 0.5267628,0.9865344,1.520614,261.5892
144.2978: 0.2953768,1.033093,1.554711,264.7695
144.52: 0.07260324,1.032593,1.539932,263.8854
144.7422: -0.1538553,1.008034,1.521648,266.012
144.9644: -0.3813324,1.001667,1.554624,272.9269
145.1867: -0.5969267,1.016191,1.531229,275.8586
145.4089: -0.81612,1.049881,1.524674,274.8393
145.6311: -1.053144,1.061379,1.554569,269.5296
145.8533: -1.272207,1.033094,1.52096,258.4106
146.0756: -1.493513,0.9740006,1.527451,247.322
146.2978: -1.709012,0.9535859,1.544545,240.4073
146.52: -1.931793,0.940557,1.513181,230.202
Trial Result: Fail at object:  | Time Spent: 30
Trial No.:18 Ends
Trial No.:9 Begins
User confirmed on object: Bookshelf, this maze officially starts.
164.0756: 1.871115,1.072992,1.601576,189.2998
164.2978: 1.863945,1.063772,1.607477,188.3757
164.52: 1.858349,1.096402,1.605278,199.254
164.7422: 1.848047,1.149504,1.602461,206.7988
164.9644: 1.811466,1.215688,1.591394,207.4452
165.1867: 1.774963,1.270835,1.581255,197.9723
165.4089: 1.76328,1.303654,1.572813,185.3064
165.6311: 1.779857,1.322827,1.554382,172.2407
165.8533: 1.839915,1.317852,1.544711,148.4446
166.0756: 1.925663,1.276244,1.538194,139.5969
166.2978: 2.057228,1.20554,1.522898,138.1582
166.52: 2.204705,1.151819,1.547106,118.5967
166.7422: 2.305357,1.050591,1.560359,114.7556
166.9644: 2.362875,0.8740939,1.539319,143.9263
167.1867: 2.422925,0.7025009,1.550818,159.0422
167.4089: 2.49634,0.5257792,1.548159,170.9954
167.6311: 2.590614,0.3212709,1.520284,184.4879
167.8533: 2.654108,0.1310908,1.553315,194.8089
168.0756: 2.656949,-0.05614498,1.543471,201.7744
168.2978: 2.600873,-0.2583247,1.526578,206.2359
168.52: 2.525401,-0.4631082,1.553187,218.1473
168.7422: 2.456939,-0.6536677,1.534262,235.0949
168.9644: 2.387084,-0.8368052,1.53994,252.4505
169.1867: 2.281871,-0.9740973,1.555362,259.4221
169.4089: 2.144255,-1.083319,1.537592,235.9379
169.6311: 2.031928,-1.2016,1.545968,196.588
169.8533: 1.964785,-1.338384,1.539657,170.8367
170.0756: 1.941801,-1.502059,1.519339,157.5028
170.2978: 1.939421,-1.681874,1.550102,144.7105
170.52: 1.926557,-1.841346,1.548698,133.8637
170.7422: 1.887215,-2.044195,1.523706,136.541
170.9644: 1.866056,-2.247573,1.547554,132.9096
171.1867: 1.898602,-2.403474,1.540276,121.3566
171.4089: 1.962886,-2.542255,1.525532,118.5069
171.6311: 2.012481,-2.694471,1.553116,132.1351
171.8533: 1.934413,-2.830545,1.559895,188.6151
172.0756: 1.824365,-2.892909,1.550171,228.7345
172.2978: 1.685434,-2.936955,1.530118,252.38
172.52: 1.527339,-2.975127,1.54343,267.3888
172.7422: 1.367123,-3.022214,1.539644,275.1655
172.9644: 1.180329,-3.076712,1.517419,293.7864
173.1867: 1.006247,-3.110067,1.548573,316.2195
173.4089: 0.8390685,-3.109387,1.543247,330.1669
173.6311: 0.6212491,-3.093531,1.520207,312.032
173.8533: 0.402833,-3.08087,1.546954,291.797
174.0756: 0.2028429,-3.095925,1.53938,278.5737
174.2978: -0.01093501,-3.130179,1.526758,280.5523
174.52: -0.2272591,-3.148157,1.557704,285.4524
174.7422: -0.4436714,-3.135787,1.536636,289.0208
174.9644: -0.6606098,-3.103996,1.536757,287.3868
175.1867: -0.8849936,-3.101237,1.561051,281.2096
175.4089: -1.108891,-3.119544,1.527713,280.9816
175.6311: -1.343511,-3.144455,1.549187,289.596
175.8533: -1.552515,-3.12229,1.56145,297.7598
176.0756: -1.754516,-3.054729,1.524828,301.6635
176.2978: -1.948948,-2.949123,1.542111,305.7397
176.52: -2.122995,-2.850312,1.548349,317.2807
176.7422: -2.297257,-2.737512,1.521607,331.193
176.9644: -2.453272,-2.594563,1.551539,344.3734
177.1867: -2.535519,-2.408913,1.540736,359.5907
177.4089: -2.569098,-2.190791,1.524496,2.935395
177.6311: -2.598964,-1.970984,1.559796,3.572289
177.8533: -2.645017,-1.746177,1.535662,5.807217
178.0756: -2.700421,-1.505277,1.538265,9.838811
178.2978: -2.710342,-1.279869,1.559887,11.91734
178.52: -2.690002,-1.044439,1.524811,10.75141
178.7422: -2.659564,-0.7972183,1.544544,9.210915
178.9644: -2.66416,-0.561594,1.549088,7.524513
179.1867: -2.691612,-0.3226952,1.516209,10.05924
179.4089: -2.703491,-0.08552859,1.552192,17.60218
179.6311: -2.66409,0.129782,1.538746,24.4327
179.8533: -2.573384,0.3408922,1.526295,28.48287
180.0756: -2.491233,0.5460778,1.553635,32.48233
180.2978: -2.417189,0.7440866,1.532551,40.53822
180.52: -2.337474,0.9196444,1.532007,64.38035
180.7422: -2.239478,1.044154,1.548967,84.8169
180.9644: -2.120209,1.089152,1.542245,94.37153
181.1867: -1.954513,1.065712,1.527724,91.09789
181.4089: -1.763979,1.036137,1.548584,82.46243
181.6311: -1.571552,1.036146,1.542983,79.95393
181.8533: -1.364713,1.049408,1.514313,88.43227
182.0756: -1.152243,1.048004,1.550664,103.5382
182.2978: -0.9412942,1.024162,1.545541,100.2587
182.52: -0.730541,0.9717799,1.532302,92.71033
182.7422: -0.5241871,0.9141945,1.55983,99.52576
182.9644: -0.3110126,0.915127,1.534903,91.84707
183.1867: -0.08033314,0.941775,1.541318,94.81152
183.4089: 0.1407297,0.9477713,1.554017,95.47987
183.6311: 0.3642153,0.9350278,1.519798,95.60575
183.8533: 0.6029904,0.9107363,1.537175,93.72534
184.0756: 0.8310158,0.9256206,1.543701,90.27889
184.2978: 1.054222,0.9759087,1.509933,88.26173
184.52: 1.275599,1.032613,1.545303,88.99213
184.7422: 1.491626,1.049575,1.544388,88.69578
184.9644: 1.722172,1.068177,1.515376,74.8614
185.1867: 1.936239,1.107902,1.549209,50.83788
185.4089: 2.11114,1.182701,1.536415,35.99412
185.6311: 2.255962,1.308829,1.525042,24.58508
185.8533: 2.368261,1.446868,1.546766,12.4985
186.0756: 2.461296,1.618642,1.52444,355.0457
186.2978: 2.573595,1.830024,1.524282,345.2195
186.52: 2.623826,2.036486,1.55031,333.4617
186.7422: 2.601885,2.226894,1.51828,323.3331
186.9644: 2.524705,2.419817,1.530637,312.272
187.1867: 2.459095,2.586853,1.543832,294.5712
187.4089: 2.378995,2.759364,1.517613,273.2125
187.6311: 2.283629,2.932437,1.542905,253.1224
187.8533: 2.17668,3.039346,1.549674,234.1953
188.0756: 2.041424,3.10347,1.53031,227.4014
188.2978: 1.855917,3.162577,1.553108,243.7368
188.52: 1.648455,3.225004,1.544964,256.2672
188.7422: 1.423137,3.306547,1.517722,262.5963
188.9644: 1.192121,3.363681,1.553498,263.6128
189.1867: 0.9601781,3.359717,1.528967,262.9229
189.4089: 0.7064408,3.314111,1.531566,264.4638
189.6311: 0.4645244,3.297344,1.563388,266.8447
189.8533: 0.2108797,3.294738,1.520149,264.1971
190.0756: -0.05115429,3.304524,1.535035,262.7152
190.2978: -0.2867087,3.274897,1.550008,259.9878
190.52: -0.5209561,3.22141,1.51694,260.5909
190.7422: -0.7488867,3.174273,1.553477,263.4552
190.9644: -0.9698201,3.15338,1.542157,264.8173
191.1867: -1.202077,3.156358,1.522669,263.4211
191.4089: -1.412698,3.146624,1.555012,262.3923
191.6311: -1.602857,3.104715,1.541119,264.4927
191.8533: -1.794537,3.02489,1.528621,270.659
192.0756: -1.959434,2.970004,1.55363,272.6233
192.2978: -2.106359,2.954259,1.539723,271.9063
192.52: -2.252267,2.968365,1.539889,270.1395
192.7422: -2.377509,2.975143,1.54894,269.2222
192.9644: -2.48349,2.971094,1.549505,269.6266
193.1867: -2.588305,2.950116,1.536107,270.8669
Trial Result: Success object: Stove | Time Spent: 29.38646
Trial No.:9 Ends
Trial No.:7 Begins
User confirmed on object: Plant, this maze officially starts.
209.3978: -2.680997,-2.053409,1.598536,274.2318
209.62: -2.708704,-2.027632,1.600427,273.175
209.8422: -2.690509,-2.031016,1.596461,273.1319
210.0645: -2.646513,-2.064486,1.585938,270.8049
210.2867: -2.588383,-2.145789,1.563981,247.5631
210.5089: -2.524059,-2.224439,1.54721,219.1015
210.7311: -2.490305,-2.266345,1.544708,190.0659
210.9533: -2.484515,-2.274222,1.544155,148.9467
211.1756: -2.483225,-2.254133,1.546396,113.2258
211.3978: -2.468876,-2.208332,1.547841,80.25896
211.62: -2.498142,-2.170942,1.552997,42.35688
211.8422: -2.529196,-2.164111,1.549703,11.15588
212.0645: -2.538815,-2.11659,1.549246,358.4319
212.2867: -2.568192,-2.012132,1.537933,1.10329
212.5089: -2.628103,-1.854409,1.542129,6.862041
212.7311: -2.66461,-1.675242,1.558532,8.412207
212.9533: -2.657537,-1.464915,1.519376,8.49475
213.1756: -2.605645,-1.213486,1.543686,8.497887
213.3978: -2.605944,-0.981909,1.556491,7.357961
213.62: -2.63949,-0.7262268,1.513915,7.501827
213.8422: -2.669925,-0.4712729,1.550013,9.579368
214.0645: -2.64865,-0.2317923,1.538923,14.77242
214.2867: -2.582948,0.02084621,1.522059,17.19202
214.5089: -2.5185,0.2729676,1.557262,25.74839
214.7311: -2.47281,0.4885967,1.526188,34.50772
214.9533: -2.403651,0.7077078,1.536119,51.3917
215.1756: -2.296662,0.8375927,1.551204,74.45218
215.3978: -2.131903,0.910097,1.523151,86.20176
215.62: -1.924926,0.9507412,1.540343,85.35777
215.8422: -1.719294,0.9990607,1.539276,87.76463
216.0645: -1.495358,1.058654,1.514192,91.57693
216.2867: -1.266941,1.094052,1.551268,96.47598
216.5089: -1.052183,1.083473,1.536725,99.45214
216.7311: -0.8301177,1.054967,1.525266,92.99559
216.9533: -0.6106801,1.067616,1.552892,66.91003
217.1756: -0.4332656,1.121914,1.52454,35.20779
217.3978: -0.2855154,1.196202,1.516835,14.11714
217.62: -0.1600421,1.278069,1.540794,357.1142
217.8422: -0.02779765,1.396782,1.531501,353.0863
218.0645: 0.0467044,1.564932,1.533724,348.1484
218.2867: 0.03994075,1.782635,1.499225,345.2321
218.5089: -0.001679514,1.998451,1.539187,336.4618
218.7311: -0.02303609,2.189043,1.53773,319.4936
218.9533: -0.02439501,2.393858,1.508921,301.9571
219.1756: -0.02170574,2.586021,1.54166,285.325
219.3978: -0.03697981,2.724237,1.544235,276.39
219.62: -0.05897687,2.888435,1.531767,312.76
219.8422: -0.01108438,3.024412,1.54677,32.9297
220.0645: 0.02123049,3.082659,1.548429,83.44612
220.2867: 0.07751077,3.127636,1.543576,111.3891
220.5089: 0.1916988,3.157594,1.533986,113.9078
220.7311: 0.3650051,3.163,1.544327,106.4953
220.9533: 0.5579962,3.191477,1.539643,98.68516
221.1756: 0.7746153,3.253091,1.513051,98.46344
221.3978: 0.9899349,3.298415,1.553701,104.2668
221.62: 1.194305,3.282542,1.541566,110.9163
221.8422: 1.411893,3.220906,1.524835,116.4189
222.0645: 1.626503,3.1637,1.553958,123.4273
222.2867: 1.842258,3.110956,1.530991,132.5604
222.5089: 2.0603,3.051706,1.53492,142.8597
222.7311: 2.233797,2.936808,1.554539,151.1071
222.9533: 2.359714,2.766346,1.519279,156.187
223.1756: 2.458394,2.569945,1.548296,156.5954
223.3978: 2.548758,2.385474,1.551603,158.5227
223.62: 2.643514,2.179162,1.522723,159.9516
223.8422: 2.717366,1.974022,1.555054,156.9942
224.0645: 2.749435,1.778152,1.549625,151.5935
224.2867: 2.769073,1.570338,1.529311,141.5518
224.5089: 2.819198,1.391993,1.559241,131.0008
224.7311: 2.884093,1.283032,1.550112,124.515
Trial Result: Success object: Trashcan | Time Spent: 15.64842
Trial No.:7 Ends
Trial No.:2 Begins
User confirmed on object: Stove, this maze officially starts.
245.7422: -2.654691,2.952884,1.591016,270.6715
245.9644: -2.678404,2.976695,1.593329,269.0963
246.1867: -2.677067,3.014963,1.594738,268.8526
246.4089: -2.662262,3.033744,1.594841,258.3006
246.6311: -2.648445,3.051545,1.591055,253.869
246.8533: -2.634324,3.008785,1.563334,216.0625
247.0756: -2.578312,2.974646,1.540965,171.9423
247.2978: -2.512157,2.958328,1.532099,135.3415
247.52: -2.452297,2.935662,1.528479,116.0323
247.7422: -2.385834,2.913401,1.536084,101.1849
247.9644: -2.313618,2.900801,1.536708,71.1503
248.1867: -2.2181,2.832687,1.529085,64.70247
248.4089: -2.077177,2.794468,1.531771,75.13593
248.6311: -1.895109,2.830576,1.502259,84.98111
248.8533: -1.676584,2.931374,1.530069,89.69861
249.0756: -1.466179,2.97276,1.550593,95.05051
249.2978: -1.244857,2.978405,1.51069,98.04295
249.52: -1.016148,2.957272,1.539014,100.6507
249.7422: -0.8015146,2.937512,1.540724,115.5085
249.9644: -0.584806,2.9078,1.511132,139.8308
250.1867: -0.391089,2.849626,1.542087,160.6583
250.4089: -0.2745924,2.738772,1.538106,175.2395
250.6311: -0.2150389,2.553871,1.524739,178.1644
250.8533: -0.1616653,2.355172,1.549925,181.2159
251.0756: -0.1010543,2.150938,1.532783,183.0498
251.2978: -0.01972655,1.916018,1.530964,184.2896
251.52: 0.01786027,1.6899,1.556885,187.3067
251.7422: 0.02001754,1.456945,1.520685,190.0751
251.9644: -0.001204696,1.221134,1.541485,191.5418
252.1867: 0.01033002,1.004731,1.552702,197.4627
252.4089: 0.04289638,0.7914053,1.519605,205.98
252.6311: 0.05740886,0.592684,1.549983,216.7003
252.8533: 0.0168103,0.4400919,1.54582,224.7833
253.0756: -0.07126458,0.3270712,1.536807,229.1164
Trial Result: Success object: Wheelbarrow | Time Spent: 7.575132
Trial No.:2 Ends
Trial No.:15 Begins
User confirmed on object: Wheelbarrow, this maze officially starts.
268.0756: 0.1126717,-0.09232046,1.592942,277.4715
268.2978: 0.09437999,-0.07749088,1.594664,278.3087
268.52: 0.1041431,-0.01685584,1.584791,292.0634
268.7422: 0.1256634,0.08822671,1.567014,317.7707
268.9644: 0.1402597,0.1869701,1.539667,338.5409
269.1867: 0.1284184,0.2745062,1.529639,358.9703
269.4089: 0.06157974,0.3698989,1.529661,8.586281
269.6311: -0.009426119,0.4900246,1.547415,11.06123
269.8533: -0.04649407,0.6488466,1.525107,8.052506
270.0756: -0.03351809,0.8633678,1.514082,2.618162
270.2978: -0.02237606,1.093463,1.54486,2.801417
270.52: -0.03955223,1.330235,1.51893,1.25469
270.7422: -0.07359549,1.577476,1.524559,4.196119
270.9644: -0.07286728,1.803241,1.543841,7.628929
271.1867: -0.03170568,2.027242,1.507997,19.72498
271.4089: 0.04338937,2.24075,1.523982,42.13372
271.6311: 0.09077911,2.434645,1.536942,58.49741
271.8533: 0.1359373,2.623124,1.509574,77.55342
272.0756: 0.1797467,2.808664,1.540396,91.81897
272.2978: 0.2563789,2.954102,1.54393,97.33002
272.52: 0.3868309,3.062427,1.530158,102.3089
272.7422: 0.4890012,3.148035,1.547804,107.5412
272.9644: 0.5499135,3.225522,1.555609,114.7484
273.1867: 0.5373404,3.257748,1.549773,168.2925
273.4089: 0.4605423,3.314194,1.551945,216.048
273.6311: 0.3406865,3.350085,1.553781,241.3156
273.8533: 0.1813824,3.374128,1.540531,254.8074
274.0756: 0.02268615,3.370641,1.549267,262.3408
274.2978: -0.1527766,3.320723,1.530001,261.5773
274.52: -0.3476465,3.229647,1.529161,259.7852
274.7422: -0.5383546,3.170044,1.558524,259.5319
274.9644: -0.7227421,3.140439,1.531307,259.6646
275.1867: -0.9294827,3.13807,1.531715,257.4143
275.4089: -1.119379,3.118339,1.551167,259.6237
275.6311: -1.276131,3.052336,1.532322,252.2014
275.8533: -1.406253,2.912329,1.525171,225.8204
276.0756: -1.523778,2.788931,1.532599,202.357
276.2978: -1.638672,2.653065,1.516488,186.2884
276.52: -1.760867,2.498227,1.516763,168.5614
276.7422: -1.822253,2.338679,1.543286,143.6295
276.9644: -1.841876,2.192544,1.527981,127.2346
277.1867: -1.844933,1.990102,1.541777,149.8972
277.4089: -1.888689,1.791887,1.548879,182.3212
277.6311: -1.965292,1.617296,1.523067,205.9124
277.8533: -2.054893,1.449081,1.529759,215.2034
278.0756: -2.118835,1.270059,1.547496,202.9251
278.2978: -2.192101,1.094515,1.518838,194.3001
278.52: -2.282344,0.9192358,1.545885,187.2525
278.7422: -2.402785,0.757308,1.53613,176.6689
278.9644: -2.54948,0.6068974,1.531623,165.7457
279.1867: -2.667377,0.4314945,1.55434,166.3536
279.4089: -2.725463,0.2245299,1.519304,171.3551
279.6311: -2.745516,-0.0005733729,1.538023,181.3937
279.8533: -2.77367,-0.2126524,1.554989,182.0826
280.0756: -2.819925,-0.4318335,1.524361,173.1819
280.2978: -2.851051,-0.6537347,1.551574,156.0263
280.52: -2.800582,-0.8214278,1.549955,119.8547
280.7422: -2.720754,-0.9830408,1.511177,93.83424
280.9644: -2.646744,-1.140327,1.538753,73.38229
281.1867: -2.599081,-1.351789,1.551434,87.71648
281.4089: -2.603025,-1.624549,1.529513,131.1738
281.6311: -2.612067,-1.857996,1.553463,154.767
281.8533: -2.587485,-2.06377,1.551905,169.1967
282.0756: -2.5224,-2.243431,1.539016,167.5679
282.2978: -2.440877,-2.41798,1.554178,139.8935
282.52: -2.375679,-2.593302,1.52959,112.2731
282.7422: -2.310706,-2.761063,1.538057,85.61559
282.9644: -2.214459,-2.879175,1.550497,62.99697
283.1867: -2.109035,-2.925867,1.532678,48.8492
283.4089: -2.015819,-2.924723,1.555824,37.46284
283.6311: -1.927231,-2.898911,1.569186,24.87384
Trial Result: Success object: Mailbox | Time Spent: 15.8375
Trial No.:15 Ends
Trial No.:22 Begins
User confirmed on object: Mailbox, this maze officially starts.
300.72: -1.823738,-3.003984,1.600238,1.644702
300.9422: -1.818521,-3.007934,1.600891,5.689448
301.1645: -1.765668,-3.021245,1.588561,22.57266
301.3867: -1.664135,-3.053523,1.567627,45.73572
301.6089: -1.557477,-3.094106,1.550967,65.31647
301.8311: -1.452929,-3.103726,1.541121,82.93203
302.0533: -1.335209,-3.040364,1.529376,82.61552
302.2756: -1.200788,-2.976639,1.549937,81.88134
302.4978: -1.05424,-2.956936,1.557122,83.51311
302.72: -0.8787031,-2.982644,1.532209,84.84789
302.9422: -0.6622245,-3.035384,1.535151,84.69962
303.1645: -0.4597306,-3.057575,1.56214,82.27226
303.3867: -0.2437314,-3.061769,1.528024,84.33662
303.6089: 0.002137891,-3.066539,1.542595,90.83309
303.8311: 0.2328949,-3.100801,1.560184,87.86879
304.0533: 0.4579797,-3.14581,1.524541,84.55461
304.2756: 0.6958859,-3.18465,1.554352,72.37427
304.4978: 0.9037561,-3.181295,1.556903,66.54367
304.72: 1.10357,-3.141522,1.533252,69.28754
304.9422: 1.268118,-3.055865,1.556429,50.31378
305.1645: 1.41473,-2.957031,1.542655,25.28347
305.3867: 1.5466,-2.852987,1.525967,350.0013
305.6089: 1.668307,-2.70711,1.547027,341.3617
305.8311: 1.729021,-2.494654,1.519619,350.4348
306.0533: 1.734334,-2.280898,1.543025,1.662922
306.2756: 1.768302,-2.095865,1.563887,18.54853
306.4978: 1.806557,-1.906032,1.534174,18.74875
306.72: 1.808556,-1.711426,1.547756,341.9519
306.9422: 1.788815,-1.568144,1.558076,304.744
307.1645: 1.777029,-1.464048,1.539854,285.2036
307.3867: 1.773434,-1.355382,1.550606,275.1037
307.6089: 1.830988,-1.240359,1.55897,286.0696
307.8311: 1.934089,-1.152986,1.547246,290.5089
308.0533: 2.023734,-1.074378,1.559489,304.625
308.2756: 2.174296,-0.9953068,1.549683,344.0352
308.4978: 2.296349,-0.910288,1.5455,4.300532
308.72: 2.385285,-0.7699122,1.520918,7.051468
308.9422: 2.461421,-0.5976386,1.545275,11.56737
309.1645: 2.54086,-0.4277562,1.557843,6.851038
309.3867: 2.648864,-0.2440036,1.525797,3.327242
309.6089: 2.761657,-0.06178656,1.552798,356.2567
309.8311: 2.810803,0.1132783,1.557078,349.5923
310.0533: 2.811069,0.30664,1.525715,350.5921
310.2756: 2.790991,0.5025653,1.554228,353.258
310.4978: 2.786011,0.6871436,1.549263,354.2819
310.72: 2.79638,0.9030913,1.525508,354.1864
310.9422: 2.803605,1.130014,1.558099,354.3686
311.1645: 2.769157,1.346032,1.54653,353.7247
311.3867: 2.70854,1.57432,1.526617,353.2235
311.6089: 2.655261,1.799646,1.556692,345.4378
311.8311: 2.614279,2.029137,1.5245,330.4295
312.0533: 2.591209,2.276796,1.518615,315.3784
312.2756: 2.525718,2.490173,1.548488,295.3734
312.4978: 2.404716,2.649562,1.516484,275.2961
312.72: 2.244854,2.776964,1.532359,257.0923
312.9422: 2.091733,2.906546,1.549152,249.0738
313.1645: 1.905201,3.061597,1.514781,258.0324
313.3867: 1.683118,3.198511,1.548456,264.4106
313.6089: 1.449446,3.245683,1.53686,261.1468
313.8311: 1.199187,3.239167,1.522832,264.404
314.0533: 0.9643666,3.245267,1.557259,267.9064
314.2756: 0.7231824,3.267441,1.521339,267.1938
314.4978: 0.4642587,3.313158,1.535971,267.1805
314.72: 0.2089829,3.322736,1.5595,264.6782
314.9422: -0.05959558,3.306634,1.514708,265.9999
315.1645: -0.3181113,3.287776,1.546648,265.9646
315.3867: -0.5616764,3.299849,1.541731,265.4325
315.6089: -0.8119228,3.329655,1.516705,264.2023
315.8311: -1.062015,3.336089,1.553123,259.9144
316.0533: -1.296672,3.310635,1.524106,260.3979
316.2756: -1.521064,3.256728,1.52347,256.8114
316.4978: -1.67991,3.193278,1.552087,222.6677
316.72: -1.795348,3.137633,1.530522,183.8429
316.9422: -1.902813,3.068241,1.537807,160.89
317.1645: -1.956712,2.943326,1.526018,154.7048
317.3867: -1.957806,2.7516,1.513514,168.0404
317.6089: -1.950039,2.556979,1.547168,177.1563
317.8311: -1.959619,2.36054,1.529756,167.932
318.0533: -2.010603,2.143658,1.51667,161.4245
318.2756: -2.059811,1.919131,1.551087,171.3912
318.4978: -2.081928,1.702524,1.528593,179.7575
318.72: -2.094302,1.486972,1.538218,188.021
318.9422: -2.159659,1.304801,1.546226,194.5166
319.1645: -2.281727,1.138408,1.517529,190.5677
319.3867: -2.439136,0.9751614,1.535507,176.1017
319.6089: -2.550337,0.8158722,1.544885,169.7005
319.8311: -2.623195,0.6283508,1.519292,172.3095
320.0533: -2.662464,0.4162596,1.537721,177.4975
320.2756: -2.708281,0.2224822,1.553384,181.314
320.4978: -2.751365,0.02068749,1.521415,182.0586
320.72: -2.800108,-0.2024124,1.544074,169.5619
320.9422: -2.800553,-0.3846192,1.55247,155.4758
321.1645: -2.744145,-0.5258919,1.52152,124.2917
321.3867: -2.684239,-0.6386274,1.533876,102.4431
321.6089: -2.608167,-0.763528,1.534363,90.09914
321.8311: -2.487731,-0.9191418,1.522409,90.73296
322.0533: -2.324681,-1.026776,1.553264,81.33049
322.2756: -2.129918,-1.062934,1.531497,86.47156
322.4978: -1.90047,-1.030073,1.52938,93.81894
322.72: -1.67964,-1.012226,1.559551,94.97543
322.9422: -1.451506,-1.014348,1.523145,89.04298
323.1645: -1.192268,-1.047965,1.541388,86.87592
323.3867: -0.9447263,-1.047516,1.562169,87.47047
323.6089: -0.6930886,-1.019035,1.520942,87.47911
323.8311: -0.4404749,-0.9865203,1.554837,87.52661
324.0533: -0.2081896,-0.9947162,1.554707,85.96124
324.2756: 0.03584883,-1.034957,1.527345,87.21876
324.4978: 0.275684,-1.072448,1.566614,91.59238
324.72: 0.5104586,-1.079752,1.545198,96.48035
324.9422: 0.7493125,-1.068125,1.536571,104.2739
325.1645: 0.968815,-1.089593,1.565065,115.5768
325.3867: 1.168959,-1.156978,1.53075,126.7241
325.6089: 1.345733,-1.279243,1.532362,144.1744
325.8311: 1.463843,-1.394862,1.546103,173.9488
326.0533: 1.563613,-1.518415,1.531625,199.4836
326.2756: 1.688273,-1.673262,1.54359,191.7071
326.4978: 1.776791,-1.863926,1.54526,162.7018
326.72: 1.802142,-2.06875,1.516,138.8372
326.9422: 1.812365,-2.269906,1.546387,122.549
327.1645: 1.86844,-2.452243,1.533855,110.3269
327.3867: 1.963111,-2.598218,1.513448,99.76936
327.6089: 2.046903,-2.707631,1.546999,84.73574
327.8311: 2.076932,-2.769238,1.560395,47.62922
328.0533: 2.036191,-2.856652,1.548739,347.1808
328.2756: 1.994178,-2.964202,1.553681,308.4652
328.4978: 1.92809,-3.031893,1.5583,287.6984
328.72: 1.816514,-3.090424,1.558322,280.4908
328.9422: 1.659827,-3.178652,1.543115,269.6118
329.1645: 1.504734,-3.208088,1.55423,268.7981
329.3867: 1.324845,-3.180403,1.530194,273.894
329.6089: 1.113999,-3.110068,1.531407,271.3369
329.8311: 0.9090495,-3.071245,1.56091,273.1828
330.0533: 0.7144758,-3.064114,1.532565,277.4164
330.2756: 0.4814991,-3.092184,1.544497,280.0666
330.4978: 0.2629672,-3.092197,1.562275,282.2278
Trial Result: Fail at object:  | Time Spent: 30
Trial No.:22 Ends
Trial No.:21 Begins
User confirmed on object: Mailbox, this maze officially starts.
348.9644: -1.920909,-3.033927,1.596026,9.75614
349.1867: -1.924138,-3.024447,1.600111,12.5742
349.4089: -1.894537,-3.052161,1.5952,19.97746
349.6311: -1.819834,-3.093409,1.58173,34.86766
349.8533: -1.721202,-3.14719,1.579344,42.35648
350.0756: -1.609224,-3.201144,1.564993,54.16036
350.2978: -1.492412,-3.21419,1.547401,76.4744
350.52: -1.373398,-3.141768,1.526211,82.66791
350.7422: -1.241809,-3.04076,1.552351,83.00443
350.9644: -1.086254,-2.981043,1.55664,84.84896
351.1867: -0.9158231,-2.933117,1.52667,63.75271
351.4089: -0.8028604,-2.836036,1.549609,18.41915
351.6311: -0.7766434,-2.724624,1.539922,349.6065
351.8533: -0.8128155,-2.565495,1.524594,337.994
352.0756: -0.8468031,-2.378823,1.550671,344.012
352.2978: -0.8586448,-2.174877,1.536929,342.5938
352.52: -0.8581238,-1.963285,1.525143,330.361
352.7422: -0.885981,-1.744022,1.556516,318.2609
352.9644: -0.9762695,-1.565103,1.532251,306.6148
353.1867: -1.123962,-1.41874,1.536191,294.4431
353.4089: -1.260923,-1.303837,1.547764,272.416
353.6311: -1.414618,-1.188661,1.527219,254.1593
353.8533: -1.583505,-1.070205,1.545425,248.5462
354.0756: -1.743531,-1.02442,1.553362,238.2606
354.2978: -1.918636,-1.050349,1.520877,223.6144
354.52: -2.100142,-1.110375,1.532047,209.9826
354.7422: -2.246074,-1.13997,1.544157,195.3611
354.9644: -2.383956,-1.148753,1.539661,176.8714
355.1867: -2.472551,-1.122801,1.549915,128.4386
355.4089: -2.54215,-1.01742,1.556646,74.52717
355.6311: -2.62876,-0.8745636,1.556363,37.01054
355.8533: -2.704584,-0.7242929,1.549271,26.20097
356.0756: -2.755733,-0.5721813,1.558632,20.35118
356.2978: -2.777765,-0.4102355,1.545501,354.9728
356.52: -2.73493,-0.2515075,1.531,338.8284
356.7422: -2.651325,-0.07635012,1.54932,356.5759
356.9644: -2.610015,0.1120207,1.53447,16.89121
357.1867: -2.602357,0.3079983,1.519641,32.00354
357.4089: -2.573686,0.5034511,1.550871,43.46439
357.6311: -2.469656,0.6656384,1.532683,63.7771
357.8533: -2.323026,0.8090618,1.524731,81.30357
358.0756: -2.196589,0.9602852,1.547103,85.71555
358.2978: -2.100041,1.164791,1.526654,57.57384
358.52: -2.040609,1.380884,1.525042,19.39017
358.7422: -1.970556,1.570625,1.543675,355.238
358.9644: -1.90366,1.754959,1.519425,335.5164
359.1867: -1.829339,1.951752,1.529113,319.3142
359.4089: -1.80753,2.139367,1.545557,312.6382
359.6311: -1.798307,2.345618,1.517943,344.1932
359.8533: -1.768465,2.521338,1.527665,35.31512
360.0756: -1.694398,2.655088,1.53497,69.78896
360.2978: -1.568827,2.772964,1.507629,93.06038
360.52: -1.414248,2.887643,1.536359,103.0093
360.7422: -1.244192,3.009027,1.537288,103.6481
360.9644: -1.047576,3.135012,1.517832,105.4073
361.1867: -0.8375711,3.211923,1.550363,122.375
361.4089: -0.6380927,3.23146,1.525569,142.2449
361.6311: -0.4235822,3.211428,1.525062,151.0727
361.8533: -0.2085702,3.216921,1.550309,141.2484
362.0756: 0.02830604,3.243039,1.523051,122.1161
362.2978: 0.2653697,3.256752,1.547218,113.7243
362.52: 0.4969336,3.241463,1.551423,99.35718
362.7422: 0.7292809,3.195223,1.516381,90.03763
362.9644: 0.9627035,3.125422,1.555356,91.20012
363.1867: 1.19102,3.091044,1.543294,96.90481
363.4089: 1.429762,3.078032,1.529678,108.127
363.6311: 1.656828,3.039158,1.56281,117.2797
363.8533: 1.862413,2.966944,1.535841,125.2384
364.0756: 2.058789,2.85613,1.541418,132.2979
364.2978: 2.236812,2.747828,1.555533,141.8313
364.52: 2.406945,2.628194,1.532652,150.0055
364.7422: 2.576301,2.488296,1.550886,155.622
364.9644: 2.684056,2.305118,1.550605,159.1301
365.1867: 2.734551,2.079175,1.521397,158.3506
365.4089: 2.780015,1.853191,1.555033,156.0927
365.6311: 2.84969,1.658983,1.54461,151.9392
Trial Result: Success object: Trashcan | Time Spent: 17.00295
Trial No.:21 Ends
Trial No.:16 Begins
User confirmed on object: Wheelbarrow, this maze officially starts.
378.1422: 0.1203946,-0.0709026,1.601196,275.8734
378.3644: 0.1104582,-0.04313687,1.605569,281.3779
378.5867: 0.114647,-0.007363949,1.604159,301.6731
378.8089: 0.1174571,0.005131736,1.605644,309.6424
379.0311: 0.1126289,0.04255109,1.596558,319.5819
379.2534: 0.1285935,0.1326783,1.567376,341.1653
379.4756: 0.1532143,0.2250215,1.54458,1.165568
379.6978: 0.1495163,0.3257648,1.531459,10.86012
379.92: 0.1038042,0.4766166,1.506508,11.22537
380.1422: 0.004912194,0.6687381,1.519047,352.0921
380.3644: -0.07095761,0.7859825,1.544684,312.7816
380.5867: -0.1101172,0.8689563,1.530048,278.6015
380.8089: -0.1794746,0.9409366,1.536577,255.2829
381.0311: -0.3202087,0.9933308,1.51445,254.445
381.2534: -0.5298685,1.00237,1.519974,270.3386
381.4756: -0.7444919,1.011588,1.551732,276.063
381.6978: -0.9767842,1.043923,1.51273,267.2344
381.92: -1.23832,1.102439,1.527868,254.6156
382.1422: -1.485264,1.099198,1.548316,244.0858
382.3644: -1.717155,1.030093,1.513685,237.588
382.5867: -1.92598,0.94632,1.54634,226.6796
382.8089: -2.131052,0.8665725,1.530065,211.7544
383.0311: -2.34838,0.7699607,1.527022,194.0793
383.2534: -2.506495,0.6233233,1.546014,176.1884
383.4756: -2.582033,0.4515793,1.514278,158.0618
383.6978: -2.655219,0.228853,1.551632,164.603
383.92: -2.738072,-0.005469092,1.538229,178.29
384.1422: -2.826994,-0.2627043,1.526348,184.4213
384.3644: -2.872335,-0.5122637,1.557352,185.34
384.5867: -2.872106,-0.762378,1.519721,189.4364
384.8089: -2.851721,-0.9950851,1.535919,197.1998
385.0311: -2.854211,-1.192922,1.547667,204.0615
Trial Result: Success object: Plant | Time Spent: 7.317728
Trial No.:16 Ends
Trial No.:24 Begins
User confirmed on object: Chair, this maze officially starts.
400.4089: 0.781,-3.047539,1.598008,4.768305
400.6311: 0.8135022,-3.040698,1.588643,10.46146
400.8533: 0.9138358,-3.053337,1.570188,37.21223
401.0756: 1.020866,-3.077776,1.553991,50.66656
401.2978: 1.143094,-3.091542,1.537015,67.56973
401.52: 1.276022,-3.061275,1.519082,79.11421
401.7422: 1.381325,-2.952995,1.537465,56.5733
401.9644: 1.468829,-2.855785,1.546121,22.25503
402.1867: 1.597954,-2.76755,1.525195,3.420371
402.4089: 1.756722,-2.660495,1.542168,357.3085
402.6311: 1.867107,-2.505667,1.543493,356.153
402.8533: 1.923448,-2.312859,1.519496,359.1226
403.0756: 1.963803,-2.096735,1.552256,8.559402
403.2978: 2.041139,-1.881749,1.546028,19.66918
403.52: 2.127951,-1.651808,1.523258,17.99403
403.7422: 2.188041,-1.424175,1.553356,12.14762
403.9644: 2.237818,-1.19505,1.526491,9.279955
404.1867: 2.306055,-0.9656462,1.548198,10.87502
404.4089: 2.408863,-0.7539684,1.551858,14.00327
404.6311: 2.53967,-0.5439445,1.524941,15.19944
404.8533: 2.659111,-0.3363183,1.559946,18.67722
405.0756: 2.723343,-0.1208431,1.534377,20.99867
405.2978: 2.752761,0.1017688,1.536842,26.98126
405.52: 2.801528,0.2900783,1.558492,31.89139
Trial Result: Success object: Trashcan | Time Spent: 5.463949
Trial No.:24 Ends
Trial No.:8 Begins
User confirmed on object: Plant, this maze officially starts.
421.9422: -2.571404,-1.997857,1.59518,269.4186
422.1645: -2.589812,-1.989277,1.593265,268.5887
422.3867: -2.587095,-1.983615,1.595456,280.8313
422.6089: -2.579728,-1.998167,1.599816,287.4493
422.8311: -2.587318,-2.028525,1.601092,283.2485
423.0533: -2.582848,-2.010175,1.584593,310.4213
423.2756: -2.560452,-1.962695,1.560134,335.5876
423.4978: -2.511408,-1.864992,1.541991,350.9022
423.72: -2.46346,-1.742744,1.546421,3.068973
423.9422: -2.454829,-1.602249,1.53964,6.24259
424.1645: -2.49859,-1.418748,1.515926,8.044106
424.3867: -2.567806,-1.204655,1.547651,6.035266
424.6089: -2.600487,-0.9863062,1.546475,7.814423
424.8311: -2.614023,-0.7412077,1.517087,9.851777
425.0533: -2.634048,-0.5028423,1.555313,9.25453
425.2756: -2.670229,-0.2729791,1.530681,12.73684
425.4978: -2.71005,-0.03262026,1.533682,20.0293
425.72: -2.69461,0.1900447,1.553725,32.9143
425.9422: -2.624064,0.3896172,1.518597,38.79859
426.1645: -2.507519,0.5641458,1.535023,48.33337
426.3867: -2.382535,0.6995847,1.535988,70.54912
426.6089: -2.248668,0.8384599,1.517696,85.18313
426.8311: -2.082822,0.9572035,1.54459,91.54755
427.0533: -1.874514,1.00587,1.517235,88.59213
427.2756: -1.636936,0.9864568,1.533314,82.31377
427.4978: -1.419888,0.9891984,1.54959,77.51543
427.72: -1.201638,1.020034,1.517036,75.58795
427.9422: -0.9864798,1.064148,1.538393,73.60233
428.1645: -0.7823694,1.059966,1.546192,79.02222
428.3867: -0.5833877,1.021923,1.526058,90.77832
428.6089: -0.3978161,0.999493,1.552269,98.61497
428.8311: -0.2381774,1.030118,1.557652,102.3166
429.0533: -0.08906411,1.086504,1.546247,111.413
429.2756: 0.002713523,1.078042,1.557758,150.5454
429.4978: 0.02562183,1.034236,1.553662,173.0557
429.72: -0.02338433,0.9372833,1.548569,183.0694
429.9422: -0.1063657,0.8125187,1.544985,188.5133
430.1645: -0.1348932,0.6772329,1.54712,191.9784
430.3867: -0.08814596,0.5114981,1.516621,179.7398
430.6089: 0.003246885,0.3151469,1.521693,167.6226
430.8311: 0.0445586,0.09759395,1.534681,160.1027
431.0533: 0.04018251,-0.1298334,1.501965,148.9913
431.2756: 0.0507712,-0.3495116,1.539625,134.394
431.4978: 0.1284026,-0.517897,1.531019,119.6985
431.72: 0.2690397,-0.6471058,1.518833,105.2437
431.9422: 0.4005529,-0.7518853,1.545968,92.38553
432.1645: 0.5490472,-0.8509066,1.537465,84.52814
432.3867: 0.7239565,-0.9548969,1.534658,75.20164
432.6089: 0.9060544,-0.9839482,1.549859,63.87656
432.8311: 1.065769,-0.9339182,1.516083,56.95999
433.0533: 1.224736,-0.8403816,1.515364,53.69064
Trial Result: Success object: Harp | Time Spent: 11.38376
Trial No.:8 Ends
Trial No.:11 Begins
User confirmed on object: Trashcan, this maze officially starts.
439.6867: 2.672962,0.9784435,1.596746,91.51655
439.9089: 2.689874,0.9715184,1.6003,92.02422
440.1311: 2.674073,0.9839022,1.596358,99.42582
440.3533: 2.633547,0.9795578,1.575991,134.3668
440.5756: 2.579959,0.9880801,1.550216,158.5364
440.7978: 2.5176,0.9512967,1.544058,176.9589
441.02: 2.450332,0.8534464,1.532655,187.2968
441.2422: 2.425451,0.7151898,1.537995,184.1837
441.4644: 2.463409,0.5616031,1.545474,180.9482
441.6867: 2.546479,0.3772146,1.515172,182.821
441.9089: 2.630182,0.1807434,1.541943,188.955
442.1311: 2.632242,-0.01777077,1.539258,196.8338
442.3533: 2.558311,-0.232086,1.518811,205.319
442.5756: 2.481496,-0.4307932,1.546987,209.4621
442.7978: 2.412601,-0.6275024,1.529534,197.4205
443.02: 2.331461,-0.8198752,1.527839,189.8336
443.2422: 2.228115,-0.9887786,1.542656,184.4104
443.4644: 2.114547,-1.145635,1.522585,177.9646
443.6867: 2.011887,-1.307805,1.546225,168.1001
443.9089: 1.967864,-1.491048,1.541796,160.9752
444.1311: 1.97344,-1.710242,1.518282,165.3463
444.3533: 1.986941,-1.907797,1.544378,162.4468
444.5756: 1.988636,-2.110734,1.52799,149.8244
444.7978: 1.975381,-2.335408,1.509571,134.9384
445.02: 1.967394,-2.543473,1.539034,133.0065
445.2422: 1.991178,-2.681425,1.534394,122.307
445.4644: 2.033382,-2.792019,1.514097,97.53467
445.6867: 1.98111,-2.9889,1.545202,158.3581
445.9089: 1.840057,-3.0585,1.546595,230.0785
446.1311: 1.731313,-3.065347,1.540047,271.1237
446.3533: 1.592557,-3.061478,1.525464,286.6689
446.5756: 1.41941,-3.064523,1.546392,300.1966
446.7978: 1.221086,-3.115148,1.529709,294.9204
447.02: 0.9862447,-3.202208,1.534858,285.9287
447.2422: 0.7571028,-3.245035,1.557133,282.461
447.4644: 0.5296722,-3.240977,1.522152,285.1678
447.6867: 0.2879717,-3.20923,1.539795,286.2951
447.9089: 0.06428228,-3.196817,1.552838,292.2017
448.1311: -0.1682613,-3.179599,1.522497,314.1117
448.3533: -0.3842696,-3.167989,1.553096,331.4126
448.5756: -0.5419945,-3.135423,1.555832,345.7549
448.7978: -0.6445363,-3.034028,1.536909,352.8091
449.02: -0.7409302,-2.915745,1.548229,358.7787
449.2422: -0.8329296,-2.774543,1.540413,1.56741
449.4644: -0.9331409,-2.607009,1.533114,7.892993
449.6867: -0.9922814,-2.426525,1.556689,15.1212
449.9089: -0.9953452,-2.246079,1.53637,20.07395
450.1311: -0.9452819,-2.046124,1.534396,23.07405
450.3533: -0.889151,-1.857243,1.551213,28.91205
450.5756: -0.8653826,-1.666144,1.538989,14.48441
450.7978: -0.9025177,-1.511246,1.534317,332.6316
451.02: -0.9301712,-1.413592,1.545607,297.0044
451.2422: -0.9628174,-1.316164,1.540775,274.4321
451.4644: -1.014883,-1.203717,1.541951,263.0537
451.6867: -1.118149,-1.106322,1.545742,260.5942
451.9089: -1.260023,-1.069473,1.535544,255.4169
452.1311: -1.434345,-1.088447,1.538815,253.5043
452.3533: -1.604424,-1.107322,1.552062,248.4418
452.5756: -1.771483,-1.079002,1.542415,258.3702
452.7978: -1.932437,-0.9974064,1.534975,280.74
453.02: -2.085163,-0.9022315,1.548204,308.9498
453.2422: -2.226862,-0.827665,1.536834,335.3175
453.4644: -2.383051,-0.7575135,1.529092,355.2185
453.6867: -2.519474,-0.6595754,1.552887,11.14154
453.9089: -2.585008,-0.5482433,1.54375,24.29148
Trial Result: Success object: Telescope | Time Spent: 14.58047
Trial No.:11 Ends
Trial No.:17 Begins
User confirmed on object: Harp, this maze officially starts.
463.6534: 1.739171,-1.03372,1.600186,357.9906
463.8756: 1.757996,-1.021792,1.598103,355.6894
464.0978: 1.772231,-1.043937,1.597355,3.294386
464.32: 1.776441,-1.094912,1.595508,16.67501
464.5422: 1.76539,-1.153478,1.588719,25.81133
464.7645: 1.778458,-1.179894,1.568345,37.64401
464.9867: 1.861173,-1.190369,1.545505,47.12868
465.2089: 1.97919,-1.161828,1.532147,35.86132
465.4311: 2.112527,-1.097865,1.544331,24.1419
465.6534: 2.234125,-0.9893029,1.529355,12.87319
465.8756: 2.335022,-0.8165848,1.524091,5.887211
466.0978: 2.432616,-0.6507213,1.550045,1.627697
466.32: 2.540718,-0.4720522,1.529227,358.1912
466.5422: 2.660092,-0.2617065,1.527614,354.9462
466.7645: 2.738328,-0.04123423,1.559611,355.3205
466.9867: 2.751814,0.1907442,1.52227,355.8548
467.2089: 2.724075,0.4356703,1.549527,356.9828
467.4311: 2.734528,0.66624,1.565236,359.3788
467.6534: 2.757646,0.9208285,1.524278,358.9034
467.8756: 2.77145,1.177876,1.562934,356.2385
468.0978: 2.742415,1.428972,1.549781,354.2379
468.32: 2.679418,1.671875,1.542497,353.1324
468.5422: 2.630612,1.890313,1.564835,340.9455
468.7645: 2.586536,2.118991,1.526102,326.1871
468.9867: 2.548698,2.362392,1.532628,313.0628
469.2089: 2.431696,2.580333,1.553587,297.1499
469.4311: 2.238377,2.721714,1.516922,286.8652
469.6534: 2.034084,2.826884,1.547122,277.7064
469.8756: 1.806188,2.949915,1.531956,273.2069
470.0978: 1.557262,3.08939,1.533851,271.5849
470.32: 1.298432,3.167213,1.564979,268.7184
470.5422: 1.024172,3.191653,1.516254,268.2372
470.7645: 0.7502834,3.191055,1.548261,269.8347
470.9867: 0.4841087,3.213435,1.539054,269.7816
471.2089: 0.1925112,3.243853,1.520281,267.4781
471.4311: -0.08174697,3.243843,1.558922,267.5653
471.6534: -0.3419965,3.208812,1.517482,266.4508
471.8756: -0.6043264,3.162564,1.539658,267.1302
472.0978: -0.859567,3.154105,1.54218,269.0851
472.32: -1.136756,3.164294,1.516469,268.0877
472.5422: -1.395265,3.158086,1.557546,267.6585
472.7645: -1.648123,3.117213,1.521648,267.8885
472.9867: -1.898883,3.06029,1.528378,270.1449
473.2089: -2.114037,3.044698,1.546593,271.6034
473.4311: -2.322507,3.04886,1.51456,269.4462
473.6534: -2.525902,3.060725,1.537546,267.434
473.8756: -2.674958,3.031088,1.543424,267.921
Trial Result: Success object: Stove | Time Spent: 10.66166
Trial No.:17 Ends
Trial No.:6 Begins
User confirmed on object: Table, this maze officially starts.
488.3089: -1.873862,2.141024,1.59653,101.4397
488.5311: -1.86202,2.122902,1.600311,112.6531
488.7534: -1.873391,2.101683,1.603063,131.5458
488.9756: -1.882082,2.103432,1.604187,139.3844
489.1978: -1.874218,2.073127,1.591996,146.3908
489.42: -1.882067,1.990659,1.564116,160.3276
489.6422: -1.915863,1.871996,1.547414,172.9453
489.8644: -1.922437,1.749683,1.537734,178.2737
490.0867: -1.852999,1.628894,1.518748,158.3581
490.3089: -1.737583,1.521214,1.527633,127.4903
490.5311: -1.648885,1.409652,1.536572,105.6826
490.7534: -1.550339,1.271344,1.520125,94.34609
490.9756: -1.428745,1.12604,1.538888,84.80503
491.1978: -1.287693,1.053509,1.539399,83.32481
491.42: -1.108973,1.040188,1.520062,82.59513
491.6422: -0.9247574,1.065371,1.542696,62.99885
491.8644: -0.7384195,1.067266,1.539835,47.25018
492.0867: -0.5361207,1.049397,1.518476,37.69904
492.3089: -0.3065072,1.017954,1.552663,44.65298
492.5311: -0.08557814,1.003015,1.540573,74.07672
492.7534: 0.1246794,1.028677,1.5267,89.78471
492.9756: 0.3653023,1.05255,1.560299,100.0366
493.1978: 0.5969526,1.051159,1.529805,103.4233
493.42: 0.8349342,1.031873,1.540475,97.27661
493.6422: 1.058823,1.038045,1.555746,89.29006
493.8645: 1.284652,1.063234,1.527061,90.50607
494.0867: 1.512918,1.101023,1.548861,92.06485
494.3089: 1.717688,1.100088,1.552827,85.95345
494.5311: 1.913136,1.086938,1.521651,61.53308
494.7534: 2.091838,1.080218,1.549181,33.50805
494.9756: 2.233232,1.115011,1.54452,12.98185
495.1978: 2.357454,1.203851,1.523138,0.9453896
495.42: 2.476723,1.322729,1.543774,359.3059
495.6422: 2.599166,1.460903,1.544314,358.9746
495.8645: 2.716337,1.631151,1.517502,353.54
496.0867: 2.791507,1.823998,1.547301,334.6732
496.3089: 2.783294,2.01433,1.535468,323.4141
496.5311: 2.701902,2.216271,1.525464,316.8889
496.7534: 2.610785,2.396299,1.549749,306.9672
496.9756: 2.511876,2.579765,1.531495,295.3159
497.1978: 2.396556,2.77858,1.533238,283.5621
497.42: 2.247201,2.926204,1.552545,270.4364
497.6422: 2.085434,2.985301,1.518145,243.7169
497.8645: 1.91941,3.020329,1.536316,219.848
498.0867: 1.728924,3.080835,1.550361,223.8353
498.3089: 1.497625,3.166041,1.525335,246.5095
498.5311: 1.267162,3.232805,1.551942,259.2742
498.7534: 1.043363,3.243297,1.538006,263.5768
498.9756: 0.8052703,3.205937,1.526553,265.1348
499.1978: 0.5708035,3.18343,1.563772,265.6894
499.42: 0.3331199,3.19153,1.52791,268.2753
499.6422: 0.08040963,3.218013,1.535203,264.6749
499.8645: -0.1558332,3.213327,1.554089,263.4009
500.0867: -0.3951877,3.181838,1.516225,261.8252
500.3089: -0.6358906,3.14931,1.542325,265.1707
500.5311: -0.8672723,3.153476,1.539014,265.3128
500.7534: -1.110368,3.185639,1.513491,263.79
500.9756: -1.334377,3.189713,1.548765,245.0487
501.1978: -1.477285,3.121813,1.545091,210.9811
501.42: -1.557999,2.998636,1.520783,185.8954
501.6422: -1.626479,2.855647,1.531493,169.9457
501.8645: -1.720111,2.720733,1.537846,164.2142
502.0867: -1.838892,2.547972,1.514138,166.0669
502.3089: -1.971421,2.351639,1.536381,183.8548
502.5311: -2.029827,2.171477,1.536528,193.0839
502.7534: -2.028411,1.964221,1.506666,196.7319
502.9756: -2.044273,1.757409,1.54204,211.7585
503.1978: -2.107177,1.572378,1.536442,212.287
503.42: -2.235428,1.384155,1.506839,197.5332
503.6422: -2.372549,1.187034,1.540139,184.2334
503.8645: -2.464981,0.9798329,1.531297,177.884
504.0867: -2.525952,0.7429177,1.525091,179.8161
504.3089: -2.589332,0.5225371,1.557352,181.7526
504.5311: -2.655261,0.2930498,1.525358,178.1602
504.7534: -2.736196,0.05473906,1.540491,182.2675
504.9756: -2.754677,-0.1825565,1.552116,180.4187
505.1978: -2.721786,-0.4164643,1.521188,174.1012
505.42: -2.691081,-0.6349082,1.550271,169.0936
505.6422: -2.687622,-0.8503926,1.544461,172.7546
505.8645: -2.70372,-1.104427,1.517612,176.6169
506.0867: -2.705792,-1.354808,1.557228,175.9287
506.3089: -2.681592,-1.582467,1.532588,174.2074
506.5311: -2.621106,-1.812634,1.529584,165.0266
506.7534: -2.584688,-2.027283,1.54941,154.071
506.9756: -2.551347,-2.26683,1.512784,140.2222
507.1978: -2.506354,-2.508697,1.532727,116.3997
507.42: -2.425184,-2.671583,1.54337,90.57494
507.6422: -2.312511,-2.789792,1.521119,74.61234
507.8645: -2.160819,-2.896381,1.541289,72.42973
508.0867: -1.975695,-2.987492,1.54081,71.12959
508.3089: -1.756025,-3.097287,1.520252,79.02435
508.5311: -1.541766,-3.139089,1.55978,58.02891
508.7534: -1.359813,-3.122067,1.540202,27.16671
508.9756: -1.157822,-3.086004,1.528847,13.26021
509.1978: -0.9066606,-3.091543,1.562153,43.69281
509.42: -0.6754535,-3.095721,1.538392,54.71548
509.6422: -0.4386498,-3.115727,1.54626,61.46262
509.8645: -0.2159116,-3.092568,1.558343,61.70428
510.0867: -0.001126016,-3.019037,1.512508,59.79598
510.3089: 0.1994942,-2.933956,1.537739,56.92067
Trial Result: Success object: Chair | Time Spent: 22.3443
Trial No.:6 Ends
Trial No.:20 Begins
User confirmed on object: Well, this maze officially starts.
520.1978: 1.83731,-1.978951,1.605724,94.255
520.42: 1.853307,-2.004235,1.606054,101.5869
520.6422: 1.858286,-2.028566,1.605854,117.9804
520.8644: 1.872657,-2.032152,1.60213,117.1813
521.0867: 1.905035,-1.9719,1.588134,72.07613
521.3089: 1.878271,-1.901341,1.559645,20.81959
521.5311: 1.840477,-1.846605,1.550202,359.2032
521.7534: 1.792731,-1.770684,1.543906,346.2726
521.9756: 1.715791,-1.739974,1.540795,303.0191
522.1978: 1.703697,-1.715436,1.54478,271.2216
522.42: 1.727996,-1.658987,1.54667,237.4406
522.6422: 1.757655,-1.565113,1.55031,208.1964
522.8644: 1.723223,-1.458818,1.554408,225.2171
523.0867: 1.650775,-1.338779,1.546142,260.2328
523.3089: 1.540803,-1.237708,1.523528,273.7028
523.5311: 1.383353,-1.141561,1.530646,287.7921
523.7534: 1.22588,-1.064525,1.552008,292.4101
523.9756: 1.042274,-0.9912263,1.525822,287.5285
524.1978: 0.8353579,-0.9134574,1.543306,271.7245
524.42: 0.6297619,-0.8897558,1.543585,258.9852
524.6422: 0.415362,-0.9127513,1.517231,257.1998
524.8644: 0.1946034,-0.9542041,1.552327,255.657
525.0867: -0.02629772,-0.9836215,1.542132,237.4032
525.3089: -0.2583534,-0.9842643,1.514311,221.2543
525.5311: -0.5000406,-0.9581011,1.549846,234.2927
525.7534: -0.729639,-0.9471885,1.531754,254.1343
525.9756: -0.9657772,-0.9659668,1.527097,269.3613
526.1978: -1.185119,-0.9743715,1.553304,269.5026
526.42: -1.403708,-0.9729652,1.528952,254.2563
526.6422: -1.622862,-0.9451698,1.543109,242.7172
526.8644: -1.827561,-0.9523306,1.55125,232.4885
527.0867: -2.021755,-0.9923428,1.520103,224.0288
527.3089: -2.19108,-1.049488,1.533002,203.8233
527.5311: -2.343022,-1.058705,1.544811,189.1141
527.7534: -2.476073,-1.021224,1.542651,177.3517
527.9756: -2.572308,-0.9663402,1.542955,150.4043
528.1978: -2.598573,-0.8660246,1.542055,97.70691
528.42: -2.658374,-0.7295696,1.544232,53.53764
528.6422: -2.727138,-0.5841935,1.546944,33.62375
528.8644: -2.779698,-0.4336081,1.540165,31.07513
529.0867: -2.802862,-0.299971,1.541137,12.24442
529.3089: -2.748369,-0.1851891,1.529083,6.042928
529.5311: -2.643163,-0.0560733,1.542274,17.41605
529.7534: -2.589656,0.1072028,1.535344,26.47849
529.9756: -2.576519,0.3043773,1.523256,32.80093
530.1978: -2.538078,0.4935803,1.553875,47.99287
530.42: -2.453161,0.6234782,1.542488,74.46954
530.6422: -2.345701,0.7325287,1.522349,89.51465
530.8644: -2.238189,0.8975184,1.54092,68.83864
531.0867: -2.155978,1.081628,1.533494,35.73932
531.3089: -2.093192,1.270419,1.512838,6.8365
531.5311: -2.028929,1.443607,1.536049,351.4534
531.7534: -1.954979,1.617021,1.524753,342.248
531.9756: -1.866899,1.819066,1.507528,330.9264
532.1978: -1.815771,2.023594,1.538861,320.8295
532.42: -1.780448,2.21385,1.528591,344.612
532.6422: -1.742848,2.39675,1.519512,29.39822
532.8644: -1.693327,2.546817,1.543074,62.19712
533.0867: -1.600904,2.665607,1.529966,83.09242
533.3089: -1.453968,2.76422,1.52341,91.038
533.5311: -1.296047,2.869993,1.546925,92.59813
533.7534: -1.131628,2.975235,1.528832,96.55469
533.9756: -0.9472991,3.07879,1.53419,108.6251
534.1978: -0.7617261,3.127838,1.552781,127.0247
534.42: -0.5736816,3.133245,1.519648,139.3401
534.6422: -0.3482326,3.124558,1.534627,124.7567
534.8644: -0.1349879,3.139079,1.55336,111.3995
535.0867: 0.09775832,3.15908,1.52088,107.3336
535.3089: 0.3388056,3.176593,1.54718,106.5311
535.5311: 0.5497493,3.147633,1.554164,112.4395
535.7534: 0.7652426,3.080533,1.516957,116.9523
535.9756: 0.9732596,2.997636,1.543138,119.7696
536.1978: 1.141392,2.947204,1.538859,125.7021
Trial Result: Success object: Piano | Time Spent: 16.23763
Trial No.:20 Ends
Trial No.:5 Begins
User confirmed on object: Table, this maze officially starts.
550.3644: -1.918171,2.050632,1.591059,92.68595
550.5867: -1.922263,2.070254,1.593813,97.21692
550.8089: -1.94284,2.076889,1.577171,115.021
551.0311: -1.972228,2.076642,1.550085,139.4049
551.2534: -2.001589,2.044128,1.533037,160.9311
551.4756: -2.029919,1.952492,1.528838,173.7589
551.6978: -2.03121,1.820902,1.524299,173.8441
551.92: -2.011551,1.695136,1.542978,177.8477
552.1422: -1.968724,1.584108,1.545262,180.9826
552.3644: -1.94422,1.487832,1.541595,206.4611
552.5867: -1.963596,1.408771,1.540035,223.1456
552.8089: -2.039209,1.336382,1.525709,220.3512
553.0311: -2.169346,1.266526,1.526384,200.5571
553.2534: -2.296269,1.168912,1.54508,186.1145
553.4756: -2.395777,1.03302,1.52949,177.748
553.6978: -2.473237,0.845484,1.513375,176.8258
553.92: -2.538226,0.6743965,1.541735,180.5809
554.1422: -2.592889,0.4938478,1.528641,177.9797
554.3644: -2.665234,0.2805798,1.524933,178.2917
554.5867: -2.702174,0.07044093,1.552307,181.0441
554.8089: -2.67497,-0.1252549,1.531305,175.021
555.0311: -2.589495,-0.3009089,1.529665,154.3427
555.2534: -2.512095,-0.4441188,1.546662,125.7251
555.4756: -2.43522,-0.5914142,1.525715,106.3111
555.6978: -2.339311,-0.7547579,1.528486,93.6108
555.92: -2.192649,-0.8802022,1.542237,89.5668
556.1422: -2.002919,-0.9427794,1.514507,92.38324
556.3644: -1.77824,-0.9723098,1.535516,105.6461
556.5867: -1.591775,-1.039472,1.551846,130.6231
556.8089: -1.41071,-1.110275,1.522207,141.8973
557.0311: -1.238824,-1.194965,1.542886,149.9759
557.2534: -1.098145,-1.289588,1.548465,164.7684
557.4756: -0.9691671,-1.398655,1.528095,182.314
557.6978: -0.8718073,-1.540138,1.538979,187.1497
557.92: -0.8432646,-1.711518,1.512008,177.6669
558.1422: -0.86364,-1.92504,1.518924,161.6277
558.3644: -0.8578732,-2.126552,1.540662,148.4998
558.5867: -0.8081588,-2.323639,1.506958,138.4049
558.8089: -0.7134333,-2.5033,1.525002,120.3429
559.0311: -0.6624991,-2.659224,1.542572,99.38277
559.2534: -0.6224529,-2.833235,1.521237,78.80132
559.4756: -0.5700884,-3.038284,1.538196,72.84336
559.6978: -0.4611204,-3.17733,1.550873,70.61511
559.92: -0.292301,-3.261316,1.520252,76.08258
560.1422: -0.09041218,-3.306946,1.544068,82.62731
560.3644: 0.1129514,-3.354551,1.555325,84.35302
560.5867: 0.3586513,-3.400373,1.518743,79.98951
560.8089: 0.5906187,-3.425306,1.550323,76.73915
561.0311: 0.8018229,-3.382463,1.549108,68.67387
561.2534: 0.9903471,-3.294167,1.528637,60.93048
561.4756: 1.179922,-3.245707,1.555469,67.50208
561.6978: 1.375347,-3.197951,1.547629,50.47226
561.92: 1.53494,-3.145735,1.541558,12.25832
562.1422: 1.644635,-3.065308,1.544388,348.5653
562.3644: 1.731002,-2.92028,1.520327,350.0801
562.5867: 1.783159,-2.733418,1.536386,359.2802
562.8089: 1.847819,-2.561502,1.55236,4.343462
563.0311: 1.937089,-2.368447,1.515674,9.719203
563.2534: 2.040874,-2.148986,1.54156,10.12128
563.4756: 2.084816,-1.925179,1.549152,17.39515
563.6978: 2.093372,-1.698459,1.513843,32.30862
563.92: 2.106672,-1.492264,1.545344,50.36568
564.1422: 2.161272,-1.351547,1.54189,69.3308
564.3644: 2.258899,-1.190647,1.521406,45.68013
564.5867: 2.380171,-1.021853,1.53802,8.303679
564.8089: 2.464542,-0.8426453,1.547115,352.6214
565.0311: 2.526964,-0.6284559,1.516325,2.601515
565.2534: 2.555874,-0.4127865,1.548266,8.672027
565.4756: 2.589157,-0.2169881,1.551231,3.260633
565.6978: 2.635986,0.006665965,1.519506,356.6968
565.92: 2.688142,0.2400216,1.553373,353.4892
566.1422: 2.692462,0.4647138,1.54555,352.5937
566.3644: 2.660711,0.7036959,1.528253,352.3731
566.5867: 2.64392,0.931852,1.566142,355.9005
566.8089: 2.656282,1.163017,1.536189,359.0629
567.0311: 2.685414,1.411721,1.53726,356.8741
567.2534: 2.675342,1.641562,1.559601,353.625
567.4756: 2.614108,1.863092,1.524687,338.4423
567.6978: 2.547305,2.080811,1.547082,328.987
567.92: 2.495282,2.301392,1.5531,322.2838
568.1422: 2.416346,2.525828,1.516461,304.1394
568.3644: 2.31406,2.719989,1.547783,282.0355
568.5867: 2.174261,2.846984,1.535106,260.7613
568.8089: 2.012372,2.913693,1.52324,235.1668
569.0311: 1.839133,2.991848,1.549798,226.2208
569.2534: 1.614125,3.094952,1.531147,245.2669
569.4756: 1.374667,3.202905,1.532715,256.2989
569.6978: 1.147835,3.249721,1.55677,260.4221
569.92: 0.9193524,3.243417,1.521767,263.1244
570.1422: 0.6920037,3.201948,1.546411,263.7694
570.3644: 0.466082,3.193586,1.553642,268.3519
570.5867: 0.2180487,3.194647,1.520928,266.3614
570.8089: -0.02584669,3.198338,1.552791,264.1599
571.0311: -0.2544822,3.172675,1.538287,263.2361
571.2534: -0.4921666,3.124955,1.529742,264.613
571.4756: -0.7185409,3.102609,1.552582,266.0923
571.6978: -0.9423633,3.107508,1.520408,265.8
571.92: -1.178281,3.134829,1.532282,262.4294
572.1422: -1.367444,3.089069,1.547133,232.9695
572.3644: -1.47628,2.985608,1.529077,202.4608
572.5867: -1.560839,2.835573,1.524787,180.4264
572.8089: -1.650697,2.700567,1.536716,165.5347
573.0311: -1.755614,2.548783,1.524453,161.5036
573.2534: -1.873885,2.364222,1.523995,157.2593
573.4756: -1.944217,2.179354,1.546255,155.1085
573.6978: -1.999619,1.987699,1.516707,180.9187
573.92: -2.025037,1.795853,1.522969,212.5189
574.1422: -2.048193,1.631563,1.545118,224.326
574.3644: -2.079224,1.474973,1.537569,201.3501
574.5867: -2.206481,1.305642,1.513774,179.5833
574.8089: -2.373826,1.142187,1.53625,164.4085
575.0311: -2.447021,1.015422,1.549548,151.6093
575.2534: -2.408863,0.9755763,1.539104,107.7163
575.4756: -2.378778,0.9647404,1.528068,84.67386
575.6978: -2.35294,0.9279855,1.538348,75.69617
575.92: -2.295065,0.8920492,1.541801,75.96047
576.1422: -2.161015,0.8627971,1.526462,81.61277
576.3644: -1.951013,0.8168455,1.503074,84.85332
576.5867: -1.722204,0.7761878,1.548508,86.98889
576.8089: -1.5103,0.7869893,1.54903,83.78233
577.0311: -1.287442,0.8363343,1.524562,78.53371
577.2534: -1.08086,0.8567764,1.560706,87.23679
577.4756: -0.8919717,0.8577824,1.541127,93.72913
577.6978: -0.7043253,0.8243246,1.538498,96.74559
577.92: -0.5407919,0.8152062,1.552365,94.49098
578.1422: -0.3744675,0.8177575,1.543698,89.45835
578.3644: -0.1940426,0.8245364,1.537784,85.28493
578.5867: -0.0273868,0.8226979,1.547517,86.66807
578.8089: 0.1552169,0.8331383,1.522689,88.62579
579.0311: 0.3761595,0.821565,1.526797,90.03695
579.2534: 0.592663,0.8241528,1.550849,96.97987
579.4756: 0.7956839,0.8420407,1.525934,103.4776
Trial Result: Success object: Bookshelf | Time Spent: 29.51937
Trial No.:5 Ends
Trial No.:19 Begins
User confirmed on object: Well, this maze officially starts.
588.1978: 1.846344,-1.8804,1.596825,102.1003
588.42: 1.866054,-1.915253,1.60207,111.7413
588.6422: 1.866987,-1.949441,1.601787,123.8399
588.8644: 1.898689,-1.936231,1.595798,95.35966
589.0867: 1.892563,-1.868011,1.564255,36.67911
589.3089: 1.860834,-1.836917,1.553748,6.855584
589.5311: 1.828508,-1.797134,1.546839,352.1829
589.7534: 1.782322,-1.780394,1.544721,319.2283
589.9756: 1.77916,-1.816444,1.544654,272.0048
590.1978: 1.824568,-1.820103,1.549698,246.929
590.42: 1.860012,-1.788827,1.55634,244.9839
590.6422: 1.884479,-1.710542,1.559122,273.8658
590.8644: 1.944864,-1.616943,1.548195,305.451
591.0867: 2.01378,-1.533692,1.546226,324.9453
591.3089: 2.089592,-1.435124,1.541229,359.5223
591.5311: 2.138047,-1.321672,1.533557,18.21471
591.7534: 2.184594,-1.185851,1.546945,24.8458
591.9756: 2.278212,-1.06166,1.541508,21.88695
592.1978: 2.415064,-0.9391094,1.519725,15.88971
592.42: 2.54403,-0.8047372,1.554482,0.3284791
592.6422: 2.630782,-0.6497144,1.542653,354.8313
592.8644: 2.680415,-0.4558288,1.532836,354.6317
593.0867: 2.72779,-0.2558323,1.557913,353.4042
593.3089: 2.791387,-0.04825498,1.539038,349.8344
593.5311: 2.87405,0.1779337,1.531422,347.0097
593.7534: 2.917913,0.4114252,1.551316,348.0875
593.9756: 2.882185,0.6328632,1.520797,344.5251
594.1978: 2.815403,0.8558213,1.540544,345.7544
594.42: 2.793837,1.075648,1.549983,350.0151
594.6422: 2.79931,1.31095,1.509619,352.6492
594.8644: 2.809695,1.554964,1.547489,345.0528
595.0867: 2.784395,1.778011,1.542649,337.7527
595.3089: 2.722389,1.999957,1.520777,328.0371
595.5311: 2.666512,2.204935,1.54635,318.0245
595.7534: 2.603797,2.405704,1.52936,301.8041
595.9756: 2.532613,2.607534,1.522294,280.4407
596.1978: 2.421618,2.770532,1.548003,263.8497
596.42: 2.263568,2.876702,1.519371,255.2077
596.6422: 2.053406,2.944503,1.539827,260.8268
596.8644: 1.836448,3.019502,1.553875,265.4621
597.0867: 1.59604,3.091075,1.518189,268.1172
597.3089: 1.353009,3.153027,1.550742,263.0869
597.5311: 1.126354,3.13865,1.551959,248.9081
597.7534: 0.8997384,3.089221,1.522954,233.936
597.9756: 0.6966387,3.055653,1.55279,225.795
598.1978: 0.5120619,3.011626,1.549191,212.8909
598.42: 0.329574,2.946879,1.539788,199.399
598.6422: 0.1866351,2.824625,1.552343,186.8951
598.8644: 0.1273913,2.645506,1.522801,180.8196
599.0867: 0.1026822,2.430554,1.548567,184.6565
599.3089: 0.05783262,2.21606,1.553816,186.7637
599.5311: -0.002319613,1.9789,1.516459,186.3835
599.7534: -0.0583604,1.729397,1.550989,186.1893
599.9756: -0.05769591,1.482929,1.540265,184.8452
600.1978: -0.01753654,1.227183,1.531133,184.0367
600.42: -0.007748362,0.9870973,1.562713,186.6358
600.6422: -0.01704691,0.739116,1.520246,189.5149
600.8644: -0.03734037,0.476351,1.538003,188.4549
601.0867: -0.02858282,0.2354885,1.551455,191.0222
601.3089: -0.001944881,0.0003784494,1.51397,198.5285
601.5311: 0.008928925,-0.2236924,1.552428,211.2247
601.7534: -0.04519133,-0.4094606,1.545583,225.7005
601.9756: -0.1635911,-0.5518204,1.523784,251.1988
602.1978: -0.2749139,-0.6782378,1.545161,271.0418
602.42: -0.387776,-0.8157316,1.543796,275.4761
602.6422: -0.4991736,-1.014366,1.529586,237.6568
602.8644: -0.5993999,-1.168137,1.545135,202.3077
603.0867: -0.7190407,-1.30555,1.525703,182.4032
603.3089: -0.851089,-1.457326,1.53902,168.7775
603.5311: -0.9284397,-1.636817,1.545339,163.4724
603.7534: -0.925307,-1.837342,1.510335,157.9306
603.9756: -0.8916436,-2.048865,1.534013,151.5211
604.1978: -0.8779738,-2.25249,1.53847,136.3077
604.42: -0.8890927,-2.459317,1.509019,121.1908
604.6422: -0.8936571,-2.647338,1.530784,107.5641
604.8644: -0.8642865,-2.762479,1.539269,94.35474
605.0867: -0.7890968,-2.857151,1.536627,88.8783
605.3089: -0.6572819,-2.955947,1.543007,87.36399
605.5311: -0.5472538,-3.05219,1.554342,85.61182
605.7534: -0.4701741,-3.13957,1.557673,79.51152
605.9756: -0.4270928,-3.190458,1.55974,43.27015
606.1978: -0.4566644,-3.222841,1.557419,351.5657
606.42: -0.5260437,-3.258968,1.560228,323.1993
606.6422: -0.6583437,-3.301379,1.560857,305.7891
606.8644: -0.8192793,-3.328504,1.549165,288.4055
607.0867: -0.9689823,-3.32931,1.543569,274.4308
607.3089: -1.135413,-3.284422,1.525665,270.9646
607.5311: -1.318835,-3.183031,1.522667,283.967
607.7534: -1.515788,-3.096222,1.556327,296.8333
607.9756: -1.717741,-3.036611,1.524735,303.3079
608.1978: -1.950646,-2.981644,1.531553,313.1003
608.42: -2.140125,-2.892485,1.556155,327.4452
608.6422: -2.291416,-2.770377,1.525388,342.8589
608.8644: -2.420879,-2.627289,1.538564,357.0399
609.0867: -2.555686,-2.488711,1.547262,4.569791
609.3089: -2.698645,-2.329687,1.523626,7.192142
609.5311: -2.813673,-2.148354,1.555126,10.76199
609.7534: -2.847363,-1.953001,1.541957,20.25402
609.9756: -2.803164,-1.750908,1.528981,40.4068
610.1978: -2.769172,-1.560897,1.552526,50.29603
610.42: -2.765331,-1.34374,1.526275,46.77589
610.6422: -2.803488,-1.082778,1.538191,23.44652
610.8644: -2.801579,-0.8396629,1.553678,8.830688
611.0867: -2.759575,-0.5935881,1.517089,6.572217
611.3089: -2.699585,-0.3523486,1.541349,9.058719
611.5311: -2.671368,-0.1279965,1.545466,15.19076
611.7534: -2.659884,0.1076135,1.514091,23.17829
611.9756: -2.628475,0.3298424,1.550693,33.42857
612.1978: -2.550971,0.5192614,1.53843,40.02825
612.42: -2.431219,0.7058345,1.527636,39.17084
612.6422: -2.31381,0.8940516,1.552639,41.05951
612.8644: -2.202587,1.096939,1.518086,44.05351
613.0867: -2.090756,1.297546,1.524441,49.76505
613.3089: -1.964401,1.437508,1.540556,53.22169
Trial Result: Success object: Table | Time Spent: 25.53333
Trial No.:19 Ends
Trial No.:3 Begins
User confirmed on object: Piano, this maze officially starts.
627.4756: 1.737997,3.064774,1.597288,180.7732
627.6978: 1.762855,3.068438,1.598374,184.9515
627.92: 1.773354,3.092264,1.585998,207.0203
628.1422: 1.770482,3.131755,1.56141,238.9632
628.3644: 1.736222,3.175035,1.543525,263.017
628.5867: 1.643723,3.223433,1.53058,274.6815
628.8089: 1.498947,3.243881,1.525888,268.9965
629.0311: 1.336642,3.211001,1.548064,257.5833
629.2534: 1.154836,3.155569,1.520797,254.3685
629.4756: 0.945348,3.075405,1.54329,259.0424
629.6978: 0.7391217,3.031376,1.563744,261.2586
629.92: 0.506582,3.022124,1.523125,262.0534
630.1422: 0.2518611,3.03874,1.551147,262.8165
630.3644: 0.01144918,3.017439,1.56,264.1214
630.5867: -0.2546259,2.970503,1.530802,268.0352
630.8089: -0.4945673,2.945482,1.56306,266.5188
631.0311: -0.7213596,2.967143,1.533112,268.8084
631.2534: -0.9636086,3.022853,1.53576,264.7292
631.4756: -1.184603,3.027654,1.556193,256.3651
631.6978: -1.338759,2.935942,1.522823,216.4949
631.92: -1.446658,2.833835,1.516242,183.3652
632.1422: -1.564794,2.744864,1.531679,168.8538
632.3644: -1.702328,2.603376,1.510853,166.4449
632.5867: -1.852466,2.422305,1.533859,170.7221
632.8089: -1.935317,2.223642,1.545332,184.3011
633.0311: -1.944667,2.010667,1.506212,182.9503
633.2534: -1.953177,1.792308,1.545995,186.5471
633.4756: -2.008804,1.591117,1.544708,180.4405
633.6978: -2.075957,1.415825,1.509548,134.0763
633.92: -2.168964,1.254481,1.534015,101.3472
634.1422: -2.257384,1.076315,1.522659,91.68692
634.3644: -2.362027,0.8297814,1.52328,131.2632
634.5867: -2.465197,0.6232384,1.547428,148.3891
634.8089: -2.560317,0.426032,1.52245,147.8429
635.0311: -2.667263,0.2078611,1.547117,154.3063
635.2534: -2.704631,-0.01208808,1.547375,160.0198
635.4756: -2.662615,-0.2358403,1.512923,149.5475
635.6978: -2.601921,-0.4106754,1.544318,128.2564
635.92: -2.540738,-0.57145,1.546633,114.316
636.1422: -2.482117,-0.7250341,1.538174,95.62783
636.3644: -2.42675,-0.8571454,1.556581,90.39053
636.5867: -2.384735,-0.9804981,1.561839,115.3805
636.8089: -2.385855,-1.096329,1.558451,170.4812
637.0311: -2.396173,-1.178333,1.551745,209.7192
637.2534: -2.430231,-1.280207,1.537608,221.0719
637.4756: -2.490904,-1.439372,1.519639,200.5753
637.6978: -2.559876,-1.616428,1.546374,177.1953
637.92: -2.584339,-1.808035,1.524283,162.2583
638.1422: -2.555626,-2.029979,1.519387,155.393
638.3644: -2.534121,-2.227101,1.54679,143.448
638.5867: -2.516901,-2.426158,1.525984,121.0903
638.8089: -2.49514,-2.633729,1.533997,96.88322
639.0311: -2.434094,-2.790983,1.546943,80.34355
639.2534: -2.335949,-2.847981,1.533588,68.78523
639.4756: -2.230808,-2.839565,1.542624,59.0778
Trial Result: Success object: Mailbox | Time Spent: 12.30562
Trial No.:3 Ends
Trial No.:4 Begins
User confirmed on object: Piano, this maze officially starts.
654.0089: 1.752825,3.086715,1.609125,187.2583
654.2311: 1.746108,3.091627,1.608557,187.7548
654.4534: 1.727816,3.1038,1.607929,198.9864
654.6756: 1.742172,3.101245,1.60092,185.6613
654.8978: 1.804157,3.095625,1.572615,141.2539
655.12: 1.85272,3.094788,1.535324,121.5201
655.3422: 1.940254,3.098347,1.513005,117.3698
655.5645: 2.050752,3.077953,1.520115,140.8829
655.7867: 2.168882,3.051988,1.548486,153.8816
656.0089: 2.282367,2.976729,1.542208,159.2244
656.2311: 2.383367,2.840713,1.52122,167.9474
656.4534: 2.48461,2.696831,1.546446,177.283
656.6756: 2.612282,2.552985,1.541423,178.9621
656.8978: 2.741029,2.389594,1.538367,190.1908
657.12: 2.806875,2.214343,1.557416,198.4501
657.3422: 2.808195,2.020929,1.527919,206.1047
657.5645: 2.755305,1.811899,1.544195,215.1256
657.7867: 2.723506,1.617738,1.558569,230.5814
658.0089: 2.718892,1.399277,1.526823,236.0108
658.2311: 2.750193,1.133525,1.550906,208.9995
658.4534: 2.744479,0.8879256,1.549864,187.5193
658.6756: 2.689254,0.6421167,1.514448,181.442
658.8978: 2.624956,0.3951728,1.55622,187.4192
659.12: 2.609107,0.1538856,1.533153,191.1136
659.3422: 2.616355,-0.09229095,1.532291,198.224
659.5645: 2.566159,-0.2986122,1.552959,210.7467
659.7867: 2.473688,-0.493313,1.519762,211.4624
660.0089: 2.358937,-0.6911126,1.542581,194.4443
660.2311: 2.261449,-0.8640192,1.545133,186.0235
660.4534: 2.179346,-1.022501,1.52435,189.01
660.6756: 2.100788,-1.170856,1.544826,196.7687
660.8978: 1.965924,-1.229889,1.556112,248.3776
661.12: 1.854234,-1.229574,1.551053,282.8129
661.3422: 1.71174,-1.190464,1.545088,297.6662
661.5645: 1.540202,-1.165281,1.56239,294.3795
661.7867: 1.348672,-1.150028,1.543628,294.7325
662.0089: 1.130379,-1.158186,1.537912,295.1348
662.2311: 0.9130142,-1.1511,1.559505,284.9131
662.4534: 0.6911747,-1.115842,1.525623,270.8721
662.6756: 0.4575038,-1.044876,1.536102,263.9251
662.8978: 0.2306085,-1.009538,1.555502,264.3445
663.12: 9.957561E-05,-1.024428,1.518513,261.1622
663.3422: -0.2223946,-1.074989,1.542392,242.8041
663.5645: -0.4110781,-1.110216,1.546818,214.9759
663.7867: -0.6351823,-1.092878,1.518179,214.7037
664.0089: -0.8881562,-1.03974,1.550833,247.6325
664.2311: -1.121752,-1.029707,1.542905,266.3044
664.4534: -1.352799,-1.079849,1.533535,263.0147
664.6756: -1.569292,-1.118251,1.561055,254.2218
664.8978: -1.781872,-1.121693,1.53358,254.1246
665.12: -1.994927,-1.130788,1.534098,232.6717
665.3422: -2.1678,-1.169347,1.548455,202.8172
665.5645: -2.304744,-1.226092,1.528599,186.1646
665.7867: -2.417841,-1.265569,1.546528,175.0551
666.0089: -2.526928,-1.268906,1.56181,163.1488
666.2311: -2.633855,-1.240921,1.542686,130.8444
666.4534: -2.702841,-1.15931,1.544134,91.31792
666.6756: -2.763225,-1.034455,1.554578,58.71767
666.8978: -2.824117,-0.8886577,1.554117,38.78617
667.12: -2.880164,-0.7245529,1.550439,24.5583
667.3422: -2.901594,-0.5780497,1.553462,16.80985
667.5645: -2.8795,-0.4187218,1.53437,15.52108
667.7867: -2.80135,-0.2392718,1.516579,19.2523
668.0089: -2.725674,-0.04977542,1.548149,22.73078
668.2311: -2.682801,0.1455512,1.533309,29.97863
668.4534: -2.650661,0.3608131,1.526181,34.94426
668.6756: -2.578091,0.5503653,1.55258,51.09393
668.8978: -2.470527,0.7014922,1.528811,65.95713
669.12: -2.34668,0.8806047,1.529739,48.73767
669.3422: -2.256258,1.075572,1.543683,21.35088
669.5645: -2.180119,1.277703,1.51362,9.683644
669.7867: -2.126693,1.49153,1.527056,1.535557
670.0089: -2.061742,1.676947,1.537387,352.8107
670.2311: -1.985464,1.87636,1.502165,342.8805
670.4534: -1.90961,2.080102,1.529079,323.7339
670.6756: -1.863037,2.260996,1.543005,323.8116
670.8978: -1.785191,2.462098,1.513866,8.530636
671.12: -1.719343,2.630582,1.534172,51.70878
671.3422: -1.619442,2.76239,1.535612,78.63077
671.5645: -1.454162,2.862118,1.508878,91.58304
671.7867: -1.262235,2.960329,1.534323,96.80859
672.0089: -1.075687,3.061886,1.53372,101.5322
672.2311: -0.8741305,3.171834,1.518827,106.8801
672.4534: -0.6678685,3.24033,1.548639,118.5317
672.6756: -0.4543335,3.268783,1.519714,119.4952
672.8978: -0.2156889,3.255936,1.535003,112.2117
673.12: 0.0146677,3.263499,1.55068,107.7784
673.3422: 0.2637168,3.294479,1.514529,103.2365
673.5645: 0.5132289,3.312269,1.544704,99.38749
673.7867: 0.7574689,3.282864,1.533346,101.1194
674.0089: 1.009835,3.218351,1.524038,104.5305
674.2311: 1.251286,3.169261,1.559215,107.9857
674.4534: 1.498166,3.134899,1.526594,117.1703
674.6756: 1.756426,3.102889,1.540354,127.8782
674.8978: 1.971959,3.016812,1.556751,137.9877
675.12: 2.154302,2.864363,1.520479,145.4765
675.3422: 2.301012,2.683893,1.5483,158.0115
675.5645: 2.422154,2.513877,1.547407,179.0041
675.7867: 2.550546,2.333259,1.523006,189.8993
676.0089: 2.647012,2.128283,1.555567,197.0297
676.2311: 2.676433,1.908612,1.53626,200.709
676.4534: 2.644544,1.671381,1.536508,207.9153
676.6756: 2.608806,1.463195,1.561204,230.0298
676.8978: 2.608043,1.248746,1.525565,252.9565
677.12: 2.628171,1.050652,1.543149,271.0219
677.3422: 2.631018,0.8000914,1.553226,240.6719
677.5645: 2.625937,0.5409169,1.516982,197.9536
677.7867: 2.582039,0.3235245,1.548454,179.7141
678.0089: 2.563386,0.1038679,1.542115,180.7744
678.2311: 2.570439,-0.1260195,1.521384,189.5518
678.4534: 2.558714,-0.3272656,1.55601,204.3984
678.6756: 2.493828,-0.5177792,1.533172,202.6112
678.8978: 2.350791,-0.7206424,1.528529,192.436
679.12: 2.225549,-0.9053904,1.544171,183.1365
679.3422: 2.142919,-1.076843,1.526065,177.0362
679.5645: 2.103619,-1.270756,1.532246,171.8969
679.7867: 2.058875,-1.432293,1.552065,163.3774
680.0089: 1.986974,-1.617712,1.528952,161.7263
680.2311: 1.901326,-1.813849,1.536909,156.8419
680.4534: 1.858483,-2.012665,1.547854,147.8589
680.6756: 1.86674,-2.183604,1.521585,138.6362
680.8978: 1.903461,-2.351163,1.528443,129.0409
681.12: 1.882045,-2.517351,1.544735,148.5643
681.3422: 1.7776,-2.63834,1.541311,209.9082
681.5645: 1.682855,-2.71622,1.530143,252.2475
681.7867: 1.604233,-2.812618,1.539872,272.9556
682.0089: 1.529778,-2.899374,1.543368,287.7117
682.2311: 1.444108,-2.979635,1.530475,302.1074
682.4534: 1.325914,-3.079848,1.546277,295.1727
682.6756: 1.161767,-3.132657,1.54278,284.3506
682.8978: 0.9640434,-3.123198,1.5206,276.027
683.12: 0.7641222,-3.091387,1.548367,278.403
683.3422: 0.5776421,-3.101951,1.550054,279.0579
683.5645: 0.3778561,-3.123524,1.530062,280.1824
683.7867: 0.1789544,-3.130498,1.56308,284.0852
Trial Result: Fail at object:  | Time Spent: 30
Trial No.:4 Ends
Trial No.:23 Begins
User confirmed on object: Chair, this maze officially starts.
698.7978: 0.8715087,-3.051224,1.601982,356.1964
699.02: 0.912257,-3.045974,1.607391,8.725622
699.2422: 0.9383539,-3.0538,1.607199,24.83861
699.4645: 0.9647449,-3.051363,1.587157,39.65577
699.6867: 0.9975553,-3.041492,1.561105,50.27395
699.9089: 1.088351,-3.041331,1.550164,60.85942
700.1311: 1.222072,-3.068802,1.536374,80.52069
700.3533: 1.356314,-3.031224,1.547095,67.16378
700.5756: 1.430184,-2.931286,1.538578,24.24771
700.7978: 1.50814,-2.81138,1.518398,359.5051
701.02: 1.598268,-2.68008,1.547316,355.5665
701.2422: 1.703887,-2.533685,1.550934,0.2352945
701.4645: 1.814548,-2.359327,1.512422,6.709618
701.6867: 1.916226,-2.144193,1.546438,3.009124
701.9089: 1.94978,-1.939234,1.541998,358.1761
702.1311: 1.944818,-1.721844,1.521263,354.7072
702.3533: 1.943605,-1.526391,1.556813,348.8658
702.5756: 1.96851,-1.383479,1.548784,318.799
702.7978: 2.081096,-1.279832,1.518681,284.4978
703.02: 2.2145,-1.156681,1.547777,276.3
703.2422: 2.322227,-0.9787666,1.550158,304.2329
703.4645: 2.428238,-0.7890318,1.525714,330.4783
703.6867: 2.509739,-0.5914426,1.545134,346.9354
703.9089: 2.581364,-0.393198,1.553662,353.6025
704.1311: 2.666893,-0.1817816,1.51815,1.489074
704.3533: 2.753438,0.029501,1.550977,10.65978
704.5756: 2.770282,0.2307771,1.553492,6.822008
704.7978: 2.738441,0.4354979,1.525201,349.6835
705.02: 2.715149,0.6388854,1.555047,337.9883
705.2422: 2.69608,0.8097875,1.543429,300.4063
705.4645: 2.73244,0.98711,1.519768,272.3159
705.6867: 2.766812,1.175918,1.551924,259.9165
705.9089: 2.775443,1.348948,1.539024,248.7269
706.1311: 2.73895,1.582444,1.531241,275.4981
706.3533: 2.724363,1.826942,1.560017,309.7882
706.5756: 2.716125,2.043266,1.541176,319.237
706.7978: 2.714892,2.276887,1.51386,317.1324
707.02: 2.659198,2.48225,1.550908,295.8095
707.2422: 2.551122,2.631285,1.527474,276.22
707.4645: 2.387065,2.757792,1.521305,263.0035
707.6867: 2.245893,2.858291,1.547418,246.2202
707.9089: 2.120596,2.939533,1.532553,227.7767
708.1311: 2.004699,2.972394,1.547072,213.9677
708.3533: 1.93304,2.94628,1.550775,207.7013
708.5756: 1.902999,2.890547,1.557986,206.8484
Trial Result: Success object: Piano | Time Spent: 10.01706
Trial No.:23 Ends
Trial No.:13 Begins
User confirmed on object: Telescope, this maze officially starts.
720.6645: -2.771289,0.1349101,1.583559,104.1493
720.8867: -2.76505,0.1231029,1.580844,115.2779
721.1089: -2.772977,0.09751262,1.579572,134.0271
721.3311: -2.773829,0.06606015,1.569729,140.996
721.5533: -2.781674,0.002550201,1.543289,155.34
721.7756: -2.811435,-0.08926407,1.530447,175.0215
721.9978: -2.851529,-0.2122152,1.524113,185.0354
722.22: -2.871374,-0.3546911,1.533438,182.5115
722.4423: -2.847741,-0.5141302,1.531877,170.8185
722.6645: -2.787985,-0.6865675,1.520704,160.0742
722.8867: -2.758046,-0.8809065,1.553842,168.8199
723.1089: -2.774716,-1.088495,1.53359,176.9932
723.3311: -2.820032,-1.32252,1.524034,175.2631
723.5533: -2.829014,-1.534088,1.559437,166.267
723.7756: -2.814723,-1.724322,1.537677,161.473
723.9978: -2.773234,-1.896486,1.547417,149.2581
724.22: -2.758398,-2.096227,1.558132,139.5397
724.4423: -2.754425,-2.322857,1.507729,128.9013
724.6645: -2.716779,-2.529363,1.535692,113.5516
724.8867: -2.628658,-2.659804,1.528756,94.13401
725.1089: -2.485462,-2.756082,1.528958,83.98606
725.3311: -2.330433,-2.855855,1.549533,82.07552
725.5533: -2.154944,-2.960383,1.531951,82.17741
725.7756: -1.94727,-3.083145,1.528085,83.61897
725.9978: -1.73817,-3.13621,1.556632,71.38391
726.22: -1.543977,-3.108232,1.522289,45.11084
726.4423: -1.331985,-3.055041,1.535165,29.82608
726.6645: -1.093248,-3.052994,1.556962,48.02176
726.8867: -0.8463796,-3.065193,1.526081,65.01421
727.1089: -0.5943681,-3.078484,1.551968,71.58334
727.3311: -0.3602083,-3.061281,1.550738,76.31009
727.5533: -0.1171515,-3.028609,1.524513,84.86069
727.7756: 0.1298909,-3.012729,1.561856,88.92405
727.9978: 0.3700375,-3.040312,1.534587,89.32789
728.22: 0.6166723,-3.09014,1.539285,83.10688
728.4423: 0.8385913,-3.089126,1.560232,72.0985
728.6645: 1.052636,-3.060361,1.526543,71.42899
728.8867: 1.24846,-3.004539,1.544696,67.44028
729.1089: 1.409235,-2.933915,1.555329,51.20571
729.3311: 1.591471,-2.849854,1.52282,44.11114
729.5533: 1.776495,-2.746897,1.543763,39.24118
729.7756: 1.896028,-2.613196,1.544904,36.72053
Trial Result: Success object: Well | Time Spent: 9.462507
Trial No.:13 Ends
Trial No.:12 Begins
User confirmed on object: Trashcan, this maze officially starts.
738.7311: 2.73953,1.020032,1.600308,96.75168
738.9534: 2.727251,1.001879,1.603756,101.0946
739.1756: 2.676192,0.9601464,1.604789,113.2448
739.3978: 2.61757,0.9008211,1.595558,126.2173
739.62: 2.557093,0.814603,1.571346,147.4856
739.8422: 2.509327,0.7254323,1.546531,168.3179
740.0645: 2.494319,0.6205955,1.525648,192.3311
740.2867: 2.544876,0.474837,1.520271,201.58
740.5089: 2.606316,0.3026587,1.547967,198.48
740.7311: 2.604434,0.1172024,1.53559,200.8505
740.9534: 2.553085,-0.09948374,1.519636,202.2646
741.1756: 2.495564,-0.2960574,1.551045,211.2072
741.3978: 2.441121,-0.477335,1.537453,229.9875
741.62: 2.386748,-0.6468986,1.536391,258.222
741.8422: 2.326424,-0.7917644,1.543831,275.799
742.0645: 2.231571,-0.9064435,1.532387,279.7077
742.2867: 2.092525,-1.070316,1.530621,222.5439
742.5089: 2.000619,-1.200121,1.5502,173.9295
742.7311: 1.945187,-1.342432,1.536317,154.8681
742.9534: 1.923191,-1.535748,1.523168,157.2503
743.1756: 1.908489,-1.732063,1.551179,164.475
743.3978: 1.887536,-1.914141,1.535688,158.2679
743.62: 1.847096,-2.114613,1.523327,145.8379
743.8422: 1.791024,-2.321581,1.555279,160.6991
744.0645: 1.713913,-2.511553,1.535344,206.1157
744.2867: 1.663121,-2.681866,1.528662,247.0572
744.5089: 1.588098,-2.833714,1.546654,268.6242
744.7311: 1.454657,-2.926437,1.527014,284.9312
744.9534: 1.262075,-2.985812,1.536873,283.737
745.1756: 1.059036,-3.040915,1.55423,279.6432
745.3978: 0.8333914,-3.088476,1.521424,280.1534
745.62: 0.5957708,-3.135646,1.540921,283.4485
745.8422: 0.3798365,-3.124313,1.547902,286.4943
746.0645: 0.154799,-3.072805,1.509428,287.9274
746.2867: -0.07108589,-2.99168,1.541304,300.4751
746.5089: -0.2647198,-2.95041,1.539774,313.3498
746.7311: -0.5001112,-2.943548,1.524947,320.726
746.9534: -0.7229169,-2.953809,1.553967,308.8759
747.1756: -0.9703419,-2.968852,1.533801,283.0174
747.3978: -1.213558,-2.950691,1.526349,274.6804
747.62: -1.446684,-2.937784,1.552854,285.0854
747.8422: -1.677619,-2.959758,1.522472,294.074
748.0645: -1.908261,-2.97919,1.540157,307.2564
748.2867: -2.08511,-2.927629,1.546743,327.8881
748.5089: -2.223959,-2.802645,1.518073,340.9364
748.7311: -2.345096,-2.642088,1.538493,353.7915
748.9534: -2.469906,-2.474988,1.539893,2.728283
749.1756: -2.608022,-2.277822,1.517738,4.70209
749.3978: -2.707284,-2.06708,1.554021,9.336834
749.62: -2.746759,-1.844228,1.53086,14.70581
749.8422: -2.747272,-1.589444,1.529264,11.836
750.0645: -2.764321,-1.341883,1.552033,7.992857
750.2867: -2.800677,-1.08553,1.504389,6.384785
750.5089: -2.836016,-0.8189967,1.53067,10.90046
750.7311: -2.824121,-0.5872465,1.536124,16.93231
750.9534: -2.787334,-0.340728,1.503906,19.82664
751.1756: -2.737386,-0.1107665,1.542173,20.92161
751.3978: -2.702919,0.1062377,1.5387,26.55072
751.62: -2.677988,0.3295715,1.52444,34.09569
751.8422: -2.633731,0.5308248,1.55545,40.91351
752.0645: -2.547777,0.7102091,1.531292,45.16752
752.2867: -2.409906,0.8866345,1.524936,45.39179
752.5089: -2.275008,1.061594,1.548211,47.24913
752.7311: -2.16287,1.241541,1.520114,49.70622
752.9534: -2.049909,1.430188,1.52396,54.90305
753.1756: -1.922819,1.567017,1.541876,59.47844
Trial Result: Success object: Table | Time Spent: 14.81524
Trial No.:12 Ends
Trial No.:1 Begins
User confirmed on object: Stove, this maze officially starts.
768.2422: -2.708133,3.047056,1.581124,262.8073
768.4645: -2.736184,3.083102,1.585687,269.8536
768.6867: -2.743961,3.145755,1.593248,278.5028
768.9089: -2.744344,3.198848,1.591325,272.1545
769.1311: -2.717786,3.163958,1.561642,213.3925
769.3533: -2.641386,3.148648,1.52981,169.1085
769.5756: -2.570536,3.122564,1.524596,157.4674
769.7978: -2.448871,3.058509,1.524078,164.129
770.02: -2.314013,2.983692,1.528832,171.0641
770.2422: -2.223084,2.878355,1.521662,175.4474
770.4645: -2.15854,2.702792,1.500052,178.9657
770.6867: -2.11393,2.508528,1.534697,183.7677
770.9089: -2.061632,2.327039,1.531975,190.2594
771.1311: -2.000735,2.127045,1.515075,199.5443
771.3533: -1.97769,1.935634,1.545142,212.3292
771.5756: -2.020613,1.773808,1.533205,220.9411
771.7978: -2.12582,1.598625,1.521647,201.0476
772.02: -2.245181,1.422291,1.539722,190.8278
772.2422: -2.343759,1.234633,1.518466,184.6063
772.4645: -2.417338,1.042264,1.523256,182.1561
772.6867: -2.467782,0.9071232,1.543271,176.5689
772.9089: -2.495525,0.8149358,1.553089,159.2146
773.1311: -2.480195,0.796993,1.561521,105.2816
773.3533: -2.497469,0.8144325,1.558854,60.44047
773.5756: -2.517516,0.8116507,1.556957,50.28275
773.7978: -2.524964,0.8044132,1.55931,52.08833
774.02: -2.536365,0.7323093,1.560737,85.9864
774.2422: -2.603719,0.607173,1.549318,135.0463
774.4645: -2.676907,0.482665,1.534942,158.6549
774.6867: -2.716754,0.3158657,1.507475,166.6766
774.9089: -2.721899,0.1286926,1.530287,173.1479
775.1311: -2.758611,-0.03355107,1.551409,180.0566
775.3533: -2.790179,-0.207615,1.529107,177.5103
775.5756: -2.817245,-0.3972464,1.550623,164.4906
775.7978: -2.766751,-0.5413328,1.551657,124.8881
776.02: -2.701322,-0.6756565,1.517872,93.55539
776.2422: -2.635451,-0.8439626,1.532393,82.57796
776.4645: -2.602967,-1.071388,1.549529,103.3705
776.6867: -2.63404,-1.329393,1.522408,134.0516
776.9089: -2.679929,-1.574289,1.542734,154.9464
777.1311: -2.678808,-1.79171,1.544069,157.4231
777.3533: -2.634388,-2.007339,1.511447,150.065
777.5756: -2.588464,-2.200325,1.538155,142.6665
777.7978: -2.539294,-2.393833,1.521399,126.488
778.02: -2.483202,-2.596784,1.514519,103.2525
778.2422: -2.386272,-2.774202,1.541609,84.95483
778.4645: -2.234303,-2.901967,1.511828,76.90686
778.6867: -2.020837,-2.989039,1.533828,82.56913
778.9089: -1.82269,-3.077668,1.557056,84.90714
779.1311: -1.60427,-3.174992,1.525367,85.50063
779.3533: -1.374482,-3.273103,1.562384,82.35638
779.5756: -1.144822,-3.307,1.562951,76.54448
779.7978: -0.897655,-3.290689,1.533642,75.9442
780.02: -0.6504134,-3.273085,1.571873,79.31281
780.2422: -0.4022546,-3.27565,1.545288,80.92017
780.4645: -0.1371706,-3.292421,1.548558,78.42203
780.6867: 0.1116131,-3.275878,1.571488,71.97334
780.9089: 0.3592489,-3.230346,1.533361,67.34375
781.1311: 0.5933629,-3.165337,1.559444,66.06892
781.3533: 0.817919,-3.106205,1.552478,62.79329
781.5756: 1.062428,-3.04853,1.526175,58.29795
781.7978: 1.290343,-2.965561,1.568066,54.11955
782.02: 1.465308,-2.841883,1.540286,49.07917
782.2422: 1.613605,-2.693167,1.546198,51.09899
782.4645: 1.75345,-2.571836,1.561916,51.78395
Trial Result: Success object: Well | Time Spent: 14.6276
Trial No.:1 Ends
Trial No.:14 Begins
User confirmed on object: Telescope, this maze officially starts.
798.8755: -2.758215,0.04036883,1.607908,96.90496
799.0978: -2.74429,0.05737528,1.606658,98.22052
799.32: -2.738344,0.06817871,1.607262,100.6332
799.5422: -2.738804,0.0505944,1.601754,122.3308
799.7645: -2.751729,0.02481352,1.58566,148.1133
799.9867: -2.768742,-0.00660688,1.554652,168.0935
800.2089: -2.813037,-0.09236704,1.540489,179.7265
800.4312: -2.856466,-0.2285915,1.528236,180.6254
800.6534: -2.828711,-0.3620794,1.540544,158.7714
800.8755: -2.748487,-0.4617307,1.521167,126.9978
801.0978: -2.634351,-0.5671791,1.522002,113.2747
801.32: -2.531456,-0.6500246,1.538998,96.30888
801.5422: -2.414856,-0.7467256,1.537443,90.61012
801.7645: -2.262661,-0.8802562,1.51577,94.54527
801.9867: -2.080151,-1.000277,1.55139,91.31688
802.2089: -1.880093,-1.044889,1.540374,91.15314
802.4312: -1.656553,-1.046321,1.527952,101.6789
802.6534: -1.444476,-1.038626,1.558635,102.2255
802.8755: -1.224283,-1.053394,1.534301,98.49953
803.0978: -0.9823698,-1.090616,1.537297,92.94767
803.32: -0.7395965,-1.094237,1.568861,87.00529
803.5422: -0.4930763,-1.057327,1.528967,84.65797
803.7645: -0.2418104,-1.011445,1.550575,85.36069
803.9867: -0.007296739,-1.007502,1.557449,88.53827
804.2089: 0.2333304,-1.027119,1.523932,92.97022
804.4312: 0.4787038,-1.05416,1.560115,98.79279
804.6534: 0.7099742,-1.047912,1.551179,106.2855
804.8755: 0.9450614,-1.029451,1.52849,118.5108
805.0978: 1.154534,-1.041492,1.545901,142.6106
805.32: 1.326097,-1.086787,1.523004,161.7968
805.5422: 1.483312,-1.165233,1.519886,174.8586
805.7645: 1.648406,-1.218097,1.540559,169.5524
805.9867: 1.843002,-1.194185,1.53469,108.7315
806.2089: 1.981155,-1.119851,1.532115,55.67262
806.4312: 2.086023,-1.075567,1.522291,23.46277
806.6534: 2.218746,-1.031253,1.521463,8.424655
806.8755: 2.399305,-0.971357,1.520425,3.974264
807.0978: 2.558514,-0.8890559,1.548433,7.639798
807.32: 2.627254,-0.7803499,1.550635,5.032663
807.5422: 2.659871,-0.6287557,1.524684,3.618469
807.7645: 2.677325,-0.4526628,1.551679,357.3776
807.9867: 2.721561,-0.2767068,1.556309,354.3332
808.2089: 2.779936,-0.08025604,1.524743,350.5496
808.4312: 2.82049,0.1193472,1.551697,333.3141
808.6534: 2.797944,0.2710099,1.550595,305.4741
808.8755: 2.746047,0.4139946,1.524574,293.92
809.0978: 2.679526,0.547901,1.536036,284.3183
809.32: 2.637554,0.6607002,1.549229,274.2435
809.5422: 2.606972,0.7757353,1.545592,264.0672
809.7645: 2.56813,0.859861,1.561265,253.8792
809.9867: 2.560043,0.7902602,1.565289,217.4743
810.2089: 2.609787,0.6359343,1.560087,202.6915
810.4312: 2.675208,0.4392933,1.557562,200.0919
810.6534: 2.681863,0.2505321,1.555008,202.0765
810.8755: 2.636103,0.04006952,1.521441,204.5126
811.0978: 2.558083,-0.1742394,1.54571,202.2334
811.32: 2.497267,-0.363623,1.550246,214.028
811.5422: 2.433795,-0.5570762,1.528316,237.3099
811.7645: 2.348883,-0.7400676,1.553613,254.4541
811.9867: 2.224818,-0.9179011,1.543776,248.3448
812.2089: 2.099375,-1.118161,1.532228,202.7731
812.4312: 2.015372,-1.299229,1.551656,170.3678
812.6534: 1.964481,-1.494619,1.520588,159.4554
812.8755: 1.942337,-1.716468,1.53779,161.6558
813.0978: 1.901553,-1.907005,1.548444,156.3052
813.32: 1.845132,-2.110839,1.516348,145.1805
813.5422: 1.773192,-2.316142,1.54378,136.8643
813.7645: 1.691881,-2.513484,1.554232,174.3875
813.9867: 1.618934,-2.673149,1.527042,228.2072
814.2089: 1.588513,-2.820561,1.541233,263.0665
814.4312: 1.513129,-2.937753,1.544146,282.6541
814.6534: 1.381094,-2.99708,1.525829,296.8026
814.8755: 1.192392,-3.05119,1.550169,286.5598
815.0978: 0.9830883,-3.110268,1.54742,277.9089
815.32: 0.7415928,-3.169111,1.521872,279.2126
815.5422: 0.5138292,-3.205595,1.557462,284.0103
815.7645: 0.2863215,-3.198728,1.537797,286.6678
815.9867: 0.05231509,-3.148557,1.529523,289.4424
816.2089: -0.173472,-3.077169,1.561067,306.2886
816.4312: -0.3666105,-3.030064,1.529768,326.5445
816.6534: -0.5914596,-3.007339,1.534136,346.9199
816.8755: -0.7792033,-2.978136,1.553223,358.6953
817.0978: -1.027574,-2.957312,1.524294,333.5627
817.32: -1.29088,-2.961966,1.541304,290.0612
817.5422: -1.50998,-2.972515,1.549547,275.5162
817.7645: -1.725055,-2.974047,1.520733,288.639
817.9867: -1.933289,-2.963542,1.553819,310.6987
818.2089: -2.089728,-2.904352,1.549653,329.6646
818.4312: -2.226403,-2.784325,1.527546,341.3385
818.6534: -2.344428,-2.640241,1.544318,354.9482
818.8755: -2.459307,-2.497518,1.540435,5.039717
819.0978: -2.590408,-2.330971,1.524246,7.092651
819.32: -2.688236,-2.148613,1.556067,10.64306
819.5422: -2.721766,-1.960471,1.537886,12.67811
819.7645: -2.698915,-1.742486,1.528918,10.45527
819.9867: -2.686264,-1.518309,1.557588,9.112453
820.2089: -2.702068,-1.296695,1.528829,7.330105
820.4312: -2.733701,-1.057277,1.538211,7.732095
820.6534: -2.719783,-0.8283646,1.558249,10.76355
820.8755: -2.680543,-0.5973284,1.52321,9.11263
821.0978: -2.618429,-0.3634773,1.538002,9.8137
821.32: -2.595429,-0.1443769,1.552979,14.07644
821.5422: -2.591103,0.08183962,1.517426,20.79511
821.7645: -2.579498,0.3029422,1.547916,29.77085
821.9867: -2.505908,0.4871739,1.551409,41.79891
822.2089: -2.369523,0.6191627,1.515264,68.00184
822.4312: -2.23708,0.7301269,1.533713,90.99401
822.6534: -2.12752,0.8525085,1.541699,97.88943
822.8755: -1.99874,0.9836762,1.526255,93.71927
823.0978: -1.836566,1.084393,1.543239,87.80468
823.32: -1.641644,1.099658,1.522054,92.09727
823.5422: -1.415813,1.051397,1.527621,94.92159
823.7645: -1.221966,1.043673,1.551653,86.68052
823.9867: -1.033476,1.065297,1.524855,73.89296
824.2089: -0.8246735,1.107255,1.530912,66.05621
824.4312: -0.6309863,1.134872,1.545602,44.88877
824.6534: -0.4371456,1.138951,1.517608,20.25314
824.8755: -0.2290758,1.123075,1.521498,1.731526
825.0978: -0.02274078,1.129121,1.547242,11.76936
825.32: 0.1871359,1.129719,1.52834,58.2022
825.5422: 0.3670221,1.155344,1.537474,91.45258
825.7645: 0.5460452,1.169686,1.55302,111.6187
825.9867: 0.7364417,1.161983,1.524507,114.3621
826.2089: 0.9547774,1.136043,1.536883,99.0368
826.4312: 1.158181,1.125447,1.555286,91.39625
826.6534: 1.36613,1.129131,1.526599,94.47978
826.8755: 1.58656,1.136504,1.539581,112.5983
827.0978: 1.768608,1.098028,1.551585,132.6876
827.32: 1.948047,1.020879,1.520025,141.0656
827.5422: 2.132742,0.903934,1.538291,150.6283
827.7645: 2.288226,0.8016399,1.544106,165.0702
827.9867: 2.43421,0.7043586,1.528059,181.3702
828.2089: 2.593011,0.6113371,1.545189,188.1205
828.4312: 2.72048,0.4774813,1.551049,192.0774
828.6534: 2.783751,0.2975674,1.52368,195.0645
Trial Result: Fail at object:  | Time Spent: 30
Trial No.:14 Ends
Trial No.:10 Begins
User confirmed on object: Bookshelf, this maze officially starts.
840.3867: 1.690874,0.9324201,1.587709,175.2416
840.6089: 1.661345,0.8981516,1.596927,174.3929
840.8311: 1.652473,0.9029422,1.610594,172.3491
841.0533: 1.653981,0.9177847,1.61738,174.2602
841.2756: 1.642195,0.9214883,1.614714,192.0434
841.4978: 1.638965,0.9284685,1.615832,209.2588
841.72: 1.654166,0.9262078,1.614692,209.7811
841.9423: 1.726332,0.8890181,1.596245,163.3355
842.1645: 1.82831,0.9017102,1.570182,137.1455
842.3867: 1.955154,0.9337966,1.554747,134.5381
842.6089: 2.080771,0.9213517,1.549811,143.3241
842.8311: 2.197132,0.8475339,1.540036,156.3167
843.0533: 2.28716,0.7229585,1.526243,171.6734
843.2756: 2.372135,0.5847526,1.547064,179.7714
843.4978: 2.470019,0.4343852,1.543281,178.5114
843.72: 2.570023,0.2507455,1.524097,185.0772
843.9423: 2.619474,0.05445309,1.552633,197.2828
844.1645: 2.601381,-0.1376713,1.533782,207.0747
844.3867: 2.536077,-0.3400199,1.537866,202.9911
844.6089: 2.46809,-0.5330487,1.552229,198.3471
844.8311: 2.40616,-0.7407904,1.52421,199.0292
845.0533: 2.361748,-0.9567728,1.544976,198.2537
845.2756: 2.2873,-1.151831,1.545689,188.016
845.4978: 2.177813,-1.335992,1.516893,180.1475
845.72: 2.062488,-1.523866,1.553012,168.0497
845.9423: 1.98703,-1.719948,1.54762,166.4735
846.1645: 1.914258,-1.935072,1.524748,198.1112
846.3867: 1.851106,-2.122586,1.550965,226.7053
846.6089: 1.771681,-2.306271,1.535038,240.6838
846.8311: 1.648607,-2.491999,1.52441,249.6786
847.0533: 1.537416,-2.644925,1.540577,265.0709
847.2756: 1.434386,-2.788283,1.526745,281.2472
847.4978: 1.327326,-2.949882,1.539501,285.1727
847.72: 1.177749,-3.076225,1.559495,285.1024
847.9423: 0.9838158,-3.147303,1.526766,284.2879
848.1645: 0.761958,-3.175051,1.544642,283.0624
848.3867: 0.5521188,-3.203491,1.553452,285.9197
848.6089: 0.3324844,-3.240575,1.524299,288.1086
848.8311: 0.1082909,-3.267906,1.553368,292.0945
849.0533: -0.0962759,-3.224547,1.547261,309.7823
849.2756: -0.2888027,-3.13793,1.525227,325.0576
849.4978: -0.4823607,-3.057123,1.554653,329.4789
849.72: -0.6916782,-3.023901,1.543266,318.9642
849.9423: -0.9211909,-3.040474,1.532279,298.226
850.1645: -1.136197,-3.041092,1.556043,290.071
850.3867: -1.35137,-3.007058,1.534452,291.6624
850.6089: -1.572052,-2.949261,1.53337,294.7668
850.8311: -1.789844,-2.906973,1.554334,299.4454
851.0533: -2.002719,-2.873977,1.529836,307.6458
851.2756: -2.212351,-2.83156,1.542239,324.9378
851.4978: -2.376272,-2.735837,1.5502,348.1669
851.72: -2.489725,-2.571733,1.519443,2.834299
851.9423: -2.587271,-2.378055,1.544611,6.530143
852.1645: -2.684069,-2.186597,1.5409,9.023324
852.3867: -2.784543,-1.977564,1.523781,14.90727
852.6089: -2.844573,-1.756366,1.558862,24.62907
852.8311: -2.851082,-1.530453,1.524436,31.07585
853.0533: -2.822162,-1.284704,1.529888,32.17095
853.2756: -2.824258,-1.044615,1.551457,23.7366
853.4978: -2.844164,-0.7916454,1.51582,20.50011
853.72: -2.85375,-0.5401627,1.545281,22.10098
853.9423: -2.813278,-0.3067559,1.537985,25.0706
854.1645: -2.733596,-0.0652148,1.512927,25.83295
854.3867: -2.651845,0.1603114,1.54627,31.37883
854.6089: -2.596367,0.3698885,1.527757,38.07895
854.8311: -2.539165,0.5742028,1.523082,64.02446
855.0533: -2.466663,0.7334327,1.54401,88.37509
855.2756: -2.363807,0.8849856,1.525171,89.27906
855.4978: -2.221373,1.057864,1.527489,68.92712
855.72: -2.121767,1.2462,1.544034,39.11635
855.9423: -2.044114,1.435656,1.511586,22.54673
856.1645: -1.961924,1.635195,1.53032,24.84249
856.3867: -1.870532,1.828417,1.539504,25.39455
856.6089: -1.771169,2.033947,1.503643,27.8814
856.8311: -1.669561,2.238456,1.536725,35.62822
857.0533: -1.594202,2.425077,1.531087,54.95784
857.2756: -1.523856,2.604179,1.512581,78.8951
857.4978: -1.451154,2.770432,1.542629,100.5782
857.72: -1.335972,2.895895,1.535895,102.6908
857.9423: -1.153625,2.975852,1.519631,98.95418
858.1645: -0.95595,3.044974,1.552612,97.29128
858.3867: -0.7606195,3.136343,1.531469,98.47556
858.6089: -0.5550112,3.255494,1.528053,101.9954
858.8311: -0.3513499,3.332969,1.553363,104.4309
859.0533: -0.1383975,3.354155,1.523778,105.7832
859.2756: 0.1029743,3.325463,1.537804,107.5988
859.4978: 0.3301641,3.296064,1.551555,113.6635
859.72: 0.5631002,3.263735,1.523273,117.9201
859.9423: 0.7810469,3.21327,1.549819,125.2748
860.1645: 0.951296,3.118572,1.55257,129.0944
860.3867: 1.106979,2.989156,1.528153,126.1823
Trial Result: Fail at object: Piano | Time Spent: 20.3798
Trial No.:10 Ends
