Participant ID: 448
Maze Mode: testing
Trial No.:9 Begins
User confirmed on object: Bookshelf, this maze officially starts.
128.5978: 1.789389,1.145344,1.533704,179.1434
128.82: 1.794431,1.162733,1.535288,178.9813
129.0422: 1.784047,1.220646,1.540051,178.0762
129.2645: 1.752045,1.310109,1.546221,177.2361
129.4867: 1.715613,1.399766,1.545233,176.0315
129.7089: 1.692942,1.46338,1.548543,173.191
129.9311: 1.687294,1.502527,1.556862,170.4678
130.1533: 1.692985,1.515095,1.557456,171.5871
130.3756: 1.71412,1.515457,1.558554,173.1049
130.5978: 1.735347,1.516518,1.555731,175.9888
130.82: 1.748236,1.517319,1.557842,182.0875
131.0422: 1.758163,1.523201,1.555598,186.6149
131.2645: 1.772151,1.531187,1.553527,188.1899
131.4867: 1.784739,1.539123,1.556566,187.5596
131.7089: 1.796623,1.541641,1.555639,183.7814
131.9311: 1.805017,1.53556,1.55195,177.4422
132.1533: 1.804456,1.52706,1.554114,172.9006
132.3756: 1.788487,1.518157,1.553047,176.4946
132.5978: 1.761579,1.50933,1.551046,189.0973
132.82: 1.742092,1.50236,1.547224,196.8256
133.0422: 1.732392,1.493988,1.546415,195.7274
133.2645: 1.729133,1.493159,1.545382,188.6377
133.4867: 1.727126,1.503267,1.54423,184.9241
133.7089: 1.719752,1.508094,1.545989,190.6343
133.9311: 1.688444,1.518362,1.545828,225.3112
134.1533: 1.65405,1.519995,1.543299,243.681
134.3756: 1.593608,1.523442,1.540711,250.0284
134.5978: 1.544384,1.515016,1.53736,255.5447
134.82: 1.507153,1.467897,1.539777,248.6792
135.0422: 1.478455,1.395243,1.535909,242.2043
135.2645: 1.449365,1.309206,1.5349,244.459
135.4867: 1.401797,1.238866,1.535403,247.8907
135.7089: 1.325157,1.186492,1.534977,248.7365
135.9311: 1.20735,1.14333,1.515204,245.7919
136.1533: 1.061808,1.10203,1.526524,242.1575
136.3756: 0.9265519,1.052285,1.535993,239.2913
136.5978: 0.8017377,0.976413,1.524322,237.5284
136.82: 0.6889106,0.8977348,1.537403,235.8214
137.0422: 0.5768073,0.856024,1.542179,233.4969
137.2645: 0.4689853,0.8439077,1.530218,221.788
137.4867: 0.356366,0.8638268,1.539299,210.2824
137.7089: 0.2359164,0.8909944,1.540549,221.2511
137.9311: 0.1118885,0.9222898,1.537496,247.169
138.1533: -0.01983074,0.9319243,1.52558,265.9584
138.3756: -0.1664473,0.9162608,1.536129,273.1989
138.5978: -0.3112265,0.9133366,1.539505,280.4066
138.82: -0.4567203,0.9332268,1.524444,283.538
139.0422: -0.6159498,0.975726,1.523244,284.9466
139.2645: -0.7745618,1.003299,1.533515,287.4058
139.4867: -0.9345635,1.004741,1.521934,288.6432
139.7089: -1.101256,0.9779737,1.532808,291.4922
139.9311: -1.24396,0.9925693,1.542565,305.8795
140.1533: -1.356075,1.050715,1.526008,324.815
140.3756: -1.467934,1.147339,1.514303,335.0425
140.5978: -1.57161,1.260181,1.524343,341.9363
140.82: -1.642139,1.39059,1.524228,4.42574
141.0422: -1.710097,1.529352,1.519741,30.87757
141.2645: -1.778955,1.68025,1.541398,29.97492
141.4867: -1.832373,1.839339,1.527256,5.955274
141.7089: -1.85409,2.000853,1.518099,341.2474
141.9311: -1.878189,2.142626,1.537502,315.4323
142.1533: -1.905338,2.268977,1.535466,305.5268
142.3756: -1.95878,2.402492,1.531487,310.5496
142.5978: -2.0058,2.508297,1.545416,301.4158
142.82: -2.030727,2.60989,1.544949,292.8075
143.0422: -2.070749,2.705362,1.5281,284.538
143.2645: -2.175526,2.777289,1.52697,282.6236
143.4867: -2.31062,2.801162,1.520408,282.3892
143.7089: -2.417103,2.825951,1.536667,279.8092
Trial Result: Success object: Stove | Time Spent: 15.35794
Trial No.:9 Ends
Trial No.:24 Begins
User confirmed on object: Chair, this maze officially starts.
170.1644: 0.7899343,-3.186437,1.563965,358.3888
170.3867: 0.8075795,-3.218352,1.574018,355.3744
170.6089: 0.8446839,-3.283247,1.572512,352.2068
170.8311: 0.8970226,-3.370413,1.563705,354.1974
171.0533: 0.932444,-3.450694,1.575249,357.2967
171.2756: 0.9419783,-3.514567,1.57543,0.8125007
171.4978: 0.9237916,-3.560201,1.572875,0.3062731
171.72: 0.8853794,-3.588018,1.581507,358.8141
171.9422: 0.8473916,-3.605812,1.582207,359.3265
172.1644: 0.8231559,-3.615057,1.577404,2.232285
172.3867: 0.8185109,-3.612407,1.571188,6.323841
172.6089: 0.8523225,-3.604135,1.563068,24.29116
172.8311: 0.9318706,-3.600121,1.556726,53.05036
173.0533: 1.02828,-3.568156,1.544541,59.88721
173.2756: 1.141027,-3.525724,1.543773,67.92696
173.4978: 1.244889,-3.480246,1.55195,76.62847
173.72: 1.336338,-3.386491,1.54003,57.32813
173.9422: 1.420835,-3.2599,1.524235,34.27935
174.1644: 1.513725,-3.141361,1.540431,22.09024
174.3867: 1.60485,-3.035921,1.543038,7.014255
174.6089: 1.723138,-2.927324,1.526778,359.5422
174.8311: 1.843235,-2.794571,1.545275,355.1661
175.0533: 1.912463,-2.636276,1.545017,348.8285
175.2756: 1.915834,-2.448965,1.5244,343.5844
175.4978: 1.895746,-2.265907,1.542492,339.5271
175.72: 1.885169,-2.077303,1.533458,333.5832
175.9422: 1.873783,-1.86521,1.517683,324.6
176.1644: 1.830002,-1.678456,1.538498,309.3322
176.3867: 1.788843,-1.533258,1.529552,295.4845
176.6089: 1.734471,-1.407883,1.526115,283.1102
176.8311: 1.712101,-1.296562,1.531413,281.1425
177.0533: 1.738176,-1.21375,1.543441,304.8843
177.2756: 1.770429,-1.177412,1.552305,312.443
177.4978: 1.82777,-1.137627,1.548997,344.9493
177.72: 1.913957,-1.152841,1.543011,45.23795
177.9422: 1.939133,-1.152757,1.536527,60.76688
178.1644: 1.988498,-1.095966,1.533421,46.8472
178.3867: 2.112451,-1.037163,1.512755,40.74833
178.6089: 2.274685,-0.9574713,1.523833,30.32896
178.8311: 2.405602,-0.8355257,1.529124,21.19483
179.0533: 2.504109,-0.6609617,1.499848,19.43461
179.2756: 2.571185,-0.4676343,1.524683,22.95562
179.4978: 2.617215,-0.2772951,1.524803,20.49418
179.72: 2.666233,-0.06786056,1.505513,20.76655
179.9422: 2.681663,0.1285442,1.533415,20.05221
180.1644: 2.687578,0.2981639,1.519271,30.74213
Trial Result: Success object: Trashcan | Time Spent: 10.35145
Trial No.:24 Ends
Trial No.:11 Begins
User confirmed on object: Trashcan, this maze officially starts.
202.4422: 2.486165,0.9755498,1.541635,81.09382
202.6644: 2.453944,0.9715269,1.550619,81.41932
202.8867: 2.351118,0.9918362,1.553828,83.57664
203.1089: 2.234518,1.02316,1.547237,86.12277
203.3311: 2.144215,1.04224,1.555315,88.58167
203.5533: 2.087466,1.050497,1.55989,91.65672
203.7756: 2.057605,1.045415,1.563508,95.02832
203.9978: 2.046812,1.037615,1.561746,97.28528
204.22: 2.043414,1.028226,1.560682,95.39577
204.4422: 2.040249,1.034266,1.560483,87.97492
204.6644: 2.036314,1.075757,1.550217,50.87117
204.8867: 2.032015,1.106735,1.534559,21.81684
205.1089: 2.045726,1.128983,1.530889,12.79468
205.3311: 2.10154,1.129339,1.532765,19.68073
205.5533: 2.200239,1.138057,1.52681,18.75028
205.7756: 2.348004,1.155707,1.512664,14.19158
205.9978: 2.498876,1.220192,1.517866,9.102413
206.22: 2.596193,1.345046,1.505517,4.081566
206.4422: 2.638285,1.539208,1.493927,1.413246
206.6644: 2.678568,1.744658,1.517887,357.9657
206.8867: 2.725629,1.967856,1.496328,351.4197
207.1089: 2.757041,2.204488,1.513825,334.2274
207.3311: 2.709892,2.410213,1.524291,316.2475
207.5533: 2.578344,2.575266,1.504497,306.2527
207.7756: 2.442963,2.720688,1.523486,294.652
207.9978: 2.295166,2.874255,1.502178,282.2975
208.22: 2.125731,2.99974,1.523837,252.5276
208.4422: 1.957259,3.078957,1.526777,222.7499
208.6644: 1.772576,3.112779,1.515551,209.9756
208.8867: 1.563497,3.147367,1.524375,237.9394
209.1089: 1.358367,3.175798,1.506335,269.7819
209.3311: 1.152864,3.187896,1.516154,284.0151
209.5533: 0.9661729,3.164755,1.531399,274.6619
209.7756: 0.7847942,3.122345,1.50721,252.9026
209.9978: 0.6220392,3.07439,1.527278,229.5874
210.22: 0.4799836,3.062991,1.532055,202.0414
210.4422: 0.2956437,3.084643,1.514477,192.0089
210.6644: 0.1207864,3.09115,1.538056,186.1829
210.8867: 0.01701598,3.078042,1.534137,181.1649
211.1089: -0.03525302,3.03045,1.528913,179.2765
211.3311: -0.05522557,2.909553,1.517139,179.0684
211.5533: -0.03565636,2.699195,1.502271,177.81
211.7756: -0.02070262,2.489983,1.529648,176.3298
211.9978: -0.02745747,2.289689,1.524374,184.0992
212.22: -0.04420906,2.07187,1.510388,186.3524
212.4422: -0.03960773,1.869728,1.531815,188.5614
212.6644: -0.01410824,1.687649,1.51823,187.8597
212.8867: 0.06034881,1.530436,1.522121,148.3759
213.1089: 0.05893521,1.42338,1.538675,122.3444
213.3311: -0.00656628,1.334056,1.535962,112.0683
213.5533: -0.0722561,1.262814,1.538901,103.8379
213.7756: -0.1081776,1.182422,1.543306,123.4731
213.9978: -0.1600492,1.102897,1.540246,178.7111
214.22: -0.2018836,1.083295,1.537375,220.8081
214.4422: -0.2483692,1.087868,1.528632,254.8436
214.6644: -0.3389778,1.08906,1.523637,270.8083
214.8867: -0.4784383,1.110055,1.512144,283.6728
215.1089: -0.6224369,1.111473,1.525815,286.9001
215.3311: -0.814695,1.076434,1.513466,286.133
215.5533: -1.015432,1.019533,1.517556,288.963
215.7756: -1.191454,1.023332,1.535931,304.0218
215.9978: -1.329141,1.09315,1.508588,335.4653
216.22: -1.45543,1.179327,1.511362,1.25046
216.4422: -1.594143,1.253853,1.523341,14.42116
216.6644: -1.735755,1.339729,1.517934,23.26844
216.8867: -1.859747,1.451159,1.535442,22.62711
217.1089: -1.918455,1.599707,1.530749,20.47849
217.3311: -1.918155,1.80221,1.499019,11.87326
217.5533: -1.910097,2.02193,1.524316,346.4189
217.7756: -1.906442,2.214378,1.523977,322.7556
217.9978: -1.90688,2.424294,1.509325,320.3981
218.22: -1.80247,2.629913,1.538575,22.52465
218.4422: -1.689905,2.75528,1.503041,84.0473
218.6644: -1.60796,2.914587,1.512986,102.0646
218.8867: -1.549888,3.074173,1.523502,105.1962
219.1089: -1.50088,3.255775,1.510026,104.2872
219.3311: -1.437475,3.3644,1.525331,104.8327
219.5533: -1.332743,3.389944,1.524081,105.592
219.7756: -1.181696,3.347261,1.499388,106.7589
219.9978: -0.9951374,3.267326,1.494444,106.4748
220.22: -0.8012355,3.231321,1.52364,104.6054
220.4422: -0.5834247,3.23795,1.493449,103.3796
220.6644: -0.3629432,3.26267,1.517528,103.6426
220.8867: -0.1769924,3.258384,1.517312,106.661
221.1089: -0.07304903,3.221196,1.502191,119.9201
221.3311: -0.08144794,3.20157,1.518525,149.9198
221.5533: -0.1959903,3.211597,1.512046,198.0513
221.7756: -0.3828591,3.253203,1.503834,232.1872
221.9978: -0.6259996,3.271035,1.47284,243.4545
222.22: -0.8707875,3.215228,1.510976,237.9942
222.4422: -1.097322,3.089971,1.475731,224.5945
222.6644: -1.302157,2.929304,1.500903,217.2195
222.8867: -1.477121,2.772374,1.511285,207.4083
223.1089: -1.649241,2.585555,1.500811,199.55
223.3311: -1.771869,2.360077,1.521741,196.7269
223.5533: -1.863436,2.106358,1.495605,206.5981
223.7756: -1.958837,1.867948,1.532007,209.5032
223.9978: -2.07992,1.639271,1.500345,205.6233
224.22: -2.211667,1.407712,1.523848,192.2278
224.4422: -2.347326,1.210566,1.528778,184.47
224.6644: -2.479908,1.015623,1.51347,177.0963
224.8867: -2.607024,0.8492712,1.529472,165.8577
225.1089: -2.717423,0.6940767,1.504057,149.7839
225.3311: -2.750049,0.5595931,1.537463,136.2833
Trial Result: Success object: Telescope | Time Spent: 23.27782
Trial No.:11 Ends
Trial No.:8 Begins
User confirmed on object: Plant, this maze officially starts.
238.3089: -2.545308,-2.071401,1.563357,269.9772
238.5311: -2.496456,-2.062499,1.578123,266.0144
238.7533: -2.392756,-2.01286,1.569439,266.5668
238.9756: -2.256734,-1.939696,1.562347,276.7212
239.1978: -2.151998,-1.911368,1.563876,280.5359
239.42: -2.099594,-1.937352,1.555872,273.5543
239.6422: -2.088474,-1.978029,1.561226,269.5938
239.8645: -2.107967,-1.965199,1.565169,291.2461
240.0867: -2.112131,-1.910011,1.555936,337.5009
240.3089: -2.133435,-1.810571,1.538029,348.9579
240.5311: -2.17072,-1.696829,1.543329,352.9916
240.7533: -2.231253,-1.598855,1.54236,0.772207
240.9756: -2.346256,-1.505834,1.532754,9.608403
241.1978: -2.480341,-1.417029,1.55067,13.37976
241.42: -2.523572,-1.351212,1.552843,30.5294
241.6422: -2.490251,-1.321267,1.541334,66.12518
241.8645: -2.471055,-1.281042,1.534106,77.62056
242.0867: -2.475181,-1.218467,1.536268,91.74945
242.3089: -2.480581,-1.133596,1.529864,100.7376
242.5311: -2.442097,-1.05759,1.529626,102.9849
242.7533: -2.330186,-1.015459,1.513282,105.3745
242.9756: -2.143428,-1.000539,1.51257,101.2506
243.1978: -1.943914,-0.9896544,1.538046,99.54034
243.42: -1.726479,-0.9591942,1.514525,95.68861
243.6422: -1.505289,-0.9304496,1.53826,95.11172
243.8645: -1.292488,-0.9344178,1.538946,93.15018
244.0867: -1.065237,-0.9635888,1.522062,84.7979
244.3089: -0.8489206,-0.9713123,1.547839,71.90337
244.5311: -0.6419175,-0.9449491,1.521008,56.16925
244.7533: -0.4566067,-0.8766622,1.532525,41.40272
244.9756: -0.3002969,-0.7872873,1.535067,25.61551
245.1978: -0.1633293,-0.6737183,1.520503,13.11393
245.42: -0.07926877,-0.5154223,1.52571,5.486913
245.6422: -0.04736051,-0.2979168,1.498841,2.367493
245.8645: -0.02303565,-0.08406648,1.517749,7.760146
246.0867: 0.002021575,0.1306391,1.496967,18.05787
246.3089: 0.0525329,0.332137,1.515783,40.08443
246.5311: 0.09322327,0.5034679,1.526654,60.27798
246.7533: 0.113594,0.6849023,1.520175,69.71769
246.9756: 0.1757218,0.810564,1.536505,83.99907
247.1978: 0.2955602,0.8767166,1.514506,96.36044
247.42: 0.4448282,0.9168249,1.523851,99.60342
247.6422: 0.5883313,0.9616942,1.528525,99.48949
247.8645: 0.7420548,1.02834,1.512583,86.02554
248.0867: 0.9118299,1.057046,1.525672,85.55522
248.3089: 1.108367,1.040288,1.513549,91.95053
248.5311: 1.328172,1.002021,1.513992,92.04399
248.7533: 1.519816,0.995096,1.533766,84.84046
248.9756: 1.702443,1.021377,1.507014,73.08061
249.1978: 1.891975,1.076004,1.516343,62.0484
249.42: 2.050108,1.11018,1.519627,47.327
249.6422: 2.198484,1.135283,1.507847,31.52157
249.8645: 2.347493,1.150399,1.522462,18.2811
250.0867: 2.458906,1.18758,1.532928,8.030486
250.3089: 2.548234,1.262081,1.522299,2.151122
250.5311: 2.628087,1.393235,1.51096,4.830873
250.7533: 2.699994,1.56143,1.52228,6.59712
250.9756: 2.762066,1.764133,1.500796,2.097761
251.1978: 2.79922,1.984389,1.511045,345.8916
251.42: 2.766678,2.184515,1.51541,322.2488
251.6422: 2.685608,2.386463,1.504135,310.9617
251.8645: 2.597722,2.569898,1.519631,301.4052
252.0867: 2.499877,2.752975,1.49527,289.1992
252.3089: 2.391548,2.914124,1.510564,257.9892
252.5311: 2.27157,3.036479,1.516455,238.5108
252.7533: 2.090156,3.153534,1.505767,256.123
252.9756: 1.905796,3.238237,1.520838,270.4893
253.1978: 1.710404,3.291281,1.506446,268.867
253.42: 1.505994,3.326829,1.515965,260.7117
253.6422: 1.293039,3.319574,1.519667,254.2706
253.8645: 1.063209,3.292273,1.511137,259.8235
254.0867: 0.8546968,3.282738,1.528145,266.1759
254.3089: 0.6478586,3.249552,1.503478,247.8995
254.5311: 0.4695482,3.189365,1.526431,220.5589
254.7533: 0.3333751,3.109561,1.518984,205.938
254.9756: 0.2275503,2.992106,1.515505,196.281
255.1978: 0.1303349,2.866036,1.524111,190.1056
255.42: 0.02823085,2.720812,1.509984,186.9697
255.6422: -0.05457873,2.552409,1.524103,181.9422
255.8645: -0.08367158,2.353365,1.519477,175.4588
256.0867: -0.06631406,2.125548,1.509122,176.3301
256.3089: -0.06970839,1.903996,1.519634,182.722
256.5311: -0.09371677,1.661749,1.488605,186.6872
256.7533: -0.114266,1.409086,1.520946,185.2804
256.9756: -0.110298,1.171895,1.51744,184.7066
257.1978: -0.0755982,0.9272366,1.514993,188.4806
257.42: -0.05394822,0.697819,1.529041,190.1581
257.6422: -0.03729064,0.4531618,1.500426,190.2589
257.8644: -0.02434396,0.211073,1.530953,192.2765
258.0867: -0.01744748,-0.02197823,1.518499,196.8098
258.3089: -0.01609072,-0.2677267,1.507744,211.3665
258.5311: -0.0772437,-0.4526916,1.531654,228.172
258.7533: -0.1928983,-0.608815,1.507645,239.7685
258.9756: -0.3218067,-0.7774383,1.530502,231.4293
259.1978: -0.442844,-0.936622,1.523978,210.1971
259.42: -0.5776022,-1.114859,1.517938,198.5733
259.6422: -0.7026473,-1.286251,1.537249,190.7377
259.8644: -0.8194568,-1.484373,1.511228,182.8166
260.0867: -0.8998275,-1.693121,1.536319,175.6164
260.3089: -0.9201695,-1.900992,1.526602,166.0164
260.5311: -0.8911497,-2.105543,1.524016,157.4553
260.7533: -0.8597876,-2.304003,1.540506,143.5596
260.9756: -0.8346767,-2.512861,1.512753,126.0141
261.1978: -0.8011375,-2.705333,1.542739,109.2536
261.42: -0.7567487,-2.840752,1.539896,93.48546
261.6422: -0.7002403,-2.95449,1.535033,83.60125
261.8644: -0.6617416,-3.051064,1.553853,71.82951
262.0867: -0.6236897,-3.160319,1.547638,55.35307
262.3089: -0.6363628,-3.205178,1.55293,16.7432
262.5311: -0.7314407,-3.244761,1.55274,333.2626
262.7533: -0.8218236,-3.273687,1.554007,318.3796
262.9756: -0.8900146,-3.289331,1.557707,312.084
263.1978: -0.9221035,-3.298386,1.559016,304.1818
263.42: -0.9052462,-3.27993,1.563605,314.5333
263.6422: -0.8074831,-3.241185,1.563895,5.778777
263.8644: -0.6639379,-3.278139,1.545764,55.87977
264.0867: -0.5179236,-3.297727,1.536028,74.47801
264.3089: -0.2976162,-3.26806,1.513992,78.37626
264.5311: -0.03154952,-3.211765,1.508241,82.60519
264.7533: 0.2232094,-3.184483,1.539258,85.57967
264.9756: 0.491863,-3.174111,1.505795,81.79795
265.1978: 0.7598732,-3.134207,1.548121,65.89848
265.42: 1.000143,-3.069491,1.518287,58.67119
265.6422: 1.215614,-2.97593,1.530044,50.96753
265.8644: 1.410105,-2.881026,1.526458,34.41469
266.0867: 1.58447,-2.76908,1.522022,10.05858
266.3089: 1.713621,-2.609397,1.529599,0.2651024
266.5311: 1.783236,-2.384433,1.505061,355.8652
266.7533: 1.821658,-2.148809,1.530092,355.6403
266.9756: 1.844527,-1.907418,1.501163,354.7469
267.1978: 1.85104,-1.663038,1.519045,352.1303
267.42: 1.848648,-1.487462,1.53372,351.2868
267.6422: 1.828049,-1.335095,1.51504,352.5262
Trial Result: Success object: Harp | Time Spent: 29.61815
Trial No.:8 Ends
Trial No.:18 Begins
User confirmed on object: Harp, this maze officially starts.
280.22: 1.653416,-1.094887,1.527045,359.031
280.4422: 1.674104,-1.156054,1.54081,356.4571
280.6645: 1.73766,-1.287262,1.544105,353.9474
280.8867: 1.81669,-1.420813,1.544324,354.3006
281.1089: 1.860932,-1.503208,1.562191,356.1482
281.3311: 1.878553,-1.555978,1.565036,357.0987
281.5533: 1.865035,-1.574945,1.564561,346.2166
281.7756: 1.82407,-1.592086,1.56266,317.8975
281.9978: 1.795759,-1.612135,1.550908,291.123
282.22: 1.800877,-1.585483,1.547421,299.5446
282.4422: 1.820051,-1.54932,1.543422,316.9244
282.6645: 1.846503,-1.510023,1.534727,336.2247
282.8867: 1.858515,-1.438045,1.54755,345.8167
283.1089: 1.832832,-1.334106,1.540815,345.7704
283.3311: 1.700968,-1.199289,1.526233,323.5979
283.5533: 1.567552,-1.106595,1.540003,301.3756
283.7756: 1.416606,-1.042322,1.528831,283.6255
283.9978: 1.2601,-0.9729449,1.529467,276.0089
284.22: 1.07736,-0.9522665,1.538383,266.3669
284.4422: 0.8888492,-0.9590511,1.517086,265.2626
284.6645: 0.671067,-0.96903,1.53588,280.105
284.8867: 0.484407,-0.9455513,1.535106,306.1678
285.1089: 0.3025596,-0.9061023,1.521403,334.7626
285.3311: 0.1128355,-0.9010687,1.544126,348.388
285.5533: -0.1370496,-0.9193934,1.522916,328.68
285.7756: -0.4224873,-0.9748245,1.527488,286.5284
285.9978: -0.6640701,-0.971456,1.536636,270.548
286.22: -0.905194,-0.9327037,1.512972,263.5576
286.4422: -1.135022,-0.9234223,1.543047,265.5715
286.6645: -1.368003,-0.9568578,1.514744,255.7274
286.8867: -1.607509,-0.9782572,1.547388,251.5724
287.1089: -1.832534,-0.9885778,1.529161,241.0162
287.3311: -2.049236,-0.9862149,1.524991,220.7239
287.5533: -2.225942,-0.9991149,1.545938,202.7503
287.7756: -2.393536,-1.018509,1.525079,193.4272
287.9978: -2.543988,-1.007582,1.546084,196.5134
288.22: -2.704014,-0.8886955,1.546126,263.0204
288.4422: -2.718975,-0.7163092,1.537956,348.4753
288.6645: -2.753437,-0.6123474,1.538291,23.33401
288.8867: -2.811222,-0.4900547,1.533458,41.68159
289.1089: -2.866599,-0.3795149,1.536205,59.99827
289.3311: -2.881347,-0.2861117,1.540365,67.01135
Trial Result: Success object: Telescope | Time Spent: 9.395969
Trial No.:18 Ends
Trial No.:19 Begins
User confirmed on object: Well, this maze officially starts.
304.3089: 1.702187,-1.97477,1.545459,88.86575
304.5311: 1.669667,-1.961017,1.545372,86.644
304.7533: 1.555243,-1.94494,1.547173,87.54741
304.9756: 1.423237,-1.926158,1.55727,86.85204
305.1978: 1.330793,-1.917556,1.565408,89.21203
305.42: 1.278706,-1.912045,1.566222,91.0315
305.6422: 1.252711,-1.922968,1.562991,94.80454
305.8644: 1.232664,-1.956082,1.564621,98.82101
306.0867: 1.213856,-1.993899,1.562232,96.06768
306.3089: 1.195723,-2.027999,1.561852,102.3466
306.5311: 1.180171,-2.044583,1.556595,133.9589
306.7533: 1.179595,-2.026602,1.556851,168.9118
306.9756: 1.207167,-1.996774,1.554144,190.3955
307.1978: 1.231598,-1.969252,1.552218,205.2566
307.42: 1.23387,-1.953628,1.539853,215.7824
307.6422: 1.232166,-1.966391,1.53559,222.5906
307.8644: 1.261061,-1.995456,1.534882,236.1543
308.0867: 1.321747,-2.028153,1.536322,257.0069
308.3089: 1.380872,-2.051222,1.541708,274.5504
308.5311: 1.425262,-2.050577,1.545244,288.9315
308.7533: 1.453301,-2.028426,1.544264,302.8899
308.9756: 1.469911,-1.996774,1.54602,323.8957
309.1978: 1.481837,-1.991494,1.540755,352.6204
309.42: 1.467417,-2.017756,1.539594,15.72157
309.6422: 1.469607,-2.044733,1.545189,29.40228
309.8644: 1.522112,-2.056249,1.543622,42.67937
310.0867: 1.620128,-2.04021,1.53258,51.80359
310.3089: 1.718786,-2.011304,1.531145,68.25837
310.5311: 1.77783,-1.965207,1.540382,75.73835
310.7533: 1.798468,-1.908837,1.537588,73.69707
310.9756: 1.792737,-1.858762,1.540639,67.52272
311.1978: 1.777449,-1.831106,1.537468,50.70473
311.42: 1.768927,-1.830672,1.52891,26.84863
311.6422: 1.790731,-1.833454,1.5218,7.954607
311.8644: 1.813326,-1.792628,1.517001,353.244
312.0867: 1.814346,-1.702373,1.508534,336.8136
312.3089: 1.81388,-1.599548,1.515469,317.8849
312.5311: 1.842547,-1.479972,1.513969,303.8108
312.7533: 1.879155,-1.349147,1.522284,288.33
312.9756: 1.861499,-1.229359,1.525743,278.2694
313.1978: 1.759906,-1.148848,1.512033,273.2655
313.42: 1.604303,-1.113636,1.51587,274.813
313.6422: 1.443862,-1.075242,1.529711,283.4536
313.8644: 1.269732,-1.025152,1.5137,289.8259
314.0867: 1.080897,-0.9872425,1.534172,289.1545
314.3089: 0.8794071,-0.995082,1.536629,287.3457
314.5311: 0.6844977,-1.030922,1.532706,289.2523
314.7533: 0.5096377,-1.045963,1.55084,284.0012
314.9756: 0.3311494,-1.042736,1.529389,273.4319
315.1978: 0.1381009,-1.033096,1.546536,258.8978
315.42: -0.05091042,-1.047564,1.545155,247.5031
315.6422: -0.2407068,-1.089541,1.531857,235.5323
315.8644: -0.402319,-1.119903,1.547925,223.4007
316.0867: -0.5446,-1.118109,1.542031,214.6584
316.3089: -0.6754138,-1.087729,1.535235,205.624
316.5311: -0.7450962,-1.100189,1.529431,180.3383
316.7533: -0.8073287,-1.160498,1.517933,174.3838
316.9756: -0.8334925,-1.289105,1.502082,174.1018
317.1978: -0.8409724,-1.465418,1.516596,175.3905
317.42: -0.8649687,-1.632966,1.53674,178.0057
317.6422: -0.909342,-1.826761,1.512253,177.7317
317.8644: -0.9327141,-2.038044,1.540816,169.7248
318.0867: -0.9066725,-2.237216,1.538507,156.0557
318.3089: -0.8392521,-2.424476,1.533031,145.0401
318.5311: -0.7895142,-2.567433,1.555499,121.2479
318.7533: -0.7743883,-2.711332,1.543008,105.4798
318.9756: -0.758392,-2.854348,1.550552,89.79128
319.1978: -0.7185864,-2.96086,1.560553,78.4369
319.42: -0.684013,-3.000221,1.552291,65.45393
319.6422: -0.6784184,-2.998608,1.55976,39.53508
319.8644: -0.701548,-3.014844,1.553878,3.853421
320.0867: -0.7291596,-3.067787,1.550122,327.9059
320.3089: -0.7930712,-3.134989,1.549217,300.3908
320.5311: -0.8805984,-3.182888,1.549552,293.7993
320.7533: -1.012864,-3.242474,1.539067,274.3658
320.9756: -1.149441,-3.262048,1.542332,264.0948
321.1978: -1.314275,-3.233755,1.53759,273.5333
321.42: -1.512259,-3.182057,1.516551,293.7964
321.6422: -1.730304,-3.156273,1.53842,301.0659
321.8644: -1.956074,-3.150705,1.526899,304.7859
322.0867: -2.188955,-3.123708,1.532259,317.2656
322.3089: -2.345614,-3.009767,1.552782,338.8156
322.5311: -2.457555,-2.868834,1.529035,353.8807
322.7533: -2.556233,-2.720947,1.549397,1.740754
322.9756: -2.661803,-2.561654,1.541574,7.095975
323.1978: -2.774168,-2.374987,1.546254,14.17343
323.42: -2.831479,-2.191952,1.561391,20.12549
323.6422: -2.836902,-1.992712,1.530503,22.90349
323.8644: -2.796971,-1.794641,1.545789,32.5104
324.0867: -2.753251,-1.625959,1.549748,52.36215
324.3089: -2.736341,-1.439827,1.538956,62.29048
324.5311: -2.741807,-1.242115,1.547608,49.34114
324.7533: -2.746486,-1.033578,1.543302,23.55355
324.9756: -2.720245,-0.8167232,1.525135,12.79016
325.1978: -2.706271,-0.6059613,1.54682,0.2458122
325.42: -2.7065,-0.3924471,1.53035,359.2438
325.6422: -2.710789,-0.1598703,1.53283,18.36912
325.8644: -2.693212,0.05011636,1.544065,35.09094
326.0867: -2.662592,0.2680187,1.511673,37.91134
326.3089: -2.607591,0.4783077,1.536759,45.41295
326.5311: -2.542763,0.6625444,1.53447,59.68141
326.7533: -2.470071,0.8298101,1.526215,86.78178
326.9756: -2.391292,0.9492207,1.541056,106.496
327.1978: -2.279176,1.092824,1.520246,79.86659
327.42: -2.162307,1.21882,1.525946,49.04869
327.6422: -2.064167,1.32524,1.532127,44.33047
327.8644: -1.998698,1.439086,1.512336,46.91144
Trial Result: Success object: Table | Time Spent: 23.93355
Trial No.:19 Ends
Trial No.:6 Begins
User confirmed on object: Table, this maze officially starts.
342.3644: -2.036596,2.073695,1.541772,90.78954
342.5867: -2.088012,2.061141,1.537555,89.95238
342.8089: -2.191324,2.021973,1.538054,87.5261
343.0311: -2.292406,1.977082,1.550992,85.71851
343.2533: -2.348704,1.943154,1.561666,89.20238
343.4756: -2.372453,1.923044,1.558119,101.4476
343.6978: -2.371565,1.934569,1.559579,100.1261
343.92: -2.359131,1.956577,1.552052,90.50038
344.1422: -2.360408,1.989312,1.545115,62.91195
344.3644: -2.380857,2.018798,1.531973,23.74065
344.5867: -2.367106,2.035513,1.52457,357.2505
344.8089: -2.331823,2.075326,1.520689,340.1104
345.0311: -2.303887,2.105824,1.522086,326.1028
345.2533: -2.260096,2.122664,1.524725,327.3562
345.4756: -2.204301,2.104975,1.524082,337.2086
345.6978: -2.111519,2.052218,1.525014,19.3331
345.92: -2.034472,1.97151,1.527791,72.43361
346.1422: -2.001572,1.94621,1.529899,89.67278
346.3644: -1.958597,1.995068,1.525342,68.12598
346.5867: -1.941048,2.097135,1.509581,26.51998
346.8089: -1.926373,2.192241,1.514127,355.6409
347.0311: -1.89983,2.280464,1.521986,332.5529
347.2533: -1.863759,2.371563,1.517965,312.315
347.4756: -1.801684,2.46973,1.52147,309.3714
347.6978: -1.724726,2.610905,1.526131,340.3508
347.92: -1.63568,2.747206,1.526745,36.15403
348.1422: -1.599692,2.851291,1.52471,87.76573
348.3644: -1.565778,2.953627,1.528161,111.0164
348.5867: -1.485464,3.036227,1.51295,117.0597
348.8089: -1.347923,3.098053,1.504109,115.5447
349.0311: -1.18423,3.13704,1.516239,106.3988
349.2533: -0.9955338,3.178153,1.514315,102.4057
349.4756: -0.7791649,3.239014,1.511847,105.7685
349.6978: -0.5672631,3.254353,1.527864,113.3093
349.92: -0.3385267,3.235316,1.499149,111.7576
350.1422: -0.1041975,3.198136,1.526082,106.2009
350.3644: 0.1287271,3.183351,1.520369,101.5668
350.5867: 0.3719153,3.195723,1.518836,102.7083
350.8089: 0.5977814,3.192226,1.534092,104.5867
351.0311: 0.8384444,3.177125,1.500735,106.352
351.2533: 1.081219,3.156523,1.529466,108.4285
351.4756: 1.330606,3.150271,1.512235,109.3837
351.6978: 1.582802,3.142887,1.515879,115.6884
351.92: 1.812208,3.091746,1.522249,125.298
352.1422: 2.013462,2.987727,1.491665,136.6896
352.3644: 2.209007,2.882935,1.518834,148.5797
352.5867: 2.396763,2.764143,1.503996,157.7022
352.8089: 2.553326,2.616234,1.512502,180.5203
353.0311: 2.64414,2.459613,1.521978,196.1406
353.2534: 2.697825,2.272708,1.507608,196.646
353.4756: 2.732691,2.075313,1.528322,195.6794
353.6978: 2.761532,1.895783,1.521462,195.0174
353.92: 2.798803,1.688103,1.523457,195.5074
354.1422: 2.784949,1.51462,1.537846,206.7125
354.3644: 2.716177,1.371059,1.504525,235.4019
354.5867: 2.627499,1.246058,1.518096,254.548
354.8089: 2.519526,1.121372,1.518404,260.9095
355.0311: 2.376945,1.005441,1.513672,265.9672
355.2534: 2.192569,0.9476973,1.518006,269.5398
355.4756: 1.966663,0.9560658,1.489186,273.6561
355.6978: 1.726881,0.979371,1.520777,276.3714
355.92: 1.480812,0.9740985,1.517871,272.1368
356.1422: 1.225134,0.951427,1.515979,268.3976
356.3644: 0.9945235,0.958267,1.536085,267.9612
356.5867: 0.7454505,0.9768949,1.503566,274.4334
356.8089: 0.510743,0.923983,1.535876,244.6115
357.0311: 0.3368945,0.828966,1.512375,215.6268
357.2534: 0.1984773,0.6986229,1.509815,190.8361
357.4756: 0.09892067,0.569356,1.527883,168.0126
357.6978: -0.01764004,0.4227855,1.505568,166.4661
357.92: -0.09335458,0.230695,1.519795,175.3918
358.1422: -0.1262411,0.006353769,1.493189,204.419
358.3644: -0.1002092,-0.2266163,1.51434,206.8158
358.5867: -0.05552327,-0.4339457,1.502883,197.7957
358.8089: 0.07408033,-0.6190931,1.48752,138.5912
359.0311: 0.2020545,-0.75152,1.509522,114.6358
359.2534: 0.3568245,-0.8493231,1.489612,101.0503
359.4756: 0.5206875,-0.9014751,1.514658,82.16428
359.6978: 0.6872847,-0.9722978,1.5253,85.15006
359.92: 0.8630835,-1.076688,1.519539,114.3019
360.1422: 1.056836,-1.117299,1.531769,119.9064
360.3644: 1.267705,-1.141234,1.506382,127.2645
360.5867: 1.452115,-1.204118,1.520878,147.0278
360.8089: 1.574851,-1.325278,1.515769,166.2512
361.0311: 1.674591,-1.504108,1.50459,170.5083
361.2534: 1.749601,-1.694513,1.524432,167.4477
361.4756: 1.816652,-1.91104,1.505668,156.5544
361.6978: 1.855849,-2.156922,1.513934,165.0785
361.92: 1.785932,-2.372823,1.513253,214.0447
362.1422: 1.706955,-2.573349,1.489049,248.0358
362.3644: 1.628732,-2.764143,1.517748,267.6201
362.5867: 1.511404,-2.948555,1.507438,282.5745
362.8089: 1.36946,-3.081954,1.523148,300.4883
363.0311: 1.219248,-3.131697,1.510524,322.363
363.2534: 1.078555,-3.153034,1.507943,332.1065
Trial Result: Success object: Chair | Time Spent: 21.15696
Trial No.:6 Ends
Trial No.:4 Begins
User confirmed on object: Piano, this maze officially starts.
381.92: 1.708566,3.274908,1.552055,176.7238
382.1422: 1.697866,3.299226,1.554912,172.7165
382.3644: 1.706876,3.360568,1.555532,175.2773
382.5867: 1.723034,3.414066,1.545776,176.5714
382.8089: 1.730279,3.458743,1.546038,183.2647
383.0311: 1.732508,3.483151,1.544716,192.0636
383.2534: 1.736768,3.49156,1.54569,194.9434
383.4756: 1.741747,3.48767,1.540258,189.9341
383.6978: 1.765096,3.469812,1.529447,163.4173
383.92: 1.770536,3.457656,1.513018,129.3281
384.1422: 1.756283,3.441343,1.515525,100.0962
384.3644: 1.719836,3.428709,1.513603,71.75195
384.5867: 1.690809,3.390037,1.518476,69.17281
384.8089: 1.710325,3.325678,1.519087,109.8755
385.0311: 1.758187,3.306984,1.523144,151.0649
385.2534: 1.91789,3.310084,1.504537,149.6561
385.4756: 2.095989,3.270304,1.508249,153.8782
385.6978: 2.250055,3.179317,1.486509,159.7974
385.92: 2.380328,3.037975,1.471532,160.4795
386.1422: 2.492157,2.895509,1.496617,161.4581
386.3644: 2.60795,2.750988,1.494281,163.9046
386.5867: 2.723449,2.604331,1.508771,171.0361
386.8089: 2.777544,2.434013,1.521196,183.6227
387.0311: 2.784522,2.244238,1.503101,200.3906
387.2534: 2.785,2.050927,1.525746,205.5146
387.4756: 2.791561,1.855723,1.522367,211.0383
387.6978: 2.802684,1.655179,1.522035,222.4123
387.92: 2.78048,1.492688,1.534116,235.6729
388.1422: 2.731244,1.349704,1.507389,247.5378
388.3644: 2.643931,1.213706,1.501694,254.2956
388.5867: 2.522438,1.113976,1.512857,262.2354
388.8089: 2.342731,1.002906,1.501914,264.2126
389.0311: 2.136362,0.9371686,1.526736,265.8919
389.2534: 1.894014,0.925014,1.500628,269.7224
389.4756: 1.618123,0.9435055,1.50942,270.5786
389.6978: 1.3538,0.9562012,1.526483,267.9738
389.92: 1.076149,0.933241,1.505183,257.5363
390.1422: 0.8194592,0.9145799,1.53424,250.8698
390.3644: 0.5556482,0.8823848,1.493086,239.2133
390.5867: 0.3229552,0.7889153,1.516775,212.2698
390.8089: 0.1750311,0.6496357,1.521342,189.8439
391.0311: 0.07957929,0.4545523,1.502176,181.4395
391.2534: 0.01055347,0.2488488,1.52144,175.9804
391.4756: -0.05426913,0.01259138,1.491373,169.8803
391.6978: -0.06736995,-0.2285368,1.523801,152.2091
391.92: -0.01790776,-0.4258788,1.514199,129.2783
392.1422: 0.06140993,-0.5966973,1.516477,113.8253
392.3644: 0.1446918,-0.756596,1.527495,97.95976
392.5867: 0.254142,-0.9090534,1.513211,84.39294
392.8089: 0.3920547,-0.9909132,1.532845,75.53567
393.0311: 0.5673012,-1.003253,1.507316,69.98183
393.2534: 0.7487597,-0.9736613,1.520578,67.3895
393.4756: 0.8990874,-0.9490415,1.534914,64.8952
393.6978: 1.041435,-0.948437,1.516201,59.87452
Trial Result: Success object: Harp | Time Spent: 12.20508
Trial No.:4 Ends
Trial No.:21 Begins
User confirmed on object: Mailbox, this maze officially starts.
413.3756: -1.83112,-3.335546,1.591957,0.4609754
413.5978: -1.820383,-3.33104,1.597386,0.4884213
413.82: -1.804964,-3.321035,1.590946,1.947854
414.0422: -1.792587,-3.333034,1.593932,3.526129
414.2645: -1.798374,-3.360305,1.587681,349.3517
414.4867: -1.798341,-3.395112,1.578287,334.3057
414.7089: -1.795166,-3.442427,1.570923,317.5203
414.9311: -1.80105,-3.503779,1.560151,286.9227
415.1534: -1.798335,-3.54714,1.554895,263.4747
415.3756: -1.813028,-3.529239,1.557097,275.274
415.5978: -1.832541,-3.467414,1.549019,310.8947
415.82: -1.853975,-3.399021,1.547896,3.05354
416.0422: -1.887259,-3.371883,1.549318,59.51927
416.2645: -1.926726,-3.352495,1.553311,84.52533
416.4867: -1.952482,-3.31344,1.553471,86.91766
416.7089: -1.972799,-3.254938,1.556741,69.59068
416.9311: -1.996837,-3.199806,1.56488,46.16002
417.1534: -2.012137,-3.165926,1.563726,24.838
417.3756: -2.038567,-3.139696,1.547558,358.366
417.5978: -2.104037,-3.11966,1.547956,340.783
417.82: -2.225671,-3.085606,1.538439,337.2838
418.0422: -2.369051,-3.032588,1.536525,341.0616
418.2645: -2.490325,-2.942514,1.539647,349.1055
418.4867: -2.584595,-2.811844,1.516232,1.828727
418.7089: -2.666142,-2.651992,1.524516,2.129961
418.9311: -2.731173,-2.495788,1.540022,5.849944
419.1534: -2.806782,-2.312704,1.52396,10.29379
419.3756: -2.861262,-2.12026,1.542125,15.03877
419.5978: -2.865835,-1.925772,1.540034,19.61339
419.82: -2.823077,-1.736527,1.527209,23.86914
420.0422: -2.780541,-1.561976,1.549878,29.37107
420.2645: -2.733923,-1.380026,1.537245,38.39531
420.4867: -2.698609,-1.191791,1.543952,52.37548
420.7089: -2.666111,-1.056302,1.54955,89.63104
420.9311: -2.660681,-0.867283,1.525436,85.45406
421.1534: -2.697961,-0.606012,1.536651,37.97853
421.3756: -2.767651,-0.3986404,1.534564,14.87838
421.5978: -2.820165,-0.1808673,1.523512,13.94192
421.82: -2.815175,0.02920589,1.537327,26.59481
422.0422: -2.764785,0.2522373,1.502536,42.55804
422.2645: -2.714818,0.4509234,1.531569,45.92705
422.4867: -2.645597,0.6504247,1.527879,48.20884
422.7089: -2.550197,0.8453849,1.539009,59.74076
422.9311: -2.422418,0.9737743,1.548308,89.48323
423.1534: -2.271859,1.123545,1.514442,87.76596
423.3756: -2.135126,1.342433,1.529151,38.57054
423.5978: -2.046419,1.544605,1.507667,6.412431
423.82: -1.986007,1.760434,1.503855,346.7489
424.0422: -1.940217,1.95013,1.523164,330.266
424.2645: -1.910478,2.155892,1.501702,318.5674
424.4867: -1.882041,2.361474,1.529939,330.8661
424.7089: -1.808673,2.556895,1.522846,29.16771
424.9311: -1.773483,2.714838,1.504493,75.66055
425.1534: -1.720636,2.844402,1.517127,102.8982
425.3756: -1.617734,2.966342,1.492423,112.9464
425.5978: -1.46707,3.077956,1.506459,112.3208
425.82: -1.293267,3.166413,1.516977,109.0135
426.0422: -1.087481,3.253496,1.511729,109.113
426.2645: -0.8785821,3.292661,1.525056,112.8303
426.4867: -0.6649715,3.292954,1.501479,115.8346
426.7089: -0.4451421,3.273077,1.516373,111.0916
426.9311: -0.2332311,3.256609,1.525552,107.7978
427.1534: 0.004148663,3.253293,1.512615,106.7878
427.3756: 0.229603,3.243029,1.529715,107.459
427.5978: 0.4616572,3.234686,1.502883,105.0154
427.82: 0.7120081,3.226981,1.516463,98.8191
428.0422: 0.9486214,3.23193,1.524946,94.82662
428.2645: 1.203778,3.240079,1.503244,97.70727
428.4867: 1.444539,3.214792,1.524796,109.9618
428.7089: 1.67441,3.15887,1.494359,123.1967
428.9311: 1.905489,3.067418,1.504493,133.6303
429.1534: 2.111806,2.984313,1.514549,143.0978
429.3756: 2.329536,2.888635,1.500202,151.9959
429.5978: 2.500438,2.763561,1.522836,160.6771
429.82: 2.619046,2.600626,1.498963,165.9511
430.0422: 2.709226,2.400887,1.513988,166.3319
430.2645: 2.768766,2.210827,1.522991,164.5942
430.4867: 2.818122,1.999262,1.50881,163.1137
430.7089: 2.830719,1.818255,1.517719,159.6005
430.9311: 2.820164,1.659387,1.516334,150.5251
Trial Result: Success object: Trashcan | Time Spent: 17.95905
Trial No.:21 Ends
Trial No.:10 Begins
User confirmed on object: Bookshelf, this maze officially starts.
448.8867: 1.776701,1.474313,1.562914,186.3675
449.1089: 1.774368,1.478906,1.563618,184.919
449.3311: 1.772447,1.481941,1.563383,187.3379
449.5533: 1.769872,1.480353,1.561872,190.0029
449.7756: 1.767631,1.475014,1.556741,190.0527
449.9978: 1.749259,1.47753,1.553085,200.7253
450.22: 1.720686,1.495642,1.551296,227.2598
450.4422: 1.71247,1.527461,1.550653,256.2386
450.6645: 1.72443,1.539301,1.54566,276.2551
450.8867: 1.729008,1.533178,1.53961,285.9961
451.1089: 1.728031,1.522863,1.538159,290.1456
451.3311: 1.72563,1.478104,1.544514,261.1059
451.5533: 1.742566,1.450922,1.545433,235.554
451.7756: 1.752866,1.44114,1.543018,226.9018
451.9978: 1.81355,1.402542,1.534064,186.5454
452.22: 1.879495,1.381035,1.522782,156.5431
452.4422: 1.924565,1.325735,1.525887,148.5122
452.6645: 1.964693,1.246634,1.521023,128.4026
452.8867: 2.01272,1.178454,1.523271,99.31827
453.1089: 2.095427,1.111393,1.527875,79.59988
453.3311: 2.22401,1.04427,1.515453,61.90069
453.5533: 2.377906,0.981065,1.524793,60.1003
453.7756: 2.502416,0.8158417,1.528965,129.1885
453.9978: 2.531156,0.6573255,1.499767,186.1127
454.22: 2.589613,0.4844708,1.519069,196.7505
454.4422: 2.652808,0.2776319,1.509393,198.2103
454.6645: 2.712041,0.02819951,1.49493,201.2676
454.8867: 2.697216,-0.1964739,1.519397,213.7184
455.1089: 2.619238,-0.4046054,1.491487,223.8974
455.3311: 2.527789,-0.6026211,1.522334,223.2114
455.5533: 2.419526,-0.7808169,1.529659,213.8363
455.7756: 2.318785,-0.9728565,1.518922,187.3246
455.9978: 2.190509,-1.130419,1.536648,178.8689
456.22: 2.052269,-1.291376,1.510189,169.9655
456.4422: 1.936431,-1.465764,1.536526,161.2767
456.6645: 1.882049,-1.662055,1.524148,158.2797
456.8867: 1.886255,-1.884892,1.510558,157.2695
457.1089: 1.900842,-2.093405,1.526729,151.9668
457.3311: 1.9279,-2.307429,1.50361,137.8405
457.5533: 1.95697,-2.514371,1.524157,120.255
457.7756: 1.980917,-2.711591,1.531038,132.8364
457.9978: 1.958934,-2.904398,1.522084,182.0075
458.22: 1.995712,-3.041013,1.543296,155.9633
458.4422: 2.01545,-3.096103,1.527421,97.77318
458.6645: 1.98821,-3.129056,1.537748,65.10423
458.8867: 1.977368,-3.131712,1.535316,41.38422
459.1089: 1.943427,-3.105834,1.534467,6.80533
459.3311: 1.917342,-3.12571,1.53006,327.294
459.5533: 1.914485,-3.165833,1.524947,307.2012
459.7756: 1.855722,-3.190825,1.529297,297.5334
459.9978: 1.717064,-3.209608,1.523203,286.5082
460.22: 1.521013,-3.225155,1.528073,281.8244
460.4422: 1.318668,-3.221052,1.54115,278.9579
460.6645: 1.070357,-3.200533,1.505793,284.8922
460.8867: 0.7968667,-3.182989,1.527025,286.5435
461.1089: 0.5526273,-3.200044,1.535268,287.1522
461.3311: 0.3032765,-3.245096,1.525219,289.5226
461.5533: 0.07002083,-3.252517,1.55896,297.8094
461.7756: -0.1540034,-3.206304,1.516338,325.1778
461.9978: -0.4025554,-3.178076,1.5445,328.7222
462.22: -0.6785336,-3.211932,1.531407,309.8438
462.4422: -0.9801505,-3.279523,1.537084,297.4703
462.6645: -1.228422,-3.295271,1.547027,292.8118
462.8867: -1.481034,-3.266374,1.51905,294.6171
463.1089: -1.718107,-3.221648,1.550331,302.9727
463.3311: -1.963313,-3.170915,1.535387,305.2308
463.5533: -2.190034,-3.091473,1.535875,312.7765
463.7756: -2.355844,-2.956936,1.543021,319.3274
463.9978: -2.509712,-2.782726,1.511345,316.6211
464.22: -2.636489,-2.635722,1.539514,315.908
Trial Result: Success object: Plant | Time Spent: 15.71482
Trial No.:10 Ends
Trial No.:7 Begins
User confirmed on object: Plant, this maze officially starts.
478.1756: -2.509015,-2.000144,1.562799,266.3407
478.3978: -2.487008,-2.00635,1.568346,266.2628
478.62: -2.400646,-2.027437,1.574671,267.4407
478.8422: -2.291628,-2.050305,1.575222,268.0302
479.0645: -2.208672,-2.065711,1.575858,269.3493
479.2867: -2.160447,-2.074847,1.576283,270.3916
479.5089: -2.14447,-2.083372,1.578013,248.7724
479.7311: -2.136137,-2.08272,1.575327,212.892
479.9533: -2.142843,-2.054107,1.571627,181.8799
480.1756: -2.162629,-2.019189,1.562235,154.6857
480.3978: -2.185462,-1.993025,1.552987,138.7292
480.62: -2.215955,-1.98282,1.546916,141.955
480.8422: -2.255647,-1.989318,1.552136,180.5688
481.0645: -2.301751,-1.952942,1.550703,236.4197
481.2867: -2.32673,-1.900698,1.538495,278.3076
481.5089: -2.376599,-1.863006,1.537833,305.3539
481.7311: -2.442735,-1.828684,1.539739,327.8816
481.9533: -2.512481,-1.786218,1.528472,345.0163
482.1756: -2.579767,-1.70316,1.52208,356.2219
482.3978: -2.640981,-1.562753,1.526594,5.731366
482.62: -2.684062,-1.417841,1.541968,13.67806
482.8422: -2.717297,-1.267438,1.537981,34.83924
483.0645: -2.776085,-1.102966,1.535308,57.95376
483.2867: -2.816515,-0.9365417,1.547274,69.03021
483.5089: -2.843705,-0.7107862,1.51449,45.36387
483.7311: -2.860558,-0.4884308,1.539315,18.1304
483.9533: -2.864982,-0.2857392,1.545433,8.05072
484.1756: -2.859406,-0.0622263,1.529001,13.79936
484.3978: -2.810925,0.1543313,1.549939,35.09642
484.62: -2.731924,0.3599243,1.516557,46.24035
484.8422: -2.623747,0.5573545,1.523067,50.47523
485.0645: -2.515431,0.7605187,1.537868,47.41511
485.2867: -2.410728,0.9699618,1.523284,35.15421
485.5089: -2.298476,1.163445,1.543898,24.8886
485.7311: -2.170979,1.347889,1.520759,16.01304
485.9533: -2.050682,1.533353,1.522908,4.057417
486.1756: -1.985945,1.745342,1.529665,345.6921
486.3978: -1.984781,1.954266,1.508092,330.1168
486.62: -1.99306,2.135633,1.534842,316.2274
486.8422: -1.9915,2.306086,1.520897,304.8306
487.0645: -1.939477,2.507164,1.515942,326.059
487.2867: -1.851038,2.679938,1.530331,20.28763
487.5089: -1.839897,2.839649,1.505687,17.16417
487.7311: -1.900445,2.963138,1.519758,325.3936
487.9533: -1.914499,3.002315,1.527777,271.4096
488.1756: -1.870939,3.058659,1.532071,239.0939
488.3978: -1.798652,3.11169,1.514334,198.1153
488.62: -1.700166,3.146212,1.517468,161.8038
488.8422: -1.591264,3.144362,1.522401,143.0704
489.0645: -1.42889,3.150323,1.519543,123.404
489.2867: -1.24794,3.160488,1.511509,110.8221
489.5089: -1.077916,3.163498,1.520216,104.9816
489.7311: -0.880972,3.144844,1.51597,101.7758
489.9533: -0.6362758,3.105462,1.500052,101.4118
490.1756: -0.3830468,3.108173,1.525274,103.7302
490.3978: -0.1275861,3.149291,1.493764,102.3623
490.62: 0.1122175,3.179675,1.534722,99.42861
490.8422: 0.3479222,3.202489,1.508327,91.49113
491.0645: 0.6058358,3.206039,1.524236,86.96246
491.2867: 0.855492,3.211059,1.530544,88.73318
491.5089: 1.122168,3.220834,1.512428,97.31075
491.7311: 1.355176,3.204288,1.540985,112.5825
491.9533: 1.591202,3.173569,1.507131,120.681
492.1756: 1.844069,3.110652,1.519595,124.936
492.3978: 2.088857,3.028027,1.525364,135.625
492.62: 2.334006,2.920177,1.508968,148.8956
492.8422: 2.51569,2.76441,1.532955,159.3151
493.0645: 2.653498,2.574628,1.491003,161.5106
493.2867: 2.7421,2.365141,1.524746,163.0633
493.5089: 2.799731,2.15332,1.517145,161.7406
493.7311: 2.848659,1.941875,1.516065,159.0199
493.9533: 2.851551,1.763965,1.540389,153.5499
Trial Result: Success object: Trashcan | Time Spent: 16.21476
Trial No.:7 Ends
Trial No.:12 Begins
User confirmed on object: Trashcan, this maze officially starts.
506.7756: 2.482953,1.037664,1.561271,87.85662
506.9978: 2.435534,1.040862,1.562247,87.24788
507.22: 2.338195,1.045467,1.556891,92.32752
507.4422: 2.241318,1.044989,1.555973,100.9141
507.6645: 2.193333,1.033357,1.55794,110.0161
507.8867: 2.176685,0.9924587,1.547547,116.3187
508.1089: 2.165213,0.913462,1.543002,144.7099
508.3311: 2.175381,0.8490429,1.535105,161.9846
508.5533: 2.205435,0.8379833,1.530527,169.5401
508.7756: 2.265438,0.8621318,1.528107,166.3662
508.9978: 2.351071,0.8958735,1.519296,154.4203
509.22: 2.446798,0.9084224,1.521968,150.6492
509.4422: 2.543971,0.8626082,1.526561,156.4243
509.6645: 2.625167,0.7537639,1.51144,179.173
509.8867: 2.720891,0.6085891,1.521217,190.7571
510.1089: 2.790347,0.4207434,1.531255,196.7039
510.3311: 2.84548,0.1847758,1.510214,202.0728
510.5533: 2.84931,-0.05113008,1.527607,209.5647
510.7756: 2.766428,-0.2633055,1.501043,225.5212
510.9978: 2.657891,-0.427392,1.512017,250.2432
511.22: 2.573526,-0.609943,1.519488,256.5981
511.4422: 2.498716,-0.7763242,1.525764,275.4171
511.6645: 2.419854,-0.8960828,1.540423,283.2509
511.8867: 2.313058,-1.007717,1.529043,261.7415
512.1089: 2.160692,-1.106979,1.514661,220.8882
512.3311: 2.025985,-1.19809,1.535368,176.9039
512.5533: 1.930024,-1.321842,1.528129,158.8769
512.7756: 1.881492,-1.504259,1.514705,155.3282
512.9978: 1.849794,-1.718529,1.52768,164.2192
513.22: 1.836444,-1.952395,1.508496,165.526
513.4423: 1.849497,-2.190413,1.518709,148.4481
513.6644: 1.853266,-2.409991,1.530504,154.7318
513.8867: 1.803169,-2.654738,1.507334,200.5953
514.1089: 1.707764,-2.812227,1.525084,245.298
514.3311: 1.581488,-2.915722,1.49743,274.3198
514.5533: 1.426278,-2.988844,1.507779,301.1459
514.7756: 1.22719,-3.06249,1.51771,301.349
514.9978: 0.9764967,-3.132422,1.517974,295.2686
515.22: 0.7320479,-3.151034,1.546076,290.2708
515.4423: 0.464901,-3.143023,1.506698,285.6879
515.6644: 0.183902,-3.116911,1.538071,283.6824
515.8867: -0.07241669,-3.112291,1.531057,286.7659
516.1089: -0.3255359,-3.098147,1.523464,311.1014
516.3311: -0.5480142,-3.072822,1.54164,334.8843
516.5533: -0.8302548,-3.066908,1.504435,326.0244
516.7756: -1.127524,-3.095901,1.54842,300.4999
516.9978: -1.408547,-3.136389,1.520109,289.9471
517.22: -1.683599,-3.142545,1.532704,298.7052
517.4423: -1.909973,-3.078555,1.530753,313.2914
517.6644: -2.133592,-2.966544,1.516456,321.6354
517.8867: -2.319017,-2.840208,1.54282,335.6464
518.1089: -2.498657,-2.684762,1.519556,347.4489
518.3311: -2.629713,-2.503214,1.543286,1.664955
518.5533: -2.698721,-2.295883,1.526221,11.81189
518.7756: -2.723181,-2.053272,1.525197,17.96585
518.9978: -2.740991,-1.815952,1.544524,25.56833
519.22: -2.7504,-1.561984,1.517209,42.88102
519.4423: -2.744559,-1.316814,1.546725,53.9377
519.6644: -2.738282,-1.049942,1.513896,43.7518
519.8867: -2.753901,-0.7525078,1.53393,16.06767
520.1089: -2.777483,-0.4886743,1.537784,357.4397
520.3311: -2.788391,-0.2124577,1.523988,357.3302
520.5533: -2.740969,0.04718807,1.545349,15.36402
520.7756: -2.669077,0.2985673,1.507031,30.37256
520.9978: -2.568926,0.5420637,1.536833,43.03524
521.22: -2.467667,0.7612755,1.53118,53.84565
521.4423: -2.367907,0.9932187,1.524605,51.70601
521.6644: -2.247044,1.178092,1.541706,48.73191
521.8867: -2.10893,1.357127,1.510309,42.2187
522.1089: -1.990911,1.517943,1.542839,39.89018
522.3311: -1.925417,1.647969,1.5348,48.78197
Trial Result: Success object: Table | Time Spent: 15.80417
Trial No.:12 Ends
Trial No.:15 Begins
User confirmed on object: Wheelbarrow, this maze officially starts.
539.9978: 0.2221968,-0.09607282,1.552758,285.127
540.22: 0.2525376,-0.1008615,1.581201,282.0266
540.4423: 0.2727527,-0.08905661,1.580518,281.8178
540.6644: 0.2616045,-0.06234806,1.572867,288.0432
540.8867: 0.2363753,-0.009802399,1.553919,315.206
541.1089: 0.2182587,0.0604452,1.539626,342.4182
541.3311: 0.191049,0.1582092,1.528821,6.757531
541.5533: 0.1255524,0.259678,1.526805,22.35179
541.7756: 0.07449371,0.3539022,1.525786,40.02071
541.9978: 0.05029892,0.4878565,1.518073,42.79983
542.22: -0.01103219,0.6721453,1.516702,353.3316
542.4423: -0.09701382,0.7862007,1.528154,302.4008
542.6644: -0.1844683,0.8706851,1.509507,272.8524
542.8867: -0.3080235,0.9573859,1.516641,266.3661
543.1089: -0.4816156,1.030858,1.514638,269.8801
543.3311: -0.6956173,1.092453,1.510904,272.83
543.5533: -0.9169225,1.109303,1.527175,276.6949
543.7756: -1.138215,1.072141,1.508371,275.4977
543.9978: -1.357961,1.035752,1.539386,273.2882
544.22: -1.594871,1.002383,1.510739,261.0529
544.4423: -1.851768,0.9635276,1.524185,242.3604
544.6644: -2.080528,0.8846737,1.531132,224.6121
544.8867: -2.27665,0.7450738,1.514554,209.2956
545.1089: -2.441198,0.5936142,1.534237,192.7388
545.3311: -2.593484,0.4239663,1.508108,176.679
545.5533: -2.681246,0.2647395,1.541776,135.9409
545.7756: -2.751939,0.07494169,1.530307,126.6711
545.9978: -2.783587,-0.1443518,1.535423,151.8135
546.22: -2.808469,-0.3523427,1.543821,177.1802
546.4423: -2.812955,-0.58402,1.528508,189.7243
546.6644: -2.795751,-0.8286953,1.55079,180.4871
546.8867: -2.769627,-1.07781,1.529099,164.8732
547.1089: -2.764428,-1.335388,1.546539,167.7387
547.3311: -2.791074,-1.579175,1.54676,174.4967
547.5533: -2.826587,-1.845295,1.530021,168.4678
547.7756: -2.814144,-2.0875,1.559437,153.75
547.9978: -2.757015,-2.311091,1.524959,139.2637
548.22: -2.667577,-2.501465,1.539709,123.6584
548.4423: -2.563417,-2.671057,1.5426,111.4866
548.6644: -2.425755,-2.839285,1.535121,95.83097
548.8867: -2.265302,-2.946227,1.555093,67.62701
549.1089: -2.123287,-3.004063,1.527182,46.19672
549.3311: -2.032601,-3.035694,1.555018,31.54108
549.5533: -1.959397,-3.059366,1.549884,17.15142
Trial Result: Success object: Mailbox | Time Spent: 9.895357
Trial No.:15 Ends
Trial No.:5 Begins
User confirmed on object: Table, this maze officially starts.
563.3533: -1.982931,2.053708,1.575238,88.46266
563.5756: -1.998162,2.011035,1.579769,86.92752
563.7978: -1.992547,1.98127,1.578319,92.75856
564.02: -1.974818,1.95015,1.573683,107.5852
564.2422: -1.968554,1.903695,1.555968,141.1194
564.4645: -1.957904,1.900682,1.546861,158.8106
564.6867: -1.890988,1.9804,1.551518,121.1676
564.9089: -1.875018,2.167974,1.533726,37.5452
565.1311: -1.927257,2.27582,1.520175,329.5299
565.3533: -1.90397,2.353458,1.53068,297.9997
565.5756: -1.853515,2.441658,1.529344,272.3926
565.7978: -1.818163,2.571801,1.528393,279.3975
566.02: -1.748594,2.772255,1.534122,342.0956
566.2422: -1.619329,2.862692,1.524453,68.22168
566.4645: -1.536954,2.916228,1.514611,111.1139
566.6867: -1.393179,3.00878,1.493029,119.8417
566.9089: -1.20155,3.101807,1.503487,113.7614
567.1311: -0.9763595,3.178598,1.496225,99.78924
567.3533: -0.729334,3.240191,1.51309,98.9073
567.5756: -0.4828532,3.248147,1.523602,101.3408
567.7978: -0.209843,3.228528,1.501015,103.3972
568.02: 0.06143038,3.218224,1.535624,103.2759
568.2422: 0.3369376,3.224121,1.501813,100.4707
568.4645: 0.6129328,3.234231,1.534513,99.20943
568.6867: 0.8835123,3.201419,1.51277,105.1396
568.9089: 1.151945,3.12906,1.51743,125.1493
569.1311: 1.406637,3.087551,1.52619,134.3718
569.3533: 1.680425,3.060914,1.504752,134.3406
569.5756: 1.932534,3.000146,1.525285,137.2476
569.7978: 2.167126,2.899939,1.485204,142.9839
570.02: 2.378206,2.760615,1.511873,149.5596
570.2422: 2.544281,2.593251,1.496956,160.6686
570.4645: 2.697476,2.384927,1.495783,181.7461
570.6867: 2.767176,2.163774,1.516315,197.3307
570.9089: 2.788029,1.932986,1.492985,203.0464
571.1311: 2.767952,1.712431,1.523452,210.1186
571.3533: 2.715044,1.505294,1.510796,220.5069
571.5756: 2.635723,1.301774,1.521983,228.3965
571.7978: 2.515929,1.153172,1.522359,230.7962
572.02: 2.353564,1.036152,1.502894,227.0606
Trial Result: Success object: Bookshelf | Time Spent: 9.039118
Trial No.:5 Ends
Trial No.:3 Begins
User confirmed on object: Piano, this maze officially starts.
589.4423: 1.793442,3.238615,1.557735,183.9734
589.6644: 1.792853,3.256989,1.562286,182.0947
589.8867: 1.794968,3.262071,1.561716,182.9685
590.1089: 1.86533,3.277792,1.553232,128.008
590.3311: 1.883578,3.3084,1.532501,99.51734
590.5533: 1.883256,3.293497,1.526133,94.01227
590.7756: 1.837673,3.217715,1.524001,138.4614
590.9978: 1.756269,3.179584,1.52301,168.7357
591.22: 1.674214,3.179918,1.526357,205.6701
591.4423: 1.638723,3.189055,1.52556,227.4133
591.6644: 1.678479,3.149094,1.519098,218.3568
591.8867: 1.845259,3.07748,1.505768,175.7332
592.1089: 2.114835,3.028775,1.481243,153.0837
592.3311: 2.37186,2.950352,1.483657,156.252
592.5533: 2.529343,2.827178,1.487239,163.154
592.7756: 2.6313,2.650779,1.471934,169.1518
592.9978: 2.714395,2.458358,1.515347,188.2182
593.22: 2.798357,2.251927,1.507102,195.451
593.4423: 2.865406,2.033853,1.52184,204.9464
593.6644: 2.857656,1.830323,1.516455,216.1642
593.8867: 2.794597,1.619645,1.503668,226.6902
594.1089: 2.691432,1.430627,1.51861,242.3524
594.3311: 2.544481,1.250037,1.50176,257.3046
594.5533: 2.348196,1.101988,1.518821,266.1232
594.7756: 2.109145,1.024987,1.489865,271.1182
594.9978: 1.843398,0.9958892,1.506274,271.7301
595.22: 1.596415,0.9918356,1.522682,271.8356
595.4423: 1.332093,0.9745528,1.510299,265.4807
595.6644: 1.089215,0.9864081,1.534538,257.9218
595.8867: 0.8397672,1.021538,1.498704,253.5061
596.1089: 0.6045488,1.049269,1.528898,258.8104
596.3311: 0.4178617,1.002628,1.519644,252.4014
596.5533: 0.2764673,0.8786596,1.516994,227.6878
596.7756: 0.1631393,0.7410072,1.51926,206.8136
596.9978: 0.05648976,0.568663,1.500903,186.6806
597.22: -0.01176276,0.3756729,1.521626,168.5228
597.4423: -0.02741313,0.1592272,1.497071,165.8952
597.6644: -0.008107191,-0.07275896,1.512849,161.0687
597.8867: -0.006876908,-0.2961653,1.512272,149.7634
598.1089: 0.01822796,-0.4882354,1.496133,127.9687
598.3311: 0.1147625,-0.6438392,1.519971,107.9554
598.5533: 0.2693234,-0.7563429,1.513511,94.48452
598.7756: 0.4346929,-0.8403661,1.529087,84.7142
598.9978: 0.6349967,-0.9375314,1.509983,90.28033
599.22: 0.8582963,-1.042094,1.529712,110.1927
599.4423: 1.095804,-1.106955,1.517621,115.5621
599.6644: 1.328999,-1.173827,1.49967,125.4558
599.8867: 1.503221,-1.319057,1.521131,147.5744
600.1089: 1.615707,-1.494658,1.492707,158.5016
600.3311: 1.697822,-1.707065,1.508434,164.3418
600.5533: 1.742967,-1.944967,1.490232,162.3663
600.7756: 1.761489,-2.18872,1.501324,173.334
600.9978: 1.715169,-2.421519,1.52517,206.5006
601.22: 1.642331,-2.64086,1.507574,225.4516
601.4423: 1.535625,-2.817377,1.533921,246.6813
601.6644: 1.38728,-2.969206,1.517362,270.6783
601.8867: 1.207775,-3.08965,1.521705,289.7585
602.1089: 0.9922731,-3.154824,1.510773,309.8159
602.3311: 0.7400917,-3.195687,1.512085,325.1139
602.5533: 0.455458,-3.230078,1.536233,304.2917
602.7756: 0.1548446,-3.258881,1.528273,291.1044
602.9978: -0.1351395,-3.242212,1.555485,290.5277
603.22: -0.428034,-3.195748,1.505755,293.8381
603.4423: -0.7051013,-3.157021,1.54381,296.1218
603.6644: -0.9540623,-3.148061,1.539258,301.2596
603.8867: -1.179226,-3.151184,1.536269,311.7114
Trial Result: Success object: Mailbox | Time Spent: 14.88215
Trial No.:3 Ends
Trial No.:16 Begins
User confirmed on object: Wheelbarrow, this maze officially starts.
618.3867: 0.1842621,0.01033157,1.567685,265.7399
618.6089: 0.2148757,0.02023284,1.582151,266.9162
618.8311: 0.2378158,0.04495562,1.581175,270.3754
619.0533: 0.2594838,0.0839697,1.578059,285.759
619.2756: 0.2662475,0.1014336,1.575837,285.3657
619.4978: 0.2446026,0.1000483,1.567412,272.5037
619.72: 0.2159505,0.01600358,1.539774,220.2539
619.9423: 0.1854442,-0.07800674,1.512664,178.9774
620.1645: 0.1487667,-0.2163184,1.508528,152.5471
620.3867: 0.1146473,-0.3752904,1.51709,140.2824
620.6089: 0.1127856,-0.5327734,1.493932,123.2276
620.8311: 0.1635788,-0.6792289,1.504588,100.9687
621.0533: 0.2934801,-0.788094,1.503624,83.02449
621.2756: 0.476632,-0.8547093,1.504235,82.69166
621.4978: 0.6811525,-0.9209287,1.519401,97.85153
621.72: 0.9117786,-0.9812618,1.492068,115.7036
621.9423: 1.139353,-1.032099,1.532215,119.887
622.1645: 1.353009,-1.100765,1.520164,126.0681
622.3867: 1.553119,-1.223735,1.51749,143.5962
622.6089: 1.673029,-1.425473,1.501166,165.2494
622.8311: 1.74161,-1.655211,1.488399,177.2124
623.0533: 1.784944,-1.873646,1.524273,185.2855
623.2756: 1.834733,-2.113304,1.503098,177.0119
623.4978: 1.815153,-2.360524,1.534561,188.6065
623.72: 1.712128,-2.571117,1.505147,213.6963
623.9423: 1.572531,-2.759346,1.518158,237.3
624.1645: 1.403113,-2.926626,1.525707,260.9626
624.3867: 1.219905,-3.067343,1.518797,284.3441
624.6089: 0.9943825,-3.164462,1.533928,295.3573
624.8311: 0.7407029,-3.224829,1.505296,295.7274
625.0533: 0.4738917,-3.252662,1.53778,292.6133
625.2756: 0.1986941,-3.258614,1.515884,290.9494
625.4978: -0.08082172,-3.255625,1.537237,292.7691
625.72: -0.3497546,-3.233597,1.528756,294.3224
625.9423: -0.6394175,-3.198676,1.52927,293.9481
626.1645: -0.9158227,-3.192256,1.553245,291.7052
626.3867: -1.20606,-3.211912,1.524861,292.7276
626.6089: -1.462958,-3.193826,1.558127,300.0186
626.8311: -1.716906,-3.14521,1.51777,303.6249
627.0533: -1.97239,-3.060975,1.538302,303.7737
627.2756: -2.201361,-2.954253,1.540848,306.9135
627.4978: -2.426001,-2.833784,1.528884,309.4165
627.72: -2.570529,-2.700029,1.554448,312.8889
627.9423: -2.676273,-2.551489,1.518288,311.012
Trial Result: Success object: Plant | Time Spent: 9.840126
Trial No.:16 Ends
Trial No.:22 Begins
User confirmed on object: Mailbox, this maze officially starts.
644.7311: -1.808913,-3.20199,1.59353,358.9517
644.9534: -1.812509,-3.240251,1.590732,1.461273
645.1756: -1.821489,-3.282908,1.582453,4.530933
645.3978: -1.821246,-3.303747,1.575837,13.47788
645.62: -1.776103,-3.312128,1.572531,39.86871
645.8422: -1.703749,-3.311716,1.565675,58.64282
646.0645: -1.574768,-3.306975,1.551862,67.93712
646.2867: -1.407443,-3.29991,1.544797,68.04638
646.5089: -1.266347,-3.290361,1.554922,77.71394
646.7311: -1.131091,-3.253318,1.547643,91.90909
646.9534: -0.9770432,-3.174457,1.543766,101.048
647.1756: -0.8038025,-3.107864,1.55637,99.59872
647.3978: -0.6077825,-3.092157,1.534066,97.84787
647.62: -0.3876845,-3.127537,1.54299,95.25425
647.8422: -0.1745371,-3.157946,1.55944,90.96658
648.0645: 0.06314602,-3.173888,1.529235,88.69702
648.2867: 0.3096225,-3.177523,1.546675,84.69952
648.5089: 0.5556403,-3.18528,1.52695,74.50614
648.7311: 0.8100461,-3.18645,1.533442,63.10809
648.9534: 1.037479,-3.13261,1.547828,53.81176
649.1756: 1.24116,-3.034729,1.522197,44.2326
649.3978: 1.404235,-2.920781,1.53201,21.40631
649.62: 1.552576,-2.792319,1.522588,5.013081
649.8422: 1.696444,-2.631879,1.526966,354.4854
650.0645: 1.773697,-2.43155,1.530073,352.4192
650.2867: 1.786062,-2.21963,1.515431,355.7144
650.5089: 1.785928,-2.028744,1.535604,358.5137
650.7311: 1.80025,-1.836002,1.515627,356.6845
650.9534: 1.874085,-1.658152,1.529689,26.11821
651.1756: 1.920274,-1.486488,1.541092,37.29684
651.3978: 1.962437,-1.31288,1.52326,39.78903
651.62: 2.02967,-1.163484,1.527921,32.58926
651.8422: 2.166602,-1.031962,1.513099,30.4098
652.0645: 2.3437,-0.9015778,1.522282,25.53949
652.2867: 2.474887,-0.746171,1.535282,13.35601
652.5089: 2.559462,-0.5615879,1.508967,359.4127
652.7311: 2.625672,-0.3740216,1.53075,347.2412
652.9534: 2.699202,-0.1769331,1.518129,340.4715
653.1756: 2.765531,0.03763662,1.516592,332.2916
653.3978: 2.759991,0.2273907,1.535183,320.5642
653.62: 2.698172,0.4061263,1.513846,311.4298
653.8422: 2.604498,0.5648103,1.527187,300.1683
654.0645: 2.487098,0.7013174,1.521096,282.2424
654.2867: 2.356762,0.8227645,1.51876,256.8839
654.5089: 2.21829,0.9028212,1.529918,240.2333
654.7311: 2.101715,0.921319,1.51288,227.7032
654.9534: 2.006185,0.9282186,1.521893,212.5813
Trial Result: Success object: Bookshelf | Time Spent: 10.45045
Trial No.:22 Ends
Trial No.:20 Begins
User confirmed on object: Well, this maze officially starts.
664.8422: 1.842233,-1.902324,1.575788,101.661
665.0645: 1.80927,-1.922107,1.585587,100.2471
665.2867: 1.781669,-1.959644,1.583571,105.3788
665.5089: 1.764264,-1.994429,1.584449,115.023
665.7311: 1.764396,-2.015105,1.580626,121.9256
665.9534: 1.773854,-2.029755,1.572101,133.1776
666.1756: 1.775075,-2.037243,1.564987,150.1868
666.3978: 1.766219,-2.037391,1.554961,173.9267
666.62: 1.78534,-2.035863,1.534024,195.9813
666.8422: 1.811036,-2.075234,1.529775,220.5984
667.0645: 1.845108,-2.201568,1.500668,223.0955
667.2867: 1.84303,-2.400618,1.502436,226.5906
667.5089: 1.771323,-2.583703,1.51969,240.4127
667.7311: 1.674059,-2.771761,1.499916,262.829
667.9534: 1.538343,-2.927831,1.52116,287.7794
668.1756: 1.347363,-3.045375,1.50309,296.0634
668.3978: 1.107192,-3.111956,1.528625,290.593
668.62: 0.8472595,-3.160068,1.525692,286.3665
668.8422: 0.5499349,-3.199304,1.526452,283.609
669.0645: 0.2693289,-3.190952,1.542387,283.9357
669.2867: -0.02943091,-3.160734,1.517832,287.0836
669.5089: -0.3252312,-3.138845,1.551872,288.5267
669.7311: -0.6312176,-3.134467,1.522256,285.9042
669.9534: -0.9222697,-3.128203,1.550933,285.3376
670.1756: -1.20714,-3.11274,1.528306,285.8884
670.3978: -1.501462,-3.094223,1.528911,290.0491
670.62: -1.764698,-3.073594,1.541301,294.9335
670.8422: -2.03232,-3.032726,1.523811,308.9827
671.0645: -2.229716,-2.91834,1.550315,335.3414
671.2867: -2.392938,-2.757589,1.512464,352.5551
671.5089: -2.515932,-2.556962,1.537959,9.264801
671.7311: -2.618016,-2.333016,1.529852,19.67793
671.9534: -2.698181,-2.073785,1.533262,22.30307
672.1756: -2.726097,-1.81026,1.534325,17.68297
672.3978: -2.727468,-1.536709,1.513616,10.91046
672.62: -2.731742,-1.270954,1.550389,9.582489
672.8422: -2.743647,-0.9901448,1.514813,10.99933
673.0645: -2.748344,-0.7192042,1.551553,14.84924
673.2867: -2.749859,-0.4487321,1.520956,14.61828
673.5089: -2.738263,-0.153668,1.531557,15.052
673.7311: -2.7224,0.1249994,1.540439,20.48169
673.9534: -2.684184,0.3902797,1.5128,32.97771
674.1756: -2.554727,0.5597003,1.540326,66.6666
674.3978: -2.405585,0.7431312,1.509151,80.05278
674.62: -2.256431,0.9546034,1.541392,67.901
674.8422: -2.145418,1.196938,1.511403,31.79614
675.0645: -2.053638,1.421292,1.52639,7.038472
675.2867: -1.977857,1.615317,1.527036,347.3575
675.5089: -1.896431,1.847008,1.512884,329.9011
675.7311: -1.867297,2.081146,1.536149,310.018
675.9534: -1.894682,2.297435,1.512038,305.0251
676.1756: -1.90513,2.507238,1.525529,323.7155
676.3978: -1.796879,2.683295,1.51513,24.02858
676.62: -1.675276,2.807696,1.501541,63.56335
676.8422: -1.595841,2.923167,1.519525,90.39842
677.0645: -1.502427,3.054868,1.509171,111.6121
677.2867: -1.376342,3.18842,1.512667,124.1288
677.5089: -1.199799,3.268312,1.516686,122.5308
677.7311: -0.9720495,3.292808,1.489742,116.6564
677.9534: -0.7372452,3.285905,1.514817,109.1908
678.1756: -0.4864506,3.284101,1.500647,104.0637
678.3978: -0.216558,3.291837,1.513879,105.0146
678.62: 0.04275492,3.26755,1.522233,107.249
678.8422: 0.3236527,3.222027,1.504837,108.3004
679.0645: 0.5855765,3.185691,1.532495,112.1293
679.2867: 0.8289431,3.163671,1.498632,116.9513
679.5089: 1.042728,3.143596,1.517449,125.7608
679.7311: 1.209731,3.11391,1.514628,132.8554
Trial Result: Success object: Piano | Time Spent: 15.10428
Trial No.:20 Ends
Trial No.:1 Begins
User confirmed on object: Stove, this maze officially starts.
694.3978: -2.581904,2.92203,1.558618,275.14
694.62: -2.515897,2.939583,1.560139,278.4727
694.8422: -2.438393,2.966913,1.560513,288.4913
695.0645: -2.402637,2.976841,1.558344,291.7021
695.2867: -2.400959,2.994553,1.556625,309.0775
695.5089: -2.399594,3.030164,1.539387,357.9368
695.7311: -2.374215,3.011321,1.516573,64.09072
695.9534: -2.357914,2.965122,1.510226,111.9028
696.1756: -2.2906,2.951348,1.495711,137.1722
696.3978: -2.192279,2.932349,1.501252,154.1387
696.62: -2.082238,2.915012,1.510983,177.4964
696.8422: -1.856676,2.927328,1.489341,161.4987
697.0645: -1.574692,2.99522,1.499829,120.7084
697.2867: -1.350821,3.039091,1.517785,94.13456
697.5089: -1.108025,3.0365,1.495162,87.11256
697.7311: -0.8422074,3.019522,1.528285,89.00722
697.9534: -0.5661912,3.02457,1.493003,92.58338
698.1756: -0.2974496,3.05564,1.519355,98.14301
698.3978: -0.02624516,3.073841,1.510644,99.2136
698.62: 0.2716592,3.084335,1.496937,98.54577
698.8422: 0.5526792,3.108572,1.526964,97.10896
699.0645: 0.8405092,3.1271,1.496968,97.60501
699.2867: 1.109265,3.118348,1.529101,104.5607
699.5089: 1.376182,3.077684,1.491582,110.5091
699.7311: 1.654508,3.007468,1.499536,109.5249
699.9534: 1.90885,2.955518,1.511763,115.2125
700.1756: 2.155243,2.900572,1.488192,128.8467
700.3978: 2.349004,2.790332,1.513667,146.3961
700.62: 2.50803,2.625538,1.48255,159.6614
700.8422: 2.612633,2.437393,1.50938,183.0497
701.0645: 2.687531,2.261561,1.512875,200.974
701.2867: 2.778033,2.059003,1.506415,206.3761
701.5089: 2.814709,1.854281,1.525441,214.2732
701.7311: 2.804467,1.635051,1.488744,215.0327
701.9534: 2.737597,1.428852,1.515958,215.847
702.1756: 2.615602,1.248783,1.50815,221.6351
702.3978: 2.446356,1.083335,1.512465,241.5379
702.62: 2.225895,0.9837576,1.523992,263.9532
702.8422: 1.974557,0.9371561,1.498498,274.1111
703.0645: 1.719118,0.9072382,1.531131,274.8829
703.2867: 1.458974,0.8759936,1.510359,273.2294
703.5089: 1.190366,0.8442719,1.533222,264.6086
703.7311: 0.9268521,0.8586886,1.519229,255.8047
703.9534: 0.6604356,0.8866462,1.508302,244.7113
704.1756: 0.4458905,0.8428714,1.538388,225.5099
704.3978: 0.2799864,0.7426076,1.50586,207.2581
704.62: 0.1569943,0.6133223,1.524816,185.695
704.8422: 0.06554225,0.4463205,1.510218,170.7544
705.0645: -0.03014285,0.2344605,1.521867,168.1097
705.2867: -0.04759476,-0.006094562,1.519459,159.9885
705.5089: 0.003312349,-0.253282,1.501351,148.9058
705.7311: 0.09289899,-0.4680461,1.527274,135.3582
705.9534: 0.2222148,-0.6634338,1.504945,115.0824
706.1756: 0.3868593,-0.7623314,1.533925,84.95344
706.3978: 0.5754471,-0.8309003,1.506335,76.31742
706.62: 0.7840956,-0.8994143,1.533014,90.88483
706.8422: 0.9820003,-0.9882724,1.523092,109.3574
707.0645: 1.209354,-1.082663,1.51997,116.109
707.2867: 1.433845,-1.169759,1.533438,121.2547
707.5089: 1.639484,-1.284276,1.500427,133.9375
707.7311: 1.805409,-1.424753,1.525606,137.8413
Trial Result: Success object: Well | Time Spent: 13.70362
Trial No.:1 Ends
Trial No.:13 Begins
User confirmed on object: Telescope, this maze officially starts.
725.1645: -2.768975,-0.001824765,1.584901,86.82306
725.3867: -2.78626,-0.008245066,1.582809,89.65703
725.6089: -2.816458,-0.00453301,1.580098,101.3721
725.8311: -2.844473,0.006305184,1.575611,107.5713
726.0533: -2.843389,0.03738936,1.569642,85.74256
726.2756: -2.844386,0.06802361,1.555284,49.16506
726.4978: -2.846661,0.0697148,1.547095,26.81546
726.72: -2.829938,0.05846214,1.541729,21.36135
726.9423: -2.79089,0.0859483,1.542024,24.04581
727.1645: -2.767557,0.1912393,1.525988,27.26396
727.3867: -2.754834,0.3468101,1.527376,35.05254
727.6089: -2.716227,0.493412,1.540306,42.45818
727.8311: -2.639993,0.6352497,1.520432,49.81041
728.0533: -2.543931,0.7710922,1.531426,51.72012
728.2756: -2.460247,0.8899791,1.542079,53.0885
728.4978: -2.38236,1.029998,1.529795,34.99457
728.72: -2.317578,1.173945,1.540377,12.61164
728.9423: -2.225516,1.289186,1.545371,8.356248
729.1645: -2.107582,1.423346,1.527458,12.55685
729.3867: -1.955149,1.565502,1.532322,33.88879
729.6089: -1.877506,1.745723,1.533274,27.36386
729.8311: -1.898876,1.943035,1.5076,350.8674
730.0533: -1.94049,2.127081,1.526289,326.2242
730.2756: -1.931613,2.308789,1.526064,316.4037
730.4978: -1.850406,2.520049,1.502764,336.7821
730.72: -1.734307,2.687742,1.522398,18.91334
730.9423: -1.622962,2.819043,1.52024,51.83221
731.1645: -1.497972,2.971309,1.521144,71.40488
731.3867: -1.329096,3.087651,1.52555,90.64706
731.6089: -1.126528,3.152827,1.491373,108.8861
731.8311: -0.9100933,3.182973,1.50479,121.5817
732.0533: -0.6694446,3.223056,1.511941,115.989
732.2756: -0.3960524,3.265612,1.510496,111.621
732.4978: -0.1424693,3.263391,1.528617,112.7019
732.72: 0.1224339,3.23042,1.493189,112.8024
732.9423: 0.3902459,3.199972,1.531448,109.1476
733.1645: 0.6475636,3.198583,1.514426,102.8459
733.3867: 0.9080402,3.21885,1.520558,103.5643
733.6089: 1.153658,3.211748,1.530622,105.405
733.8311: 1.430382,3.183259,1.50412,111.1813
734.0533: 1.68291,3.149469,1.525559,119.835
734.2756: 1.937929,3.110146,1.495327,128.8904
734.4978: 2.18391,3.038609,1.51422,141.6457
734.72: 2.366106,2.896352,1.507176,154.9214
734.9423: 2.499921,2.700244,1.504582,163.3385
735.1645: 2.593946,2.493804,1.524349,175.1438
735.3867: 2.670103,2.262276,1.505011,187.4721
735.6089: 2.710668,2.030229,1.530725,197.4397
735.8311: 2.697215,1.805664,1.503184,206.1797
736.0533: 2.637688,1.575484,1.510504,212.6129
736.2756: 2.539839,1.385971,1.521476,223.5947
736.4978: 2.391598,1.199781,1.505767,238.4783
736.72: 2.186489,1.067225,1.524142,254.8503
736.9423: 1.94739,0.9942241,1.488281,268.176
737.1645: 1.70281,0.936185,1.519119,273.6204
737.3867: 1.468396,0.8826796,1.527608,271.4492
737.6089: 1.224728,0.8323762,1.519733,268.542
737.8311: 0.9930654,0.8435598,1.53964,264.7763
738.0533: 0.7373117,0.8628339,1.507616,255.6754
738.2756: 0.5005423,0.8320774,1.541934,238.8334
738.4978: 0.3044281,0.7336391,1.511228,229.3753
738.72: 0.1604457,0.5803348,1.514454,211.083
738.9423: 0.06926624,0.4037662,1.521621,193.5724
739.1645: -0.01176384,0.2010411,1.514495,179.9114
739.3867: -0.03229058,-0.008118538,1.536009,164.9341
739.6089: 0.004742702,-0.2162792,1.505512,152.7041
739.8311: 0.09238413,-0.4155168,1.520653,142.4581
740.0533: 0.2212403,-0.5921628,1.507609,127.2449
740.2756: 0.3837127,-0.738216,1.516491,112.6592
740.4978: 0.5667247,-0.8157024,1.523777,99.69203
740.72: 0.7696402,-0.8519425,1.512353,88.49656
740.9423: 0.9727834,-0.9198728,1.538128,106.268
741.1645: 1.189336,-0.9953513,1.496572,119.9547
741.3867: 1.403082,-1.075808,1.51966,125.8158
741.6089: 1.580375,-1.168577,1.518615,130.4721
741.8311: 1.756644,-1.270835,1.505802,133.805
742.0533: 1.850817,-1.389887,1.531918,136.1403
Trial Result: Success object: Well | Time Spent: 17.32518
Trial No.:13 Ends
Trial No.:14 Begins
User confirmed on object: Telescope, this maze officially starts.
758.2756: -2.82287,0.07810443,1.587607,97.30003
758.4978: -2.828746,0.05797295,1.586555,97.60987
758.72: -2.841174,0.04720851,1.587271,98.33537
758.9423: -2.844242,0.0393872,1.583435,98.71518
759.1645: -2.841007,0.02484566,1.581422,104.7133
759.3867: -2.832634,-0.0003210921,1.576105,122.5706
759.6089: -2.82513,-0.03587073,1.567387,144.3271
759.8311: -2.806818,-0.06048205,1.55604,152.5277
760.0533: -2.737984,0.0005666735,1.544661,117.1918
760.2756: -2.722562,0.1931633,1.537926,65.15694
760.4978: -2.772666,0.4021889,1.529004,28.83107
760.72: -2.745222,0.5688184,1.530531,27.20676
760.9423: -2.668145,0.7222289,1.501444,39.19584
761.1645: -2.574291,0.866442,1.525089,47.68892
761.3867: -2.477885,1.002949,1.534589,46.48224
761.6089: -2.388304,1.170659,1.532406,35.0338
761.8311: -2.275422,1.324225,1.539662,30.22853
762.0533: -2.135848,1.471029,1.517477,27.14006
762.2756: -2.024072,1.641913,1.528836,9.42906
762.4978: -1.998034,1.829713,1.521603,345.2929
762.72: -2.018156,2.026976,1.512721,331.2338
762.9423: -2.036439,2.209485,1.529446,317.2426
763.1645: -2.036156,2.416181,1.508031,318.5377
763.3867: -1.957127,2.647443,1.512754,5.603565
763.6089: -1.829017,2.808548,1.520268,50.37655
763.8311: -1.695003,2.975845,1.510915,86.05139
764.0533: -1.5579,3.091699,1.52335,120.6008
764.2756: -1.408422,3.166364,1.498885,138.2676
764.4978: -1.196094,3.227672,1.512012,126.5979
764.72: -0.9658507,3.272357,1.517244,113.0563
764.9423: -0.6989633,3.299671,1.505879,106.3028
765.1645: -0.4388819,3.284276,1.524668,107.3241
765.3867: -0.1742809,3.24331,1.496431,108.4253
765.6089: 0.1013929,3.204867,1.527677,106.164
765.8311: 0.3526801,3.198768,1.519368,102.4665
766.0533: 0.6212764,3.219,1.518362,100.9259
766.2756: 0.8684589,3.221386,1.534226,102.9887
766.4978: 1.143018,3.22387,1.499557,104.5515
766.72: 1.415076,3.213193,1.531207,107.7804
766.9423: 1.688909,3.184633,1.504341,113.768
767.1645: 1.954377,3.131381,1.517325,128.0754
767.3867: 2.15738,3.012024,1.518637,144.4014
767.6089: 2.329898,2.835316,1.497511,153.8811
767.8311: 2.469394,2.641697,1.52125,165.0715
768.0533: 2.584701,2.423901,1.503439,178.7867
768.2756: 2.666011,2.192175,1.52769,190.9762
768.4978: 2.68682,1.968148,1.518606,202.6736
768.72: 2.659403,1.730902,1.506567,214.0916
768.9423: 2.609912,1.524525,1.523051,223.932
769.1645: 2.522009,1.311645,1.503373,233.2596
769.3867: 2.377136,1.171873,1.533626,257.1964
769.6089: 2.186871,1.097329,1.518125,272.0229
769.8311: 1.967467,1.059124,1.527251,274.2515
770.0533: 1.725793,1.015969,1.531943,273.9908
770.2756: 1.460116,0.9557415,1.518432,269.1497
770.4978: 1.202853,0.9346219,1.546148,260.0685
770.72: 0.9398383,0.9583131,1.509866,254.9495
770.9423: 0.6984824,0.9588019,1.535657,241.2264
771.1645: 0.4958719,0.8897164,1.528479,229.0578
771.3867: 0.3314647,0.7697392,1.520834,223.9037
771.6089: 0.1980031,0.6620737,1.524886,220.0562
Trial Result: Success object: Wheelbarrow | Time Spent: 13.75002
Trial No.:14 Ends
Trial No.:23 Begins
User confirmed on object: Chair, this maze officially starts.
787.6867: 0.9199388,-3.25557,1.58039,349.4296
787.9089: 0.9174497,-3.274786,1.581187,1.738429
788.1311: 0.9157739,-3.292445,1.579052,15.2882
788.3533: 0.9110913,-3.294247,1.570844,27.74932
788.5756: 0.9108819,-3.293791,1.562806,40.51245
788.7978: 0.9393767,-3.27405,1.557005,47.8465
789.02: 1.058135,-3.235922,1.542898,46.90643
789.2422: 1.236821,-3.162433,1.526903,41.23952
789.4645: 1.398258,-3.038727,1.543682,30.05133
789.6867: 1.539113,-2.890575,1.513141,11.1135
789.9089: 1.659767,-2.730327,1.521908,2.438783
790.1311: 1.76989,-2.549143,1.526501,0.8307386
790.3533: 1.870636,-2.332057,1.510088,359.125
790.5756: 1.917153,-2.106421,1.533936,356.9102
790.7978: 1.9134,-1.882947,1.503571,348.6894
791.02: 1.860351,-1.677237,1.525171,329.0643
791.2422: 1.792021,-1.505046,1.525221,308.4647
791.4645: 1.706164,-1.33795,1.520857,286.0414
791.6867: 1.565026,-1.226439,1.538427,264.4634
791.9089: 1.393991,-1.137467,1.512373,270.1271
792.1311: 1.204695,-1.077132,1.529867,288.358
792.3533: 1.000029,-1.044299,1.521943,293.7292
792.5756: 0.7614925,-1.010585,1.507872,293.7543
792.7978: 0.550845,-0.9790155,1.533383,291.743
793.02: 0.3478654,-0.9462903,1.519374,274.6244
793.2422: 0.2060387,-0.802784,1.53475,307.1026
793.4645: 0.1847422,-0.6326336,1.521639,356.6089
793.6867: 0.1690379,-0.4389842,1.504453,10.82345
793.9089: 0.1706268,-0.2175838,1.523992,6.540994
794.1311: 0.1523418,0.009056817,1.510769,359.3974
794.3533: 0.09396243,0.2239925,1.505888,340.876
794.5756: 0.05511453,0.3868967,1.52995,316.2177
794.7978: 0.07691316,0.5538262,1.51354,319.6322
795.02: 0.1770673,0.7336198,1.533157,4.94848
795.2422: 0.2907486,0.854296,1.528964,47.15408
795.4645: 0.3899385,0.9493656,1.51898,75.89156
795.6867: 0.5254643,1.006655,1.524053,91.64384
795.9089: 0.7102367,1.017771,1.494835,110.2854
796.1311: 0.9172966,1.003762,1.510716,116.0726
796.3533: 1.140074,1.001485,1.524517,103.9439
796.5756: 1.382146,1.008906,1.515851,94.12681
796.7978: 1.609953,1.011034,1.539279,85.43194
797.02: 1.846037,1.011364,1.505983,75.02474
797.2422: 2.088774,1.052822,1.523104,54.56342
797.4645: 2.271588,1.167463,1.518833,30.07556
797.6867: 2.419663,1.332786,1.503174,9.157076
797.9089: 2.540269,1.500421,1.521254,354.8538
798.1311: 2.665654,1.701636,1.492052,350.5851
798.3533: 2.737826,1.935225,1.516951,341.2416
798.5756: 2.721186,2.171804,1.493872,326.8951
798.7978: 2.646601,2.388633,1.511485,314.5598
799.02: 2.541641,2.578918,1.506528,297.9201
799.2422: 2.400016,2.779532,1.496901,278.8595
799.4645: 2.220028,2.914176,1.521717,251.8216
799.6867: 2.045188,2.993306,1.492646,228.6632
799.9089: 1.941871,3.040593,1.53283,208.6784
Trial Result: Success object: Piano | Time Spent: 12.63816
Trial No.:23 Ends
Trial No.:17 Begins
User confirmed on object: Harp, this maze officially starts.
819.9423: 1.689213,-1.108438,1.559076,351.8194
820.1645: 1.715263,-1.131574,1.567055,354.0144
820.3867: 1.763414,-1.162138,1.576378,0.3624739
820.6089: 1.809429,-1.189606,1.579331,10.39084
820.8311: 1.828546,-1.197639,1.576792,12.39089
821.0533: 1.836798,-1.183097,1.567909,9.648618
821.2756: 1.858089,-1.175905,1.561538,20.22749
821.4978: 1.866031,-1.172852,1.559278,32.4762
821.72: 1.863831,-1.168318,1.555261,50.30514
821.9423: 1.881965,-1.181246,1.550842,71.92399
822.1645: 1.922683,-1.207432,1.550529,86.85147
822.3867: 1.993011,-1.180843,1.533634,76.20763
822.6089: 2.11487,-1.110375,1.5169,59.90325
822.8311: 2.27544,-0.9863902,1.496957,39.58619
823.0533: 2.423407,-0.8358605,1.510809,20.89945
823.2756: 2.546464,-0.6647055,1.504778,3.966253
823.4978: 2.664187,-0.4469775,1.504978,351.4583
823.72: 2.717252,-0.1866385,1.506921,339.9998
823.9423: 2.693197,0.08349132,1.492795,330.6665
824.1645: 2.625381,0.3238727,1.514779,318.7419
824.3867: 2.492392,0.5589089,1.481446,301.4007
824.6089: 2.290814,0.7361979,1.525811,284.3846
824.8311: 2.043677,0.8265502,1.485502,278.7421
825.0533: 1.785597,0.8580833,1.520142,280.5818
825.2756: 1.51115,0.8671314,1.499908,280.6709
825.4978: 1.184272,0.8817182,1.517639,277.7629
825.72: 0.8894644,0.8961665,1.520833,275.6239
825.9423: 0.5479828,0.8911203,1.502208,275.6469
826.1645: 0.209298,0.9239056,1.528589,280.0232
826.3867: -0.1135354,0.9620996,1.498493,281.6644
826.6089: -0.4309664,0.9734142,1.532302,283.1963
826.8311: -0.7341148,0.9661993,1.493398,290.5663
827.0533: -0.9960047,1.00544,1.534523,302.2294
827.2756: -1.252821,1.097381,1.488937,313.1198
827.4978: -1.485256,1.237509,1.515308,321.1426
827.72: -1.65582,1.431578,1.515169,328.2082
827.9423: -1.804798,1.661674,1.513852,331.7035
828.1645: -1.890989,1.897009,1.524896,326.5811
828.3867: -1.954848,2.155581,1.50651,320.492
828.6089: -2.056,2.361113,1.54399,308.0641
828.8311: -2.19276,2.523376,1.501464,300.2727
829.0533: -2.346555,2.663208,1.51514,291.6216
829.2756: -2.467389,2.791639,1.521932,285.2209
Trial Result: Success object: Stove | Time Spent: 9.705648
Trial No.:17 Ends
Trial No.:2 Begins
User confirmed on object: Stove, this maze officially starts.
847.1756: -2.39278,3.075325,1.562596,259.9189
847.3978: -2.398216,3.077711,1.560654,261.906
847.62: -2.39946,3.075511,1.556643,261.674
847.8422: -2.402345,3.070098,1.552994,253.884
848.0645: -2.40258,3.066658,1.550428,232.4538
848.2867: -2.389179,3.062328,1.540201,199.5573
848.5089: -2.319718,3.073464,1.527631,155.1281
848.7311: -2.206952,3.087685,1.518053,143.2352
848.9534: -2.08864,3.065106,1.515081,157.475
849.1756: -1.994941,3.020076,1.519831,183.7968
849.3978: -1.836062,2.963573,1.49843,181.0639
849.62: -1.616628,2.937477,1.513172,143.4445
849.8422: -1.425628,2.993011,1.525719,105.1366
850.0645: -1.249692,3.05865,1.493336,94.19054
850.2867: -1.031988,3.11953,1.51245,102.7206
850.5089: -0.8208342,3.124861,1.510046,120.8561
850.7311: -0.5921617,3.106219,1.494515,136.5392
850.9534: -0.3689992,3.107979,1.521266,138.1979
851.1756: -0.1107336,3.149976,1.49576,120.6616
851.3978: 0.1618761,3.194374,1.515272,110.3206
851.62: 0.4268033,3.197599,1.509512,102.8824
851.8422: 0.7101996,3.163276,1.499367,103.1126
852.0645: 0.9766731,3.148681,1.523634,103.2557
852.2867: 1.248283,3.153149,1.49063,104.4653
852.5089: 1.512055,3.133265,1.526346,112.7068
852.7311: 1.751623,3.076157,1.497456,123.0285
852.9534: 1.985036,2.979518,1.504892,134.111
853.1756: 2.201612,2.880045,1.520154,143.4293
853.3978: 2.411114,2.744991,1.503903,153.9783
853.62: 2.557922,2.570783,1.520801,175.9917
853.8422: 2.659315,2.379557,1.487875,191.7934
854.0645: 2.733943,2.169088,1.511176,198.5862
854.2867: 2.779031,1.968132,1.516347,204.5588
854.5089: 2.808383,1.74418,1.510432,206.6908
854.7311: 2.750384,1.546521,1.525428,224.8411
854.9534: 2.624014,1.372683,1.485786,244.2449
855.1756: 2.454527,1.223238,1.518266,259.0705
855.3978: 2.267983,1.101343,1.513493,268.2403
855.62: 2.047971,0.9628932,1.514078,272.6571
855.8422: 1.806012,0.9011865,1.523596,282.0029
856.0645: 1.551124,0.8895672,1.494816,284.1771
856.2867: 1.290198,0.8952122,1.531359,276.5836
856.5089: 1.039828,0.9039216,1.509529,259.5377
856.7311: 0.7976891,0.9043034,1.518779,249.504
856.9534: 0.5737715,0.8987005,1.523493,238.3147
857.1756: 0.3599623,0.8728485,1.506321,226.6566
857.3978: 0.2094343,0.7874833,1.532543,217.4637
857.62: 0.1123384,0.6655065,1.505091,215.5056
Trial Result: Success object: Wheelbarrow | Time Spent: 10.73943
Trial No.:2 Ends
