Participant ID: 449
Maze Mode: testing
Trial No.:19 Begins
User confirmed on object: Well, this maze officially starts.
26.70222: 1.728102,-2.024743,1.54809,89.61205
26.92444: 1.733608,-2.029685,1.558343,88.51415
27.14667: 1.730644,-2.030097,1.572557,86.48916
27.36889: 1.721468,-2.030921,1.576826,85.60941
27.59111: 1.715014,-2.033648,1.581641,86.93655
27.81333: 1.70909,-2.040414,1.585243,92.51364
28.03556: 1.705001,-2.035209,1.586941,89.64601
28.25778: 1.702683,-2.023893,1.586257,83.63567
28.48: 1.703223,-2.023637,1.585686,85.73842
28.70222: 1.703906,-2.026632,1.585243,89.78423
28.92444: 1.701068,-2.023913,1.584385,89.2699
29.14667: 1.699229,-2.021244,1.584304,88.81329
29.36889: 1.700397,-2.024573,1.583424,93.26751
29.59111: 1.703639,-2.02672,1.580096,99.20614
29.81333: 1.707587,-2.00559,1.572764,96.76555
30.03556: 1.709013,-1.974173,1.565857,89.65117
30.25778: 1.697409,-1.924656,1.560161,61.94915
30.48: 1.690612,-1.92686,1.557297,39.03965
30.70222: 1.705584,-1.958074,1.552676,22.69429
30.92444: 1.684967,-1.982328,1.546648,358.3619
31.14667: 1.625476,-2.021974,1.544591,325.3468
31.36889: 1.590774,-2.046223,1.541916,315.7765
31.59111: 1.609366,-2.024947,1.524897,334.1882
31.81333: 1.656317,-1.991658,1.517989,353.3999
32.03556: 1.706758,-1.958325,1.513973,355.4527
32.25778: 1.756737,-1.918151,1.517213,352.2699
32.48: 1.772604,-1.868006,1.517934,340.4847
32.70222: 1.760231,-1.784608,1.503782,325.8791
32.92445: 1.728689,-1.663503,1.516633,314.3259
33.14667: 1.690625,-1.546487,1.52547,306.3732
33.36889: 1.645744,-1.425899,1.519347,297.4742
33.59111: 1.58841,-1.297383,1.527375,288.1378
33.81334: 1.497986,-1.193065,1.534911,287.3093
34.03556: 1.366744,-1.11372,1.52132,287.6211
34.25778: 1.201195,-1.07079,1.532269,289.416
34.48: 1.031467,-1.045501,1.538073,286.6216
34.70222: 0.8530997,-1.022732,1.518288,282.4478
34.92445: 0.6338432,-0.9956626,1.541166,280.669
35.14667: 0.4384885,-0.9949946,1.541935,278.5704
35.36889: 0.20386,-1.022097,1.543085,277.8596
35.59111: -0.02556854,-1.035114,1.553031,279.4188
35.81334: -0.2907674,-1.037313,1.521659,280.4207
36.03556: -0.5503435,-1.032479,1.552064,281.5193
36.25778: -0.8108737,-1.037816,1.538741,283.4196
36.48: -1.074605,-1.052297,1.551736,286.4454
36.70222: -1.310721,-1.043357,1.5602,289.5114
36.92445: -1.547837,-1.015406,1.54705,294.742
37.14667: -1.783539,-0.9831107,1.569872,303.3363
37.36889: -2.010845,-0.946274,1.550564,314.3476
37.59111: -2.21584,-0.8912867,1.563063,333.151
37.81334: -2.369978,-0.804235,1.563591,350.9201
38.03556: -2.497014,-0.6899721,1.550506,2.200931
38.25778: -2.60964,-0.5688304,1.564579,10.6103
38.48: -2.722078,-0.4158683,1.5571,14.51526
38.70222: -2.795905,-0.2436351,1.56016,21.63548
38.92445: -2.813734,-0.04874302,1.549683,30.05012
39.14667: -2.783395,0.1692159,1.540199,34.07058
39.36889: -2.735026,0.3818471,1.553854,37.17707
39.59111: -2.677807,0.5886912,1.529551,38.92003
39.81334: -2.616288,0.7788728,1.543714,43.1087
40.03556: -2.538292,0.937946,1.539368,46.12045
40.25778: -2.42561,1.099049,1.517097,47.91108
40.48: -2.294621,1.254766,1.52816,48.39438
40.70222: -2.179929,1.403465,1.522675,52.05064
40.92445: -2.077729,1.556991,1.520168,55.74582
41.14667: -1.98053,1.682047,1.518059,60.82184
41.36889: -1.903631,1.774273,1.504561,63.89184
Trial Result: Success object: Table | Time Spent: 14.96021
Trial No.:19 Ends
Trial No.:1 Begins
User confirmed on object: Stove, this maze officially starts.
66.02444: -2.555158,3.082614,1.488864,269.8121
66.24667: -2.553573,3.081628,1.496489,269.5125
66.46889: -2.549511,3.08074,1.507044,269.7903
66.69112: -2.542883,3.079368,1.520283,266.7009
66.91334: -2.536864,3.079638,1.526706,265.412
67.13556: -2.531518,3.072317,1.526723,263.4326
67.35778: -2.53684,3.075797,1.525383,268.7598
67.58: -2.542635,3.076149,1.524524,271.4008
67.80222: -2.547385,3.072066,1.522991,273.1043
68.02444: -2.554751,3.084174,1.520382,286.4869
68.24667: -2.555058,3.120272,1.510829,305.7551
68.46889: -2.557117,3.146873,1.507311,306.9702
68.69112: -2.577237,3.14796,1.505399,298.052
68.91334: -2.612626,3.116938,1.49754,282.3851
69.13556: -2.647306,3.068437,1.496148,263.4754
69.35778: -2.669586,3.024403,1.495293,240.8837
69.58: -2.682312,2.997657,1.501487,211.0191
69.80222: -2.668333,3.004619,1.496156,170.5756
70.02444: -2.638474,3.04723,1.48752,139.9278
70.24667: -2.610264,3.072693,1.484348,132.7413
70.46889: -2.555226,3.080329,1.480534,133.0858
70.69112: -2.500218,3.054219,1.473735,136.9913
70.91334: -2.434683,2.974162,1.470756,146.3927
71.13556: -2.358512,2.849827,1.488644,154.3631
71.35778: -2.259354,2.711718,1.481908,156.2667
71.58: -2.133836,2.567552,1.470308,157.8866
71.80222: -2.022528,2.412483,1.494856,158.739
72.02444: -1.945706,2.242079,1.477925,156.5884
72.24667: -1.893246,2.037342,1.493307,148.8592
72.46889: -1.821382,1.833807,1.491891,141.4726
72.69112: -1.721617,1.641128,1.485847,135.0054
72.91334: -1.617231,1.466513,1.497312,127.8365
73.13556: -1.498654,1.311804,1.479751,118.7277
73.35778: -1.353466,1.182166,1.497089,110.7373
73.58: -1.180275,1.088459,1.482815,111.7238
73.80222: -0.9765464,1.022673,1.49691,117.7498
74.02444: -0.7780049,0.9506862,1.499843,126.684
74.24667: -0.602536,0.8743311,1.484845,136.0159
74.46889: -0.4300169,0.8051702,1.492464,145.7991
74.69112: -0.2686324,0.7334893,1.487677,157.1931
74.91334: -0.1603921,0.6283687,1.495234,169.8564
75.13556: -0.1053064,0.5052897,1.484589,181.2215
75.35778: -0.07169688,0.3612668,1.496849,184.3155
75.58: -0.03941587,0.1961823,1.499052,184.4799
75.80222: -0.01554023,0.01623141,1.483426,186.54
76.02444: -0.01611838,-0.1634536,1.510382,199.8568
76.24667: -0.05585688,-0.33776,1.501697,208.7839
76.46889: -0.1443111,-0.5151443,1.496351,211.0962
76.69112: -0.2383522,-0.6980417,1.49803,210.4053
76.91334: -0.3375751,-0.8832921,1.483864,206.905
77.13556: -0.4522926,-1.065961,1.502108,200.0263
77.35778: -0.5694233,-1.231434,1.492235,189.8313
77.58: -0.6910312,-1.393414,1.486532,176.8693
77.80222: -0.7896963,-1.573948,1.497248,171.2031
78.02444: -0.8464346,-1.779042,1.475784,165.7852
78.24667: -0.8653178,-1.997696,1.490305,157.3003
78.46889: -0.8710076,-2.18666,1.491827,146.7283
78.69112: -0.8686138,-2.35988,1.481727,131.5038
78.91334: -0.8343794,-2.506009,1.497379,119.2691
79.13556: -0.7696601,-2.614601,1.488523,107.829
79.35778: -0.6616397,-2.708096,1.492642,97.33137
79.58: -0.5370553,-2.804373,1.496642,91.74399
79.80222: -0.4000871,-2.893647,1.482191,85.70447
80.02444: -0.24291,-2.989984,1.489409,78.97096
80.24667: -0.074991,-3.054212,1.497532,77.00834
80.46889: 0.1299088,-3.086409,1.471629,76.45644
80.69112: 0.3860018,-3.085816,1.498924,74.16035
80.91334: 0.6319181,-3.061152,1.497432,67.28316
81.13556: 0.8737867,-3.024048,1.48246,61.95566
81.35778: 1.103218,-2.946015,1.488981,57.41732
81.58: 1.31208,-2.826082,1.481619,54.09933
81.80222: 1.491787,-2.695246,1.499813,51.92646
82.02444: 1.642678,-2.561792,1.48502,51.30574
82.24667: 1.776402,-2.428612,1.48236,54.29456
82.46889: 1.859417,-2.308367,1.486599,58.37977
Trial Result: Success object: Well | Time Spent: 16.8595
Trial No.:1 Ends
Trial No.:18 Begins
User confirmed on object: Harp, this maze officially starts.
95.83556: 1.807981,-1.246629,1.49419,356.9758
96.05778: 1.808977,-1.247154,1.504079,356.5638
96.28: 1.809199,-1.24789,1.512666,354.714
96.50223: 1.811404,-1.246113,1.519203,352.9852
96.72445: 1.819495,-1.238259,1.521862,354.429
96.94667: 1.820328,-1.230744,1.522436,353.4096
97.16889: 1.804891,-1.223958,1.523037,338.7123
97.39111: 1.811482,-1.226145,1.510854,314.7869
97.61333: 1.832088,-1.227705,1.498402,299.6768
97.83556: 1.835146,-1.232277,1.481135,289.6859
98.05778: 1.816327,-1.241822,1.48497,281.9655
98.28: 1.786734,-1.240128,1.492827,282.783
98.50223: 1.74528,-1.227451,1.503257,290.2817
98.72445: 1.684577,-1.221951,1.50367,296.0632
98.94667: 1.608387,-1.219223,1.502148,296.8703
99.16889: 1.512005,-1.208435,1.498224,295.971
99.39111: 1.387945,-1.176688,1.488836,289.5817
99.61333: 1.244701,-1.12844,1.509069,284.9889
99.83556: 1.10202,-1.095606,1.512856,285.1124
100.0578: 0.951658,-1.065431,1.498268,293.1179
100.28: 0.8005812,-1.034707,1.506607,306.5239
100.5022: 0.6570792,-0.9846631,1.49737,316.8906
100.7244: 0.5307083,-0.9122112,1.494023,323.3463
100.9467: 0.3993298,-0.8321235,1.496571,329.8881
101.1689: 0.2801411,-0.7453836,1.49884,340.1542
101.3911: 0.1899617,-0.6371121,1.505911,344.7627
101.6133: 0.122827,-0.4810105,1.484497,345.2807
101.8356: 0.07699791,-0.2665189,1.503547,340.0618
102.0578: 0.02431126,-0.04767792,1.508557,335.7809
102.28: -0.04203796,0.1620059,1.488138,328.238
102.5022: -0.1157559,0.3601489,1.509471,317.7923
102.7244: -0.2040605,0.5373381,1.492335,304.8598
102.9467: -0.3155823,0.6900969,1.504755,290.2284
103.1689: -0.4469375,0.7950972,1.503849,283.4045
103.3911: -0.6097791,0.8734009,1.490537,287.9613
103.6133: -0.807795,0.9244156,1.507279,291.4229
103.8356: -0.9840283,0.9716474,1.503644,296.0858
104.0578: -1.144593,1.039596,1.500593,314.672
104.28: -1.296194,1.080288,1.508404,334.421
104.5022: -1.436106,1.092389,1.497865,348.0309
104.7244: -1.597114,1.076259,1.497868,356.6679
104.9467: -1.807877,1.053254,1.504896,315.4692
105.1689: -2.002763,0.9760091,1.485936,253.8026
105.3911: -2.17374,0.9358066,1.490992,211.3947
105.6133: -2.319731,0.8863801,1.493933,179.087
105.8356: -2.471681,0.7999962,1.466596,165.9079
106.0578: -2.601918,0.6732825,1.48179,152.9536
106.28: -2.688241,0.5236238,1.497228,138.9872
106.5022: -2.741093,0.3698706,1.476724,123.9645
106.7244: -2.753948,0.2576571,1.500307,114.7741
106.9467: -2.726623,0.1799654,1.497195,108.233
Trial Result: Success object: Telescope | Time Spent: 11.36267
Trial No.:18 Ends
Trial No.:9 Begins
User confirmed on object: Bookshelf, this maze officially starts.
125.2689: 1.771575,1.152318,1.519102,185.4855
125.4911: 1.773025,1.156528,1.529197,184.7411
125.7133: 1.77088,1.162177,1.537147,187.2772
125.9356: 1.754124,1.174364,1.538499,199.8917
126.1578: 1.744474,1.178606,1.537181,203.6911
126.38: 1.711634,1.182511,1.525648,222.4713
126.6022: 1.691377,1.192906,1.502843,257.5753
126.8244: 1.685557,1.188588,1.49558,279.843
127.0467: 1.639986,1.176258,1.485893,279.4696
127.2689: 1.531826,1.174327,1.473963,278.8453
127.4911: 1.370533,1.17126,1.48351,279.663
127.7133: 1.181498,1.14295,1.477834,282.3923
127.9356: 0.9637244,1.091194,1.49047,288.6384
128.1578: 0.7549631,1.088904,1.499109,302.0806
128.38: 0.5744045,1.126882,1.478554,316.0565
128.6022: 0.4092,1.190286,1.485242,327.7302
128.8244: 0.2547168,1.292011,1.480203,338.6866
129.0467: 0.1264193,1.41904,1.499677,347.5993
129.2689: 0.04135171,1.572953,1.489218,348.9865
129.4911: -0.0001138933,1.772265,1.487131,345.0663
129.7133: -0.0233708,1.993388,1.503233,341.3297
129.9356: -0.06883664,2.218413,1.475546,330.5754
130.1578: -0.1574402,2.442533,1.484257,312.7493
130.38: -0.2734415,2.627713,1.489886,295.187
130.6022: -0.4228604,2.80888,1.472481,284.2272
130.8244: -0.6167274,2.955824,1.493332,274.7681
131.0467: -0.8664378,3.059487,1.458806,269.3943
131.2689: -1.130134,3.12247,1.493418,267.992
131.4911: -1.386272,3.163842,1.476454,266.9511
131.7133: -1.651136,3.191128,1.477037,264.9103
131.9356: -1.879808,3.171222,1.479552,264.7454
132.1578: -2.099694,3.12382,1.480767,265.1652
132.38: -2.277533,3.091271,1.496997,266.812
132.6022: -2.413448,3.077252,1.484063,265.9211
132.8244: -2.51315,3.061884,1.499278,266.4644
Trial Result: Success object: Stove | Time Spent: 7.784941
Trial No.:9 Ends
Trial No.:23 Begins
User confirmed on object: Chair, this maze officially starts.
148.4467: 0.9045312,-3.233844,1.524208,350.9812
148.6689: 0.9054962,-3.241277,1.525055,351.4851
148.8911: 0.9205534,-3.244081,1.523871,358.7358
149.1133: 0.9404678,-3.239362,1.520899,7.858827
149.3356: 0.9891382,-3.218596,1.493692,28.71517
149.5578: 1.041351,-3.188408,1.47463,38.04425
149.78: 1.139337,-3.145951,1.461805,39.83188
150.0022: 1.281919,-3.082015,1.471957,34.10122
150.2244: 1.405217,-2.991959,1.483401,27.58367
150.4467: 1.527278,-2.838307,1.464048,20.72366
150.6689: 1.633556,-2.643045,1.482594,16.33355
150.8911: 1.734557,-2.440211,1.492676,17.2497
151.1133: 1.838022,-2.209904,1.468426,18.28687
151.3356: 1.932781,-1.96693,1.493217,22.54031
151.5578: 2.002902,-1.722436,1.474451,24.47473
151.78: 2.068644,-1.481522,1.494141,25.52547
152.0022: 2.162456,-1.268398,1.495074,25.46657
152.2244: 2.288049,-1.067363,1.486466,20.51639
152.4467: 2.409465,-0.8599499,1.509035,15.25739
152.6689: 2.499412,-0.6301988,1.477917,7.173312
152.8911: 2.571925,-0.3788392,1.49444,1.651478
153.1133: 2.649559,-0.1272544,1.494792,359.7295
153.3356: 2.732239,0.14395,1.479347,358.4366
153.5578: 2.78255,0.4222519,1.497076,356.9147
153.78: 2.807567,0.7045293,1.467448,356.528
154.0022: 2.818811,0.9871842,1.509808,352.4957
154.2244: 2.824208,1.272047,1.48135,347.4624
154.4467: 2.831461,1.562694,1.497872,341.5792
154.6689: 2.818393,1.834175,1.491462,336.7315
154.8911: 2.775725,2.093337,1.487701,327.5533
155.1133: 2.730545,2.34001,1.502398,316.3728
155.3356: 2.662262,2.565041,1.469833,293.6895
155.5578: 2.573447,2.742558,1.483813,269.3323
155.78: 2.452239,2.887242,1.463569,251.2899
156.0022: 2.319646,3.004641,1.474648,240.0597
156.2244: 2.204298,3.084499,1.493729,226.8323
156.4467: 2.077167,3.148272,1.483877,210.6063
Trial Result: Success object: Piano | Time Spent: 8.395733
Trial No.:23 Ends
Trial No.:13 Begins
User confirmed on object: Telescope, this maze officially starts.
171.9467: -2.930104,0.04060878,1.522629,90.75224
172.1689: -2.932607,0.04156295,1.522687,91.99545
172.3911: -2.941526,0.03584819,1.523692,97.06202
172.6133: -2.953372,0.03341955,1.523441,98.89445
172.8356: -2.96564,0.0341639,1.524389,100.5005
173.0578: -2.970667,0.03630184,1.520623,100.191
173.28: -2.971006,0.03627342,1.518629,101.9476
173.5022: -2.963595,0.02529833,1.513714,110.2785
173.7244: -2.940021,-0.008571958,1.490303,125.1523
173.9467: -2.915002,-0.08880827,1.47648,127.9416
174.1689: -2.890199,-0.2281241,1.481153,124.9188
174.3911: -2.838549,-0.3799036,1.496827,119.3619
174.6133: -2.735532,-0.5048387,1.480419,113.7064
174.8356: -2.5807,-0.6115664,1.492707,109.608
175.0578: -2.414164,-0.7220197,1.500031,108.7577
175.28: -2.231474,-0.8315082,1.480914,106.8113
175.5022: -2.03827,-0.9116756,1.500155,101.6548
175.7244: -1.824653,-0.9464086,1.482933,96.13062
175.9467: -1.571548,-0.9382225,1.491961,94.77232
176.1689: -1.3094,-0.9431754,1.498571,96.62276
176.3911: -1.040617,-0.953725,1.479179,96.75027
176.6133: -0.7635977,-0.95282,1.506083,96.99577
176.8356: -0.4889014,-0.9364942,1.477323,98.69907
177.0578: -0.2214236,-0.914856,1.497456,98.35606
177.28: 0.03411627,-0.9136848,1.486739,99.65235
177.5022: 0.2892902,-0.9404048,1.492365,105.0419
177.7244: 0.5334679,-0.9617424,1.496044,110.5075
177.9467: 0.7839785,-0.9832734,1.467622,118.8779
178.1689: 1.024203,-1.036714,1.469476,128.822
178.3911: 1.244109,-1.12826,1.443741,132.3401
178.6133: 1.448685,-1.245632,1.469721,134.9351
178.8356: 1.617505,-1.368993,1.481543,135.5075
179.0578: 1.759025,-1.497936,1.475939,132.797
Trial Result: Success object: Well | Time Spent: 7.541756
Trial No.:13 Ends
Trial No.:10 Begins
User confirmed on object: Bookshelf, this maze officially starts.
195.1911: 1.802166,1.196657,1.524952,186.8784
195.4133: 1.800961,1.203188,1.528553,187.6227
195.6356: 1.793451,1.206994,1.529468,193.4647
195.8578: 1.779202,1.212247,1.530068,201.8693
196.08: 1.762545,1.212564,1.530796,210.2883
196.3022: 1.731591,1.214004,1.522406,225.3822
196.5244: 1.687721,1.213478,1.494825,244.5677
196.7467: 1.601995,1.207605,1.48062,251.7131
196.9689: 1.459701,1.193292,1.483488,250.0718
197.1911: 1.27719,1.171568,1.497514,244.6784
197.4133: 1.078587,1.118275,1.481659,241.2807
197.6356: 0.8692221,1.028074,1.491242,236.3178
197.8578: 0.6571067,0.9386123,1.493162,228.3453
198.08: 0.4538584,0.8262666,1.483613,218.6809
198.3022: 0.2843512,0.6718699,1.498799,208.1066
198.5244: 0.1580919,0.485124,1.484487,204.2532
198.7467: 0.06599206,0.2751338,1.501822,203.9252
198.9689: -0.01056505,0.05550814,1.482685,205.5141
199.1911: -0.08100168,-0.1677686,1.492542,210.7019
199.4133: -0.1461234,-0.3696671,1.481404,223.5924
199.6356: -0.2263164,-0.560867,1.481904,239.2177
199.8578: -0.367006,-0.7204165,1.483225,251.4397
200.08: -0.5625093,-0.8262134,1.47094,255.974
200.3022: -0.794619,-0.900584,1.490722,257.2766
200.5244: -1.042985,-0.9542159,1.480401,259.5212
200.7467: -1.286033,-0.9906993,1.496865,255.9097
200.9689: -1.525019,-0.9974256,1.48451,252.3376
201.1911: -1.772531,-0.9981617,1.488866,245.5497
201.4133: -2.003644,-1.047578,1.502142,240.1428
201.6356: -2.211154,-1.151674,1.481584,235.9591
201.8578: -2.387771,-1.282898,1.498465,233.1331
202.08: -2.524974,-1.418463,1.490708,234.3237
202.3022: -2.637881,-1.551662,1.482967,235.9624
202.5244: -2.695198,-1.678293,1.501183,240.8854
Trial Result: Success object: Plant | Time Spent: 7.585114
Trial No.:10 Ends
Trial No.:3 Begins
User confirmed on object: Piano, this maze officially starts.
218.0356: 1.770228,3.173965,1.530593,179.3956
218.2578: 1.762538,3.180541,1.53176,181.4245
218.48: 1.752179,3.183727,1.52975,185.1379
218.7022: 1.742544,3.182398,1.527315,188.6758
218.9245: 1.721405,3.178832,1.523419,196.7738
219.1467: 1.691674,3.174842,1.518385,210.5945
219.3689: 1.642322,3.17362,1.496614,233.1899
219.5911: 1.529473,3.172288,1.474948,242.6675
219.8133: 1.355831,3.167959,1.473209,240.6799
220.0356: 1.140272,3.139424,1.484061,234.3915
220.2578: 0.9112495,3.059492,1.465322,229.1349
220.48: 0.6931046,2.940633,1.48584,223.0373
220.7022: 0.4908357,2.821067,1.484034,217.1175
220.9245: 0.3052799,2.670642,1.468575,203.4251
221.1467: 0.1716141,2.491669,1.49217,193.6137
221.3689: 0.08552755,2.270906,1.483486,188.7503
221.5911: 0.03347517,2.031195,1.502568,186.8458
221.8133: -0.002761632,1.77886,1.479458,186.0148
222.0356: -0.02582523,1.507668,1.500975,184.8962
222.2578: -0.01300787,1.240053,1.483378,185.8027
222.48: 0.01715813,0.9818111,1.490771,187.3523
222.7022: 0.03321518,0.7377179,1.500737,189.565
222.9245: 0.03650313,0.4949156,1.488228,189.7425
223.1467: 0.03958303,0.2531537,1.503322,194.5979
223.3689: 0.04428124,0.01979783,1.484714,202.8076
223.5911: 0.02636972,-0.1926224,1.502434,213.1502
223.8133: -0.0311926,-0.3788412,1.487919,220.7324
224.0356: -0.1281416,-0.5554179,1.489926,224.3016
224.2578: -0.2398105,-0.7396251,1.492752,223.7419
224.48: -0.3734926,-0.937716,1.487982,221.5497
224.7022: -0.5082964,-1.125448,1.500221,213.6654
224.9245: -0.6151505,-1.30944,1.482155,202.1836
225.1467: -0.7048769,-1.499269,1.492952,193.8354
225.3689: -0.7573639,-1.709366,1.480001,192.1359
225.5911: -0.7775505,-1.945516,1.487589,202.559
225.8133: -0.8129685,-2.179868,1.509185,216.7675
226.0356: -0.859129,-2.40908,1.477685,226.3911
226.2578: -0.925175,-2.609703,1.492169,249.3765
226.48: -0.9895687,-2.782861,1.493924,272.7067
226.7022: -1.057864,-2.945738,1.486076,286.8586
226.9245: -1.151962,-3.052488,1.499162,307.4764
227.1467: -1.266984,-3.09412,1.474806,319.8365
Trial Result: Success object: Mailbox | Time Spent: 9.44109
Trial No.:3 Ends
Trial No.:16 Begins
User confirmed on object: Wheelbarrow, this maze officially starts.
241.8578: 0.3628149,-0.06528918,1.51019,275.1722
242.08: 0.366646,-0.0656023,1.523549,274.5525
242.3022: 0.3708971,-0.06893248,1.529173,274.0913
242.5244: 0.3697484,-0.06156626,1.529954,280.4521
242.7467: 0.3600971,-0.05729829,1.530794,281.6472
242.9689: 0.3313874,-0.09964408,1.522376,258.883
243.1911: 0.3094263,-0.1972662,1.501436,239.7203
243.4133: 0.275025,-0.3423668,1.488076,237.314
243.6356: 0.2061052,-0.4947461,1.491992,235.5214
243.8578: 0.07722738,-0.6031129,1.476035,247.1473
244.08: -0.1147116,-0.6940376,1.488985,253.0437
244.3022: -0.3392591,-0.785769,1.490729,255.3755
244.5244: -0.600713,-0.8666328,1.488703,257.3046
244.7467: -0.8678057,-0.902365,1.509339,257.8228
244.9689: -1.133306,-0.9133029,1.476894,254.8441
245.1911: -1.402127,-0.9268659,1.509176,249.2702
245.4133: -1.666984,-0.972174,1.477846,247.2267
245.6356: -1.922498,-1.049667,1.493885,244.7174
245.8578: -2.144022,-1.142419,1.496819,243.4456
246.08: -2.358266,-1.262047,1.474156,236.6844
246.3022: -2.51521,-1.403323,1.500046,234.2467
246.5244: -2.611078,-1.554651,1.477869,238.5504
246.7467: -2.669856,-1.721389,1.493098,247.4506
Trial Result: Success object: Plant | Time Spent: 5.174276
Trial No.:16 Ends
Trial No.:5 Begins
User confirmed on object: Table, this maze officially starts.
261.1022: -1.976089,2.060533,1.523533,92.67622
261.3245: -1.976791,2.052997,1.527625,94.09306
261.5467: -1.97819,2.043711,1.535585,95.12759
261.7689: -1.988176,2.019036,1.522533,95.28973
261.9911: -2.003748,1.979062,1.508379,107.4832
262.2133: -2.017862,1.961487,1.50366,127.2232
262.4355: -2.004707,1.949488,1.500261,137.9614
262.6578: -1.997618,1.920129,1.496207,140.7145
262.88: -1.999092,1.848054,1.478211,132.8976
263.1022: -1.989526,1.716487,1.475661,121.2771
263.3245: -1.92884,1.568693,1.47166,113.7571
263.5467: -1.807207,1.433625,1.480105,108.0042
263.7689: -1.66799,1.317274,1.4887,102.098
263.9911: -1.483855,1.199987,1.47935,98.66643
264.2133: -1.286743,1.115037,1.497256,96.658
264.4355: -1.050632,1.085852,1.480803,95.66605
264.6578: -0.8168336,1.107744,1.49317,94.19068
264.88: -0.5794551,1.125566,1.501106,94.77122
265.1022: -0.3499333,1.125546,1.490409,96.11848
265.3245: -0.09065232,1.13015,1.504846,99.22374
265.5467: 0.1868023,1.147564,1.474146,102.9464
265.7689: 0.4616787,1.15591,1.50237,109.574
265.9911: 0.7213109,1.138764,1.485439,116.6708
266.2133: 0.9705228,1.104676,1.484945,123.8268
266.4355: 1.191381,1.078985,1.487461,134.6653
266.6578: 1.394217,1.046306,1.48121,148.4112
Trial Result: Success object: Bookshelf | Time Spent: 5.852135
Trial No.:5 Ends
Trial No.:15 Begins
User confirmed on object: Wheelbarrow, this maze officially starts.
277.9578: 0.2803409,0.0378691,1.525879,268.038
278.18: 0.2809536,0.03434706,1.526203,266.7158
278.4022: 0.2814389,0.006074403,1.518481,245.8021
278.6245: 0.2986881,-0.03865361,1.496917,220.3895
278.8467: 0.3002488,-0.1237558,1.473628,212.9823
279.0689: 0.2750565,-0.2570819,1.472658,215.1432
279.2911: 0.2102999,-0.3992352,1.490834,219.288
279.5133: 0.09923016,-0.539911,1.475199,222.7376
279.7356: -0.0555548,-0.6900264,1.490973,221.1005
279.9578: -0.2275833,-0.8578712,1.493191,220.4334
280.18: -0.3980003,-1.03896,1.488802,218.7309
280.4022: -0.5552064,-1.21969,1.49627,213.2584
280.6245: -0.6873268,-1.401962,1.471722,207.3754
280.8467: -0.7894027,-1.605945,1.489257,204.7791
281.0689: -0.8445008,-1.829304,1.461825,207.1134
281.2911: -0.8701249,-2.085682,1.477261,214.7574
281.5133: -0.9248179,-2.311547,1.485799,229.6302
281.7356: -1.007132,-2.51545,1.465608,246.8662
281.9578: -1.099863,-2.688845,1.4741,269.7684
282.18: -1.207681,-2.847394,1.459416,291.7101
282.4022: -1.328447,-2.969143,1.469264,312.9538
282.6245: -1.439371,-3.029549,1.482099,328.6483
Trial Result: Success object: Mailbox | Time Spent: 4.975559
Trial No.:15 Ends
Trial No.:11 Begins
User confirmed on object: Trashcan, this maze officially starts.
299.38: 2.603949,1.035076,1.534931,90.20745
299.6022: 2.596003,1.029579,1.537531,91.61271
299.8245: 2.591852,1.023129,1.53917,90.79353
300.0467: 2.577104,1.051195,1.521204,52.56441
300.2689: 2.496237,1.103368,1.488865,2.84927
300.4911: 2.405353,1.145392,1.480234,327.9805
300.7133: 2.35755,1.173558,1.489542,302.0507
300.9356: 2.326329,1.158498,1.497554,276.7481
301.1578: 2.274301,1.145735,1.487823,267.8954
301.38: 2.165823,1.124009,1.474218,267.4039
301.6022: 1.987543,1.080637,1.491326,267.4006
301.8245: 1.768291,1.053592,1.497772,270.2299
302.0467: 1.515803,1.045521,1.484433,271.4332
302.2689: 1.24334,1.048731,1.50479,271.5818
302.4911: 0.9653547,1.03474,1.484391,267.0914
302.7133: 0.6851199,1.019953,1.508182,263.3925
302.9356: 0.4029518,1.020242,1.49408,263.9905
303.1578: 0.1116652,1.034269,1.495155,265.3829
303.38: -0.1817885,1.041632,1.498507,267.7121
303.6022: -0.4811361,1.034361,1.490021,269.1472
303.8245: -0.7729733,1.037316,1.506017,266.2341
304.0467: -1.063272,1.054504,1.479619,261.6456
304.2689: -1.3472,1.060838,1.507895,254.6922
304.4911: -1.620978,1.045464,1.478305,245.1343
304.7133: -1.87106,1.012248,1.494236,231.5202
304.9356: -2.092285,0.9645566,1.483781,210.9084
305.1578: -2.316092,0.9113985,1.475263,190.3125
305.38: -2.497265,0.8026853,1.490054,176.8035
305.6022: -2.618761,0.652819,1.468986,163.0948
305.8245: -2.697157,0.5270131,1.492195,145.7514
306.0467: -2.73974,0.401939,1.488645,130.804
306.2689: -2.781511,0.2476846,1.484064,116.8502
Trial Result: Success object: Telescope | Time Spent: 7.130322
Trial No.:11 Ends
Trial No.:6 Begins
User confirmed on object: Table, this maze officially starts.
316.5244: -2.017363,2.070389,1.533985,94.47707
316.7467: -2.023036,2.070618,1.533697,94.56166
316.9689: -2.02817,2.054614,1.536987,104.0302
317.1911: -2.030136,2.028558,1.535466,115.1123
317.4133: -2.025076,1.985604,1.514144,135.0342
317.6356: -2.016603,1.902016,1.487323,141.9388
317.8578: -1.999285,1.765385,1.483727,137.3029
318.08: -1.928731,1.609955,1.482296,129.0288
318.3022: -1.794302,1.458728,1.460847,123.8975
318.5244: -1.62416,1.323751,1.494162,119.7157
318.7467: -1.441272,1.209337,1.487423,117.99
318.9689: -1.239704,1.10469,1.485907,116.6542
319.1911: -1.017973,1.033956,1.490906,119.2768
319.4133: -0.7723017,0.9862666,1.468303,128.6187
319.6356: -0.5424619,0.9196153,1.495704,143.3286
319.8578: -0.345099,0.8063713,1.469732,152.0126
320.08: -0.1922247,0.6512953,1.471703,160.8216
320.3022: -0.09843844,0.4761577,1.488333,168.2182
320.5244: -0.03277127,0.2755703,1.477404,171.2219
320.7467: 0.001174979,0.05920067,1.500653,175.8511
320.9689: 0.03163153,-0.15058,1.485387,164.537
321.1911: 0.06531663,-0.3338477,1.485793,129.2998
321.4133: 0.09070373,-0.4956722,1.494328,109.8517
321.6356: 0.1396657,-0.6347532,1.47835,98.1103
321.8578: 0.187075,-0.7539063,1.506865,100.5975
322.08: 0.1813092,-0.8440223,1.514919,109.7905
322.3022: 0.02581043,-0.9420353,1.505291,175.9009
322.5244: -0.155713,-0.9711148,1.483038,209.3625
322.7467: -0.313283,-1.029097,1.478683,212.0533
322.9689: -0.4651355,-1.130937,1.466456,205.4906
323.1911: -0.6007457,-1.295999,1.469075,189.4632
323.4133: -0.7286916,-1.461247,1.487196,176.3494
323.6356: -0.8489389,-1.651515,1.467579,168.6808
323.8578: -0.9227362,-1.86097,1.487054,160.0791
324.08: -0.9216492,-2.082968,1.462034,149.2029
324.3022: -0.8588759,-2.322524,1.483719,138.7079
324.5244: -0.7659328,-2.553238,1.482652,124.3294
324.7467: -0.6374323,-2.754589,1.455173,102.0747
324.9689: -0.4618922,-2.911255,1.470572,83.47342
325.1911: -0.2453973,-3.022653,1.465525,75.05984
325.4133: -0.03386049,-3.085533,1.478223,64.5573
325.6356: 0.1737495,-3.107662,1.462111,54.37773
325.8578: 0.3638493,-3.102441,1.481553,44.27852
326.08: 0.515538,-3.068253,1.484357,35.85133
326.3022: 0.6335567,-3.02149,1.489297,27.50237
Trial Result: Success object: Chair | Time Spent: 9.995316
Trial No.:6 Ends
Trial No.:17 Begins
User confirmed on object: Harp, this maze officially starts.
337.58: 1.864366,-1.244327,1.524713,350.9961
337.8022: 1.863697,-1.24222,1.529702,354.3507
338.0244: 1.878539,-1.23693,1.528601,0.3550529
338.2467: 1.887634,-1.235029,1.513582,348.3067
338.4689: 1.839832,-1.249035,1.493212,312.4132
338.6911: 1.749956,-1.260648,1.471545,289.0331
338.9133: 1.613157,-1.251954,1.478389,286.7736
339.1356: 1.444428,-1.217421,1.482845,292.5861
339.3578: 1.249527,-1.158238,1.46958,295.8669
339.58: 1.030746,-1.079288,1.48052,299.5153
339.8022: 0.7974352,-1.011395,1.47346,308.5303
340.0244: 0.5649264,-0.9409767,1.472391,321.7986
340.2467: 0.3813215,-0.8314608,1.484602,336.6519
340.4689: 0.2505439,-0.6963451,1.477293,348.2345
340.6911: 0.1430991,-0.532673,1.485816,354.6127
340.9133: 0.05230333,-0.3116939,1.466991,356.8897
341.1356: -0.01243536,-0.04562438,1.494307,355.8663
341.3578: -0.02936617,0.2538101,1.474217,355.8574
341.58: -0.01510881,0.5707918,1.49641,354.1361
341.8022: -0.009077188,0.9026771,1.47981,352.2932
342.0244: -0.007735442,1.236971,1.489477,349.0746
342.2467: -0.0005288348,1.548314,1.478658,345.2053
342.4689: -0.004595678,1.850775,1.481715,339.0545
342.6911: -0.0501456,2.134396,1.473228,332.5056
342.9133: -0.1405669,2.402374,1.481674,322.3055
343.1356: -0.2634016,2.621745,1.501812,303.6662
343.3578: -0.4235585,2.806882,1.474413,285.4283
343.58: -0.6254872,2.934928,1.492705,272.9651
343.8022: -0.8687865,3.013498,1.460732,265.3873
344.0244: -1.137461,3.064113,1.494866,265.4497
344.2467: -1.399861,3.100537,1.479541,265.9999
344.4689: -1.652948,3.130636,1.482324,266.4177
344.6911: -1.864161,3.122196,1.49504,266.7002
344.9133: -2.054199,3.08696,1.475281,268.198
345.1356: -2.212313,3.053717,1.501038,268.7451
345.3578: -2.330454,3.04765,1.504481,269.1745
345.58: -2.41789,3.067383,1.49927,268.3293
345.8022: -2.489049,3.073324,1.504744,268.7585
346.0244: -2.55442,3.061995,1.508499,268.2662
Trial Result: Success object: Stove | Time Spent: 8.818365
Trial No.:17 Ends
Trial No.:4 Begins
User confirmed on object: Piano, this maze officially starts.
362.38: 1.765403,3.203339,1.528641,178.8057
362.6022: 1.748361,3.200996,1.532399,188.9028
362.8245: 1.721827,3.198823,1.531686,201.6082
363.0467: 1.698509,3.188386,1.521552,210.6025
363.2689: 1.731847,3.145339,1.517204,192.1189
363.4911: 1.855902,3.111732,1.487731,162.8608
363.7133: 2.024688,3.069454,1.480829,159.1657
363.9356: 2.203044,2.979888,1.484739,164.8159
364.1578: 2.341944,2.856849,1.477384,176.1732
364.38: 2.460077,2.705771,1.490593,183.7295
364.6022: 2.588253,2.517501,1.491044,188.923
364.8245: 2.702733,2.292809,1.502663,192.6366
365.0467: 2.773932,2.025704,1.494377,195.8981
365.2689: 2.79604,1.728418,1.491902,195.9559
365.4911: 2.812044,1.413951,1.504813,198.0327
365.7133: 2.827913,1.100599,1.485022,200.6347
365.9356: 2.828938,0.809232,1.513463,202.6875
366.1578: 2.817793,0.5272585,1.475916,205.0137
366.38: 2.79305,0.2568791,1.503343,210.1942
366.6022: 2.773877,-0.007204701,1.482713,219.2834
366.8245: 2.745511,-0.261135,1.485352,231.7095
367.0467: 2.669069,-0.4731148,1.492049,246.3802
367.2689: 2.544684,-0.6545199,1.478315,261.8673
367.4911: 2.406004,-0.8056135,1.487825,280.7879
367.7133: 2.265474,-0.9187743,1.469675,301.6133
367.9356: 2.12739,-0.9994385,1.481415,320.235
Trial Result: Success object: Harp | Time Spent: 5.800928
Trial No.:4 Ends
Trial No.:22 Begins
User confirmed on object: Mailbox, this maze officially starts.
384.6689: -1.73189,-3.182779,1.526896,358.2164
384.8911: -1.724414,-3.182061,1.530757,357.6566
385.1133: -1.708795,-3.166315,1.519358,354.7255
385.3356: -1.670578,-3.146897,1.502033,20.31946
385.5578: -1.597521,-3.121968,1.490647,40.24501
385.78: -1.465478,-3.07983,1.471833,45.84503
386.0022: -1.31397,-3.010393,1.468365,39.12386
386.2245: -1.191899,-2.874383,1.464131,29.99443
386.4467: -1.098489,-2.670892,1.463097,25.50555
386.6689: -1.016983,-2.457558,1.490964,24.04436
386.8911: -0.948547,-2.227794,1.475164,24.50593
387.1133: -0.8774281,-1.976462,1.482074,25.33705
387.3356: -0.8167794,-1.720966,1.48025,30.49977
387.5578: -0.7352302,-1.478458,1.474682,44.62319
387.78: -0.6214951,-1.262738,1.483772,53.67437
388.0022: -0.485265,-1.047271,1.474429,45.12317
388.2245: -0.3461293,-0.8270781,1.501433,30.35355
388.4467: -0.2386945,-0.5945801,1.483357,23.21103
388.6689: -0.1514736,-0.3361183,1.483418,23.53768
388.8911: -0.0641021,-0.08649344,1.490468,28.80195
389.1133: 0.03130762,0.1634865,1.479006,35.3771
389.3356: 0.1135011,0.3955165,1.487646,51.36846
389.5578: 0.2002028,0.6021718,1.464141,71.60512
389.78: 0.3252816,0.7666182,1.486632,93.16206
390.0022: 0.4841377,0.8889788,1.468037,102.708
390.2245: 0.6898235,0.9750469,1.483299,109.2853
390.4467: 0.8958648,1.04526,1.491568,119.9031
390.6689: 1.108099,1.102713,1.480176,131.7798
390.8911: 1.301094,1.111586,1.505847,143.9806
391.1133: 1.4495,1.080706,1.492869,153.9403
Trial Result: Success object: Bookshelf | Time Spent: 6.685575
Trial No.:22 Ends
Trial No.:2 Begins
User confirmed on object: Stove, this maze officially starts.
406.4911: -2.607339,3.058113,1.519384,268.0036
406.7133: -2.604091,3.063117,1.523906,266.8501
406.9356: -2.603185,3.058641,1.520499,257.0833
407.1578: -2.576009,3.05671,1.504754,222.0878
407.38: -2.485493,3.044179,1.48145,171.9993
407.6022: -2.364623,3.064264,1.465536,126.0282
407.8245: -2.271136,3.039776,1.461313,114.748
408.0467: -2.175567,3.023659,1.470606,101.7276
408.2689: -2.066668,2.992017,1.474412,93.00309
408.4911: -1.943342,2.940877,1.48422,89.55932
408.7133: -1.792208,2.926586,1.473434,89.08216
408.9356: -1.599669,2.957688,1.468477,91.72003
409.1578: -1.390387,3.011159,1.49471,94.18098
409.38: -1.191167,3.046556,1.483392,95.81424
409.6022: -0.9805421,3.051347,1.488846,106.2095
409.8245: -0.7812121,3.048883,1.491481,129.7941
410.0467: -0.5868492,3.055426,1.47201,145.3375
410.2689: -0.4083008,3.042915,1.486592,163.3755
410.4911: -0.2684749,2.972058,1.484298,175.5666
410.7133: -0.1622078,2.84276,1.479463,179.7551
410.9356: -0.07410157,2.680036,1.489148,180.9886
411.1578: 0.004015259,2.488936,1.482975,181.9338
411.38: 0.0622976,2.279936,1.500604,184.9252
411.6022: 0.08491507,2.048381,1.486505,186.8249
411.8245: 0.0740844,1.795527,1.489138,186.4904
412.0467: 0.07283664,1.536738,1.493239,189.3478
412.2689: 0.0851007,1.257813,1.475893,195.3625
412.4911: 0.08781157,0.9820113,1.509743,200.4861
412.7133: 0.0676745,0.7309791,1.475954,208.8443
412.9356: 0.03969843,0.5068935,1.475298,220.6667
413.1578: 0.02492049,0.3163983,1.47528,235.5429
Trial Result: Success object: Wheelbarrow | Time Spent: 6.997326
Trial No.:2 Ends
Trial No.:7 Begins
User confirmed on object: Plant, this maze officially starts.
450.2245: -2.636609,-2.046383,1.531248,276.263
450.4467: -2.638353,-2.047306,1.536536,276.5992
450.6689: -2.640473,-2.054735,1.538774,280.4899
450.8911: -2.646369,-2.067131,1.538292,282.989
451.1133: -2.64671,-2.049774,1.534003,300.9432
451.3356: -2.583197,-1.979316,1.508874,355.5836
451.5578: -2.528317,-1.914487,1.490788,20.7831
451.78: -2.501268,-1.836322,1.478902,30.20857
452.0022: -2.50406,-1.733554,1.470035,38.25256
452.2245: -2.527558,-1.59442,1.454465,55.9092
452.4467: -2.518245,-1.436305,1.479815,74.19099
452.6689: -2.422223,-1.299908,1.473477,81.82859
452.8911: -2.251657,-1.198637,1.485061,86.27377
453.1133: -2.044592,-1.100011,1.489871,87.30415
453.3356: -1.803632,-1.00746,1.47626,88.54476
453.5578: -1.535143,-0.9524165,1.494903,88.14864
453.78: -1.252512,-0.9463434,1.457613,87.49615
454.0022: -0.960366,-0.9699063,1.489977,87.0122
454.2245: -0.6744112,-0.9876132,1.479176,85.62283
454.4467: -0.371959,-1.005065,1.490605,84.78049
454.6689: -0.09050833,-1.035123,1.499115,84.74487
454.8911: 0.1879339,-1.069622,1.490895,83.54998
455.1133: 0.4671025,-1.083467,1.509311,82.24459
455.3356: 0.7432295,-1.070552,1.481194,80.1443
455.5578: 1.009441,-1.049981,1.511859,78.41701
455.78: 1.27651,-1.0282,1.482969,75.48895
456.0022: 1.555216,-1.004499,1.507174,71.20712
456.2245: 1.813523,-0.9482226,1.489059,62.90786
456.4467: 2.052345,-0.8596212,1.483527,52.77993
456.6689: 2.245299,-0.7483757,1.497546,41.51111
456.8911: 2.406472,-0.6050603,1.467403,29.9071
457.1133: 2.526123,-0.4265275,1.48883,22.41626
457.3356: 2.58665,-0.2180084,1.465061,22.28394
457.5578: 2.59849,0.01821428,1.494291,29.62914
457.78: 2.617604,0.2317811,1.508425,37.23243
458.0022: 2.650779,0.444984,1.485324,43.53976
458.2245: 2.687738,0.6322935,1.501,54.15284
458.4467: 2.715292,0.7809484,1.500131,65.25739
Trial Result: Success object: Trashcan | Time Spent: 8.485304
Trial No.:7 Ends
Trial No.:21 Begins
User confirmed on object: Mailbox, this maze officially starts.
473.5689: -1.761259,-3.182262,1.513775,2.195317
473.7911: -1.758075,-3.189106,1.526502,2.590968
474.0133: -1.750549,-3.197491,1.532845,0.9050031
474.2356: -1.74376,-3.193395,1.530837,355.4418
474.4578: -1.791987,-3.182515,1.509367,338.7191
474.68: -1.84096,-3.163361,1.499881,349.4084
474.9022: -1.811733,-3.15041,1.493807,27.05942
475.1245: -1.717625,-3.158768,1.474888,41.83621
475.3467: -1.571571,-3.14956,1.475376,37.83101
475.5689: -1.417615,-3.085129,1.474449,31.58912
475.7911: -1.269248,-2.950137,1.459972,27.46762
476.0133: -1.134656,-2.774243,1.485424,22.06206
476.2356: -1.023455,-2.571622,1.488386,19.31905
476.4578: -0.9404343,-2.34908,1.487171,18.94494
476.68: -0.8961887,-2.108525,1.465193,20.54005
476.9022: -0.8691665,-1.846141,1.494039,27.31425
477.1245: -0.81134,-1.606407,1.501948,35.23386
477.3467: -0.717517,-1.387553,1.489646,38.22276
477.5689: -0.6021339,-1.168029,1.496954,39.68225
477.7911: -0.4744037,-0.9531738,1.481717,42.5114
478.0133: -0.3355887,-0.7449563,1.50556,38.44633
478.2356: -0.2022027,-0.51872,1.48603,35.52872
478.4578: -0.09340252,-0.2745686,1.494325,32.86013
478.68: -0.02637311,-0.02821147,1.476409,33.99205
478.9022: 0.0151494,0.2405488,1.475694,44.36482
479.1245: 0.0994633,0.4721141,1.501269,61.4981
479.3467: 0.2310237,0.6488866,1.469391,74.59801
479.5689: 0.3957099,0.7946791,1.489337,83.23176
479.7911: 0.5781103,0.9172305,1.481075,93.03207
480.0133: 0.7785692,1.014451,1.496975,97.75333
480.2356: 1.000703,1.062768,1.494133,96.64288
480.4578: 1.247184,1.068784,1.482764,96.00778
480.68: 1.501064,1.060519,1.502127,94.45201
480.9022: 1.753392,1.055565,1.479226,93.96631
481.1245: 1.992498,1.046657,1.49585,93.47273
481.3467: 2.205669,1.033577,1.495306,93.55119
481.5689: 2.401287,1.010963,1.489921,91.94504
481.7911: 2.556641,1.007573,1.507531,91.28032
482.0133: 2.681578,1.025311,1.504051,93.58032
Trial Result: Success object: Trashcan | Time Spent: 8.717903
Trial No.:21 Ends
Trial No.:12 Begins
User confirmed on object: Trashcan, this maze officially starts.
495.6245: 2.570585,1.056815,1.52645,95.10549
495.8467: 2.567626,1.058123,1.528453,96.76565
496.0689: 2.565421,1.048497,1.530281,106.123
496.2911: 2.571661,1.043504,1.525458,119.9349
496.5133: 2.584587,1.047331,1.50839,148.6369
496.7356: 2.545227,1.030965,1.496067,195.214
496.9578: 2.472953,1.028671,1.493889,237.2708
497.18: 2.431151,1.025287,1.497517,263.9755
497.4022: 2.383431,0.9955849,1.4891,271.7441
497.6245: 2.265885,0.9829808,1.475093,274.8631
497.8467: 2.067964,0.9948893,1.475528,275.9464
498.0689: 1.818586,1.001114,1.499492,276.1043
498.2911: 1.541441,0.9812945,1.466468,276.39
498.5133: 1.242922,0.9557729,1.502001,277.3735
498.7356: 0.9474494,0.9498569,1.478225,278.8834
498.9578: 0.6349025,0.951632,1.490904,279.4146
499.18: 0.3181112,0.9338287,1.479235,280.8152
499.4022: 0.0102427,0.9135014,1.484436,283.1253
499.6245: -0.2705743,0.9191478,1.493749,288.8964
499.8467: -0.5384275,0.9443756,1.47699,292.8346
500.0689: -0.7951275,0.9610327,1.496184,301.1088
500.2911: -1.048889,0.980872,1.466767,312.6807
500.5133: -1.267144,1.035428,1.490608,330.7934
500.7356: -1.443742,1.142914,1.463229,350.9299
500.9578: -1.594851,1.292587,1.466115,7.685502
501.18: -1.730152,1.450604,1.478634,26.96153
501.4022: -1.841101,1.609171,1.471291,46.14927
501.6245: -1.884828,1.750588,1.491988,64.46937
Trial Result: Success object: Table | Time Spent: 6.407988
Trial No.:12 Ends
Trial No.:14 Begins
User confirmed on object: Telescope, this maze officially starts.
514.9467: -2.89969,0.04799333,1.509855,90.02421
515.1689: -2.898552,0.04670567,1.512023,89.98784
515.3911: -2.892256,0.03901983,1.512048,91.7657
515.6133: -2.891183,0.0409029,1.514164,89.70443
515.8356: -2.901019,0.06993408,1.499584,71.5125
516.0578: -2.912316,0.1196785,1.481906,60.93563
516.28: -2.908241,0.213074,1.463839,58.68259
516.5023: -2.893527,0.3706584,1.481981,53.92199
516.7244: -2.83178,0.512854,1.492854,61.73907
516.9467: -2.715651,0.6294575,1.475313,73.59564
517.1689: -2.542546,0.7264504,1.482683,76.98923
517.3911: -2.339707,0.8103713,1.489789,84.91151
517.6133: -2.117938,0.8922149,1.475782,90.2531
517.8356: -1.874775,0.9682035,1.509099,94.69106
518.0578: -1.602571,1.014869,1.483358,97.11001
518.28: -1.337144,1.032955,1.498698,100.3997
518.5023: -1.078483,1.059933,1.479432,104.0098
518.7245: -0.8326758,1.098789,1.492401,101.2471
518.9467: -0.5849774,1.095912,1.498074,111.1645
519.1689: -0.3965133,1.031048,1.48137,152.0627
519.3911: -0.2255424,0.9866085,1.488748,181.6312
519.6133: -0.06177508,0.9328433,1.470248,193.3492
519.8356: 0.04522251,0.8296002,1.484046,203.8975
520.0578: 0.08171117,0.6723763,1.459474,213.4912
520.28: 0.05410106,0.4784405,1.476345,222.5448
520.5023: 0.02388182,0.3251234,1.488973,234.0942
Trial Result: Success object: Wheelbarrow | Time Spent: 5.886347
Trial No.:14 Ends
Trial No.:20 Begins
User confirmed on object: Well, this maze officially starts.
538.8467: 1.672515,-2.00629,1.485821,87.72467
539.0689: 1.674052,-2.005251,1.487848,87.50057
539.2911: 1.67502,-2.01682,1.491019,93.78519
539.5134: 1.688015,-2.017504,1.487594,89.61763
539.7356: 1.694019,-1.957245,1.470371,53.34425
539.9578: 1.445285,-1.922639,1.736158,31.18224
540.18: 1.470816,-1.802554,1.725322,23.61661
540.4022: 1.557553,-1.673564,1.713707,26.44247
540.6245: 1.6937,-1.530628,1.702379,28.42252
540.8467: 1.87317,-1.3633,1.720273,28.41558
541.0689: 2.047559,-1.16954,1.704396,25.68109
541.2911: 2.217744,-0.9501028,1.69383,21.92775
541.5134: 2.363657,-0.7625175,1.69887,16.43166
541.7356: 2.500994,-0.5566437,1.664927,5.651341
541.9578: 2.61494,-0.3241523,1.684896,358.6823
542.18: 2.691383,-0.07168193,1.646474,355.5864
542.4022: 2.737277,0.2218695,1.664175,353.9514
542.6245: 2.781154,0.501526,1.630179,352.481
542.8467: 2.822658,0.7791543,1.622263,349.8956
543.0689: 2.83498,1.079712,1.610547,346.8611
543.2911: 2.828107,1.361442,1.598954,344.888
543.5134: 2.821114,1.637278,1.595216,340.9972
543.7356: 2.809686,1.911733,1.563088,331.4708
543.9578: 2.772304,2.172059,1.57267,320.7457
544.18: 2.704091,2.405761,1.533903,314.0022
544.4022: 2.596825,2.634911,1.541176,301.4838
544.6245: 2.469546,2.824681,1.525925,281.7958
544.8467: 2.326675,2.98271,1.501263,255.3798
545.0689: 2.185283,3.171374,1.48918,233.8223
545.2911: 2.044922,3.219242,1.478292,218.2292
545.5134: 1.929081,3.244339,1.497795,205.1729
Trial Result: Success object: Piano | Time Spent: 7.019005
Trial No.:20 Ends
Trial No.:24 Begins
User confirmed on object: Chair, this maze officially starts.
561.5356: 0.9737502,-3.192482,1.51863,349.0518
561.7578: 0.9811292,-3.195754,1.52086,350.8211
561.98: 1.010518,-3.1905,1.519358,0.2543443
562.2022: 1.086123,-3.187243,1.506109,15.17041
562.4244: 1.179146,-3.180341,1.482529,23.23663
562.6467: 1.237043,-3.153248,1.479167,24.71128
562.8689: 1.381061,-3.004212,1.45364,26.97407
563.0911: 1.481434,-2.888558,1.485146,23.07301
563.3134: 1.591338,-2.747742,1.478112,18.41528
563.5356: 1.706859,-2.581467,1.483691,13.99517
563.7578: 1.787139,-2.386646,1.474638,15.38156
563.98: 1.833539,-2.157058,1.47927,16.07269
564.2022: 1.885798,-1.936987,1.49547,17.97324
564.4244: 1.961637,-1.72079,1.477952,20.90691
564.6467: 2.061685,-1.505472,1.496599,24.15446
564.8689: 2.167786,-1.292727,1.484277,25.5706
565.0911: 2.273345,-1.079882,1.494738,24.23979
565.3134: 2.378465,-0.8781469,1.496754,22.26804
565.5356: 2.479901,-0.6688699,1.485526,19.42245
565.7578: 2.552492,-0.4351342,1.498476,19.63124
565.98: 2.584152,-0.1903683,1.480109,23.22811
566.2022: 2.604071,0.05176482,1.508126,30.56555
566.4244: 2.643853,0.2804086,1.49511,39.05982
566.6467: 2.699204,0.4863444,1.492177,47.86293
566.8689: 2.737293,0.6549869,1.505117,60.22822
Trial Result: Success object: Trashcan | Time Spent: 5.640568
Trial No.:24 Ends
Trial No.:8 Begins
User confirmed on object: Plant, this maze officially starts.
584.3022: -2.512349,-2.101099,1.511783,278.3877
584.5245: -2.521541,-2.097704,1.514029,282.3513
584.7467: -2.537221,-2.077663,1.514463,296.7704
584.9689: -2.537207,-2.020452,1.507323,332.883
585.1911: -2.476069,-1.953341,1.483909,16.64884
585.4133: -2.458526,-1.868443,1.466127,27.28776
585.6356: -2.469113,-1.742573,1.452885,34.95116
585.8578: -2.484714,-1.587428,1.45471,51.58963
586.08: -2.445205,-1.435204,1.481776,70.46982
586.3022: -2.341243,-1.306094,1.465586,79.71733
586.5245: -2.163757,-1.212816,1.465939,85.27604
586.7467: -1.943875,-1.126057,1.473619,88.18019
586.9689: -1.698553,-1.058153,1.467145,89.29412
587.1911: -1.461769,-1.03186,1.50135,89.03255
587.4133: -1.22516,-1.04274,1.475875,89.59051
587.6356: -0.9769511,-1.087969,1.492777,89.708
587.8578: -0.7382964,-1.115303,1.48934,89.48307
588.08: -0.4911606,-1.119986,1.488179,88.82352
588.3022: -0.2532778,-1.12491,1.498316,86.40206
588.5245: -0.007852243,-1.129995,1.472743,81.4578
588.7467: 0.2467827,-1.127071,1.50148,77.58031
588.9689: 0.5038152,-1.104427,1.476396,72.99144
589.1911: 0.7489242,-1.064386,1.489756,69.63255
589.4133: 0.9697758,-1.045748,1.498621,62.34057
589.6356: 1.18222,-1.050316,1.477097,50.5606
589.8578: 1.372876,-1.042845,1.507665,38.66524
590.08: 1.500154,-1.008554,1.503219,29.82246
Trial Result: Success object: Harp | Time Spent: 6.108059
Trial No.:8 Ends
