Participant ID: 450
Maze Mode: testing
Trial No.:22 Begins
User confirmed on object: Mailbox, this maze officially starts.
44.92445: -1.827549,-3.372338,1.483598,357.9452
45.14667: -1.827209,-3.386568,1.492601,358.2123
45.36889: -1.838449,-3.417709,1.50626,357.286
45.59111: -1.842903,-3.43994,1.500482,0.3387427
45.81334: -1.836713,-3.459142,1.494428,5.844048
46.03556: -1.801951,-3.498341,1.490365,4.112307
46.25778: -1.753099,-3.534431,1.494698,1.204219
46.48: -1.726666,-3.557887,1.489749,357.5263
46.70222: -1.723072,-3.570446,1.483702,350.731
46.92445: -1.736802,-3.571833,1.475411,338.3551
47.14667: -1.759223,-3.5677,1.472574,322.0531
47.36889: -1.782811,-3.549943,1.476142,311.9212
47.59111: -1.833764,-3.513614,1.474229,318.8296
47.81334: -1.937541,-3.462004,1.474657,330.5792
48.03556: -2.055487,-3.408184,1.480992,335.9684
48.25778: -2.151129,-3.337544,1.478999,340.468
48.48: -2.230757,-3.232092,1.461803,344.9267
48.70222: -2.295656,-3.09802,1.477216,353.1734
48.92445: -2.375514,-2.978335,1.484108,358.5004
49.14667: -2.481417,-2.841004,1.465179,358.9998
49.36889: -2.595509,-2.681792,1.483883,1.314705
49.59111: -2.657693,-2.509979,1.477389,5.469212
49.81334: -2.677506,-2.316973,1.458524,6.146593
50.03556: -2.691504,-2.119093,1.479223,4.899089
50.25778: -2.716542,-1.943097,1.475864,7.797247
50.48: -2.734158,-1.779109,1.481839,26.79739
50.70222: -2.720044,-1.647853,1.491967,44.87377
50.92445: -2.672408,-1.534153,1.474734,56.75055
51.14667: -2.608305,-1.433744,1.481055,59.45038
51.36889: -2.564644,-1.333696,1.489248,58.34764
51.59111: -2.565192,-1.212187,1.479522,40.72172
51.81334: -2.621353,-1.059268,1.470824,12.18935
52.03556: -2.677517,-0.8997352,1.483683,1.162648
52.25778: -2.688791,-0.7683454,1.484603,1.791178
52.48: -2.676297,-0.5874861,1.462903,1.211566
52.70222: -2.656202,-0.3957868,1.485723,359.5829
52.92445: -2.652345,-0.2054627,1.488649,3.581839
53.14667: -2.659446,-0.004417376,1.46865,14.64603
53.36889: -2.657321,0.1727292,1.494064,28.32148
53.59111: -2.625087,0.3337709,1.47987,34.34478
53.81334: -2.549741,0.4872597,1.472958,39.07977
54.03556: -2.47468,0.6127151,1.485693,51.65415
54.25778: -2.406354,0.7238494,1.481805,64.03472
54.48: -2.341991,0.8376454,1.486502,74.71926
54.70222: -2.27324,0.9335098,1.483765,76.03781
54.92445: -2.201966,1.021916,1.476478,47.45871
55.14667: -2.102696,1.071026,1.468053,17.64407
55.36889: -1.99324,1.105795,1.484437,3.820781
55.59111: -1.902215,1.152188,1.490571,2.578262
55.81334: -1.7968,1.181323,1.476015,39.42512
56.03556: -1.668402,1.153426,1.473707,76.27143
56.25778: -1.519601,1.115326,1.460478,89.47027
56.48: -1.363401,1.075389,1.48193,96.71019
56.70222: -1.21657,1.065986,1.482733,98.72136
56.92445: -1.056946,1.080248,1.464476,101.0624
57.14667: -0.8834045,1.090304,1.486565,109.5366
57.36889: -0.7239233,1.057109,1.478481,125.3156
57.59111: -0.5684376,0.9949458,1.462511,129.2201
57.81334: -0.4216201,0.9654276,1.48627,111.1159
58.03556: -0.3125866,0.9596026,1.480536,101.6205
58.25778: -0.1941566,0.9753709,1.471679,96.56424
58.48: -0.03222366,1.005244,1.465635,93.13383
58.70222: 0.1413357,1.026222,1.476295,93.39648
58.92445: 0.3081286,1.021199,1.469438,97.54036
59.14667: 0.5089533,0.9967027,1.458344,97.12035
59.36889: 0.6987861,0.9817808,1.48267,100.3966
59.59111: 0.8700788,0.9914945,1.465936,107.7313
59.81334: 1.051386,1.032048,1.476455,117.0901
60.03556: 1.204597,1.056106,1.492227,126.0188
60.25778: 1.32912,1.052892,1.473635,131.6002
Trial Result: Success object: Bookshelf | Time Spent: 15.60262
Trial No.:22 Ends
Trial No.:21 Begins
User confirmed on object: Mailbox, this maze officially starts.
74.31333: -1.435028,-3.28793,1.485558,334.684
74.53556: -1.436766,-3.299088,1.497731,331.4952
74.75778: -1.428372,-3.311124,1.500451,331.4873
74.98: -1.430031,-3.305465,1.498872,330.8746
75.20222: -1.456766,-3.28223,1.487858,322.6232
75.42445: -1.508516,-3.23748,1.47467,314.8427
75.64667: -1.606136,-3.198792,1.463632,311.6501
75.86889: -1.754532,-3.162889,1.464556,313.063
76.09111: -1.894096,-3.097548,1.471538,319.9214
76.31333: -2.019765,-2.996233,1.454334,325.6893
76.53556: -2.136878,-2.86845,1.465357,327.0618
76.75778: -2.248926,-2.753009,1.468902,331.3553
76.98: -2.371078,-2.628348,1.453284,343.9411
77.20222: -2.491445,-2.494516,1.480788,353.6849
77.42445: -2.564278,-2.327784,1.460472,0.3944749
77.64667: -2.607155,-2.113742,1.467473,1.348638
77.86889: -2.651844,-1.898083,1.480532,0.7678669
78.09111: -2.697823,-1.680273,1.461341,1.64944
78.31333: -2.749677,-1.461481,1.47894,5.58021
78.53556: -2.758214,-1.24994,1.471371,7.81662
78.75778: -2.736991,-1.030871,1.46597,7.479711
78.98: -2.726437,-0.8159554,1.483683,7.523602
79.20222: -2.733361,-0.6011937,1.462616,8.072473
79.42445: -2.751072,-0.3783819,1.482628,12.36069
79.64667: -2.728573,-0.1733221,1.480392,17.82384
79.86889: -2.667477,0.0360552,1.46388,22.45405
80.09111: -2.604616,0.2417691,1.483577,26.02022
80.31333: -2.547229,0.4332037,1.474257,29.96168
80.53556: -2.489723,0.6298899,1.474044,41.63224
80.75778: -2.406471,0.7890945,1.484287,55.76855
80.98: -2.298921,0.919076,1.463207,65.28823
81.20222: -2.200438,1.047405,1.478529,59.8557
81.42445: -2.135677,1.208098,1.476941,35.12905
81.64667: -2.079545,1.388994,1.461121,22.96551
81.86889: -2.023146,1.576471,1.479985,18.09854
82.09111: -1.971565,1.745929,1.474221,1.534093
82.31333: -1.920381,1.909638,1.465486,332.5106
82.53556: -1.872673,2.065464,1.487423,316.5353
82.75778: -1.841844,2.238192,1.471181,325.1744
82.98: -1.80522,2.413567,1.47354,3.674154
83.20222: -1.750257,2.538582,1.485377,35.83819
83.42445: -1.674796,2.644239,1.469615,54.37238
83.64667: -1.558693,2.743782,1.471858,65.202
83.86889: -1.440015,2.831698,1.475928,78.52022
84.09111: -1.312274,2.933536,1.45883,90.98006
84.31333: -1.180291,3.034197,1.47928,98.65697
84.53556: -1.035904,3.074214,1.471791,108.4823
84.75778: -0.8722171,3.058006,1.458774,117.1846
84.98: -0.7047797,3.033431,1.480231,126.1038
85.20222: -0.5377406,3.038125,1.47891,127.1613
85.42445: -0.3566151,3.080579,1.475432,117.4867
85.64667: -0.2103611,3.099277,1.488706,114.5257
85.86889: -0.1108544,3.081599,1.486729,119.1876
86.09111: -0.09269684,3.004212,1.481957,167.078
86.31333: -0.06279985,2.960134,1.484823,192.868
86.53556: 0.002632904,2.926006,1.491099,192.0755
86.75778: 0.1111409,2.909306,1.491806,168.7968
86.98: 0.2782639,2.95039,1.47429,126.8153
87.20222: 0.4495732,3.009427,1.481115,104.1277
87.42445: 0.6030599,3.027859,1.485898,98.52116
87.64667: 0.761754,3.017853,1.466793,93.16579
87.86889: 0.9334526,2.974514,1.482411,91.56082
88.09111: 1.111922,2.955321,1.48707,95.24329
88.31333: 1.299667,2.967183,1.469863,99.99126
88.53556: 1.487175,2.994408,1.495383,108.9357
88.75778: 1.644959,2.981047,1.488512,125.5221
88.98: 1.817027,2.941245,1.475103,126.5925
89.20222: 1.988559,2.894791,1.486362,130.5028
89.42445: 2.129071,2.844025,1.480038,139.7815
89.64667: 2.270808,2.80247,1.480069,148.1552
89.86889: 2.394679,2.729813,1.486771,152.2484
90.09111: 2.477469,2.598055,1.466263,157.2472
90.31333: 2.525126,2.428686,1.475401,156.6104
90.53556: 2.581769,2.285486,1.485054,154.0841
90.75778: 2.657163,2.163789,1.468817,153.9812
90.98: 2.754797,2.050346,1.48293,156.9753
91.20222: 2.81584,1.957731,1.491692,158.4137
91.42445: 2.836517,1.890024,1.485588,159.2828
91.64667: 2.816377,1.811653,1.481493,154.1017
91.86889: 2.756565,1.686487,1.471273,144.5825
92.09111: 2.691927,1.554712,1.48344,135.0556
Trial Result: Success object: Trashcan | Time Spent: 17.99215
Trial No.:21 Ends
Trial No.:12 Begins
User confirmed on object: Trashcan, this maze officially starts.
112.9467: 2.617458,1.088158,1.488672,93.38863
113.1689: 2.624658,1.080595,1.507772,92.24588
113.3911: 2.588928,1.102057,1.51753,93.53509
113.6133: 2.563109,1.130452,1.513253,100.3229
113.8356: 2.548419,1.153565,1.512576,111.4298
114.0578: 2.539043,1.172161,1.510714,113.0243
114.28: 2.542778,1.196121,1.508762,102.2288
114.5022: 2.576501,1.228113,1.497963,71.85492
114.7244: 2.594486,1.237675,1.492393,29.01002
114.9467: 2.599916,1.248619,1.490353,2.247999
115.1689: 2.591663,1.299738,1.484763,352.8039
115.3911: 2.579365,1.377985,1.485441,353.9759
115.6133: 2.594162,1.488713,1.4821,357.0043
115.8356: 2.639042,1.618994,1.460105,355.306
116.0578: 2.69517,1.765131,1.482888,344.2569
116.28: 2.707604,1.919366,1.47968,336.1162
116.5022: 2.671905,2.094186,1.46047,334.27
116.7244: 2.59989,2.274713,1.477067,323.4383
116.9467: 2.533383,2.436182,1.4752,307.4272
117.1689: 2.472596,2.617921,1.460397,290.15
117.3911: 2.396728,2.778537,1.488483,272.2545
117.6133: 2.296983,2.8784,1.479561,258.1575
117.8356: 2.15566,2.950729,1.473624,255.7799
118.0578: 1.996216,3.032868,1.483434,263.6187
118.28: 1.814922,3.113888,1.467655,265.9433
118.5022: 1.615441,3.212519,1.472598,261.4901
118.7244: 1.43345,3.263443,1.486719,257.132
118.9467: 1.252096,3.27312,1.469799,254.3708
119.1689: 1.069606,3.252281,1.484934,247.28
119.3911: 0.8891754,3.220712,1.470785,240.4859
119.6133: 0.6984369,3.176527,1.48442,226.9036
119.8356: 0.5355632,3.070217,1.479834,212.4641
120.0578: 0.4012334,2.909854,1.466718,205.535
120.28: 0.2766868,2.750089,1.485574,199.8907
120.5022: 0.1591111,2.58905,1.465884,194.8295
120.7244: 0.04408418,2.414808,1.484197,185.1168
120.9467: -0.008975349,2.231861,1.478044,177.4382
121.1689: -0.0125048,2.024364,1.455364,175.8465
121.3911: 0.002160866,1.791945,1.481786,175.8079
121.6133: -0.006500822,1.586724,1.468843,176.6931
121.8356: -0.0415113,1.354753,1.470047,172.159
122.0578: -0.05001117,1.148338,1.484024,171.0941
122.28: -0.0392046,0.9283671,1.462116,174.45
122.5022: -0.02456058,0.7029411,1.486063,180.0206
122.7244: -0.03644335,0.4905314,1.474876,185.5948
122.9467: -0.05766874,0.281704,1.475652,187.4366
123.1689: -0.0524984,0.08641217,1.482921,195.2977
123.3911: -0.02308145,-0.1022786,1.462989,203.8386
123.6133: 0.02737185,-0.2815141,1.477956,202.0307
123.8356: 0.09817399,-0.4546299,1.476131,172.3694
124.0578: 0.1658548,-0.5888363,1.465563,141.3827
124.28: 0.2387031,-0.6960684,1.478911,128.3964
124.5022: 0.3532274,-0.7763386,1.460937,122.1767
124.7244: 0.5297425,-0.8320988,1.467466,122.8017
124.9467: 0.6854847,-0.8854833,1.478819,125.3231
125.1689: 0.8495363,-0.9547311,1.455568,127.2559
125.3911: 1.030831,-1.044713,1.458921,131.3149
125.6133: 1.195803,-1.107315,1.469903,141.0172
125.8356: 1.351826,-1.162465,1.458243,157.625
126.0578: 1.486414,-1.206507,1.487466,175.737
126.28: 1.557704,-1.228008,1.489149,182.0539
126.5022: 1.539008,-1.23048,1.491874,202.294
126.7244: 1.464961,-1.202128,1.486282,228.7055
126.9467: 1.364993,-1.142326,1.483784,259.0987
127.1689: 1.277034,-1.114266,1.480118,263.5786
127.3911: 1.192812,-1.081178,1.471575,271.1414
127.6133: 1.125557,-1.055542,1.47383,278.8313
127.8356: 1.066939,-1.060866,1.473034,278.7784
128.0578: 0.9951154,-1.094266,1.473206,269.6339
128.28: 0.8916376,-1.121013,1.484179,272.5198
128.5022: 0.7926566,-1.122006,1.482432,277.7306
128.7244: 0.691712,-1.103374,1.474057,282.0371
128.9467: 0.5774094,-1.063091,1.457387,276.4441
129.1689: 0.4539578,-1.034189,1.474562,263.5214
129.3911: 0.3496017,-1.02606,1.474285,258.1122
129.6133: 0.2388075,-1.044468,1.459312,257.1978
129.8356: 0.09739369,-1.100938,1.468009,250.1685
130.0578: -0.03419234,-1.137861,1.474459,241.9382
130.28: -0.1606395,-1.148389,1.462562,236.1667
130.5022: -0.2996207,-1.146633,1.459454,225.1507
130.7244: -0.4300504,-1.139384,1.482776,209.9797
130.9467: -0.5220784,-1.138346,1.483762,194.4114
131.1689: -0.5842345,-1.151307,1.477041,186.0071
131.3911: -0.6577767,-1.18106,1.468995,203.2943
131.6133: -0.7393335,-1.214496,1.46997,233.1148
131.8356: -0.807652,-1.243812,1.483739,254.1961
132.0578: -0.8400362,-1.259054,1.487756,261.9684
132.28: -0.8291677,-1.218282,1.487329,286.3891
132.5022: -0.6968954,-1.133764,1.485326,331.8335
132.7244: -0.5323322,-1.076439,1.475173,2.835737
132.9467: -0.4227011,-1.02009,1.479389,13.06159
133.1689: -0.3391891,-0.9155378,1.466212,13.71856
133.3911: -0.2586686,-0.7614905,1.464438,16.24357
133.6133: -0.1781947,-0.6119905,1.477504,13.35939
133.8356: -0.1062765,-0.452504,1.468851,9.732742
134.0578: -0.03106395,-0.2867125,1.47645,2.306531
134.28: 0.0005388074,-0.1110319,1.479159,356.4587
134.5022: -0.005335033,0.07185771,1.45679,352.9198
134.7244: -0.019438,0.2433692,1.481245,351
134.9467: -0.01662217,0.3968108,1.476141,347.0394
135.1689: -0.02431414,0.5479208,1.463687,321.769
135.3911: -0.04386888,0.6655145,1.479316,280.3993
135.6133: -0.06862467,0.7680151,1.472263,257.4272
135.8356: -0.1227326,0.8617427,1.473691,258.0308
136.0578: -0.1570018,0.9552214,1.486053,269.5677
136.28: -0.1705186,1.036288,1.485748,273.6774
136.5022: -0.2001998,1.082332,1.481158,270.9967
136.7244: -0.2861596,1.086299,1.47145,270.8139
136.9467: -0.4004544,1.045482,1.472816,273.6628
137.1689: -0.4804296,1.018265,1.48193,272.6667
137.3911: -0.4926584,1.033926,1.484729,270.5911
137.6133: -0.4703967,1.06537,1.481597,268.702
137.8356: -0.4474218,1.089707,1.475553,271.3929
138.0578: -0.4225777,1.128732,1.468369,292.2476
138.28: -0.3969907,1.148621,1.472628,308.9253
138.5022: -0.3926957,1.143011,1.473931,305.7354
138.7244: -0.4018629,1.109162,1.466697,269.7875
138.9467: -0.3514302,1.103012,1.458143,220.0699
139.1689: -0.284895,1.148546,1.460721,181.6288
139.3911: -0.2347611,1.19793,1.471069,154.906
139.6133: -0.1844032,1.230793,1.476395,141.1404
139.8356: -0.1028114,1.260341,1.479059,131.7358
140.0578: 0.01882816,1.296467,1.480679,123.0549
140.28: 0.128087,1.320373,1.479002,116.2715
140.5022: 0.2482362,1.309491,1.463154,109.9367
140.7244: 0.388182,1.250914,1.448672,102.4113
140.9467: 0.5373498,1.193208,1.472701,98.14841
141.1689: 0.7000893,1.165589,1.4621,96.3712
141.3911: 0.8979088,1.163052,1.459211,97.99166
141.6133: 1.093297,1.155926,1.481138,100.0668
141.8356: 1.286616,1.138919,1.462673,101.3202
142.0578: 1.50759,1.092032,1.471283,105.5715
142.28: 1.714656,1.05395,1.478627,117.2863
142.5022: 1.935032,1.023278,1.45581,136.3459
142.7244: 2.169932,0.992801,1.482906,154.8115
Trial Result: Fail at object:  | Time Spent: 30
Trial No.:12 Ends
Trial No.:15 Begins
User confirmed on object: Wheelbarrow, this maze officially starts.
182.2244: 0.2406204,-0.05306486,1.476658,268.8621
182.4467: 0.2380515,-0.05488924,1.487029,267.6316
182.6689: 0.3070753,-0.0668525,1.507692,265.9966
182.8911: 0.3894114,-0.08287454,1.503679,268.504
183.1133: 0.4435405,-0.1004638,1.500577,274.5326
183.3356: 0.4642847,-0.08828931,1.49764,280.7987
183.5578: 0.4811228,-0.04386005,1.492846,292.0711
183.78: 0.5115739,0.008893263,1.494941,305.9362
184.0022: 0.5444351,0.05331915,1.49271,316.9197
184.2244: 0.5687984,0.08517443,1.490656,322.2317
184.4467: 0.5759319,0.09963816,1.490942,326.838
184.6689: 0.5514061,0.09643912,1.484431,331.6653
184.8911: 0.5178449,0.09920832,1.479709,334.5281
185.1133: 0.4913948,0.1039524,1.479332,332.8586
185.3356: 0.4680957,0.1106083,1.476982,332.7534
185.5578: 0.4480903,0.1412432,1.468749,335.4071
185.78: 0.4271377,0.2243871,1.458602,340.3288
186.0022: 0.3940969,0.3744043,1.47207,344.2173
186.2244: 0.3443977,0.5412413,1.478443,344.7335
186.4467: 0.2717774,0.7126942,1.462549,346.7102
186.6689: 0.1773225,0.8984196,1.471291,351.7749
186.8911: 0.1230271,1.084351,1.478786,356.2003
187.1133: 0.1076443,1.290009,1.454707,359.4679
187.3356: 0.1151956,1.511871,1.476333,355.7464
187.5578: 0.1116577,1.723558,1.470238,349.0644
187.78: 0.08752361,1.948446,1.465602,341.9754
188.0022: 0.07475405,2.159226,1.485766,334.9534
188.2244: 0.06663065,2.36578,1.463386,323.9146
188.4467: 0.04520451,2.555151,1.483007,291.3701
188.6689: -0.002201726,2.711092,1.481925,267.4619
188.8911: -0.09147863,2.854302,1.472873,260.8234
189.1133: -0.1791568,2.982722,1.485669,261.5673
189.3356: -0.2574144,3.098943,1.483343,257.2935
189.5578: -0.3648156,3.215034,1.481402,258.9121
189.78: -0.435922,3.281945,1.480896,280.5712
190.0022: -0.4850684,3.325433,1.48259,288.3414
190.2244: -0.5445278,3.357198,1.483818,288.7249
190.4467: -0.5858734,3.37456,1.476526,280.6263
190.6689: -0.6400237,3.374737,1.483064,262.5911
190.8911: -0.7250249,3.375409,1.471954,261.5986
191.1133: -0.8710864,3.359728,1.474919,268.4248
191.3356: -0.9968277,3.343693,1.484067,266.3752
191.5578: -1.108369,3.342055,1.482125,261.9869
191.78: -1.216958,3.359297,1.485258,251.5505
192.0022: -1.294128,3.349845,1.492273,232.2148
192.2244: -1.328058,3.317458,1.490346,211.0836
192.4467: -1.364079,3.268864,1.47959,197.8754
192.6689: -1.40278,3.170158,1.46819,196.8306
192.8911: -1.42407,3.025225,1.458164,202.535
193.1133: -1.46073,2.872598,1.476886,199.6802
193.3356: -1.532975,2.714593,1.459801,182.1069
193.5578: -1.654013,2.553142,1.473738,173.7437
193.78: -1.765243,2.364118,1.47419,185.453
194.0022: -1.849483,2.143593,1.448473,193.1829
194.2244: -1.938609,1.903068,1.485033,199.1343
194.4467: -2.058711,1.677637,1.458356,203.3425
194.6689: -2.198804,1.451109,1.46898,198.9939
194.8911: -2.301645,1.223631,1.477142,191.5673
195.1133: -2.389035,0.9750236,1.461901,192.0843
195.3356: -2.475794,0.7408175,1.483521,193.2336
195.5578: -2.568692,0.4996368,1.453813,190.6876
195.78: -2.654687,0.2595761,1.477207,184.5722
196.0022: -2.696746,0.03049073,1.465006,182.0286
196.2244: -2.707342,-0.2175572,1.469254,184.4274
196.4467: -2.733656,-0.4486418,1.483226,186.8079
196.6689: -2.779173,-0.6898267,1.454245,186.2815
196.8911: -2.813686,-0.9332659,1.481604,184.0575
197.1133: -2.810668,-1.164035,1.464484,183.9829
197.3356: -2.777282,-1.398148,1.465424,181.4061
197.5578: -2.770158,-1.63225,1.475072,175.914
197.78: -2.785117,-1.873426,1.444487,167.5925
198.0022: -2.784328,-2.110816,1.478316,147.5531
198.2244: -2.72505,-2.320889,1.45449,133.648
198.4467: -2.603668,-2.533098,1.457075,122.5243
198.6689: -2.486176,-2.704628,1.469195,97.96755
198.8911: -2.362282,-2.872391,1.444252,80.59007
199.1133: -2.237563,-2.995529,1.472562,63.09428
199.3356: -2.131633,-3.048826,1.461499,45.69576
Trial Result: Success object: Mailbox | Time Spent: 17.48158
Trial No.:15 Ends
Trial No.:3 Begins
User confirmed on object: Piano, this maze officially starts.
216.68: 1.825879,3.352673,1.504401,188.3039
216.9022: 1.84083,3.358765,1.508123,192.2877
217.1245: 1.845926,3.363835,1.50781,193.7462
217.3467: 1.852344,3.351049,1.506092,194.632
217.5689: 1.865716,3.329428,1.500677,190.3311
217.7911: 1.87926,3.301059,1.492163,184.3797
218.0133: 1.878252,3.275223,1.489627,182.9114
218.2356: 1.873311,3.269738,1.48998,190.3694
218.4578: 1.921044,3.261282,1.488674,163.7457
218.68: 1.964478,3.248589,1.489572,142.0341
218.9022: 1.970884,3.19117,1.488174,143.4602
219.1245: 1.956282,3.124642,1.485541,158.1574
219.3467: 1.949862,3.086851,1.486844,188.4596
219.5689: 1.904426,3.087265,1.489216,233.6634
219.7911: 1.829872,3.080709,1.474565,252.5849
220.0133: 1.71908,3.049521,1.467551,256.8546
220.2356: 1.597046,3.002514,1.468025,259.6866
220.4578: 1.482222,2.944421,1.463549,265.6208
220.68: 1.360513,2.901064,1.480269,269.4785
220.9022: 1.213558,2.895092,1.466405,270.6175
221.1245: 1.042709,2.925677,1.468352,271.5009
221.3467: 0.887027,2.926126,1.48464,270.0252
221.5689: 0.7364058,2.879246,1.47121,260.6218
221.7911: 0.598682,2.805101,1.478737,247.8667
222.0133: 0.4646167,2.72946,1.47812,227.9901
222.2356: 0.3295514,2.644676,1.466012,202.1779
222.4578: 0.2279682,2.537998,1.478099,185.3998
222.68: 0.1595374,2.391333,1.455875,179.4224
222.9022: 0.1240896,2.208232,1.469321,180.5609
223.1245: 0.08619738,2.059136,1.480983,180.4681
223.3467: 0.0362601,1.915574,1.467398,179.8957
223.5689: -0.0152088,1.782528,1.482817,177.0038
223.7911: -0.03385973,1.644349,1.481014,176.6101
224.0133: -0.02881144,1.473205,1.461386,177.1611
224.2356: 0.005794812,1.258954,1.473296,176.6161
224.4578: 0.007891491,1.048475,1.478469,180.7591
224.68: -0.01272452,0.8177199,1.452213,181.8344
224.9022: -0.03581464,0.586881,1.479153,182.9557
225.1245: -0.03626309,0.3655313,1.46592,184.3672
225.3467: -0.02498358,0.1314178,1.472397,190.2811
225.5689: -0.05772249,-0.09088835,1.480457,197.8964
225.7911: -0.1315709,-0.300217,1.455551,201.9229
226.0133: -0.2066968,-0.4953894,1.476576,203.4175
226.2356: -0.2851334,-0.6800927,1.467947,207.4861
226.4578: -0.3776038,-0.8487643,1.471998,221.0928
226.68: -0.4850744,-0.9808418,1.466097,232.2191
226.9022: -0.6073899,-1.118295,1.455611,230.2805
227.1245: -0.7089143,-1.275157,1.478473,208.1444
227.3467: -0.7760082,-1.424159,1.472636,195.0494
227.5689: -0.8186641,-1.584457,1.463161,193.3252
227.7911: -0.8609017,-1.750715,1.482273,192.0194
228.0133: -0.9039978,-1.91807,1.472567,194.4113
228.2356: -0.944594,-2.096505,1.466537,188.817
228.4578: -0.937045,-2.282651,1.469192,163.6672
228.68: -0.8915315,-2.47503,1.439459,128.5954
228.9022: -0.8503261,-2.659737,1.456651,98.08343
229.1245: -0.8213083,-2.809747,1.464275,86.2955
229.3467: -0.7991325,-2.941291,1.462497,73.40327
229.5689: -0.7855035,-3.047598,1.481963,58.60164
229.7911: -0.8354957,-3.089176,1.475484,39.92684
230.0133: -0.9983807,-3.114161,1.474271,352.3229
230.2356: -1.154936,-3.167709,1.477092,321.8378
230.4578: -1.246505,-3.1861,1.483111,320.607
230.68: -1.318088,-3.163341,1.468689,323.1488
Trial Result: Success object: Mailbox | Time Spent: 14.24846
Trial No.:3 Ends
Trial No.:18 Begins
User confirmed on object: Harp, this maze officially starts.
249.0911: 1.711173,-1.247714,1.501947,358.7625
249.3133: 1.711783,-1.246688,1.507853,357.6742
249.5356: 1.702168,-1.265868,1.507052,2.259877
249.7578: 1.686473,-1.27545,1.505728,1.817245
249.98: 1.654574,-1.249503,1.50047,349.3051
250.2022: 1.587879,-1.183076,1.483657,318.169
250.4245: 1.483824,-1.138866,1.468314,295.7205
250.6467: 1.368168,-1.119801,1.467808,285.1725
250.8689: 1.258427,-1.082702,1.476342,280.9931
251.0911: 1.129328,-1.022193,1.461377,281.5522
251.3133: 0.9954971,-0.9555442,1.475845,277.6744
251.5356: 0.8695964,-0.9325199,1.478673,276.1635
251.7578: 0.7339014,-0.9390877,1.466366,278.9039
251.98: 0.593115,-0.9596263,1.481408,287.6414
252.2022: 0.4812495,-0.9464494,1.48731,298.1691
252.4245: 0.3886244,-0.890483,1.476338,313.5475
252.6467: 0.3075699,-0.7795359,1.468837,329.4868
252.8689: 0.2316699,-0.6571475,1.468623,345.1561
253.0911: 0.1446559,-0.5190445,1.462806,355.6641
253.3133: 0.04995794,-0.3742567,1.473132,3.71811
253.5356: 0.006765744,-0.2123207,1.469903,10.83185
253.7578: 0.0227286,-0.01659163,1.456008,18.96126
253.98: 0.04338245,0.1807032,1.478717,31.59501
254.2022: 0.04608118,0.3623493,1.468726,42.71548
254.4245: 0.03930803,0.5303748,1.475707,63.60358
254.6467: 0.05666532,0.6769089,1.481759,75.68472
254.8689: 0.09818675,0.8273438,1.463234,81.63685
255.0911: 0.1505809,0.955046,1.470065,88.48122
255.3133: 0.1747913,1.08152,1.475533,83.47421
255.5356: 0.1472683,1.281202,1.459574,43.79753
255.7578: 0.0830751,1.506703,1.470372,16.81017
255.98: 0.06599947,1.707106,1.479506,14.30023
256.2022: 0.08549798,1.906616,1.456039,18.18888
256.4244: 0.1068852,2.116533,1.473709,20.03611
256.6467: 0.1115809,2.318742,1.469583,30.42754
256.8689: 0.1248193,2.506667,1.474562,58.00542
257.0911: 0.1665802,2.656807,1.486334,75.3322
257.3134: 0.252986,2.779748,1.467205,84.30582
257.5356: 0.4034451,2.899059,1.466648,90.86872
257.7578: 0.5506929,3.019187,1.471916,91.65208
257.98: 0.7070941,3.128924,1.455741,94.70102
258.2022: 0.8765124,3.202773,1.478204,102.1196
258.4244: 1.071683,3.226475,1.45865,109.0698
258.6467: 1.290987,3.222683,1.477034,113.3457
258.8689: 1.480796,3.233221,1.482857,116.5796
259.0911: 1.677213,3.259466,1.472881,125.5506
259.3134: 1.852826,3.25758,1.492198,135.6763
259.5356: 1.985766,3.217456,1.48229,145.4908
259.7578: 2.084154,3.149598,1.480966,150.8179
259.98: 2.149074,3.113475,1.488703,153.8996
260.2022: 2.190623,3.116898,1.470884,146.8952
260.4244: 2.219203,3.11978,1.474832,150.4669
260.6467: 2.246226,3.110565,1.475081,153.1474
260.8689: 2.28673,3.091099,1.475164,155.8678
261.0911: 2.337777,3.038283,1.476402,173.3599
261.3134: 2.388687,2.94606,1.458705,176.3243
261.5356: 2.410396,2.790199,1.455971,176.8512
261.7578: 2.44112,2.613138,1.477253,177.2279
261.98: 2.48966,2.436399,1.468207,178.7765
262.2022: 2.555223,2.238329,1.467276,187.9771
262.4244: 2.6017,2.039021,1.485607,192.0175
262.6467: 2.621153,1.830594,1.4566,191.2568
262.8689: 2.621617,1.601021,1.478042,185.6702
263.0911: 2.643725,1.395033,1.484708,183.5124
263.3134: 2.688441,1.180254,1.463081,183.6809
263.5356: 2.738642,0.9445349,1.489433,185.2229
263.7578: 2.746047,0.7065829,1.468795,189.5467
263.98: 2.715659,0.4617526,1.468122,191.7912
264.2022: 2.701198,0.2363178,1.481743,197.8087
264.4244: 2.695477,0.00747707,1.458918,203.9116
264.6467: 2.67287,-0.2281816,1.482004,210.1412
264.8689: 2.584694,-0.4226232,1.46505,223.9464
265.0911: 2.460147,-0.5862551,1.464505,233.9565
265.3134: 2.360129,-0.7276441,1.483992,239.8974
265.5356: 2.252992,-0.8498629,1.465029,251.842
265.7578: 2.159742,-0.9573575,1.476132,257.6674
265.98: 2.077887,-1.044712,1.477622,241.2709
266.2022: 2.005171,-1.10596,1.469887,185.0503
266.4244: 1.893004,-1.099,1.484419,155.6684
266.6467: 1.782916,-1.107561,1.486817,158.0156
266.8689: 1.653339,-1.141529,1.47583,196.571
267.0911: 1.51448,-1.124212,1.464774,245.1223
267.3134: 1.370436,-1.089528,1.448572,268.6729
267.5356: 1.184344,-1.038488,1.462968,279.4544
267.7578: 1.008831,-1.013468,1.473296,287.8141
267.98: 0.8292972,-1.017172,1.454851,286.5587
268.2022: 0.633051,-1.050802,1.470522,269.0366
268.4244: 0.4420001,-1.034044,1.466689,259.499
268.6467: 0.2190266,-0.9865398,1.445592,251.9501
268.8689: 0.007511098,-0.9685837,1.472009,238.2567
269.0911: -0.1724057,-0.9962434,1.454511,226.028
269.3134: -0.3528795,-1.058742,1.455956,216.9734
269.5356: -0.4936794,-1.107508,1.472723,207.7928
269.7578: -0.6041849,-1.148878,1.467841,192.9883
269.98: -0.7096807,-1.180548,1.475737,180.6816
270.2022: -0.7744635,-1.208952,1.480195,178.2842
270.4244: -0.7975529,-1.218224,1.473799,182.5821
270.6467: -0.8316497,-1.20213,1.473457,218.6654
270.8689: -0.8342488,-1.160327,1.471132,256.2005
271.0911: -0.8184069,-1.143489,1.471604,274.1124
271.3134: -0.8113382,-1.148617,1.472646,276.7614
271.5356: -0.8113702,-1.167626,1.47568,270.0861
271.7578: -0.8284631,-1.194899,1.48141,269.3649
271.98: -0.895851,-1.177671,1.473729,271.5114
272.2022: -1.012631,-1.1114,1.469896,263.621
272.4244: -1.13303,-1.066344,1.477222,254.3641
272.6467: -1.275984,-1.034451,1.46416,255.1748
272.8689: -1.434815,-1.042212,1.455046,259.2599
273.0911: -1.587365,-1.034036,1.477378,276.3636
273.3134: -1.718602,-0.998298,1.4734,295.6658
273.5356: -1.845634,-0.9422514,1.466629,301.6696
273.7578: -1.962562,-0.909871,1.476501,306.6576
273.98: -2.070823,-0.8859221,1.474964,319.0121
274.2022: -2.172274,-0.879869,1.479766,330.2339
274.4244: -2.253717,-0.87476,1.482873,336.488
274.6467: -2.315696,-0.8597451,1.478257,339.0779
274.8689: -2.36056,-0.8246413,1.475456,344.2733
275.0911: -2.39318,-0.7586381,1.468831,355.457
275.3134: -2.425398,-0.680945,1.470212,3.529929
Trial Result: Success object: Telescope | Time Spent: 26.64215
Trial No.:18 Ends
Trial No.:7 Begins
User confirmed on object: Plant, this maze officially starts.
287.1245: -2.517839,-2.078238,1.490082,272.7822
287.3467: -2.547211,-2.068383,1.507488,271.1574
287.5689: -2.532765,-2.076699,1.505623,275.8524
287.7911: -2.51292,-2.095292,1.503765,278.2847
288.0133: -2.503459,-2.110864,1.502368,281.2785
288.2356: -2.518558,-2.086745,1.49443,310.119
288.4578: -2.504042,-2.014355,1.486459,331.976
288.68: -2.462672,-1.893853,1.475614,343.1594
288.9022: -2.428005,-1.760203,1.480264,347.06
289.1245: -2.426121,-1.633712,1.479653,350.5137
289.3467: -2.472739,-1.489497,1.459507,351.2336
289.5689: -2.549795,-1.318786,1.469034,349.7423
289.7911: -2.582039,-1.150767,1.484609,351.4775
290.0133: -2.574532,-0.9945265,1.469419,354.714
290.2356: -2.56162,-0.8810945,1.482821,353.374
290.4578: -2.56828,-0.7774203,1.486358,352.551
290.68: -2.599118,-0.6556754,1.473925,352.2604
290.9022: -2.645899,-0.5184162,1.478068,355.4531
291.1245: -2.657333,-0.3720945,1.482978,5.273613
291.3467: -2.625949,-0.198854,1.458029,13.2441
291.5689: -2.563299,-5.334965E-05,1.470487,15.51712
291.7911: -2.52743,0.1953155,1.478217,20.6673
292.0133: -2.50768,0.3879353,1.456873,30.89743
292.2356: -2.467425,0.5508037,1.483514,53.22343
292.4578: -2.395882,0.6761929,1.472944,70.533
292.68: -2.287906,0.7761678,1.467234,79.40057
292.9022: -2.20149,0.877733,1.477046,79.18676
293.1245: -2.141603,1.013564,1.467263,60.09797
293.3467: -2.110065,1.167017,1.470325,42.25399
293.5689: -2.079232,1.279528,1.483523,40.22101
293.7911: -2.054231,1.339318,1.488673,34.07214
294.0133: -2.03463,1.351865,1.488343,15.06746
294.2356: -2.020039,1.341762,1.48711,7.543862
294.4578: -2.018021,1.337622,1.484881,7.368364
294.68: -2.000475,1.349081,1.48683,25.41671
294.9022: -1.94211,1.336747,1.482535,53.86498
295.1245: -1.836477,1.271415,1.473624,73.69775
295.3467: -1.699982,1.179028,1.471973,86.45966
295.5689: -1.576089,1.122262,1.477643,91.02108
295.7911: -1.438833,1.105193,1.461377,92.94092
296.0133: -1.268194,1.130855,1.453419,94.51292
296.2356: -1.087426,1.150603,1.477561,95.66238
296.4578: -0.9215732,1.136139,1.470337,99.57567
296.68: -0.7386622,1.093915,1.454591,100.8657
296.9022: -0.5542923,1.065305,1.479087,100.1936
297.1245: -0.3709186,1.068718,1.468347,96.33066
297.3467: -0.1717219,1.099315,1.458798,95.43349
297.5689: 0.02583873,1.120557,1.475132,94.31944
297.7911: 0.223584,1.10672,1.45481,94.80452
298.0133: 0.4462902,1.067047,1.460871,91.75294
298.2356: 0.6612264,1.05401,1.47562,90.54884
298.4578: 0.875692,1.065975,1.450865,92.93333
298.68: 1.101817,1.092225,1.474457,96.96597
298.9022: 1.312985,1.089661,1.47295,95.61237
299.1245: 1.53543,1.061718,1.454409,90.4332
299.3467: 1.746631,1.048149,1.480202,86.12012
299.5689: 1.941745,1.058596,1.459489,86.28957
299.7911: 2.136123,1.097165,1.473218,89.57866
300.0133: 2.27925,1.104799,1.495388,90.06653
300.2356: 2.382354,1.080976,1.489439,89.22725
Trial Result: Success object: Trashcan | Time Spent: 13.33824
Trial No.:7 Ends
Trial No.:23 Begins
User confirmed on object: Chair, this maze officially starts.
312.3911: 0.8098615,-3.190639,1.48123,357.5472
312.6133: 0.7898054,-3.203733,1.482871,0.6456901
312.8356: 0.7778838,-3.216983,1.483644,2.551023
313.0578: 0.7600151,-3.237511,1.493288,0.6744521
313.28: 0.7458376,-3.268707,1.499543,359.8014
313.5022: 0.752688,-3.275565,1.496497,11.41896
313.7245: 0.7581387,-3.270111,1.494683,17.5015
313.9467: 0.7375748,-3.234881,1.492437,4.510385
314.1689: 0.7100902,-3.180091,1.490395,348.1013
314.3911: 0.7070681,-3.147261,1.486347,347.1706
314.6133: 0.6634779,-3.13534,1.479698,326.8433
314.8356: 0.5329151,-3.168971,1.456378,292.2597
315.0578: 0.3687243,-3.224422,1.448834,282.797
315.28: 0.1999742,-3.227765,1.465766,284.9824
315.5022: 0.02171816,-3.19016,1.44249,288.4118
315.7245: -0.150872,-3.142899,1.460986,295.1107
315.9467: -0.3117612,-3.115596,1.462636,309.1589
316.1689: -0.4531384,-3.101896,1.468062,322.7925
316.3911: -0.5547681,-3.054142,1.47129,333.8367
316.6133: -0.621174,-2.94655,1.457587,336.1264
316.8356: -0.660885,-2.771244,1.469618,339.4872
317.0578: -0.7142926,-2.601257,1.475395,341.6217
317.28: -0.7784287,-2.429534,1.460246,344.0443
317.5022: -0.8407,-2.262296,1.472148,351.4364
317.7245: -0.8665458,-2.102224,1.465874,350.1197
317.9467: -0.8719444,-1.908006,1.450169,331.2159
318.1689: -0.8838134,-1.71307,1.472632,315.5916
318.3911: -0.9414064,-1.566012,1.466759,305.9664
318.6133: -1.04051,-1.452459,1.466186,301.8427
318.8356: -1.143787,-1.357988,1.471781,293.3201
319.0578: -1.261298,-1.263259,1.462789,281.2174
319.28: -1.381067,-1.145442,1.468434,273.2325
319.5022: -1.50749,-1.07868,1.477091,265.826
319.7245: -1.646459,-1.069837,1.458933,256.9483
319.9467: -1.8074,-1.054302,1.472274,270.4005
320.1689: -1.960138,-0.9882802,1.471906,296.4967
320.3911: -2.116876,-0.8946517,1.449518,314.308
320.6133: -2.255078,-0.7938404,1.466643,330.4335
320.8356: -2.380239,-0.7105242,1.473304,340.4366
321.0578: -2.508799,-0.6306802,1.472409,354.0626
321.28: -2.598168,-0.5358708,1.480045,11.33813
321.5022: -2.629252,-0.4401987,1.46174,26.25933
321.7245: -2.643153,-0.4159599,1.478441,59.86013
321.9467: -2.708015,-0.4565027,1.472513,100.5599
322.1689: -2.797697,-0.4812004,1.468659,125.9828
322.3911: -2.867574,-0.5086269,1.475142,135.1789
322.6133: -2.899893,-0.5341386,1.480684,137.9475
322.8356: -2.912998,-0.547353,1.480605,137.2707
323.0578: -2.919567,-0.554615,1.480383,136.6318
323.28: -2.915282,-0.5666518,1.481042,145.2359
323.5022: -2.921221,-0.6329377,1.477074,159.5624
323.7245: -2.947582,-0.7714415,1.465058,164.5422
323.9467: -2.944479,-0.9348223,1.47244,163.5504
324.1689: -2.915308,-1.121701,1.451106,163.1271
324.3911: -2.868412,-1.33356,1.464212,167.2472
324.6133: -2.860809,-1.543404,1.472207,167.4135
324.8356: -2.879197,-1.768682,1.449461,158.5057
325.0578: -2.88748,-2.00424,1.476101,142.9153
325.28: -2.847936,-2.218892,1.452888,130.8678
325.5022: -2.792414,-2.420333,1.458277,123.322
325.7245: -2.761698,-2.581431,1.465341,111.7941
325.9467: -2.748979,-2.712581,1.470387,94.33225
326.1689: -2.74268,-2.793133,1.479412,88.42488
326.3911: -2.734172,-2.771314,1.479055,79.15296
326.6133: -2.753386,-2.634343,1.471918,59.83517
326.8356: -2.793851,-2.466949,1.465931,33.99757
327.0578: -2.807717,-2.349615,1.471461,14.99731
327.28: -2.783499,-2.222836,1.460703,1.545809
327.5022: -2.709856,-2.077461,1.469625,358.3618
327.7245: -2.663723,-1.907109,1.481057,1.368336
327.9467: -2.666361,-1.7124,1.457356,357.9702
328.1689: -2.704807,-1.492603,1.468519,357.0682
328.3911: -2.713787,-1.284863,1.474519,3.221391
328.6133: -2.703251,-1.050027,1.448383,6.003941
328.8356: -2.699322,-0.8238798,1.475832,4.444981
329.0578: -2.722689,-0.5951006,1.457485,5.258304
329.28: -2.750543,-0.3657451,1.469824,12.73472
329.5022: -2.725976,-0.1374971,1.476719,23.6207
329.7245: -2.665341,0.06527,1.451361,29.0076
329.9467: -2.595058,0.2652635,1.473961,32.56227
330.1689: -2.527965,0.4475738,1.464855,37.08552
330.3911: -2.44789,0.6275096,1.464438,50.87753
330.6133: -2.344025,0.7353494,1.481689,67.90889
330.8356: -2.217872,0.8027971,1.463642,73.14812
331.0578: -2.063676,0.853935,1.471884,68.47495
331.28: -1.948093,0.9358439,1.480936,45.30941
331.5022: -1.879462,1.032974,1.465261,5.045258
331.7245: -1.805804,1.093261,1.477788,347.8102
331.9467: -1.702591,1.11869,1.482787,351.5298
332.1689: -1.562846,1.110852,1.47297,359.0301
332.3911: -1.381937,1.073695,1.477237,27.20586
332.6133: -1.225861,1.039228,1.473853,52.48745
332.8356: -1.07898,1.047687,1.46099,64.38615
333.0578: -0.9302506,1.092932,1.473525,74.9306
333.28: -0.8006524,1.102013,1.483546,92.68732
333.5022: -0.6846235,1.099228,1.475737,100.8469
333.7245: -0.5634272,1.079305,1.477833,98.68919
333.9467: -0.4523735,1.072955,1.484139,92.95146
334.1689: -0.3447915,1.085721,1.473849,89.7233
334.3911: -0.2109796,1.107318,1.458362,90.69736
334.6133: -0.07116544,1.132095,1.472916,89.62301
334.8356: 0.01112614,1.140755,1.488148,86.6291
335.0578: 0.05218,1.129661,1.48584,82.43862
335.28: 0.08121447,1.115657,1.48833,72.53461
335.5022: 0.08459356,1.133986,1.48594,37.38674
335.7245: 0.07809216,1.138177,1.480589,11.19888
335.9467: 0.08596219,1.136626,1.478472,358.8537
336.1689: 0.137902,1.125589,1.474539,11.96641
336.3911: 0.2359219,1.088046,1.462008,46.49572
336.6133: 0.3635653,1.070596,1.45115,69.92583
336.8356: 0.535409,1.092424,1.453329,82.87698
337.0578: 0.7115638,1.088841,1.474415,94.13828
337.28: 0.8880092,1.061327,1.458281,98.3693
337.5022: 1.081247,1.01203,1.465268,93.50777
337.7245: 1.264874,0.9941294,1.477052,87.81465
337.9467: 1.451619,1.004074,1.452202,84.31883
338.1689: 1.650461,1.019051,1.473444,83.38909
338.3911: 1.823078,1.009873,1.47529,80.78922
338.6133: 1.984085,1.002517,1.460961,58.41398
338.8356: 2.115341,0.9982736,1.48443,30.25016
339.0578: 2.216573,1.003232,1.483961,16.45535
339.28: 2.305301,1.026805,1.472791,11.70494
339.5022: 2.395836,1.067655,1.479073,18.12042
339.7245: 2.50737,1.049273,1.493212,66.68469
339.9467: 2.547828,0.9837543,1.491869,113.6525
340.1689: 2.554649,0.9099036,1.483516,140.9541
340.3911: 2.548254,0.8142394,1.481944,162.9216
340.6133: 2.556437,0.7210725,1.479064,173.8593
340.8356: 2.578022,0.6344508,1.476873,178.1481
341.0578: 2.620223,0.5329376,1.468596,183.9875
341.28: 2.678265,0.4113589,1.483545,192.1664
341.5022: 2.712396,0.2900829,1.486014,196.655
341.7245: 2.710004,0.1640025,1.477087,200.5806
341.9467: 2.676088,0.02368902,1.460017,201.6013
342.1689: 2.632773,-0.1225648,1.479041,203.5682
Trial Result: Fail at object:  | Time Spent: 30
Trial No.:23 Ends
Trial No.:16 Begins
User confirmed on object: Wheelbarrow, this maze officially starts.
373.0133: 0.3343055,-0.02322276,1.512275,266.2129
373.2356: 0.3098364,-0.01226313,1.51405,266.7496
373.4578: 0.3293039,0.007820491,1.508007,274.9503
373.68: 0.3622031,0.009108894,1.505372,275.0115
373.9022: 0.3833096,-0.002774961,1.50064,268.7702
374.1245: 0.4030445,-0.01804448,1.499127,260.9689
374.3467: 0.4194591,-0.03186109,1.495988,254.5523
374.5689: 0.4160489,-0.07208352,1.48878,231.2067
374.7911: 0.4022928,-0.09231135,1.477265,199.6157
375.0133: 0.3878219,-0.1054421,1.475201,174.8941
375.2356: 0.3925399,-0.1356033,1.468327,158.0015
375.4578: 0.4038885,-0.1363912,1.472417,152.6656
375.68: 0.4282036,-0.1218976,1.474295,137.3986
375.9022: 0.4912004,-0.1260563,1.463291,127.7941
376.1245: 0.6087514,-0.1369593,1.46185,123.9238
376.3467: 0.7221484,-0.1850546,1.465319,122.6764
376.5689: 0.8177286,-0.2843451,1.457003,126.3468
376.7911: 0.8855569,-0.4208153,1.450068,129.3287
377.0133: 0.969017,-0.5463991,1.471722,129.7541
377.2356: 1.088309,-0.6582611,1.452942,131.2497
377.4578: 1.216971,-0.7574701,1.462592,136.7628
377.68: 1.274809,-0.8140894,1.483653,139.4374
377.9022: 1.290546,-0.8123928,1.477781,111.0815
378.1245: 1.256346,-0.8035957,1.473912,78.64853
378.3467: 1.228104,-0.7968636,1.476617,63.77766
378.5689: 1.20725,-0.7641924,1.473391,50.30237
378.7911: 1.187864,-0.7253208,1.473254,41.7244
379.0133: 1.172875,-0.7128757,1.468625,36.92208
379.2356: 1.204763,-0.7473221,1.468115,55.00564
379.4578: 1.281582,-0.8081448,1.462149,71.55005
379.68: 1.406631,-0.8443207,1.44024,76.78011
379.9022: 1.595336,-0.8342808,1.432891,78.17215
380.1245: 1.790618,-0.8188698,1.458256,71.67872
380.3467: 1.989498,-0.8044528,1.449191,62.39443
380.5689: 2.187155,-0.768201,1.457889,39.59936
380.7911: 2.324867,-0.6754194,1.468618,15.51635
381.0133: 2.437418,-0.5241852,1.45426,12.21337
381.2356: 2.527725,-0.3586117,1.471943,8.549566
381.4578: 2.606775,-0.1585753,1.451761,4.805713
381.68: 2.685418,0.0657977,1.464851,357.5396
381.9022: 2.712646,0.3043728,1.471546,354.5627
382.1245: 2.699176,0.5485837,1.462172,357.7324
382.3467: 2.70231,0.7918237,1.482033,359.2382
382.5689: 2.735181,1.046747,1.451054,359.368
382.7911: 2.760667,1.28919,1.482586,356.1169
383.0133: 2.75331,1.522702,1.466047,353.4846
383.2356: 2.715224,1.770395,1.473681,350.5426
383.4578: 2.698939,2.012971,1.480798,343.0662
383.68: 2.684958,2.270395,1.451612,327.9956
383.9022: 2.634814,2.48693,1.486717,291.1273
384.1245: 2.560825,2.660586,1.46375,271.3611
384.3467: 2.479325,2.824898,1.479047,261.595
384.5689: 2.407504,2.970582,1.485656,258.315
384.7911: 2.353679,3.098606,1.481903,253.5782
385.0133: 2.30749,3.181557,1.490438,247.0541
385.2356: 2.278749,3.236834,1.487507,247.0183
385.4578: 2.266591,3.266439,1.484672,247.3389
385.68: 2.25757,3.286976,1.479297,249.9292
385.9022: 2.234168,3.290023,1.47457,252.9821
386.1245: 2.163861,3.275506,1.469858,251.5268
386.3467: 2.052161,3.248693,1.47293,254.6358
386.5689: 1.961437,3.235419,1.484034,254.2381
386.7911: 1.900451,3.251437,1.490304,255.6172
387.0133: 1.843972,3.29058,1.479624,257.9123
387.2356: 1.740321,3.312205,1.469715,260.8369
387.4578: 1.581955,3.303291,1.446529,260.895
387.68: 1.38275,3.271622,1.467689,262.3607
387.9022: 1.204121,3.260811,1.476745,264.287
388.1245: 1.004831,3.264211,1.449681,265.9903
388.3467: 0.7776048,3.274853,1.468913,263.9881
388.5689: 0.5713854,3.256198,1.473217,261.092
388.7911: 0.3553334,3.213203,1.451005,259.9614
389.0133: 0.126642,3.174299,1.476958,261.0658
389.2356: -0.1055412,3.172885,1.460584,262.9674
389.4578: -0.3441654,3.18513,1.461815,258.4743
389.68: -0.5693679,3.165531,1.47407,254.8246
389.9022: -0.7979971,3.122882,1.448688,255.4111
390.1245: -1.02041,3.080283,1.474216,253.8276
390.3467: -1.221777,3.050853,1.464239,252.2676
390.5689: -1.396938,2.989924,1.470399,232.4944
390.7911: -1.516435,2.869545,1.469829,209.891
391.0133: -1.61058,2.689127,1.452583,202.0564
391.2356: -1.697285,2.493624,1.474748,200.9912
391.4578: -1.809281,2.298164,1.452877,201.8941
391.68: -1.944982,2.097274,1.465552,194.7608
391.9022: -2.040479,1.902275,1.476386,184.9515
392.1245: -2.131691,1.681625,1.452199,189.4828
392.3467: -2.22785,1.447711,1.479778,193.8732
392.5689: -2.350503,1.220611,1.451727,197.3475
392.7911: -2.466355,0.9939811,1.470702,192.262
393.0133: -2.522331,0.7658179,1.460605,184.7424
393.2356: -2.538267,0.5117871,1.461312,182.6755
393.4578: -2.561738,0.269769,1.477359,182.9512
393.68: -2.599775,0.02135981,1.448361,183.5512
393.9022: -2.631917,-0.2273899,1.475968,182.6627
394.1245: -2.634877,-0.4688663,1.455505,184.6293
394.3467: -2.617349,-0.7233552,1.457441,191.3272
394.5689: -2.641058,-0.9626727,1.469638,197.4405
394.7911: -2.700197,-1.198826,1.445686,201.0562
Trial Result: Success object: Plant | Time Spent: 22.12203
Trial No.:16 Ends
Trial No.:24 Begins
User confirmed on object: Chair, this maze officially starts.
415.2467: 0.8265631,-3.287176,1.498689,357.943
415.4689: 0.840101,-3.274675,1.498371,357.2811
415.6911: 0.8290794,-3.28994,1.493742,354.4366
415.9133: 0.8116116,-3.296801,1.492382,349.7983
416.1356: 0.8002709,-3.306635,1.492889,350.9906
416.3578: 0.7950721,-3.317451,1.489452,353.1965
416.58: 0.7901582,-3.32707,1.488577,352.6093
416.8022: 0.7931188,-3.338597,1.485919,353.7834
417.0244: 0.7974358,-3.358675,1.484404,356.0431
417.2467: 0.7985028,-3.381496,1.483568,355.8467
417.4689: 0.8030721,-3.400918,1.481595,355.8984
417.6911: 0.8091509,-3.410776,1.479162,355.16
417.9133: 0.8206379,-3.412192,1.476469,357.4841
418.1356: 0.8336916,-3.410204,1.471953,7.802897
418.3578: 0.8715707,-3.395266,1.468377,22.5275
418.58: 0.9538435,-3.357835,1.460531,30.67
418.8022: 1.064314,-3.30011,1.466544,35.12184
419.0244: 1.153828,-3.250619,1.472633,36.39174
419.2467: 1.234916,-3.192024,1.46912,38.94847
419.4689: 1.308258,-3.091327,1.451476,38.8798
419.6911: 1.371793,-2.939757,1.457412,29.45086
419.9133: 1.445938,-2.797903,1.468015,21.99829
420.1356: 1.537418,-2.647656,1.453781,19.2707
420.3578: 1.667151,-2.458429,1.458489,15.60605
420.58: 1.745988,-2.28306,1.470711,11.23798
420.8022: 1.798692,-2.08845,1.45028,10.26644
421.0244: 1.841051,-1.867506,1.467061,16.77945
421.2467: 1.916769,-1.657005,1.467703,21.80075
421.4689: 2.02904,-1.444136,1.45003,23.60858
421.6911: 2.136427,-1.233374,1.475238,22.76679
421.9133: 2.21539,-1.045743,1.469462,21.16825
422.1356: 2.282563,-0.8887068,1.475998,21.84458
422.3578: 2.379743,-0.7425939,1.472528,21.2277
422.58: 2.508099,-0.5815966,1.461393,16.86267
422.8022: 2.588782,-0.4197451,1.477319,14.01313
423.0244: 2.624477,-0.244141,1.456804,11.4166
423.2467: 2.63226,-0.047688,1.475757,14.60663
423.4689: 2.668605,0.1251189,1.477136,21.73607
423.6911: 2.72603,0.3011329,1.453265,25.35711
Trial Result: Success object: Trashcan | Time Spent: 8.763191
Trial No.:24 Ends
Trial No.:9 Begins
User confirmed on object: Bookshelf, this maze officially starts.
442.2578: 1.868936,1.301399,1.495593,185.8194
442.48: 1.88059,1.273586,1.513944,185.9727
442.7022: 1.870702,1.27581,1.516014,192.6917
442.9245: 1.842175,1.285506,1.514796,200.1946
443.1467: 1.817664,1.294916,1.515212,199.1863
443.3689: 1.804584,1.301295,1.507622,192.1379
443.5911: 1.810884,1.308596,1.493961,177.1861
443.8134: 1.814729,1.33728,1.476728,150.2969
444.0356: 1.813647,1.359501,1.479053,138.8358
444.2578: 1.8444,1.376626,1.478571,126.9776
444.48: 1.903935,1.378584,1.477435,119.8344
444.7022: 1.991798,1.360942,1.480349,121.4916
444.9245: 2.079745,1.329553,1.48271,123.4198
445.1467: 2.142693,1.287588,1.48507,120.811
445.3689: 2.169953,1.226388,1.474252,117.7293
445.5911: 2.219975,1.128331,1.474559,127.5318
445.8134: 2.30195,0.9933311,1.457473,151.2075
446.0356: 2.423101,0.8533128,1.473323,166.577
446.2578: 2.505925,0.6975842,1.477473,174.7405
446.48: 2.52666,0.4991299,1.456324,179.1234
446.7022: 2.510243,0.2822883,1.478363,182.0632
446.9245: 2.510182,0.07384615,1.467947,185.3376
447.1467: 2.521577,-0.1564986,1.465732,192.4911
447.3689: 2.488478,-0.3709241,1.477529,200.1295
447.5911: 2.40309,-0.58621,1.452202,196.2528
447.8134: 2.295123,-0.7926294,1.473886,183.9228
448.0356: 2.204,-0.9797368,1.468386,179.9003
448.2578: 2.131628,-1.159118,1.464297,179.3129
448.48: 2.05205,-1.313838,1.478851,174.6877
448.7022: 1.957012,-1.461135,1.457009,169.0567
448.9245: 1.856811,-1.61335,1.470616,164.7872
449.1467: 1.796454,-1.78956,1.456906,159.4717
449.3689: 1.786609,-2.001343,1.441636,150.9818
449.5911: 1.785264,-2.182242,1.460062,139.6012
449.8134: 1.775083,-2.333095,1.460963,131.4205
450.0356: 1.717058,-2.490242,1.463761,149.3433
450.2578: 1.654363,-2.619897,1.46948,192.8313
450.48: 1.607772,-2.729801,1.454387,233.5744
450.7022: 1.581765,-2.822828,1.473262,252.8344
450.9245: 1.546526,-2.86035,1.474384,260.4771
451.1467: 1.529241,-2.84115,1.473178,267.8635
451.3689: 1.528167,-2.818053,1.473247,275.4063
451.5911: 1.532127,-2.807957,1.472395,276.743
451.8134: 1.532557,-2.809106,1.473289,275.6149
452.0356: 1.53405,-2.826042,1.464736,287.8266
452.2578: 1.539819,-2.792063,1.465918,308.8785
452.48: 1.593749,-2.654955,1.458114,328.0226
452.7022: 1.663749,-2.450235,1.454743,341.0085
452.9245: 1.68107,-2.24611,1.457341,339.7183
453.1467: 1.650111,-2.023331,1.429699,336.8143
453.3689: 1.589281,-1.777674,1.457738,334.9698
453.5911: 1.509726,-1.543891,1.443512,321.7729
453.8134: 1.397022,-1.336557,1.442149,297.5919
454.0356: 1.24338,-1.185812,1.448628,290.0837
454.2578: 1.044422,-1.084318,1.446701,293.199
454.48: 0.836507,-0.9889109,1.46347,299.4233
454.7022: 0.6172546,-0.8713289,1.442694,305.6734
454.9245: 0.4117876,-0.7390137,1.46249,316.1755
455.1467: 0.2403283,-0.5946063,1.446154,328.2577
455.3689: 0.122027,-0.4161069,1.466446,341.2655
455.5911: 0.06376354,-0.1929889,1.44242,346.7899
455.8134: 0.007787618,0.05147083,1.472302,340.0184
456.0356: -0.073406,0.2674451,1.457233,326.9517
456.2578: -0.1626362,0.4706513,1.461812,320.2046
456.48: -0.2652206,0.6531671,1.457826,313.0373
456.7022: -0.3916959,0.7953406,1.462221,297.6204
456.9245: -0.5534933,0.8846313,1.446134,288.8863
457.1467: -0.7619831,0.943693,1.446454,291.7089
457.3689: -0.9605588,1.022651,1.461879,299.02
457.5911: -1.167672,1.131862,1.443086,304.7125
457.8134: -1.376607,1.261455,1.460778,309.6458
458.0356: -1.544637,1.407373,1.455448,317.5102
458.2578: -1.685139,1.579474,1.46641,323.7715
458.48: -1.806002,1.795002,1.444529,324.8825
458.7022: -1.91467,2.031584,1.475138,321.9279
458.9245: -2.049217,2.224345,1.465183,312.3108
459.1467: -2.193341,2.383934,1.440488,305.1236
459.3689: -2.308091,2.528169,1.464794,297.3543
459.5911: -2.415755,2.678384,1.461871,286.7173
Trial Result: Success object: Stove | Time Spent: 17.55866
Trial No.:9 Ends
Trial No.:6 Begins
User confirmed on object: Table, this maze officially starts.
476.0133: -2.085833,2.193164,1.508076,100.5591
476.2356: -2.120912,2.17595,1.512053,103.1612
476.4578: -2.159865,2.139161,1.508819,110.8695
476.68: -2.179612,2.121499,1.50879,105.5063
476.9022: -2.184361,2.121053,1.506816,93.22293
477.1245: -2.179021,2.105111,1.499401,90.13821
477.3467: -2.168962,2.083763,1.488109,92.33401
477.5689: -2.192255,2.066769,1.480854,122.6399
477.7911: -2.24066,2.091103,1.469241,154.9311
478.0133: -2.274805,2.126646,1.461313,172.7736
478.2356: -2.302296,2.145837,1.460937,176.6809
478.4578: -2.286271,2.156096,1.470451,152.8048
478.68: -2.257505,2.198112,1.475034,123.6715
478.9022: -2.241122,2.212752,1.476707,116.8873
479.1245: -2.213695,2.212476,1.471015,113.6052
479.3467: -2.182061,2.148703,1.464458,132.8322
479.5689: -2.161388,2.016876,1.444629,162.195
479.7911: -2.12639,1.844465,1.450612,172.3906
480.0133: -2.101665,1.673089,1.463367,179.6669
480.2356: -2.097113,1.489097,1.448545,184.9286
480.4578: -2.139444,1.30199,1.464245,191.9095
480.68: -2.247905,1.116717,1.4414,192.9552
480.9022: -2.372774,0.9243492,1.459309,181.2449
481.1245: -2.444426,0.7507235,1.469669,172.2392
481.3467: -2.489332,0.5632048,1.457957,171.756
481.5689: -2.559138,0.3692088,1.474055,178.5632
481.7911: -2.652093,0.1592496,1.450278,182.6254
482.0133: -2.739426,-0.06991192,1.473637,181.6894
482.2356: -2.765695,-0.3090927,1.457563,176.6864
482.4578: -2.758319,-0.5746771,1.4635,175.4572
482.68: -2.774334,-0.827459,1.473537,173.6592
482.9022: -2.816577,-1.087586,1.448009,172.355
483.1245: -2.830672,-1.343061,1.474002,164.954
483.3467: -2.793938,-1.596155,1.443234,159.6275
483.5689: -2.748732,-1.848625,1.468054,156.1021
483.7911: -2.716822,-2.093139,1.449557,151.7614
484.0133: -2.666039,-2.34479,1.459749,138.9437
484.2356: -2.539868,-2.539132,1.454547,118.9514
484.4578: -2.348854,-2.69123,1.444344,106.3265
484.68: -2.165,-2.817769,1.461751,99.27169
484.9022: -1.957837,-2.941623,1.44446,94.75655
485.1245: -1.73977,-3.049924,1.466515,90.84521
485.3467: -1.498445,-3.098413,1.448934,86.202
485.5689: -1.23474,-3.12311,1.461006,85.39183
485.7911: -0.9885209,-3.166929,1.459081,88.46812
486.0133: -0.7328249,-3.218441,1.44682,83.18536
486.2356: -0.4998991,-3.222669,1.460135,73.76302
486.4578: -0.2711568,-3.182089,1.433913,65.7954
486.68: -0.0643324,-3.140518,1.460922,58.58078
486.9022: 0.1135443,-3.104916,1.447779,52.33417
487.1245: 0.2915798,-3.074447,1.461185,40.52881
Trial Result: Success object: Chair | Time Spent: 11.52889
Trial No.:6 Ends
Trial No.:5 Begins
User confirmed on object: Table, this maze officially starts.
505.7133: -2.000692,2.146772,1.507928,96.55499
505.9356: -2.029301,2.133485,1.512036,100.1745
506.1578: -2.070815,2.107446,1.511645,102.3178
506.38: -2.095611,2.080468,1.511235,99.68467
506.6022: -2.097787,2.07182,1.506343,100.25
506.8245: -2.10465,2.065651,1.493916,122.5574
507.0467: -2.137897,2.0781,1.482208,149.3937
507.2689: -2.181692,2.095143,1.474593,172.8154
507.4911: -2.221523,2.098753,1.475152,185.7874
507.7133: -2.256587,2.075138,1.477324,188.8288
507.9356: -2.265743,2.026193,1.47596,186.6535
508.1578: -2.268816,1.951902,1.466257,180.6181
508.38: -2.245043,1.866029,1.46785,175.0826
508.6022: -2.164793,1.774188,1.455682,161.6758
508.8245: -2.052262,1.679379,1.471099,143.723
509.0467: -1.959661,1.571566,1.473202,131.1203
509.2689: -1.866893,1.442321,1.448221,117.7442
509.4911: -1.764434,1.305388,1.467747,106.3169
509.7133: -1.621588,1.211374,1.460603,103.5709
509.9356: -1.423372,1.159149,1.441465,101.8095
510.1578: -1.211826,1.113757,1.472848,105.5139
510.38: -1.007123,1.052706,1.461564,110.8494
510.6022: -0.7884027,0.9591311,1.458584,116.2802
510.8245: -0.598456,0.8847829,1.474717,128.3718
511.0467: -0.3986678,0.8321777,1.456696,128.3017
511.2689: -0.2064247,0.8304446,1.479842,105.1075
511.4911: -0.09112259,0.8301232,1.486059,96.57175
511.7133: -0.01882789,0.8124809,1.456145,90.15377
511.9356: 0.08496846,0.8111785,1.449018,83.79266
512.1578: 0.2513709,0.8594983,1.426715,82.65938
512.38: 0.4386196,0.9327396,1.464559,87.18272
512.6022: 0.6317436,0.9719065,1.459847,96.01367
512.8245: 0.85763,0.9818522,1.445027,99.71283
513.0467: 1.064779,0.9925978,1.464969,109.7087
513.2689: 1.23977,1.018741,1.455548,122.7127
513.4911: 1.391566,1.050635,1.47734,136.2953
Trial Result: Success object: Bookshelf | Time Spent: 8.039644
Trial No.:5 Ends
Trial No.:11 Begins
User confirmed on object: Trashcan, this maze officially starts.
526.08: 2.544591,1.145542,1.508906,100.5088
526.3022: 2.560971,1.14484,1.516286,102.8028
526.5245: 2.552792,1.131369,1.516658,102.2735
526.7467: 2.553257,1.119313,1.517323,104.8354
526.9689: 2.574694,1.094961,1.508657,124.8169
527.1911: 2.582781,1.064922,1.497194,159.1942
527.4133: 2.543607,1.032627,1.49182,184.7117
527.6356: 2.480906,0.9959031,1.491325,199.4707
527.8578: 2.417624,0.9621763,1.489882,214.1558
528.08: 2.422343,0.9365749,1.493389,213.3415
528.3022: 2.487445,0.8938418,1.486497,200.3633
528.5245: 2.543406,0.8596789,1.493609,191.6753
528.7467: 2.567216,0.8457497,1.490047,188.6089
528.9689: 2.579017,0.8479012,1.490447,187.703
529.1911: 2.585469,0.8642341,1.488483,184.4994
529.4133: 2.579507,0.8815271,1.490869,184.8572
529.6356: 2.584455,0.874244,1.486903,185.6348
529.8578: 2.60188,0.8290633,1.478821,186.118
530.08: 2.614342,0.7537317,1.473177,187.8846
530.3022: 2.603771,0.6696845,1.468479,190.9207
530.5245: 2.595927,0.6274214,1.478039,208.7723
530.7467: 2.616968,0.6050303,1.480647,239.1509
530.9689: 2.672256,0.5959883,1.481961,267.6807
531.1911: 2.722781,0.5928533,1.47671,296.1226
531.4133: 2.762972,0.5729447,1.478842,315.11
531.6356: 2.793443,0.549911,1.477395,329.5583
531.8578: 2.789169,0.5072749,1.47411,321.3574
532.08: 2.737491,0.3843209,1.460685,273.4766
532.3022: 2.7126,0.2040346,1.435509,226.3123
532.5245: 2.655463,0.01972819,1.457812,208.0868
532.7467: 2.605724,-0.1588298,1.472758,205.069
532.9689: 2.562501,-0.3484921,1.453981,214.0475
533.1911: 2.518241,-0.53968,1.467257,233.4528
533.4133: 2.44042,-0.6622654,1.48014,265.92
533.6356: 2.348609,-0.7673502,1.463228,274.8709
533.8578: 2.266909,-0.8547592,1.474128,281.0708
534.08: 2.186005,-0.9637736,1.473751,280.2493
534.3022: 2.116569,-1.084304,1.469777,265.7139
534.5245: 2.062827,-1.182278,1.477195,234.3942
534.7467: 2.052181,-1.210531,1.47494,176.9499
534.9689: 1.991102,-1.182693,1.474084,154.3814
535.1911: 1.876341,-1.167043,1.467115,167.2111
535.4133: 1.702095,-1.145322,1.468411,213.1833
535.6356: 1.533956,-1.128581,1.454823,243.891
535.8578: 1.352818,-1.143906,1.463841,272.8666
536.08: 1.179687,-1.132181,1.470732,285.7339
536.3022: 0.9722195,-1.086514,1.443411,290.019
536.5245: 0.7620833,-1.049313,1.473607,286.6817
536.7467: 0.5374748,-1.051864,1.458524,280.7122
536.9689: 0.2832022,-1.075807,1.461023,279.2527
537.1911: 0.03021933,-1.073533,1.471844,278.8341
537.4133: -0.2306077,-1.043153,1.443028,276.0805
537.6356: -0.49321,-1.025019,1.471358,270.852
537.8578: -0.7673576,-1.033534,1.442588,272.7521
538.08: -1.050579,-1.046186,1.467543,279.856
538.3022: -1.316,-1.031632,1.458208,279.2673
538.5245: -1.569059,-1.021478,1.455094,254.8765
538.7467: -1.804114,-1.015148,1.468742,249.5193
538.9689: -2.03968,-0.9793724,1.45583,275.3651
539.1911: -2.213243,-0.8986168,1.478896,311.6916
539.4133: -2.329713,-0.7946258,1.455852,354.1263
539.6356: -2.460411,-0.6718347,1.466519,6.655818
539.8578: -2.567836,-0.5690142,1.470606,20.77956
540.08: -2.677842,-0.4732861,1.46487,38.27524
Trial Result: Success object: Telescope | Time Spent: 14.22596
Trial No.:11 Ends
Trial No.:20 Begins
User confirmed on object: Well, this maze officially starts.
551.8911: 1.573171,-1.910852,1.493435,89.20675
552.1133: 1.570477,-1.915944,1.508144,87.86797
552.3356: 1.564811,-1.925477,1.504347,89.61279
552.5578: 1.559561,-1.939426,1.500827,98.89982
552.78: 1.552049,-1.934111,1.499221,96.28602
553.0023: 1.55378,-1.910621,1.497102,81.17197
553.2245: 1.5716,-1.896464,1.489554,69.63465
553.4467: 1.583075,-1.900367,1.482041,69.5952
553.6689: 1.585174,-1.911266,1.482337,74.75915
553.8911: 1.5929,-1.926286,1.480581,76.67196
554.1133: 1.595229,-1.941832,1.482081,78.42578
554.3356: 1.59492,-1.951936,1.482992,80.07195
554.5578: 1.592916,-1.956793,1.483229,80.11053
554.78: 1.589219,-1.957624,1.482767,80.25648
555.0023: 1.585961,-1.956998,1.482044,80.18811
555.2245: 1.587004,-1.943956,1.483785,70.89571
555.4467: 1.586015,-1.92138,1.475004,28.13318
555.6689: 1.585552,-1.906154,1.47191,8.249926
555.8911: 1.57168,-1.8626,1.471181,4.61932
556.1133: 1.551426,-1.810545,1.468923,4.260503
556.3356: 1.561285,-1.766237,1.471645,8.341936
556.5578: 1.627928,-1.706943,1.464613,16.33837
556.78: 1.751361,-1.62798,1.446509,18.96294
557.0023: 1.893126,-1.530081,1.458557,20.16942
557.2245: 2.016212,-1.38417,1.448028,21.9917
557.4467: 2.120795,-1.196835,1.446524,22.23234
557.6689: 2.23723,-1.029405,1.465375,20.16039
557.8911: 2.37116,-0.8676258,1.446077,18.06513
558.1133: 2.485792,-0.7055968,1.47579,13.56853
558.3356: 2.55139,-0.5274786,1.462418,7.683065
558.5578: 2.57768,-0.3004204,1.459187,5.115551
558.78: 2.609392,-0.09988576,1.474335,2.108726
559.0023: 2.67274,0.1342384,1.447647,2.618791
559.2245: 2.74763,0.3710524,1.469038,357.8265
559.4467: 2.778104,0.6096255,1.458678,354.5955
559.6689: 2.780891,0.8718225,1.464141,355.6222
559.8911: 2.803368,1.114235,1.475776,357.0643
560.1133: 2.845977,1.388567,1.448681,358.5596
560.3356: 2.855167,1.640843,1.47677,351.5768
560.5578: 2.81241,1.883958,1.455518,339.0787
560.78: 2.755226,2.116155,1.471659,330.764
561.0023: 2.71057,2.333836,1.466881,317.0652
561.2245: 2.65695,2.543993,1.456843,289.5501
561.4467: 2.572836,2.702821,1.476895,275.9224
561.6689: 2.459622,2.79874,1.464405,268.8125
561.8911: 2.324444,2.862274,1.477252,264.2974
562.1133: 2.213997,2.897083,1.475455,249.7144
562.3356: 2.109235,2.928501,1.468042,229.5622
562.5578: 2.007807,2.948443,1.487181,211.8332
Trial Result: Success object: Piano | Time Spent: 11.03893
Trial No.:20 Ends
Trial No.:2 Begins
User confirmed on object: Stove, this maze officially starts.
577.3689: -2.440681,3.011218,1.500742,265.3589
577.5911: -2.448974,2.987103,1.506181,268.9522
577.8134: -2.443813,2.979079,1.504508,270.5629
578.0356: -2.440984,2.976986,1.502131,272.3528
578.2578: -2.44137,2.973134,1.502215,271.6069
578.48: -2.42968,2.949605,1.494339,247.5188
578.7022: -2.375246,2.947731,1.467886,196.0993
578.9244: -2.269076,2.956495,1.464724,158.8842
579.1467: -2.148124,2.920909,1.458038,149.0504
579.3689: -2.053887,2.843817,1.465996,148.0012
579.5911: -2.017894,2.732041,1.456332,152.124
579.8134: -2.047827,2.572558,1.443825,163.9267
580.0356: -2.066541,2.388848,1.470847,165.0399
580.2578: -2.053661,2.206224,1.463673,163.8934
580.48: -2.010348,2.005324,1.46933,165.361
580.7022: -1.986457,1.818265,1.475742,163.3967
580.9244: -1.960794,1.664134,1.449405,152.4862
581.1467: -1.888318,1.535145,1.467728,130.2602
581.3689: -1.754724,1.429056,1.45085,116.6739
581.5911: -1.575032,1.337157,1.466116,115.8357
581.8134: -1.417994,1.248312,1.477431,115.4833
582.0356: -1.240679,1.126479,1.449254,118.4672
582.2578: -1.041998,1.020009,1.473757,114.4513
582.48: -0.8221418,0.9517473,1.457659,117.2486
582.7022: -0.5996169,0.8960736,1.457818,133.4354
582.9244: -0.4284406,0.8106318,1.477341,141.6482
583.1467: -0.277944,0.7484368,1.462246,107.0431
583.3689: -0.1845236,0.7050223,1.477902,93.10966
583.5911: -0.1198991,0.6555318,1.480633,100.6757
583.8134: -0.09989765,0.5777607,1.485466,161.6225
584.0356: -0.08032897,0.5613512,1.490772,209.3816
584.2578: -0.02349986,0.5164727,1.482845,215.2528
584.48: 0.005376486,0.4316908,1.467341,216.7549
Trial Result: Success object: Wheelbarrow | Time Spent: 7.495533
Trial No.:2 Ends
Trial No.:10 Begins
User confirmed on object: Bookshelf, this maze officially starts.
600.28: 1.803927,1.300426,1.512515,178.5304
600.5023: 1.795086,1.299802,1.516587,182.3048
600.7245: 1.801061,1.331366,1.510872,192.612
600.9467: 1.834024,1.372499,1.507753,191.1031
601.1689: 1.878111,1.405605,1.505967,181.3203
601.3911: 1.908775,1.422233,1.502107,172.0142
601.6133: 1.961341,1.428515,1.48653,131.9535
601.8356: 1.967136,1.445994,1.482997,84.6263
602.0578: 1.951108,1.432494,1.481772,67.66197
602.28: 1.935158,1.420214,1.479725,66.85836
602.5023: 1.929907,1.440409,1.484003,50.08007
602.7245: 1.931813,1.494148,1.477955,35.69357
602.9467: 1.947541,1.564019,1.476175,22.9135
603.1689: 1.96571,1.627972,1.479818,9.785498
603.3911: 1.995201,1.661988,1.477184,5.44649
603.6133: 2.059548,1.668335,1.481745,17.44926
603.8356: 2.097977,1.651899,1.473895,16.2465
604.0578: 2.13746,1.667602,1.459611,9.789315
604.28: 2.206999,1.760192,1.444045,2.320722
604.5023: 2.268716,1.910521,1.446047,357.7216
604.7245: 2.328231,2.064283,1.466868,349.2813
604.9467: 2.403244,2.234783,1.450812,340.7925
605.1689: 2.486851,2.433557,1.456814,314.4033
605.3911: 2.511585,2.591033,1.473324,285.9323
605.6133: 2.494203,2.722116,1.45866,271.4138
605.8356: 2.478117,2.836181,1.477731,262.3255
606.0578: 2.474007,2.906541,1.479346,254.9516
606.28: 2.477953,2.947568,1.487718,243.4432
606.5023: 2.517468,2.886175,1.484735,217.2158
606.7245: 2.59267,2.726266,1.472736,198.1425
606.9467: 2.640438,2.556223,1.473367,184.356
607.1689: 2.648647,2.369456,1.464084,184.0271
607.3911: 2.632271,2.166015,1.460175,171.8875
607.6133: 2.639146,1.977685,1.482401,162.5089
607.8356: 2.671862,1.789721,1.465927,164.2728
608.0578: 2.70909,1.600661,1.487395,176.8521
608.28: 2.714027,1.404422,1.477073,187.3126
608.5023: 2.696339,1.177707,1.463179,190.5394
608.7245: 2.691171,0.973291,1.486129,190.3006
608.9467: 2.704123,0.7520151,1.462238,188.2686
609.1689: 2.729096,0.5045091,1.474992,193.5646
609.3911: 2.701589,0.2742198,1.476719,200.0128
609.6133: 2.626587,0.03487048,1.450369,202.6326
609.8356: 2.547303,-0.1972091,1.474182,203.872
610.0578: 2.484882,-0.427799,1.454868,207.048
610.28: 2.426623,-0.6742005,1.467664,213.6247
610.5023: 2.335809,-0.8918335,1.465976,212.7108
610.7245: 2.211952,-1.114897,1.454039,204.8152
610.9467: 2.130841,-1.335144,1.476244,185.3419
611.1689: 2.083762,-1.550699,1.453173,169.1995
611.3911: 2.034752,-1.773948,1.469223,168.3644
611.6133: 1.953201,-1.962926,1.458846,179.7748
611.8356: 1.827423,-2.175802,1.449099,196.5257
612.0578: 1.704279,-2.368781,1.46486,218.1642
612.28: 1.594139,-2.529032,1.454955,249.5073
612.5023: 1.509206,-2.695987,1.467827,271.8242
612.7245: 1.401812,-2.814967,1.471796,281.4504
612.9467: 1.242967,-2.908273,1.443457,275.7065
613.1689: 1.014867,-2.967803,1.456589,270.8916
613.3911: 0.7878044,-3.023969,1.465711,269.5183
613.6133: 0.5399169,-3.084645,1.442695,270.5075
613.8356: 0.2862482,-3.133458,1.471455,275.016
614.0578: 0.03514822,-3.143478,1.452003,278.3625
614.28: -0.231974,-3.13132,1.455935,277.2214
614.5023: -0.4868238,-3.138381,1.463874,276.2963
614.7245: -0.7642133,-3.1556,1.455104,279.5049
614.9467: -1.039183,-3.13687,1.471,285.1318
615.1689: -1.311343,-3.070633,1.44097,289.6682
615.3911: -1.568998,-3.001061,1.465774,290.2853
615.6133: -1.813799,-2.947963,1.449123,290.778
615.8356: -2.058917,-2.891486,1.466813,298.4056
616.0578: -2.25932,-2.795037,1.460151,303.9911
616.28: -2.4407,-2.662536,1.450847,305.2279
616.5023: -2.603245,-2.550079,1.471381,306.3287
Trial Result: Success object: Plant | Time Spent: 16.64745
Trial No.:10 Ends
Trial No.:1 Begins
User confirmed on object: Stove, this maze officially starts.
630.6467: -2.582756,3.016449,1.504808,270.8143
630.8689: -2.569141,3.019058,1.503331,274.078
631.0911: -2.526587,3.007127,1.499835,280.5209
631.3134: -2.481409,2.962096,1.496468,268.9803
631.5356: -2.443398,2.905524,1.488966,252.2171
631.7578: -2.41411,2.852519,1.485091,219.0356
631.98: -2.384731,2.842296,1.48252,176.1542
632.2022: -2.358668,2.842791,1.477746,153.4657
632.4244: -2.288754,2.831587,1.474405,139.9948
632.6467: -2.194902,2.822008,1.474627,128.4333
632.8689: -2.133967,2.809758,1.478139,111.4277
633.0911: -2.097689,2.774616,1.475968,98.22767
633.3134: -2.046598,2.741284,1.471424,89.63858
633.5356: -1.941779,2.749983,1.455664,84.04935
633.7578: -1.782537,2.800939,1.453136,81.50974
633.98: -1.635172,2.841933,1.471146,84.89151
634.2022: -1.485253,2.86659,1.46249,87.17528
634.4244: -1.308133,2.862114,1.464141,85.80453
634.6467: -1.152348,2.871029,1.479118,88.3376
634.8689: -1.000005,2.908177,1.466583,90.26891
635.0911: -0.8328683,2.984874,1.476851,90.89588
635.3134: -0.6499892,3.036634,1.481931,91.353
635.5356: -0.445373,3.050575,1.454896,92.59879
635.7578: -0.2199491,3.04082,1.468326,89.57305
635.98: -0.01402649,3.04921,1.475261,88.54897
636.2022: 0.2142626,3.07717,1.457675,90.81713
636.4244: 0.4504635,3.104431,1.484991,94.7785
636.6467: 0.6903644,3.089726,1.462309,99.49858
636.8689: 0.9434261,3.048295,1.469897,98.71043
637.0911: 1.180637,3.034606,1.479645,102.0407
637.3134: 1.432929,3.039654,1.459421,109.6955
637.5356: 1.682065,3.022862,1.487386,119.2558
637.7578: 1.912046,2.953579,1.458052,132.9668
637.98: 2.127815,2.858165,1.471401,146.6484
638.2022: 2.307948,2.775132,1.48137,153.7641
638.4244: 2.471264,2.686322,1.469851,175.205
638.6467: 2.589891,2.600994,1.493777,194.4799
638.8689: 2.681343,2.48059,1.478036,195.4032
639.0911: 2.72196,2.308387,1.464648,193.5044
639.3134: 2.754673,2.145928,1.481828,182.8086
639.5356: 2.783633,2.015777,1.485154,181.4792
639.7578: 2.827572,1.888092,1.48347,192.3633
639.98: 2.85928,1.760507,1.493933,195.5226
640.2022: 2.848759,1.612864,1.483459,193.3156
640.4244: 2.789307,1.420568,1.45036,189.6985
640.6467: 2.723001,1.204273,1.480111,184.0697
640.8689: 2.702975,0.9837593,1.472279,181.1237
641.0911: 2.70504,0.7401565,1.462399,186.52
641.3134: 2.685805,0.5008008,1.484097,191.3165
641.5356: 2.626664,0.2545301,1.450475,195.3204
641.7578: 2.546557,0.006535983,1.469535,195.4168
641.98: 2.488768,-0.2228757,1.465742,196.0832
642.2022: 2.419936,-0.4647615,1.455999,195.2072
642.4244: 2.328996,-0.6743228,1.468954,190.9302
642.6467: 2.208545,-0.8712043,1.443214,186.6741
642.8689: 2.08862,-1.057914,1.463554,178.6353
643.0911: 2.04792,-1.213146,1.465622,167.7631
643.3134: 2.059566,-1.359674,1.448777,162.4035
Trial Result: Success object: Well | Time Spent: 13.06146
Trial No.:1 Ends
Trial No.:17 Begins
User confirmed on object: Harp, this maze officially starts.
652.2578: 1.706616,-1.163159,1.495394,0.9827181
652.48: 1.702718,-1.192508,1.502755,3.833821
652.7022: 1.691918,-1.231056,1.499857,14.21393
652.9244: 1.662046,-1.266014,1.49675,14.41165
653.1467: 1.621886,-1.287622,1.495413,5.468157
653.3689: 1.631472,-1.299492,1.485629,36.56739
653.5911: 1.662834,-1.325967,1.482522,61.28805
653.8134: 1.71118,-1.376131,1.481094,86.9652
654.0356: 1.734181,-1.431469,1.473261,113.0411
654.2578: 1.723922,-1.462212,1.473381,129.6739
654.48: 1.710035,-1.465898,1.474551,133.4391
654.7022: 1.723249,-1.452927,1.475189,117.648
654.9244: 1.744746,-1.433226,1.477288,94.35012
655.1467: 1.749383,-1.446021,1.474632,95.07143
655.3689: 1.712092,-1.481245,1.456733,119.787
655.5911: 1.669364,-1.538282,1.456483,144.1903
655.8134: 1.63361,-1.640707,1.452775,152.7685
656.0356: 1.616562,-1.778663,1.456435,148.9817
656.2578: 1.624628,-1.906825,1.466,140.3511
656.48: 1.649943,-2.037658,1.455813,146.6691
656.7022: 1.666824,-2.136262,1.476514,162.9184
656.9244: 1.662124,-2.174329,1.480141,172.2525
657.1467: 1.636967,-2.175384,1.473442,181.6463
657.3689: 1.603091,-2.173742,1.471677,194.2166
657.5911: 1.5767,-2.203639,1.462313,216.1977
657.8134: 1.585464,-2.310734,1.455632,218.5038
658.0356: 1.55681,-2.456636,1.4389,230.7222
658.2578: 1.490915,-2.566322,1.440132,245.7943
658.48: 1.441349,-2.669277,1.461527,255.7081
658.7022: 1.397795,-2.786717,1.462585,262.0991
658.9244: 1.363178,-2.871418,1.471888,265.4052
659.1467: 1.344984,-2.907413,1.472196,268.7351
659.3689: 1.309641,-2.94268,1.464974,270.1036
659.5911: 1.204503,-2.977376,1.451647,270.0374
659.8134: 1.013241,-2.997563,1.420982,272.3049
660.0356: 0.7738647,-3.00384,1.449712,273.1201
660.2578: 0.5751996,-3.025127,1.462539,274.7924
660.48: 0.3717031,-3.056484,1.449871,282.6758
660.7022: 0.1506889,-3.054442,1.468676,292.8618
660.9244: -0.08095738,-2.986678,1.437269,303.9055
661.1467: -0.3119424,-2.876141,1.448338,312.7953
661.3689: -0.5022228,-2.752551,1.45092,321.4463
661.5911: -0.6537843,-2.606925,1.464356,334.0495
661.8134: -0.7484895,-2.415289,1.445219,340.0278
662.0356: -0.8028032,-2.165813,1.452394,337.26
662.2578: -0.8754395,-1.929809,1.464122,331.9055
662.48: -0.9577588,-1.716306,1.454791,328.9918
662.7022: -1.041657,-1.513086,1.461948,323.4348
662.9244: -1.1545,-1.321576,1.446964,311.3414
663.1467: -1.302372,-1.179412,1.45839,300.1595
663.3689: -1.501633,-1.083155,1.435501,298.0862
663.5911: -1.717225,-1.002462,1.463885,302.8468
663.8134: -1.921653,-0.9008735,1.447772,308.2568
664.0356: -2.104605,-0.7874086,1.460706,312.2215
664.2578: -2.263142,-0.6729687,1.467507,323.2166
664.48: -2.405566,-0.5500928,1.46083,342.6014
664.7022: -2.482936,-0.396644,1.468681,358.5279
664.9244: -2.503978,-0.1967993,1.449996,4.179541
665.1467: -2.493172,0.0254392,1.466651,4.822918
665.3689: -2.486775,0.2545417,1.452089,7.745399
665.5911: -2.472796,0.4979482,1.459579,14.43724
665.8134: -2.413515,0.7177474,1.469888,21.53905
666.0356: -2.310665,0.9476594,1.447247,24.42777
666.2578: -2.218208,1.183487,1.475095,19.19192
666.48: -2.154224,1.41401,1.452003,8.420802
666.7022: -2.110492,1.647273,1.470824,5.589354
666.9244: -2.076128,1.864947,1.46604,358.5646
667.1467: -2.075324,2.092954,1.454281,339.4947
667.3689: -2.142128,2.2859,1.46497,318.3085
667.5911: -2.257378,2.448483,1.438247,305.7418
667.8134: -2.375562,2.583381,1.464917,298.4852
668.0356: -2.476539,2.704374,1.473149,292.3304
Trial Result: Success object: Stove | Time Spent: 16.09288
Trial No.:17 Ends
Trial No.:13 Begins
User confirmed on object: Telescope, this maze officially starts.
682.4355: -2.956367,0.02010214,1.502447,84.14375
682.6578: -2.975608,0.01828372,1.510841,87.209
682.88: -3.018058,0.02722004,1.505431,96.81223
683.1022: -3.056754,0.06292169,1.494483,85.87065
683.3245: -3.101247,0.1191312,1.475102,56.5047
683.5467: -3.131436,0.1411108,1.473539,45.52775
683.7689: -3.129735,0.1470179,1.476551,41.84867
683.9911: -3.081087,0.1272182,1.486031,50.2515
684.2134: -3.007649,0.1263797,1.484989,47.7994
684.4355: -2.93341,0.1406285,1.482638,43.7865
684.6578: -2.874468,0.196898,1.475099,39.95678
684.88: -2.823751,0.3148739,1.456188,39.34042
685.1022: -2.773187,0.4568989,1.4715,45.15344
685.3245: -2.695695,0.5634274,1.475843,56.69595
685.5467: -2.58747,0.6494243,1.460271,62.5548
685.7689: -2.44171,0.7225095,1.472678,66.9206
685.9911: -2.310858,0.7922062,1.476553,75.76625
686.2134: -2.183882,0.8747534,1.460861,83.65672
686.4355: -2.057303,0.9773552,1.474043,88.53685
686.6578: -1.967181,1.037345,1.484438,83.25648
686.88: -1.921144,1.076183,1.480491,59.653
687.1022: -1.899789,1.077471,1.482921,37.00262
687.3245: -1.876817,1.081903,1.480197,22.46156
687.5467: -1.850661,1.095327,1.473911,15.10035
687.7689: -1.827116,1.126159,1.469523,11.85128
687.9911: -1.832777,1.210728,1.461213,8.486236
688.2134: -1.888499,1.356451,1.457258,0.9878059
688.4355: -1.910853,1.511131,1.477567,1.471124
688.6578: -1.914721,1.682451,1.463441,357.1144
688.88: -1.905005,1.863163,1.459989,331.8422
689.1022: -1.8982,2.03075,1.476152,317.8862
689.3245: -1.899782,2.199072,1.463551,319.5381
689.5467: -1.900731,2.377181,1.466664,341.51
689.7689: -1.865368,2.50982,1.485352,9.055864
689.9911: -1.794673,2.609348,1.473338,39.09051
690.2134: -1.681042,2.69777,1.458297,60.17758
690.4355: -1.527149,2.806343,1.460508,60.86681
690.6578: -1.363223,2.884385,1.464792,74.72585
690.88: -1.179335,2.97357,1.44811,84.70979
691.1022: -0.9760973,3.056571,1.476954,92.27672
691.3245: -0.7495083,3.084814,1.454453,98.8726
691.5467: -0.4913454,3.081922,1.465682,95.61481
691.7689: -0.2498569,3.103621,1.474845,93.90631
691.9911: -0.007025778,3.135829,1.453432,97.18186
692.2134: 0.233615,3.158214,1.482475,98.9126
692.4355: 0.4776354,3.141247,1.454533,101.1933
692.6578: 0.7453679,3.106173,1.475646,98.88811
692.88: 1.014886,3.098649,1.4691,98.87999
693.1022: 1.302243,3.102978,1.464932,104.6332
693.3245: 1.567538,3.0672,1.47869,114.0511
693.5467: 1.821759,2.983263,1.449568,121.0369
693.7689: 2.045889,2.882912,1.473674,130.01
693.9911: 2.232747,2.770612,1.464954,142.3323
694.2134: 2.384681,2.64257,1.482212,159.3051
694.4355: 2.487005,2.466069,1.461932,172.1535
694.6578: 2.553455,2.225522,1.46683,174.5246
694.88: 2.610166,1.986701,1.479688,178.7089
695.1022: 2.668144,1.742759,1.458545,181.8521
695.3245: 2.726177,1.4831,1.484679,183.0759
695.5467: 2.727585,1.22589,1.463011,186.0326
695.7689: 2.690175,0.9440895,1.469163,185.0394
695.9911: 2.670255,0.6664747,1.473599,185.93
696.2134: 2.660596,0.3784023,1.454185,189.775
696.4355: 2.616259,0.1088239,1.473946,195.6356
696.6578: 2.528061,-0.1492689,1.447571,197.935
696.88: 2.421601,-0.4201959,1.466025,193.938
697.1022: 2.336511,-0.654873,1.447,192.035
697.3245: 2.250048,-0.8852484,1.452396,191.289
697.5467: 2.17057,-1.081604,1.456905,183.6075
697.7689: 2.093232,-1.269983,1.460198,170.3049
Trial Result: Success object: Well | Time Spent: 15.56986
Trial No.:13 Ends
Trial No.:4 Begins
User confirmed on object: Piano, this maze officially starts.
710.88: 1.761679,3.157773,1.503816,175.81
711.1022: 1.783995,3.178773,1.511954,184.7029
711.3245: 1.803822,3.196865,1.50705,196.065
711.5467: 1.822192,3.195046,1.506082,202.6022
711.7689: 1.845711,3.17908,1.506476,200.6766
711.9911: 1.874474,3.159167,1.504748,191.2671
712.2134: 1.91743,3.14001,1.492398,172.3314
712.4355: 1.958652,3.151109,1.485023,145.1451
712.6578: 1.95788,3.133217,1.477568,137.5348
712.88: 1.970535,3.080943,1.47268,136.1297
713.1022: 2.047336,3.020546,1.463662,144.8654
713.3245: 2.174123,2.958359,1.475358,152.0477
713.5467: 2.264946,2.906829,1.487272,159.7721
713.7689: 2.331856,2.871852,1.483817,162.981
713.9911: 2.380569,2.85043,1.476638,163.9378
714.2134: 2.422718,2.804676,1.475231,170.3845
714.4355: 2.47208,2.687605,1.452398,174.5672
714.6578: 2.510385,2.47982,1.451518,179.4354
714.88: 2.535812,2.284077,1.473539,185.017
715.1022: 2.559522,2.082657,1.468998,189.0453
715.3245: 2.597312,1.854921,1.473355,199.9045
715.5467: 2.588781,1.654447,1.488946,219.0469
715.7689: 2.555648,1.458928,1.46721,239.2613
715.9911: 2.532581,1.248763,1.489377,240.8322
716.2134: 2.552544,1.001066,1.469156,220.1734
716.4355: 2.611505,0.7280517,1.473049,201.4527
716.6578: 2.629765,0.4775901,1.483328,198.2726
716.88: 2.607785,0.2209502,1.454961,200.1337
717.1022: 2.56773,-0.0234348,1.473495,203.7844
717.3245: 2.529821,-0.2522565,1.465983,209.5578
717.5467: 2.48406,-0.4829458,1.461216,222.0389
717.7689: 2.401474,-0.6540026,1.480135,224.5231
717.9911: 2.277585,-0.7949045,1.458482,214.7999
718.2134: 2.111476,-0.9030121,1.474829,224.2308
718.4355: 1.97978,-0.9883965,1.479795,242.7535
718.6578: 1.878843,-1.071454,1.471436,258.7068
718.88: 1.776696,-1.127219,1.47798,273.6581
719.1022: 1.642902,-1.156561,1.461266,282.0313
719.3245: 1.457771,-1.145766,1.454109,283.9262
719.5467: 1.253967,-1.1255,1.468632,285.449
719.7689: 1.053733,-1.130864,1.460614,280.058
719.9911: 0.8672971,-1.15949,1.461445,275.0051
720.2134: 0.6841431,-1.157143,1.472365,273.3936
720.4355: 0.4791641,-1.124145,1.44979,272.7628
720.6578: 0.2797393,-1.081025,1.468606,266.2334
720.88: 0.07560848,-1.072166,1.468702,254.7666
721.1022: -0.1424536,-1.096876,1.452552,243.6341
721.3245: -0.3243763,-1.114506,1.468635,230.8467
721.5467: -0.4847381,-1.114812,1.457625,207.3517
721.7689: -0.6558563,-1.084796,1.463113,186.8049
721.9911: -0.8299857,-1.070513,1.468375,189.2767
722.2134: -1.037205,-1.062583,1.454478,222.6623
722.4355: -1.2363,-1.079821,1.457645,247.1848
722.6578: -1.414376,-1.093933,1.477228,257.7685
722.88: -1.593107,-1.094949,1.461995,255.4788
723.1022: -1.769917,-1.064645,1.467444,260.2788
723.3245: -1.923561,-1.057898,1.484285,266.6322
723.5467: -2.05195,-1.067011,1.470635,276.1299
723.7689: -2.142605,-1.055207,1.488781,304.1479
723.9911: -2.172104,-1.021532,1.479371,331.1901
724.2134: -2.185549,-1.002479,1.480438,340.9685
724.4355: -2.21084,-0.9932158,1.481466,343.063
724.6578: -2.267653,-0.973529,1.467463,345.5157
724.88: -2.343853,-0.8981168,1.455004,351.5383
725.1022: -2.399754,-0.7748624,1.456974,357.0993
725.3245: -2.453128,-0.6745571,1.467813,2.770972
725.5467: -2.535316,-0.5600379,1.461544,3.225649
725.7689: -2.635004,-0.4360761,1.464272,7.414471
725.9911: -2.69125,-0.3225017,1.473266,12.42337
726.2134: -2.703153,-0.1992016,1.467052,20.52808
726.4355: -2.679451,-0.04880445,1.452344,23.79133
726.6578: -2.650239,0.1056577,1.470621,26.59194
726.88: -2.637674,0.2537811,1.47054,30.38038
727.1022: -2.627927,0.3992462,1.459055,42.71263
727.3245: -2.615598,0.517548,1.47742,55.42693
727.5467: -2.579673,0.6057267,1.472938,62.89981
727.7689: -2.506869,0.6975429,1.458279,59.04408
727.9911: -2.395157,0.8071694,1.465105,41.47583
728.2134: -2.297752,0.9172428,1.475712,25.37157
728.4355: -2.225562,1.032891,1.466767,22.78898
728.6578: -2.179921,1.17671,1.452192,22.78614
728.88: -2.137913,1.314891,1.470002,18.32596
729.1022: -2.074777,1.442742,1.468082,10.89303
729.3245: -1.986403,1.580327,1.450135,358.0155
729.5467: -1.902402,1.717869,1.47357,341.9228
729.7689: -1.861955,1.842474,1.470448,336.0787
729.9911: -1.872023,1.958278,1.459844,333.8297
730.2134: -1.889044,2.080381,1.475373,342.545
730.4355: -1.87207,2.192105,1.482077,3.106629
730.6578: -1.82747,2.314029,1.468303,18.00617
730.88: -1.73712,2.461591,1.470607,32.24157
731.1022: -1.662972,2.587069,1.475897,51.2449
731.3245: -1.601443,2.711035,1.468842,65.59372
731.5467: -1.554088,2.833759,1.47504,80.17395
731.7689: -1.49508,2.912717,1.477526,92.40299
731.9911: -1.410264,2.957122,1.46811,101.8931
732.2134: -1.278391,2.98388,1.463714,101.6728
732.4355: -1.140049,3.00843,1.474991,98.83826
732.6578: -1.025833,3.027941,1.474795,97.86269
732.88: -0.9123667,3.049731,1.464766,99.64732
733.1022: -0.7653233,3.105143,1.475024,97.78497
733.3245: -0.6225308,3.14841,1.47719,90.99394
733.5467: -0.4863385,3.150086,1.475705,93.0698
733.7689: -0.3710492,3.110745,1.46845,99.03455
733.9911: -0.3055845,3.077853,1.482144,115.1771
734.2134: -0.2718377,3.061182,1.484351,138.4762
734.4355: -0.2497694,3.070999,1.485459,156.2161
734.6578: -0.2243499,3.080423,1.487174,163.9439
734.88: -0.1894188,3.077158,1.485681,166.274
735.1022: -0.1489222,3.029498,1.480497,169.9757
735.3245: -0.1368117,2.914288,1.463521,174.8892
735.5467: -0.1362964,2.749487,1.470689,175.2222
735.7689: -0.1105064,2.591121,1.477314,175.0368
735.9911: -0.06446867,2.41806,1.455618,175.0231
736.2134: 0.008232549,2.221975,1.468932,177.3291
736.4355: 0.04528677,2.040816,1.482064,179.7669
736.6578: 0.04493186,1.855616,1.459547,180.5965
736.88: 0.01976111,1.677918,1.471678,174.4212
737.1022: 0.01078753,1.519716,1.475797,172.5733
737.3245: 0.01219952,1.339551,1.457911,177.5142
737.5467: 0.0149859,1.14794,1.475648,182.1249
737.7689: -0.01606254,0.9692706,1.470875,184.5612
737.9911: -0.07077825,0.7965757,1.457375,182.6288
738.2134: -0.1052082,0.6440064,1.472894,178.5881
738.4355: -0.1063663,0.5034199,1.46285,175.359
738.6578: -0.08104652,0.3533373,1.457298,173.6013
738.88: -0.0648306,0.2049617,1.470363,173.1636
739.1022: -0.07292005,0.06153361,1.466822,170.9784
739.3245: -0.1000725,-0.1035349,1.448425,160.5506
739.5467: -0.1180359,-0.2581495,1.470035,140.4707
739.7689: -0.1060278,-0.3824476,1.467927,123.8737
739.9911: -0.05967379,-0.5058728,1.453138,118.2133
740.2134: 0.003708077,-0.6167079,1.459197,111.2554
740.4355: 0.04700327,-0.6911454,1.470105,100.3317
740.6578: 0.09175812,-0.778833,1.466135,90.74876
Trial Result: Fail at object:  | Time Spent: 30
Trial No.:4 Ends
Trial No.:19 Begins
User confirmed on object: Well, this maze officially starts.
758.0467: 1.54232,-1.955527,1.50297,95.92059
758.2689: 1.55305,-1.978091,1.501,99.90052
758.4911: 1.552463,-1.986148,1.498369,99.15402
758.7134: 1.545792,-1.952803,1.492685,77.09319
758.9355: 1.530389,-1.907165,1.47509,55.99158
759.1578: 1.506624,-1.876704,1.46869,43.78743
759.38: 1.490981,-1.858487,1.468417,27.52051
759.6022: 1.510886,-1.864002,1.468881,19.04778
759.8245: 1.569933,-1.868468,1.46913,20.26497
760.0467: 1.633328,-1.872669,1.464952,20.07769
760.2689: 1.699159,-1.870711,1.455767,23.56583
760.4911: 1.775308,-1.860187,1.463247,45.69843
760.7134: 1.825115,-1.848607,1.46886,86.35069
760.9355: 1.8568,-1.76083,1.475353,102.3031
761.1578: 1.923655,-1.610591,1.471394,76.75676
761.38: 1.995862,-1.46839,1.467192,48.72603
761.6022: 2.10103,-1.35057,1.446791,32.97067
761.8245: 2.216121,-1.240701,1.466542,21.24379
762.0467: 2.304729,-1.11135,1.465792,17.81871
762.2689: 2.364175,-0.9428577,1.461799,18.76795
762.4911: 2.413388,-0.786761,1.477799,17.08197
762.7134: 2.469787,-0.6324241,1.468365,15.8714
762.9355: 2.543852,-0.4696805,1.468192,10.84695
763.1578: 2.591377,-0.323253,1.482296,5.81689
763.38: 2.615485,-0.2037548,1.474238,5.219776
763.6022: 2.619733,-0.1132481,1.481788,7.459146
763.8245: 2.633696,-0.05790893,1.485155,6.730633
764.0467: 2.66144,-0.03278103,1.479028,3.275822
764.2689: 2.698065,0.009018169,1.472264,358.783
764.4911: 2.702193,0.1094881,1.459641,344.2373
764.7134: 2.667896,0.2638129,1.441598,331.5763
764.9355: 2.621558,0.4246002,1.469667,318.8306
765.1578: 2.596905,0.5523633,1.469595,297.2641
765.38: 2.600028,0.7087659,1.463444,275.0882
765.6022: 2.609821,0.8763955,1.484845,264.3864
765.8245: 2.584472,1.017552,1.47892,264.8329
766.0467: 2.539364,1.139221,1.4776,286.5391
766.2689: 2.556041,1.301176,1.47042,330.0773
766.4911: 2.602867,1.467637,1.44513,349.9553
766.7134: 2.656495,1.676369,1.463847,350.8146
766.9355: 2.667127,1.87027,1.469231,347.0176
767.1578: 2.638521,2.055305,1.44893,343.4743
767.38: 2.598594,2.244061,1.466711,332.8384
767.6022: 2.565652,2.435877,1.458807,314.966
767.8245: 2.53738,2.626542,1.452819,292.3095
768.0467: 2.49729,2.755672,1.480014,274.8425
768.2689: 2.451532,2.822299,1.477363,266.0851
768.4911: 2.393549,2.849598,1.474767,271.0906
768.7134: 2.333517,2.882198,1.473601,299.4798
768.9355: 2.21145,2.901052,1.464024,291.3353
769.1578: 2.028066,2.942596,1.439418,277.726
769.38: 1.816902,3.013975,1.465934,267.8639
769.6022: 1.607304,3.05121,1.471922,265.6502
769.8245: 1.385565,3.064459,1.458639,270.2498
770.0467: 1.17255,3.081945,1.478853,269.6297
770.2689: 0.946631,3.1005,1.458017,256.5236
770.4911: 0.7272899,3.111208,1.474848,233.7806
770.7134: 0.5257405,3.10128,1.471842,221.1664
770.9355: 0.2914626,3.089426,1.463424,233.3737
771.1578: 0.06444963,3.097446,1.480588,247.1875
771.38: -0.1729297,3.113546,1.453506,252.4372
771.6022: -0.4076043,3.125146,1.471676,248.9686
771.8245: -0.6137452,3.099272,1.468823,244.9244
772.0467: -0.8236701,3.05257,1.462282,251.6155
772.2689: -1.007115,3.027211,1.480908,256.5424
772.4911: -1.190539,2.995434,1.45851,245.4321
772.7134: -1.346028,2.933582,1.475472,220.2216
772.9355: -1.467296,2.827147,1.465443,205.834
773.1578: -1.564395,2.670288,1.458313,199.8574
773.38: -1.643192,2.524446,1.475412,180.6344
773.6022: -1.727815,2.406702,1.461903,163.2661
773.8245: -1.79458,2.314229,1.469742,145.7614
774.0467: -1.792512,2.25214,1.472849,127.7319
774.2689: -1.752375,2.211268,1.472067,120.9613
Trial Result: Success object: Table | Time Spent: 16.52575
Trial No.:19 Ends
Trial No.:14 Begins
User confirmed on object: Telescope, this maze officially starts.
784.1022: -3.019338,-0.02591622,1.506393,85.77824
784.3245: -3.030849,-0.02370666,1.508924,85.58275
784.5467: -3.042964,-0.02739461,1.506328,88.47762
784.7689: -3.04234,-0.02378764,1.505105,86.51842
784.9911: -3.027829,-0.01189716,1.495222,76.64001
785.2134: -3.028934,-0.01666763,1.47507,60.70216
785.4355: -3.045303,-0.02497404,1.47404,37.19415
785.6578: -3.058062,-0.02741405,1.469452,21.08634
785.88: -3.074954,0.005316278,1.464712,4.306238
786.1022: -3.071619,0.08179579,1.465989,0.4201117
786.3245: -2.997803,0.1831672,1.470903,21.76443
786.5467: -2.880811,0.2969009,1.452494,42.48188
786.7689: -2.726964,0.4170825,1.455174,50.4416
786.9911: -2.608998,0.5566142,1.471649,46.19661
787.2134: -2.491916,0.6959838,1.458568,51.87505
787.4355: -2.363711,0.826224,1.476693,74.67929
787.6578: -2.208737,0.9064312,1.471097,85.08102
787.88: -1.996938,0.9416424,1.450666,88.02817
788.1022: -1.769955,0.9620879,1.474105,88.10342
788.3245: -1.548911,1.001931,1.460315,87.31064
788.5467: -1.302952,1.053872,1.4679,90.79311
788.7689: -1.075162,1.048166,1.477191,91.32545
788.9911: -0.8417144,1.003582,1.450548,91.72295
789.2134: -0.6026605,0.9569043,1.476643,91.02036
789.4355: -0.3653289,0.9461312,1.459972,88.90227
789.6578: -0.1212395,0.9548658,1.47057,91.02877
789.88: 0.08147897,0.9404353,1.482733,91.35429
790.1022: 0.2877795,0.9190027,1.459549,80.61721
790.3245: 0.3932213,0.903555,1.491293,83.17293
790.5467: 0.3961372,0.872281,1.48959,126.7851
790.7689: 0.3358768,0.8982379,1.479455,174.8125
790.9911: 0.3039411,0.9188107,1.479825,191.0239
791.2134: 0.2588506,0.8993379,1.475203,200.6271
791.4355: 0.20861,0.8207617,1.470064,206.4557
791.6578: 0.1453781,0.7205998,1.465451,209.4856
791.88: 0.1037826,0.6124092,1.469576,214.7414
Trial Result: Success object: Wheelbarrow | Time Spent: 8.163048
Trial No.:14 Ends
Trial No.:8 Begins
User confirmed on object: Plant, this maze officially starts.
806.0578: -2.541024,-2.020468,1.501368,273.6105
806.28: -2.523674,-2.0183,1.504334,281.8455
806.5023: -2.515584,-2.008471,1.50248,288.9749
806.7245: -2.514792,-2.009232,1.501636,287.1057
806.9467: -2.522614,-2.018204,1.501091,282.183
807.1689: -2.549809,-1.99641,1.49723,294.3386
807.3911: -2.562209,-1.919785,1.485859,325.3015
807.6133: -2.516284,-1.815096,1.479929,348.6147
807.8356: -2.465096,-1.693476,1.471311,358.4559
808.0578: -2.463526,-1.547403,1.466279,355.2889
808.28: -2.507535,-1.365194,1.446787,355.9211
808.5023: -2.56001,-1.172137,1.474057,358.8048
808.7245: -2.566993,-0.9833741,1.472057,2.527786
808.9467: -2.553186,-0.8008586,1.469645,2.544143
809.1689: -2.562075,-0.623628,1.480441,0.6903494
809.3911: -2.578018,-0.4541805,1.4708,6.624245
809.6133: -2.579015,-0.3563728,1.492251,18.78444
809.8356: -2.552352,-0.3471193,1.493726,45.13892
810.0578: -2.509899,-0.4355009,1.486619,71.96318
810.28: -2.453263,-0.6014023,1.468621,87.19538
810.5023: -2.376453,-0.7385297,1.468522,92.80545
810.7245: -2.25988,-0.8173874,1.457171,90.94828
810.9467: -2.085182,-0.8510495,1.442491,92.03403
811.1689: -1.878064,-0.8774018,1.471171,92.72443
811.3911: -1.676233,-0.9307193,1.463131,92.89444
811.6133: -1.458887,-1.00291,1.460153,90.08043
811.8356: -1.243549,-1.029917,1.472526,79.88696
812.0578: -1.024519,-1.006234,1.450544,68.36991
812.28: -0.8120717,-0.9671601,1.467733,57.98577
812.5023: -0.6079127,-0.9421951,1.462647,52.07188
812.7245: -0.4060417,-0.9481488,1.462106,62.65964
812.9467: -0.232205,-0.9135031,1.480379,64.36781
813.1689: -0.09605147,-0.8616444,1.467071,69.94981
813.3911: 0.03253568,-0.8363286,1.47558,79.72548
813.6133: 0.1997075,-0.849175,1.451868,86.20696
813.8356: 0.4157931,-0.9012988,1.460121,84.173
814.0578: 0.6192867,-0.9264117,1.47329,84.72564
814.28: 0.8141435,-0.9123549,1.450101,85.8531
814.5023: 0.9950358,-0.8729471,1.463422,74.32578
814.7245: 1.141114,-0.8702407,1.474444,64.75304
814.9467: 1.284406,-0.8874871,1.468573,51.83596
Trial Result: Success object: Harp | Time Spent: 9.262276
Trial No.:8 Ends
