Participant ID: 451
Maze Mode: testing
Trial No.:1 Begins
User confirmed on object: Stove, this maze officially starts.
146.8867: -2.674397,2.847902,1.556428,279.3672
147.1089: -2.675505,2.847136,1.557374,278.6138
147.3311: -2.676518,2.84624,1.560578,278.2086
147.5533: -2.678229,2.843626,1.568558,277.4773
147.7756: -2.672938,2.841008,1.585333,276.1611
147.9978: -2.660615,2.838233,1.595335,275.3798
148.22: -2.645566,2.83535,1.597823,275.4529
148.4422: -2.629657,2.831738,1.600131,274.8112
148.6644: -2.623042,2.841911,1.600281,285.6247
148.8867: -2.619006,2.853921,1.597471,297.0115
149.1089: -2.620566,2.860885,1.592215,306.616
149.3311: -2.645621,2.855941,1.588609,332.811
149.5533: -2.669781,2.846684,1.586567,13.6418
149.7756: -2.650822,2.831829,1.578217,44.07823
149.9978: -2.618288,2.819522,1.572797,66.0046
150.22: -2.595955,2.816207,1.564368,80.86304
150.4422: -2.594887,2.839176,1.562891,94.95736
150.6644: -2.601281,2.881641,1.564398,110.3238
150.8867: -2.594923,2.91588,1.558191,122.6505
151.1089: -2.575964,2.928638,1.555543,134.703
151.3311: -2.544111,2.924871,1.549963,143.3309
151.5533: -2.486333,2.906477,1.543054,143.5482
151.7756: -2.392433,2.882711,1.54035,129.9398
151.9978: -2.289848,2.8793,1.553313,109.2351
152.22: -2.187427,2.903123,1.554245,94.76697
152.4422: -2.06736,2.955056,1.541145,91.41433
152.6644: -1.936658,3.024045,1.553914,93.11767
152.8867: -1.828446,3.074672,1.564236,96.38459
153.1089: -1.724545,3.104078,1.561574,98.93879
153.3311: -1.589751,3.113365,1.54919,96.71236
153.5533: -1.423958,3.109601,1.563218,97.1039
153.7756: -1.273312,3.115095,1.575219,97.08205
153.9978: -1.12904,3.126141,1.568218,96.78828
154.22: -0.964946,3.146349,1.557217,99.0775
154.4422: -0.7899906,3.166972,1.575131,101.5352
154.6644: -0.6167226,3.16877,1.580182,101.5038
154.8867: -0.4229422,3.150886,1.558473,100.2309
155.1089: -0.2082435,3.115796,1.577581,100.8651
155.3311: -0.009877807,3.112624,1.586366,100.0549
155.5533: 0.1748741,3.11614,1.566164,99.77325
155.7756: 0.3786832,3.143416,1.577151,98.6487
155.9978: 0.5721817,3.152125,1.591549,95.79259
156.22: 0.7650087,3.133659,1.574089,96.36475
156.4422: 0.9765375,3.08985,1.581855,97.91989
156.6644: 1.184176,3.064642,1.599931,97.91949
156.8867: 1.400684,3.054538,1.582025,100.0005
157.1089: 1.628827,3.049788,1.584166,108.8953
157.3311: 1.839029,3.010301,1.602952,122.6696
157.5533: 2.024846,2.93304,1.576727,133.7927
157.7756: 2.197696,2.815377,1.597194,141.9392
157.9978: 2.340506,2.698369,1.612295,153.2204
158.22: 2.474735,2.574527,1.591663,160.2332
158.4422: 2.598608,2.43468,1.60786,171.7681
158.6644: 2.666473,2.298394,1.614285,186.5752
158.8867: 2.67825,2.155372,1.59611,195.4351
159.1089: 2.64673,1.980292,1.596518,195.9482
159.3311: 2.621035,1.81784,1.62333,191.7303
159.5533: 2.626104,1.69354,1.628225,185.5371
159.7756: 2.655904,1.578029,1.617017,184.0557
159.9978: 2.711761,1.436208,1.629227,185.51
160.22: 2.772214,1.281627,1.638754,183.2211
160.4422: 2.810179,1.151935,1.625908,183.206
160.6644: 2.816552,1.052976,1.614963,183.5302
160.8867: 2.807319,0.918973,1.593584,183.2541
161.1089: 2.784529,0.7321121,1.595111,184.25
161.3311: 2.778427,0.5471231,1.613242,186.6179
161.5533: 2.780818,0.3609235,1.596976,190.2195
161.7756: 2.792629,0.1596383,1.596816,198.6751
161.9978: 2.782478,-0.02860424,1.613193,208.8411
162.22: 2.74416,-0.1957798,1.597108,216.0784
162.4422: 2.670932,-0.3590388,1.586677,225.1535
162.6644: 2.60107,-0.4994547,1.610495,234.2977
162.8867: 2.540903,-0.6255492,1.612146,240.5087
163.1089: 2.487433,-0.7491035,1.615005,247.2819
163.3311: 2.452553,-0.8647573,1.622271,243.2078
163.5533: 2.460703,-0.9552144,1.622862,217.5019
163.7756: 2.47997,-0.9867272,1.624189,206.7596
163.9978: 2.455368,-0.9707522,1.624462,237.8639
164.22: 2.433557,-0.9482509,1.621969,274.332
164.4422: 2.4123,-0.9514579,1.616352,285.1001
164.6644: 2.399023,-0.94603,1.614535,290.2005
164.8867: 2.392442,-0.9405907,1.61759,288.5606
165.1089: 2.381214,-0.9590392,1.618748,272.6624
165.3311: 2.355036,-0.9928388,1.613893,254.9275
165.5533: 2.300426,-1.031938,1.605545,237.8479
165.7756: 2.207303,-1.082813,1.592317,221.1439
165.9978: 2.093663,-1.139186,1.610795,212.1752
166.22: 1.978215,-1.191716,1.625152,227.0687
166.4422: 1.878673,-1.219558,1.616585,255.798
166.6644: 1.783641,-1.234969,1.609419,270.8802
166.8867: 1.653658,-1.224537,1.588419,278.7588
167.1089: 1.469793,-1.177415,1.579854,285.1928
167.3311: 1.279134,-1.127872,1.604468,290.7475
167.5533: 1.091042,-1.10027,1.600099,294.9342
167.7756: 0.8867142,-1.087197,1.57621,300.0782
167.9978: 0.6883841,-1.059264,1.602563,306.7749
168.22: 0.5250739,-0.9945021,1.592715,317.5513
168.4422: 0.3877106,-0.8959953,1.57737,330.0272
168.6644: 0.2794847,-0.7965852,1.591548,345.4182
168.8867: 0.1912066,-0.6978905,1.595558,356.3362
169.1089: 0.1099862,-0.5851353,1.58368,5.123711
169.3311: 0.03445919,-0.4559687,1.589869,12.27288
169.5533: -0.01434251,-0.3205272,1.586874,16.19718
169.7756: -0.02946624,-0.1721595,1.57589,20.06958
169.9978: -0.02129942,0.007519083,1.56802,23.94666
170.22: -0.01583117,0.1604399,1.575415,29.58094
170.4422: -0.01128958,0.3069591,1.569116,36.64587
170.6644: -0.01447052,0.4443961,1.563686,47.87071
170.8867: -0.01698508,0.5785038,1.58388,58.92584
171.1089: -0.0396715,0.6752255,1.585379,49.48217
171.3311: -0.08785154,0.7208366,1.588235,13.10492
171.5533: -0.09241766,0.7415432,1.591172,15.45004
171.7756: -0.05068332,0.7591589,1.586112,48.64937
171.9978: 0.01402537,0.7736079,1.577583,80.31017
172.22: 0.09989776,0.8106678,1.563955,96.33234
172.4422: 0.2086355,0.873013,1.575419,99.49483
172.6644: 0.2938551,0.933081,1.584653,99.9662
172.8867: 0.3246102,0.9714432,1.587267,95.42325
173.1089: 0.3091472,1.00386,1.602609,62.28083
173.3311: 0.2571532,1.025088,1.606193,8.116604
173.5533: 0.1971594,1.008641,1.601884,323.2501
173.7756: 0.1430435,0.9774916,1.597365,293.4579
173.9978: 0.07157034,0.9423645,1.594892,276.2306
174.22: -0.02282661,0.9070592,1.594722,265.885
174.4422: -0.1274163,0.8940598,1.58525,264.7088
174.6644: -0.2223552,0.8986115,1.586369,270.2104
174.8867: -0.3288845,0.9244153,1.578183,276.3763
175.1089: -0.4704066,0.9548346,1.562427,280.3478
175.3311: -0.6395531,0.9846275,1.576919,284.9585
175.5533: -0.796909,0.9990868,1.581623,288.8354
175.7756: -0.9612004,0.9976785,1.567065,291.6774
175.9978: -1.139282,0.9903798,1.566509,300.7193
176.22: -1.287316,1.007957,1.574654,318.3509
176.4422: -1.389449,1.059439,1.566296,343.6381
176.6644: -1.494137,1.132914,1.543934,358.5994
Trial Result: Fail at object:  | Time Spent: 30
Trial No.:1 Ends
Trial No.:9 Begins
User confirmed on object: Bookshelf, this maze officially starts.
208.2756: 1.80037,1.069142,1.62128,182.6
208.4978: 1.80622,1.039315,1.625401,183.3723
208.72: 1.810553,1.021441,1.638327,185.7328
208.9422: 1.812905,1.031478,1.662057,184.1838
209.1644: 1.807111,1.054339,1.665404,184.0962
209.3867: 1.80438,1.077368,1.658157,187.6274
209.6089: 1.810681,1.105852,1.649478,202.0266
209.8311: 1.838774,1.145998,1.640491,212.6551
210.0533: 1.864054,1.175446,1.637602,212.4572
210.2756: 1.857344,1.202638,1.636341,217.1796
210.4978: 1.818383,1.234939,1.629758,245.0806
210.72: 1.794707,1.262365,1.618638,269.0726
210.9422: 1.781211,1.274379,1.619148,290.1297
211.1644: 1.786282,1.259482,1.617732,320.9255
211.3867: 1.816102,1.214292,1.617365,357.22
211.6089: 1.846869,1.166865,1.617942,14.52525
211.8311: 1.856116,1.136911,1.62117,18.1816
212.0533: 1.868951,1.116026,1.62415,26.91747
212.2756: 1.918663,1.098037,1.629259,40.40961
212.4978: 2.025023,1.080922,1.625626,41.89244
212.72: 2.193129,1.072371,1.615959,32.77433
212.9422: 2.356335,1.050116,1.611128,41.86676
213.1644: 2.4288,0.9998826,1.618813,69.79866
213.3867: 2.436821,0.9707776,1.625685,85.81322
213.6089: 2.447793,0.9550153,1.628906,95.27055
213.8311: 2.464821,0.9268497,1.627097,113.4148
214.0533: 2.457944,0.9207025,1.628615,139.9986
214.2756: 2.438928,0.9462627,1.620171,160.9102
214.4978: 2.444473,0.9627445,1.6101,173.7672
214.72: 2.476984,0.9281337,1.610639,180.1858
214.9422: 2.535929,0.8256549,1.595328,182.1306
215.1644: 2.582274,0.6546416,1.600915,183.2061
215.3867: 2.627523,0.4839694,1.618718,187.265
215.6089: 2.691022,0.321444,1.61102,191.7694
215.8311: 2.772177,0.1405843,1.594556,199.7796
216.0533: 2.830099,-0.04527941,1.6185,211.1934
216.2756: 2.83049,-0.2154982,1.606301,222.4241
216.4978: 2.779833,-0.3835053,1.59422,233.1861
216.72: 2.715239,-0.5493727,1.615389,243.7865
216.9422: 2.650305,-0.6837796,1.613831,255.4513
217.1644: 2.576071,-0.8248758,1.601894,269.206
217.3867: 2.498618,-0.945884,1.615303,282.829
217.6089: 2.41314,-1.036909,1.615069,289.3918
217.8311: 2.29762,-1.095518,1.603841,286.7256
218.0533: 2.143895,-1.131369,1.60263,281.4103
218.2756: 1.997754,-1.162303,1.619954,270.0611
218.4978: 1.87933,-1.211913,1.621408,236.6054
218.72: 1.799439,-1.263451,1.605203,198.6616
218.9422: 1.731188,-1.286364,1.616685,173.9197
219.1644: 1.671036,-1.298537,1.615258,159.4579
219.3867: 1.657318,-1.345892,1.60762,143.3268
219.6089: 1.706189,-1.441497,1.589505,130.9879
219.8311: 1.778302,-1.572028,1.594958,128.2737
220.0533: 1.824479,-1.701875,1.60444,126.3009
220.2756: 1.849014,-1.859758,1.590087,125.0756
220.4978: 1.851194,-2.068838,1.587214,126.855
220.72: 1.868338,-2.270264,1.609769,127.788
220.9422: 1.905792,-2.436742,1.603435,128.4107
221.1644: 1.93009,-2.602108,1.608299,165.9314
221.3867: 1.906273,-2.725588,1.625974,218.2859
221.6089: 1.854481,-2.798206,1.615359,255.6921
221.8311: 1.758073,-2.87042,1.594387,271.7821
222.0533: 1.612341,-2.934555,1.593436,284.3284
222.2756: 1.466792,-2.996593,1.604214,296.1848
222.4978: 1.3008,-3.064061,1.588478,302.1962
222.72: 1.103893,-3.151662,1.578644,300.576
222.9422: 0.8987988,-3.216647,1.606426,297.5539
223.1644: 0.7273763,-3.240914,1.599101,298.2565
223.3867: 0.590354,-3.244812,1.604636,303.2117
223.6089: 0.4485366,-3.266702,1.607647,301.298
223.8311: 0.277834,-3.303016,1.585808,295.9719
224.0533: 0.09317036,-3.350133,1.595359,293.3848
224.2756: -0.07147878,-3.369457,1.603745,293.1731
224.4978: -0.2364128,-3.36544,1.588861,293.8965
224.72: -0.4189945,-3.336586,1.579885,297.4015
224.9422: -0.5854132,-3.310127,1.598867,303.6017
225.1644: -0.7295304,-3.283746,1.599355,316.3936
225.3867: -0.8643084,-3.26099,1.591069,344.7775
225.6089: -0.9879995,-3.255354,1.604746,15.98806
225.8311: -1.111516,-3.240084,1.598112,23.55245
226.0533: -1.271157,-3.189413,1.586958,1.693317
226.2756: -1.468381,-3.13147,1.568168,322.201
226.4978: -1.654226,-3.068609,1.587963,305.1826
226.72: -1.834845,-3.010265,1.586478,303.5851
226.9422: -2.0345,-2.958024,1.555597,307.2757
227.1644: -2.228379,-2.894752,1.581773,318.4559
227.3867: -2.363742,-2.800844,1.584491,333.554
227.6089: -2.459145,-2.683559,1.564624,344.8771
227.8311: -2.545413,-2.547803,1.575349,356.9818
228.0533: -2.626627,-2.423253,1.589234,358.1722
228.2756: -2.693143,-2.296297,1.574565,0.5595383
228.4978: -2.770213,-2.14866,1.566799,5.69599
228.72: -2.831177,-1.996777,1.577908,8.704253
228.9422: -2.845106,-1.85987,1.574672,7.555261
229.1644: -2.834691,-1.721267,1.572574,340.0489
229.3867: -2.818369,-1.635348,1.589716,268.2259
229.6089: -2.750285,-1.592428,1.592483,204.9414
229.8311: -2.715765,-1.565847,1.590219,180.792
230.0533: -2.71709,-1.557899,1.598438,180.6622
230.2756: -2.74036,-1.507426,1.605637,221.8015
230.4978: -2.739192,-1.378883,1.598203,295.1403
230.72: -2.699913,-1.268483,1.585263,347.9263
230.9422: -2.708918,-1.145426,1.560126,13.34955
231.1644: -2.723818,-1.003418,1.55188,50.05977
231.3867: -2.731576,-0.8969533,1.565804,88.51282
231.6089: -2.732037,-0.7815063,1.562936,101.1859
231.8311: -2.706174,-0.616968,1.544999,91.16531
232.0533: -2.677115,-0.3976552,1.567034,58.84665
232.2756: -2.661988,-0.203753,1.577545,42.79943
232.4978: -2.655092,0.005595528,1.550911,34.76995
232.72: -2.64668,0.2388951,1.545767,32.48408
232.9422: -2.602961,0.4445552,1.562433,36.313
233.1644: -2.524075,0.6279647,1.548152,43.11868
233.3867: -2.419607,0.8024569,1.556415,52.74373
233.6089: -2.324886,0.9521446,1.575791,68.06552
233.8311: -2.236672,1.07662,1.562411,87.13026
234.0533: -2.157543,1.198608,1.56508,102.62
234.2756: -2.068763,1.326854,1.569488,88.75218
234.4978: -1.982653,1.461209,1.569391,50.97405
234.72: -1.894314,1.573171,1.560294,18.92047
234.9422: -1.813116,1.677814,1.57247,0.2669832
235.1644: -1.780096,1.775723,1.570742,343.2374
235.3867: -1.792282,1.882327,1.55599,327.0862
235.6089: -1.844856,2.004878,1.552982,314.138
235.8311: -1.903177,2.128203,1.566143,307.4491
236.0533: -1.957225,2.244498,1.568914,301.3042
236.2756: -2.001947,2.374814,1.552382,295.2011
236.4978: -2.052816,2.514576,1.563964,291.1232
236.72: -2.11694,2.619545,1.570462,287.1011
236.9422: -2.201159,2.688862,1.562021,283.7373
237.1644: -2.318037,2.74145,1.536837,281.3572
237.3867: -2.448325,2.787727,1.553251,280.4429
Trial Result: Success object: Stove | Time Spent: 29.3625
Trial No.:9 Ends
Trial No.:11 Begins
User confirmed on object: Trashcan, this maze officially starts.
262.6867: 2.332004,1.09733,1.633203,94.03351
262.9089: 2.361578,1.092012,1.646875,92.18179
263.1311: 2.377687,1.078401,1.65807,86.63707
263.3533: 2.392143,1.059084,1.658391,87.87658
263.5756: 2.390176,1.042981,1.654703,96.38327
263.7978: 2.367224,1.020766,1.644153,115.5348
264.02: 2.318764,0.9994843,1.630925,147.6098
264.2422: 2.259799,0.994293,1.61878,178.1784
264.4644: 2.238675,0.990455,1.619207,176.8517
264.6867: 2.205263,0.9669018,1.620118,182.6405
264.9089: 2.16803,0.9589031,1.610074,205.8637
265.1311: 2.18187,0.9798619,1.607826,227.6443
265.3533: 2.23241,1.012244,1.607595,250.3615
265.5756: 2.255229,1.046171,1.609368,274.6249
265.7978: 2.261862,1.094603,1.614993,298.2555
266.02: 2.275666,1.159435,1.616717,323.4814
266.2422: 2.318504,1.201382,1.614451,349.4219
266.4644: 2.36714,1.195246,1.611367,6.156477
266.6867: 2.413997,1.21733,1.61255,11.80547
266.9089: 2.481408,1.280848,1.606943,12.32629
267.1311: 2.577321,1.392665,1.597887,6.562839
267.3533: 2.66454,1.518528,1.611147,355.0252
267.5756: 2.70818,1.663044,1.603121,342.773
267.7978: 2.71771,1.864348,1.562297,335.3349
268.02: 2.688852,2.118276,1.565263,325.7179
268.2422: 2.658633,2.337019,1.583796,311.0292
268.4644: 2.606608,2.556724,1.559731,291.032
268.6867: 2.545319,2.772141,1.569093,264.2997
268.9089: 2.47676,2.916631,1.601393,247.5141
269.1311: 2.425695,2.980309,1.604465,240.6004
269.3533: 2.400004,3.012815,1.601582,239.865
269.5756: 2.392727,3.044431,1.599774,243.8115
269.7978: 2.398125,3.071177,1.59908,252.1982
270.02: 2.417352,3.085544,1.588868,257.4236
270.2422: 2.413217,3.100663,1.585028,258.9786
270.4644: 2.36711,3.114544,1.570541,258.1059
270.6867: 2.279467,3.116282,1.556004,257.616
270.9089: 2.175714,3.104743,1.565842,253.139
271.1311: 2.115996,3.08544,1.586705,237.1797
271.3533: 2.125681,3.06467,1.593261,214.643
271.5756: 2.179557,3.043649,1.591924,186.1138
271.7978: 2.277202,2.989213,1.597858,163.0911
272.02: 2.402827,2.894542,1.588444,159.1584
272.2422: 2.5392,2.756549,1.583509,164.7915
272.4644: 2.639504,2.600764,1.599737,168.4269
272.6867: 2.692846,2.410377,1.583512,174.8782
272.9089: 2.715878,2.196755,1.600396,182.9295
273.1311: 2.750528,1.993644,1.620918,189.9817
273.3533: 2.789743,1.783915,1.592546,201.2231
273.5756: 2.804648,1.600384,1.620482,218.4602
273.7978: 2.783618,1.466508,1.617374,233.5162
274.02: 2.716933,1.34412,1.602494,245.0192
274.2422: 2.646261,1.212891,1.615444,249.8485
274.4644: 2.603337,1.07189,1.629236,235.3147
274.6867: 2.589313,0.9210271,1.605795,225.7785
274.9089: 2.544631,0.8036136,1.615057,239.5983
275.1311: 2.458777,0.7515839,1.612137,258.9145
275.3533: 2.323488,0.7621719,1.593526,268.1393
275.5756: 2.124565,0.8326744,1.57392,268.4506
275.7978: 1.888479,0.9152169,1.605192,264.9305
276.02: 1.644747,0.9473264,1.593807,259.9759
276.2422: 1.361835,0.9429247,1.561969,255.3961
276.4644: 1.085578,0.9334509,1.598742,248.5371
276.6867: 0.8304955,0.9203148,1.576088,239.9631
276.9089: 0.582539,0.8924256,1.576834,224.712
277.1311: 0.3908365,0.8040068,1.591686,208.9742
277.3533: 0.2469346,0.6606189,1.558213,197.2596
277.5756: 0.140451,0.4858351,1.576017,182.6461
277.7978: 0.06730873,0.2953091,1.582216,169.334
278.02: 0.005267045,0.06567967,1.55145,158.5591
278.2422: -0.01713471,-0.1747784,1.583831,143.1125
278.4644: 0.0207837,-0.3837637,1.57549,125.318
278.6867: 0.09478372,-0.5702541,1.573,110.4358
278.9089: 0.1697104,-0.7207921,1.591939,96.0022
279.1311: 0.2568853,-0.8545547,1.58606,80.20867
279.3533: 0.3568398,-0.9909155,1.599554,72.45867
279.5756: 0.4763613,-1.085953,1.607304,82.83763
279.7978: 0.6188169,-1.137388,1.587903,101.5271
280.02: 0.8170966,-1.144553,1.562493,109.9246
280.2422: 1.049948,-1.150574,1.590952,118.2284
280.4644: 1.256573,-1.20295,1.598686,128.8811
280.6867: 1.429584,-1.312399,1.577544,142.992
280.9089: 1.584767,-1.453349,1.602127,161.1248
281.1311: 1.710649,-1.615925,1.601372,175.0922
281.3533: 1.824248,-1.802827,1.587949,178.84
281.5756: 1.91371,-2.011695,1.613079,167.5619
281.7978: 1.973105,-2.230277,1.59423,141.348
282.02: 1.987581,-2.447734,1.600796,124.1576
282.2422: 1.965028,-2.657457,1.627419,152.4891
282.4644: 1.878001,-2.822869,1.606134,213.8004
282.6867: 1.792266,-2.935685,1.610178,260.043
282.9089: 1.675789,-3.02856,1.602306,282.5305
283.1311: 1.500583,-3.090815,1.577904,297.3681
283.3533: 1.291523,-3.148465,1.608599,303.1877
283.5756: 1.068715,-3.218934,1.606305,296.0396
283.7978: 0.8330981,-3.294249,1.585537,289.3652
284.02: 0.5982046,-3.323866,1.608187,291.2121
284.2422: 0.370629,-3.306762,1.578454,292.4117
284.4644: 0.141426,-3.259018,1.591799,291.4494
284.6867: -0.06603,-3.211273,1.604705,291.3608
284.9089: -0.2689565,-3.155904,1.575828,295.0785
285.1311: -0.4672752,-3.086281,1.591046,306.9807
285.3533: -0.6316662,-3.007828,1.59494,323.3595
285.5756: -0.8224777,-2.940389,1.577356,316.5267
285.7978: -1.004736,-2.901687,1.597869,295.61
286.02: -1.196367,-2.891075,1.595706,281.8391
286.2422: -1.386721,-2.900427,1.56231,280.8772
286.4644: -1.607537,-2.918304,1.576833,286.4543
286.6867: -1.825086,-2.903005,1.582114,297.1924
286.9089: -2.026995,-2.843684,1.550687,311.5974
287.1311: -2.209978,-2.743574,1.573956,328.9315
287.3533: -2.385336,-2.591033,1.567893,347.0908
287.5756: -2.54876,-2.406695,1.540834,1.744884
287.7978: -2.666504,-2.196883,1.572575,14.60163
288.02: -2.736873,-1.972416,1.544887,16.95392
288.2422: -2.760994,-1.730777,1.564176,20.65307
288.4644: -2.767788,-1.51681,1.576112,25.2792
288.6867: -2.77448,-1.287086,1.540468,24.0816
288.9089: -2.779678,-1.055575,1.567906,25.3651
289.1311: -2.768998,-0.8458589,1.580689,31.07939
Trial Result: Success object: Telescope | Time Spent: 26.70957
Trial No.:11 Ends
Trial No.:24 Begins
User confirmed on object: Chair, this maze officially starts.
302.3978: 0.8425493,-3.283718,1.641749,0.2531247
302.62: 0.8341535,-3.28869,1.65239,355.9752
302.8422: 0.8329898,-3.281414,1.654559,355.7184
303.0645: 0.8501714,-3.275386,1.652394,1.191576
303.2867: 0.9008849,-3.277073,1.641693,28.2697
303.5089: 0.9467233,-3.28707,1.632056,54.32563
303.7311: 0.9773302,-3.280871,1.625484,61.97337
303.9533: 1.016643,-3.282157,1.624907,72.98833
304.1756: 1.026475,-3.30636,1.62236,103.377
304.3978: 0.9945874,-3.321682,1.615168,146.6741
304.62: 0.9359945,-3.309893,1.609674,194.4533
304.8422: 0.9044283,-3.301387,1.609744,220.4835
305.0645: 0.9397591,-3.329919,1.620818,203.1511
305.2867: 1.058833,-3.340253,1.618653,147.8478
305.5089: 1.182177,-3.276316,1.604491,92.28534
305.7311: 1.303043,-3.169595,1.57917,53.66396
305.9533: 1.451067,-3.039165,1.5782,31.90871
306.1756: 1.58364,-2.920396,1.599097,16.94065
306.3978: 1.711042,-2.784473,1.58906,1.062322
306.62: 1.855571,-2.621977,1.596049,353.5544
306.8422: 1.944605,-2.43416,1.608754,350.6591
307.0645: 1.967559,-2.227218,1.574896,344.7192
307.2867: 1.929973,-1.993365,1.597878,334.3844
307.5089: 1.87445,-1.780472,1.606117,319.738
307.7311: 1.802095,-1.563082,1.57704,306.808
307.9533: 1.694479,-1.364213,1.598552,291.4661
308.1756: 1.544247,-1.239753,1.597805,277.5029
308.3978: 1.346195,-1.161404,1.58459,280.3373
308.62: 1.144282,-1.093273,1.608294,291.0511
308.8422: 0.9026539,-1.022796,1.583399,296.1193
309.0645: 0.6953722,-0.9657819,1.593095,291.3663
309.2867: 0.5137298,-0.932313,1.609202,293.543
309.5089: 0.3659968,-0.9179909,1.592565,304.8488
309.7311: 0.2438096,-0.8962637,1.606423,330.1511
309.9533: 0.1720477,-0.8624133,1.609057,351.9703
310.1756: 0.1235506,-0.8053454,1.599234,0.0279774
310.3978: 0.07863411,-0.6879525,1.581079,3.875643
310.62: 0.05979674,-0.5105424,1.569906,3.169954
310.8422: 0.04952674,-0.326309,1.591178,4.934032
311.0645: 0.02970375,-0.1503317,1.587824,7.389876
311.2867: 0.006608175,0.03942846,1.566021,12.79786
311.5089: 0.007988101,0.219896,1.581429,25.19796
311.7311: 0.05323816,0.3647797,1.580652,41.80824
311.9533: 0.1412723,0.50574,1.556985,56.20042
312.1756: 0.2368884,0.6400489,1.577145,68.11289
312.3978: 0.2879745,0.7338794,1.58279,77.22131
312.62: 0.3123308,0.7947625,1.581614,89.26015
312.8422: 0.3473058,0.8520284,1.575455,93.62274
313.0645: 0.3869397,0.9276035,1.58994,57.46317
313.2867: 0.3641246,0.9831377,1.610096,345.4221
313.5089: 0.3160446,0.9585113,1.595306,285.9657
313.7311: 0.2393411,0.9302998,1.584005,262.4372
313.9533: 0.09991355,0.9034227,1.574205,264.2575
314.1756: -0.05335721,0.8839604,1.58605,271.8956
314.3978: -0.2082642,0.8866387,1.580068,279.2914
314.62: -0.3933748,0.911213,1.554479,282.761
314.8422: -0.5997458,0.9430161,1.57029,284.4758
315.0645: -0.7727382,0.9465221,1.579334,285.4888
315.2867: -0.9434006,0.9336767,1.559303,288.1477
315.5089: -1.116678,0.9249641,1.57431,297.1278
315.7311: -1.252389,0.9617985,1.574614,315.2775
315.9533: -1.361228,1.038392,1.552294,337.3427
316.1756: -1.466278,1.141724,1.553248,354.7462
316.3978: -1.567443,1.232134,1.565262,6.061054
316.62: -1.669983,1.337739,1.558384,15.57568
316.8422: -1.794463,1.467889,1.554322,19.75573
317.0645: -1.886531,1.616393,1.565859,17.85962
317.2867: -1.935011,1.779808,1.545719,0.9333419
317.5089: -1.942948,1.970456,1.540368,337.4761
317.7311: -1.955027,2.145434,1.561911,318.2576
317.9533: -1.98003,2.29027,1.562785,306.6415
318.1756: -1.996749,2.450395,1.557413,326.1581
318.3978: -1.942959,2.606711,1.569978,28.66329
318.62: -1.873706,2.699301,1.556621,71.15128
318.8422: -1.780665,2.793148,1.539996,89.6601
319.0645: -1.643823,2.897844,1.543866,99.26541
319.2867: -1.490535,3.000813,1.56047,98.58424
319.5089: -1.319642,3.088025,1.543527,98.87
319.7311: -1.106241,3.183676,1.552138,102.4263
319.9533: -0.906657,3.217108,1.560843,107.6863
320.1756: -0.6788783,3.185304,1.5375,123.7945
320.3978: -0.4859743,3.134046,1.565868,142.9965
320.62: -0.3058183,3.102639,1.571748,144.6801
320.8422: -0.08730322,3.099435,1.556635,126.2024
321.0645: 0.1406296,3.103033,1.581196,116.0138
321.2867: 0.3570346,3.10161,1.579423,109.4486
321.5089: 0.5813107,3.094981,1.556368,99.5535
321.7311: 0.7990053,3.093757,1.585387,89.80806
321.9533: 1.006117,3.10573,1.581458,89.62685
322.1756: 1.242535,3.127414,1.561149,100.2371
322.3978: 1.488178,3.119982,1.588678,118.5636
322.62: 1.726016,3.069905,1.570814,130.7267
322.8422: 1.967229,2.972466,1.576069,136.759
323.0645: 2.171382,2.857415,1.599978,146.9273
323.2867: 2.355748,2.71715,1.575453,154.42
323.5089: 2.517602,2.560243,1.596918,160.215
323.7311: 2.615438,2.399607,1.598563,158.5331
323.9533: 2.661342,2.177355,1.586583,154.3998
Trial Result: Success object: Trashcan | Time Spent: 21.95074
Trial No.:24 Ends
Trial No.:6 Begins
User confirmed on object: Table, this maze officially starts.
343.42: -2.176357,2.073222,1.608495,91.13641
343.6422: -2.169791,2.074255,1.607865,89.98284
343.8644: -2.162649,2.062849,1.60589,96.49007
344.0867: -2.153827,2.041286,1.602507,107.0561
344.3089: -2.138902,2.00778,1.596762,124.0381
344.5311: -2.137746,1.972226,1.587485,149.5974
344.7533: -2.147881,1.94041,1.574738,177.8113
344.9756: -2.171872,1.881418,1.568246,191.9263
345.1978: -2.227726,1.782959,1.568154,185.585
345.42: -2.294286,1.656569,1.56906,178.9706
345.6422: -2.354512,1.493867,1.558804,176.3789
345.8644: -2.413404,1.308038,1.53604,175.7829
346.0867: -2.472047,1.11803,1.553941,174.4396
346.3089: -2.555147,0.9412013,1.549309,170.3931
346.5311: -2.681887,0.7486979,1.544563,166.1414
346.7533: -2.777313,0.5413805,1.565182,162.4976
346.9756: -2.822957,0.3179755,1.543217,163.1012
347.1978: -2.834591,0.08924877,1.550683,175.743
347.42: -2.835526,-0.1141069,1.573712,180.71
347.6422: -2.836623,-0.326731,1.554592,179.1112
347.8644: -2.841065,-0.5648966,1.568149,170.6448
348.0867: -2.817806,-0.816212,1.570889,161.7936
348.3089: -2.767821,-1.078018,1.539782,154.0517
348.5311: -2.728762,-1.352769,1.573123,153.7085
348.7533: -2.712074,-1.623024,1.552162,154.0247
348.9756: -2.700079,-1.904413,1.555645,147.8815
349.1978: -2.642931,-2.179122,1.576277,138.7278
349.42: -2.53918,-2.4311,1.544519,131.3581
349.6422: -2.40948,-2.647697,1.574189,115.7738
349.8644: -2.257744,-2.834554,1.566627,94.02702
350.0867: -2.083342,-3.002381,1.569488,64.29145
350.3089: -1.896352,-3.107679,1.578373,35.15194
350.5311: -1.671459,-3.174244,1.559789,28.52147
350.7533: -1.396677,-3.237838,1.595724,56.2156
350.9756: -1.135971,-3.287426,1.579458,66.73395
351.1978: -0.871153,-3.33141,1.586372,64.79863
351.42: -0.6126198,-3.334785,1.593953,61.93907
351.6422: -0.3389065,-3.298659,1.559895,56.79478
351.8644: -0.07646547,-3.253058,1.598153,49.56324
352.0867: 0.1663204,-3.211781,1.598132,42.11954
Trial Result: Success object: Chair | Time Spent: 8.928118
Trial No.:6 Ends
Trial No.:14 Begins
User confirmed on object: Telescope, this maze officially starts.
367.5422: -2.971026,0.07822979,1.606704,88.36785
367.7645: -2.981332,0.08115832,1.609571,89.65955
367.9867: -2.989963,0.08146895,1.613931,90.77093
368.2089: -2.977168,0.09432825,1.611411,85.43768
368.4311: -2.946768,0.1519085,1.597023,61.89899
368.6534: -2.91609,0.2553142,1.57773,40.15648
368.8755: -2.889818,0.3889513,1.554781,25.9792
369.0978: -2.832089,0.518436,1.562068,31.05428
369.32: -2.732525,0.6427783,1.546975,42.25365
369.5422: -2.588088,0.7723693,1.5396,54.30535
369.7645: -2.434464,0.9087091,1.563282,74.85923
369.9867: -2.300349,1.072378,1.560772,75.86607
370.2089: -2.189294,1.294086,1.537755,33.71728
370.4311: -2.124732,1.461185,1.560915,335.9282
370.6534: -2.048802,1.550318,1.560026,283.1674
370.8755: -1.928833,1.65689,1.576463,257.5696
371.0978: -1.859223,1.812641,1.585789,276.2538
371.32: -1.814206,2.002037,1.565897,312.6734
371.5422: -1.826542,2.183522,1.534139,315.0692
371.7645: -1.841732,2.365016,1.572056,326.7432
371.9867: -1.797696,2.52183,1.57878,18.86315
372.2089: -1.742561,2.649792,1.551904,52.76785
372.4311: -1.678861,2.780985,1.563351,68.35789
372.6534: -1.598663,2.898956,1.561728,83.61672
372.8755: -1.49022,3.024362,1.537564,93.3624
373.0978: -1.349728,3.146749,1.550747,99.91753
373.32: -1.177619,3.214531,1.549404,105.7797
373.5422: -0.9675798,3.229872,1.529589,106.5731
373.7645: -0.7385329,3.218602,1.565936,107.8478
373.9867: -0.521624,3.202159,1.562654,114.4684
374.2089: -0.2836221,3.201555,1.552957,113.4689
374.4311: -0.04621617,3.199446,1.579495,108.3667
374.6534: 0.190185,3.18397,1.558374,104.155
374.8755: 0.4455954,3.157417,1.577236,95.14735
375.0978: 0.7014122,3.14396,1.593005,92.81322
375.32: 0.9662284,3.148992,1.562073,96.21536
375.5422: 1.243273,3.151205,1.592961,103.1711
375.7645: 1.505982,3.112686,1.582138,114.141
375.9867: 1.755215,3.03423,1.582176,127.0682
376.2089: 1.992415,2.945561,1.60394,138.0896
376.4311: 2.221135,2.829692,1.572184,146.0693
376.6534: 2.411896,2.678792,1.596661,156.872
376.8755: 2.532213,2.501047,1.58787,170.7731
377.0978: 2.600003,2.29016,1.596715,185.4988
377.32: 2.65386,2.083187,1.613567,197.1834
377.5422: 2.697279,1.870638,1.592905,204.2098
377.7645: 2.723492,1.661549,1.610032,212.0492
377.9867: 2.693813,1.48751,1.614373,225.0621
378.2089: 2.632261,1.340437,1.599088,229.8281
378.4311: 2.596134,1.185629,1.619041,210.9048
378.6534: 2.584267,1.035342,1.612734,197.9464
378.8755: 2.561934,0.8829587,1.613427,201.9558
379.0978: 2.483419,0.7973748,1.628613,234.7467
379.32: 2.379441,0.7928541,1.616156,262.4684
379.5422: 2.230283,0.8328669,1.591755,268.0827
379.7645: 2.035092,0.9189794,1.597088,263.9058
379.9867: 1.817931,0.9684399,1.604064,261.1986
380.2089: 1.569215,0.9716586,1.559584,258.229
380.4311: 1.307697,0.9537316,1.583501,249.8697
380.6534: 1.069972,0.9462801,1.586251,241.3331
380.8756: 0.8200469,0.9458684,1.563251,233.6536
381.0978: 0.5909482,0.9097596,1.593236,228.9685
381.32: 0.4066985,0.8073397,1.569745,225.6792
Trial Result: Success object: Wheelbarrow | Time Spent: 14.14885
Trial No.:14 Ends
Trial No.:7 Begins
User confirmed on object: Plant, this maze officially starts.
396.8422: -2.306325,-1.996914,1.620542,266.5178
397.0645: -2.309076,-1.996854,1.621705,264.8277
397.2867: -2.312364,-2.000597,1.620681,260.0068
397.5089: -2.305654,-2.043764,1.607318,228.36
397.7311: -2.293878,-2.111327,1.59001,195.4391
397.9533: -2.289176,-2.215738,1.571666,176.1469
398.1756: -2.290105,-2.308794,1.569829,161.6868
398.3978: -2.323772,-2.322746,1.582877,142.3922
398.62: -2.389045,-2.291798,1.573927,110.8979
398.8422: -2.472127,-2.264738,1.575068,77.41237
399.0645: -2.521472,-2.234047,1.586602,54.14735
399.2867: -2.548602,-2.181526,1.588143,30.96329
399.5089: -2.579463,-2.080593,1.586785,16.52659
399.7311: -2.629044,-1.923443,1.579274,10.19106
399.9533: -2.670883,-1.742945,1.572087,6.948426
400.1756: -2.676079,-1.566285,1.586379,8.881243
400.3978: -2.639675,-1.379702,1.57347,13.51038
400.62: -2.595834,-1.217396,1.580352,32.84814
400.8422: -2.581495,-1.083433,1.574513,63.74998
401.0645: -2.590584,-0.9549164,1.576614,84.69966
401.2867: -2.59615,-0.8677158,1.583637,94.57963
401.5089: -2.582013,-0.8207079,1.57737,98.45652
401.7311: -2.511841,-0.8105481,1.573985,98.17478
401.9533: -2.364444,-0.8582853,1.562503,95.74641
402.1756: -2.146133,-0.9493211,1.561033,91.27615
402.3978: -1.910284,-0.9967308,1.577726,86.77626
402.62: -1.649171,-0.9902409,1.537896,82.5248
402.8422: -1.369922,-0.9465097,1.562855,76.76657
403.0645: -1.108937,-0.9205809,1.57848,69.42899
403.2867: -0.8314121,-0.8981774,1.547236,61.46939
403.5089: -0.5849818,-0.8410997,1.587958,45.72507
403.7311: -0.3974974,-0.7482631,1.568005,33.32911
403.9533: -0.2306136,-0.6762718,1.587474,58.57479
404.1756: -0.1195708,-0.6753496,1.611793,85.88603
404.3978: -0.03908665,-0.6989738,1.598729,92.74561
404.62: 0.05926106,-0.7647474,1.594475,88.93505
404.8422: 0.2003504,-0.8821379,1.576431,83.45123
405.0645: 0.3372133,-0.9956576,1.588978,92.34542
405.2867: 0.4178569,-1.053495,1.592181,99.11085
405.5089: 0.459496,-1.071348,1.600023,97.7589
405.7311: 0.4543922,-1.030099,1.608973,85.48671
405.9533: 0.3782548,-0.9229556,1.614588,50.21154
406.1756: 0.2322906,-0.7961347,1.599033,12.93404
406.3978: 0.08021195,-0.6679971,1.588231,353.3897
406.62: -0.02099016,-0.53447,1.591024,336.8151
406.8422: -0.05262656,-0.3772221,1.580594,325.3655
407.0645: -0.03173272,-0.1746525,1.574412,332.7454
407.2867: -0.02374083,0.0355514,1.60046,348.3406
407.5089: -0.01427986,0.2382728,1.581956,13.04653
407.7311: -0.0006169369,0.4230601,1.579229,43.72224
407.9533: 0.04679902,0.5720136,1.587571,66.78096
408.1756: 0.1445236,0.6974181,1.567066,79.76772
408.3978: 0.3038024,0.8080297,1.577945,89.00537
408.62: 0.4871957,0.903793,1.587622,95.88165
408.8422: 0.7089952,0.9924742,1.560492,96.39693
409.0645: 0.9564832,1.063672,1.582724,96.27578
409.2867: 1.209191,1.08153,1.586527,93.21058
409.5089: 1.477598,1.056278,1.578625,91.05204
409.7311: 1.7329,1.048734,1.605003,90.60403
409.9533: 1.97239,1.060684,1.578869,90.40302
410.1756: 2.207222,1.081961,1.604932,91.85067
410.3978: 2.394274,1.088714,1.622973,92.81721
Trial Result: Success object: Trashcan | Time Spent: 13.94905
Trial No.:7 Ends
Trial No.:22 Begins
User confirmed on object: Mailbox, this maze officially starts.
445.6756: -1.807824,-3.277737,1.6113,2.212795
445.8978: -1.809752,-3.271832,1.617184,1.333625
446.12: -1.814633,-3.274416,1.630818,359.7489
446.3422: -1.812687,-3.271216,1.632344,1.441567
446.5645: -1.794529,-3.251419,1.626661,12.5744
446.7867: -1.752365,-3.232322,1.609685,45.47011
447.0089: -1.72957,-3.237974,1.594838,79.70363
447.2311: -1.72505,-3.240773,1.589805,87.54565
447.4533: -1.70871,-3.240124,1.595469,78.94718
447.6756: -1.637911,-3.250529,1.594766,73.17367
447.8978: -1.484394,-3.296469,1.580221,70.86806
448.12: -1.277895,-3.365091,1.582932,69.00244
448.3422: -1.094645,-3.391762,1.593843,69.1952
448.5645: -0.9315865,-3.373692,1.576208,68.18822
448.7867: -0.7747825,-3.330098,1.57704,67.53766
449.0089: -0.6673506,-3.280333,1.603005,50.5762
449.2311: -0.6716208,-3.231899,1.601073,3.659086
449.4533: -0.7713609,-3.244339,1.59163,305.7571
449.6756: -0.9093184,-3.278984,1.568685,274.2082
449.8978: -1.113575,-3.295585,1.565576,271.7646
450.12: -1.343992,-3.27457,1.578022,280.558
450.3422: -1.598599,-3.213653,1.545147,291.8105
450.5645: -1.856651,-3.118701,1.581543,303.0492
450.7867: -2.107193,-3.019906,1.552506,316.7757
451.0089: -2.349606,-2.890138,1.556473,334.0512
451.2311: -2.51973,-2.727521,1.561695,348.7533
451.4533: -2.619698,-2.524514,1.550171,0.6995704
451.6756: -2.689404,-2.317828,1.577488,9.01113
451.8978: -2.757994,-2.087015,1.550993,11.77212
452.12: -2.807211,-1.832528,1.551772,16.07361
452.3422: -2.786972,-1.594067,1.57417,21.87495
452.5645: -2.724866,-1.374495,1.546805,26.9027
452.7867: -2.639152,-1.190778,1.575393,49.31092
453.0089: -2.582274,-1.04159,1.57521,71.68789
453.2311: -2.546551,-0.8961478,1.56771,82.13729
453.4533: -2.471601,-0.8078819,1.577519,91.19534
453.6756: -2.337681,-0.795051,1.564705,94.54665
453.8978: -2.139962,-0.8586307,1.55824,87.96444
454.12: -1.909696,-0.9390202,1.586822,78.71754
454.3422: -1.650069,-0.9844937,1.560447,72.19236
454.5645: -1.359636,-0.9988865,1.558522,70.77444
454.7867: -1.092472,-1.014575,1.587205,67.45856
455.0089: -0.8188886,-1.03805,1.551819,69.80248
455.2311: -0.5528804,-1.044154,1.589557,70.3712
455.4533: -0.3386102,-1.000681,1.589996,72.69881
455.6756: -0.1705122,-0.9456327,1.575022,78.25854
455.8978: -0.021267,-0.9285961,1.587398,86.48246
456.12: 0.1449214,-0.9582362,1.578467,95.18699
456.3422: 0.3213552,-1.015864,1.595262,100.6404
456.5645: 0.4823177,-1.045162,1.601366,104.5938
456.7867: 0.6801019,-1.043227,1.587788,108.2107
457.0089: 0.9056443,-1.025906,1.575005,114.5277
457.2311: 1.124415,-1.052682,1.598419,125.1408
457.4533: 1.305459,-1.118403,1.582639,140.3146
457.6756: 1.484852,-1.211641,1.600884,162.068
457.8978: 1.614979,-1.277805,1.611701,179.4777
458.12: 1.758216,-1.340359,1.603714,177.6919
458.3422: 1.909329,-1.39399,1.623014,130.2869
458.5645: 2.016862,-1.400944,1.617501,72.02151
458.7867: 2.115156,-1.377587,1.610653,40.97444
459.0089: 2.230683,-1.295343,1.587327,21.61299
459.2311: 2.367828,-1.155137,1.575584,10.4714
459.4533: 2.508629,-1.001468,1.610161,11.84299
459.6756: 2.639285,-0.8261876,1.599871,9.115767
459.8978: 2.773583,-0.6341027,1.602894,0.2612156
460.12: 2.850049,-0.4069983,1.604057,354.428
460.3422: 2.871595,-0.1402228,1.574678,351.37
460.5645: 2.878345,0.1437263,1.613024,350.5399
460.7867: 2.890586,0.4205509,1.589452,350.3317
461.0089: 2.914262,0.730383,1.599163,350.1169
461.2311: 2.906996,1.036413,1.617656,352.4869
461.4533: 2.863928,1.34677,1.572309,350.2676
461.6756: 2.820653,1.652061,1.610633,347.9536
461.8978: 2.78732,1.934061,1.583775,333.9865
462.12: 2.75091,2.210257,1.587187,309.0719
462.3422: 2.667901,2.459334,1.597769,291.7945
462.5645: 2.537444,2.669271,1.563785,281.1293
462.7867: 2.3846,2.838382,1.588921,270.3513
463.0089: 2.208163,2.969038,1.570814,243.4276
463.2311: 2.0106,3.094278,1.58292,226.045
463.4533: 1.762004,3.174931,1.582144,237.0215
463.6756: 1.486039,3.188534,1.548079,242.6574
463.8978: 1.211813,3.175192,1.582011,249.5458
464.12: 0.9458216,3.147204,1.561042,250.1856
464.3422: 0.6636634,3.089655,1.557891,237.8884
464.5645: 0.4365506,2.947619,1.57592,215.1153
464.7867: 0.2665425,2.758484,1.545564,197.7402
465.0089: 0.1317526,2.549949,1.574418,188.2101
465.2311: 0.02570187,2.310269,1.561839,184.584
465.4533: -0.06065117,2.045982,1.579264,179.5703
465.6756: -0.09469131,1.761244,1.561916,179.598
465.8978: -0.07441001,1.454052,1.565353,180.5901
466.12: -0.05792003,1.151878,1.588096,179.3563
466.3422: -0.0511124,0.8486027,1.554824,180.5738
466.5645: -0.04397253,0.5673492,1.586165,185.2103
466.7867: -0.01136072,0.3002095,1.562845,187.6049
467.0089: 0.02125746,0.04112001,1.574567,191.2586
467.2311: 0.008660363,-0.1730383,1.588261,199.2361
467.4533: -0.02825761,-0.366374,1.568763,198.8323
467.6756: -0.0130937,-0.5490712,1.59968,158.2644
467.8978: 0.04882275,-0.6840667,1.58996,120.484
468.12: 0.1576942,-0.8000986,1.5721,107.4338
468.3422: 0.312145,-0.9013702,1.575241,92.57387
468.5645: 0.4807318,-0.980876,1.589127,80.9204
468.7867: 0.6847253,-1.070951,1.577119,87.00233
469.0089: 0.9166594,-1.17265,1.596005,102.5041
469.2311: 1.155559,-1.238026,1.591862,113.5606
469.4533: 1.404945,-1.303735,1.568415,129.4729
469.6756: 1.600044,-1.425874,1.594418,156.4043
469.8978: 1.724159,-1.597603,1.569663,174.5016
470.12: 1.803123,-1.811478,1.592292,187.53
470.3422: 1.859146,-2.030714,1.605734,199.5238
470.5645: 1.901774,-2.250007,1.577152,211.7458
470.7867: 1.961976,-2.468472,1.609528,192.971
471.0089: 2.050572,-2.657488,1.600792,139.2761
471.2311: 2.104076,-2.826749,1.592221,98.835
471.4533: 2.156025,-2.960823,1.615102,71.75345
471.6756: 2.169101,-3.012061,1.603819,39.08702
471.8978: 2.103003,-3.061079,1.604789,355.7596
472.12: 1.997543,-3.129185,1.590588,309.9169
472.3422: 1.854075,-3.170627,1.598097,283.6872
472.5645: 1.647983,-3.188781,1.589859,281.1677
472.7867: 1.39852,-3.206575,1.596852,277.385
473.0089: 1.141653,-3.202424,1.59255,276.1746
473.2311: 0.8649452,-3.174563,1.577179,277.1583
473.4533: 0.5852127,-3.155524,1.606378,282.0942
473.6756: 0.3064294,-3.166659,1.568891,283.1334
473.8978: 0.03957153,-3.178512,1.598031,285.6844
474.12: -0.1789311,-3.144404,1.598081,291.7553
474.3422: -0.3673739,-3.041945,1.572655,310.0455
474.5645: -0.5342911,-2.907511,1.594929,327.553
474.7867: -0.6878484,-2.75167,1.57359,338.2871
475.0089: -0.8164698,-2.566991,1.556971,346.4214
475.2311: -0.8844988,-2.358578,1.543787,352.5609
475.4533: -0.9000375,-2.124681,1.522371,351.5668
Trial Result: Fail at object:  | Time Spent: 30
Trial No.:22 Ends
Trial No.:10 Begins
User confirmed on object: Bookshelf, this maze officially starts.
505.0311: 1.770404,1.015861,1.610827,183.5076
505.2534: 1.759011,1.007966,1.61285,182.1493
505.4756: 1.759311,1.02328,1.636195,180.5118
505.6978: 1.759246,1.042188,1.645809,180.6637
505.92: 1.750154,1.055818,1.645914,188.5671
506.1422: 1.742894,1.081439,1.643169,204.8739
506.3645: 1.772046,1.112944,1.639511,212.9445
506.5867: 1.805776,1.145809,1.624822,227.1701
506.8089: 1.819099,1.187429,1.596258,251.0857
507.0311: 1.835513,1.215531,1.583305,262.5131
507.2534: 1.836976,1.223174,1.593476,261.4832
507.4756: 1.784877,1.212172,1.595252,257.5302
507.6978: 1.658265,1.201573,1.588229,251.1322
507.92: 1.481767,1.206527,1.60003,246.7656
508.1422: 1.310006,1.202799,1.601902,250.1214
508.3645: 1.126348,1.18044,1.574854,257.3932
508.5867: 0.9312553,1.148834,1.566544,272.5112
508.8089: 0.7788625,1.119132,1.595739,274.5165
509.0311: 0.6687722,1.085863,1.601193,252.5274
509.2534: 0.6100913,1.045844,1.614295,208.7041
509.4756: 0.6542304,1.032252,1.602254,135.8131
509.6978: 0.7256001,1.059198,1.592315,86.6804
509.92: 0.8725253,1.067122,1.581607,80.73544
510.1422: 1.070017,1.0757,1.582938,87.81428
510.3645: 1.2694,1.064497,1.583343,87.71294
510.5867: 1.495553,1.025309,1.558167,85.66507
510.8089: 1.738872,1.000079,1.584703,75.12105
511.0311: 1.950459,1.046174,1.591502,51.56775
511.2534: 2.144917,1.132647,1.575643,31.76857
511.4756: 2.322579,1.238708,1.593977,16.31636
511.6978: 2.483778,1.3753,1.580361,355.4694
511.92: 2.640308,1.528225,1.589478,334.9259
512.1422: 2.740931,1.720517,1.589899,324.3801
512.3644: 2.77328,1.953927,1.553947,320.0825
512.5867: 2.747821,2.202274,1.573406,314.8448
512.8089: 2.673265,2.445134,1.560736,303.9328
513.0311: 2.565539,2.679799,1.55538,284.3983
513.2534: 2.39934,2.848043,1.577885,262.5547
513.4756: 2.203799,2.958881,1.552958,245.0827
513.6978: 1.985896,3.062627,1.582757,245.8786
513.92: 1.752436,3.16081,1.568029,250.9854
514.1422: 1.48158,3.266987,1.569542,252.4414
514.3644: 1.197806,3.335561,1.586926,254.6678
514.5867: 0.9007518,3.359479,1.545758,254.7514
514.8089: 0.5977454,3.379397,1.578131,260.3675
515.0311: 0.3107021,3.403532,1.556568,261.3074
515.2534: 0.0145388,3.436347,1.561889,258.6099
515.4756: -0.2492054,3.443668,1.579651,260.1622
515.6978: -0.4772374,3.418931,1.543955,257.8728
515.92: -0.6902324,3.338733,1.530613,253.7906
516.1422: -0.8420818,3.269433,1.562901,248.0241
516.3644: -0.971585,3.22883,1.571189,255.0655
516.5867: -1.127444,3.191613,1.55711,259.9037
516.8089: -1.295487,3.151726,1.566894,255.8166
517.0311: -1.430096,3.097909,1.576977,250.065
517.2534: -1.508448,3.005296,1.566394,218.6296
517.4756: -1.561759,2.897439,1.562691,200.3843
517.6978: -1.628052,2.788139,1.556223,189.946
517.92: -1.695604,2.65098,1.544877,159.8046
518.1422: -1.792501,2.492124,1.556208,147.6021
518.3644: -1.882087,2.285324,1.557988,168.8864
518.5867: -1.934527,2.066765,1.530227,186.8759
518.8089: -1.960401,1.844085,1.55217,193.8762
519.0311: -2.016162,1.651024,1.558288,200.9328
519.2534: -2.098293,1.460761,1.551763,200.5429
519.4756: -2.203997,1.260953,1.556763,189.1598
519.6978: -2.317669,1.076559,1.548365,176.2404
519.92: -2.422374,0.8980325,1.541663,171.5494
520.1422: -2.531135,0.7277349,1.552263,164.953
520.3644: -2.663557,0.563161,1.549746,159.4162
520.5867: -2.78389,0.3866622,1.567809,168.5464
520.8089: -2.844661,0.1972649,1.551027,181.5466
521.0311: -2.842678,-0.01472499,1.558901,180.2783
521.2534: -2.83633,-0.2463671,1.55845,183.1292
521.4756: -2.836064,-0.5063848,1.535669,186.439
521.6978: -2.830837,-0.7803591,1.572342,190.2002
521.92: -2.792089,-1.03873,1.566985,195.594
Trial Result: Success object: Plant | Time Spent: 17.22516
Trial No.:10 Ends
Trial No.:21 Begins
User confirmed on object: Mailbox, this maze officially starts.
543.9756: -1.823918,-2.981956,1.616908,1.138523
544.1978: -1.833986,-2.971012,1.613197,2.617991
544.42: -1.825728,-2.98885,1.611524,8.085534
544.6422: -1.781847,-3.029318,1.602277,26.89133
544.8644: -1.710541,-3.088863,1.588987,53.24641
545.0867: -1.648032,-3.153461,1.57589,67.61098
545.3089: -1.604037,-3.200913,1.579283,73.20374
545.5311: -1.567992,-3.246374,1.576889,75.23464
545.7534: -1.507753,-3.281927,1.575043,76.78531
545.9756: -1.399357,-3.296134,1.559022,76.52541
546.1978: -1.24487,-3.296495,1.547296,75.90766
546.42: -1.107393,-3.308773,1.573685,74.23965
546.6422: -1.021986,-3.316942,1.592643,67.4642
546.8644: -1.012002,-3.274618,1.601603,26.76552
547.0867: -1.121783,-3.245494,1.595776,336.8481
547.3089: -1.304593,-3.260787,1.578148,300.2502
547.5311: -1.522734,-3.276024,1.571011,287.9474
547.7534: -1.72439,-3.241089,1.571612,292.6897
547.9756: -1.920096,-3.147959,1.54654,303.6564
548.1978: -2.102753,-3.025343,1.571484,315.7604
548.42: -2.276466,-2.895978,1.573642,327.6304
548.6422: -2.447909,-2.752797,1.554419,343.382
548.8644: -2.574405,-2.592855,1.567727,359.5242
549.0867: -2.661129,-2.409711,1.543415,7.084569
549.3089: -2.712458,-2.195119,1.566643,7.991273
549.5311: -2.75099,-1.992115,1.575964,10.77057
549.7534: -2.782116,-1.770656,1.548747,21.1519
549.9756: -2.789819,-1.55998,1.564097,45.77703
550.1978: -2.765916,-1.385122,1.571743,65.28915
550.42: -2.725368,-1.201,1.552478,63.30352
550.6422: -2.70135,-0.97005,1.569899,36.5999
550.8644: -2.704458,-0.7394563,1.562669,16.88522
551.0867: -2.721975,-0.4968581,1.536105,9.427307
551.3089: -2.717896,-0.2475726,1.563023,12.2181
551.5311: -2.673136,-0.01255441,1.546492,18.27532
551.7534: -2.588162,0.222409,1.545111,24.82821
551.9756: -2.507665,0.4401582,1.566152,32.39279
552.1978: -2.430023,0.6573601,1.539734,37.38335
552.42: -2.341784,0.8618826,1.547676,59.95656
552.6422: -2.250381,1.010826,1.56248,91.85268
552.8644: -2.148521,1.139195,1.539153,106.9786
553.0867: -2.016039,1.321362,1.557997,77.10387
553.3089: -1.940748,1.53094,1.570032,29.80621
553.5311: -1.887507,1.709369,1.540259,14.87872
553.7534: -1.836789,1.93299,1.543932,17.78669
553.9756: -1.792451,2.115464,1.561789,19.76873
554.1978: -1.729953,2.288071,1.544418,28.14443
554.42: -1.642759,2.451535,1.549937,38.13689
554.6422: -1.571923,2.601283,1.564768,50.12547
554.8644: -1.516675,2.741897,1.554513,64.87767
555.0867: -1.456085,2.875554,1.555371,86.7392
555.3089: -1.372834,2.969033,1.551968,105.49
555.5311: -1.254565,3.029967,1.531896,118.1433
555.7534: -1.127998,3.049575,1.548323,143.1633
555.9756: -1.04627,3.080411,1.561271,195.3572
556.1978: -0.9432715,3.164358,1.557609,244.341
556.42: -0.819917,3.228324,1.572166,256.5674
556.6422: -0.7402354,3.261827,1.57805,254.523
556.8644: -0.6649998,3.228751,1.571345,225.3492
557.0867: -0.5230432,3.165789,1.559829,161.3186
557.3089: -0.3767219,3.101618,1.537244,125.1482
557.5311: -0.2123984,3.00958,1.550484,103.868
557.7534: -0.03727584,2.950701,1.569399,93.16283
557.9756: 0.1626754,2.93455,1.542399,93.01395
558.1978: 0.4098227,2.959529,1.546652,92.8382
558.42: 0.6453391,2.980327,1.579437,86.09709
558.6422: 0.888695,2.977241,1.553048,83.02444
558.8644: 1.172098,2.943818,1.566215,85.27892
559.0867: 1.446535,2.923156,1.586543,96.79291
559.3089: 1.723135,2.90962,1.548846,109.2157
559.5311: 1.997413,2.879896,1.578191,128.1701
559.7534: 2.217697,2.795516,1.585699,146.2189
559.9756: 2.396973,2.670968,1.572782,152.5599
560.1978: 2.55392,2.519783,1.594965,155.5989
560.42: 2.696477,2.331319,1.563144,156.8948
560.6422: 2.814252,2.126754,1.595713,159.0271
560.8644: 2.86845,1.938161,1.610349,157.4375
561.0867: 2.871509,1.719375,1.581918,147.872
561.3089: 2.860491,1.502365,1.62006,135.9191
Trial Result: Success object: Trashcan | Time Spent: 17.5806
Trial No.:21 Ends
Trial No.:4 Begins
User confirmed on object: Piano, this maze officially starts.
579.3422: 1.81203,2.90388,1.625137,186.3154
579.5645: 1.819974,2.911057,1.630477,186.2727
579.7867: 1.837524,2.950279,1.64239,188.7004
580.0089: 1.845304,2.974904,1.645459,190.541
580.2311: 1.836096,2.985783,1.644566,199.4075
580.4534: 1.825745,2.990488,1.6456,209.2013
580.6756: 1.82118,2.973464,1.643773,210.4923
580.8978: 1.86329,2.933681,1.632524,179.0647
581.12: 1.957486,2.919178,1.61542,148.8425
581.3422: 2.092256,2.917717,1.592909,139.2117
581.5645: 2.245893,2.903515,1.579527,141.8157
581.7867: 2.371426,2.832778,1.578504,153.6635
582.0089: 2.468726,2.703062,1.557527,167.4065
582.2311: 2.550937,2.509713,1.573171,179.5151
582.4534: 2.624892,2.309788,1.592846,188.8833
582.6756: 2.68361,2.086587,1.564113,197.8844
582.8978: 2.716517,1.862611,1.595007,207.6226
583.12: 2.682381,1.67144,1.590168,220.9039
583.3422: 2.58286,1.495096,1.58945,233.5222
583.5645: 2.453423,1.330813,1.597725,243.4281
583.7867: 2.291752,1.17501,1.57136,250.3765
584.0089: 2.098188,1.047994,1.594236,259.7742
584.2311: 1.881022,0.9790293,1.574612,267.7267
584.4534: 1.645233,0.9508729,1.58406,269.4919
584.6756: 1.427154,0.9243724,1.599959,268.1147
584.8978: 1.194391,0.8895506,1.572057,264.1932
585.12: 0.9586104,0.8446454,1.588346,253.7311
585.3422: 0.7339149,0.807595,1.579721,244.5811
585.5645: 0.5005124,0.7672983,1.557623,231.5291
585.7867: 0.3024442,0.6694995,1.580349,210.6629
586.0089: 0.1744907,0.5144215,1.563475,193.9723
586.2311: 0.1061002,0.3106881,1.564569,183.3854
586.4534: 0.04432487,0.09571495,1.577962,187.1492
586.6756: -0.01846557,-0.1406862,1.555016,198.8864
586.8978: -0.08978578,-0.3655334,1.584955,208.6421
587.12: -0.168734,-0.5599687,1.582341,222.5303
587.3422: -0.2556056,-0.7268081,1.573559,237.9556
587.5645: -0.3643081,-0.850175,1.583213,252.5384
587.7867: -0.4927874,-0.9254531,1.569239,263.8481
588.0089: -0.6485823,-0.9749884,1.576801,269.7627
588.2311: -0.7996685,-1.016106,1.587763,272.0303
588.4534: -0.9591362,-1.051982,1.577341,272.1461
588.6756: -1.122263,-1.087181,1.569904,270.6097
588.8978: -1.296929,-1.110233,1.581669,259.9792
589.12: -1.485373,-1.108001,1.561441,248.9856
589.3422: -1.702597,-1.074794,1.553563,245.7723
589.5645: -1.920983,-1.031433,1.577301,270.7682
589.7867: -2.109253,-0.9928199,1.572111,303.9571
590.0089: -2.278035,-0.9552173,1.564899,327.8626
590.2311: -2.416922,-0.8672731,1.557508,344.6355
590.4534: -2.522433,-0.7050226,1.536014,353.6216
590.6756: -2.595107,-0.4993273,1.557157,9.566226
590.8978: -2.663149,-0.2908111,1.554921,21.09603
591.12: -2.731865,-0.05938713,1.526276,23.11746
591.3422: -2.750444,0.1745101,1.554003,31.70744
591.5645: -2.704325,0.388613,1.53396,38.89683
591.7867: -2.608713,0.6068756,1.547485,38.68695
592.0089: -2.512018,0.8174237,1.563951,39.86344
592.2311: -2.418084,1.024722,1.531569,35.50695
592.4534: -2.318753,1.219155,1.553936,29.75726
592.6756: -2.213848,1.392566,1.551353,21.48067
592.8978: -2.090031,1.575794,1.544188,10.65139
593.12: -1.989125,1.77951,1.562715,353.1555
593.3422: -1.950533,1.986336,1.541351,326.461
593.5645: -1.936154,2.19503,1.546301,319.7909
593.7867: -1.846085,2.417421,1.568997,2.734096
594.0089: -1.70951,2.604557,1.538076,45.48375
594.2311: -1.547834,2.779089,1.551508,65.84403
594.4534: -1.353756,2.93319,1.55616,79.35578
594.6756: -1.124844,3.063379,1.522134,88.25697
594.8978: -0.8797061,3.144013,1.557848,100.225
595.12: -0.6485145,3.152021,1.537527,123.2291
595.3422: -0.430805,3.118775,1.570881,137.5274
595.5645: -0.1868297,3.092906,1.563626,130.4244
595.7867: 0.09039555,3.070571,1.550687,113.8693
596.0089: 0.3626544,3.0366,1.581933,104.3414
596.2311: 0.6555477,3.003899,1.551417,96.33152
596.4534: 0.9631507,2.970473,1.585562,90.68156
596.6756: 1.261283,2.970591,1.583631,90.23642
596.8978: 1.556754,2.985818,1.563582,99.09931
597.12: 1.830599,2.950371,1.592571,114.7111
597.3422: 2.068993,2.866001,1.562943,132.4551
597.5645: 2.280743,2.744497,1.594468,148.5521
597.7867: 2.467587,2.590808,1.582286,161.3877
598.0089: 2.626326,2.410544,1.579202,172.7863
598.2311: 2.711891,2.200193,1.590092,183.8885
598.4534: 2.737926,1.953733,1.577232,188.5684
598.6756: 2.75422,1.69399,1.610743,188.0748
598.8978: 2.785787,1.431694,1.595071,184.6106
599.12: 2.820345,1.154927,1.600123,184.5434
599.3422: 2.824797,0.8953505,1.620672,185.2823
599.5645: 2.810089,0.6445963,1.592467,186.1899
599.7867: 2.792751,0.3962863,1.62418,188.0367
600.0089: 2.780766,0.1557068,1.599056,193.8297
600.2311: 2.763936,-0.0701335,1.602437,207.6954
600.4534: 2.707479,-0.2638804,1.607797,220.5037
600.6756: 2.608359,-0.4248447,1.590127,228.9245
600.8978: 2.490521,-0.5781082,1.607931,237.3166
601.12: 2.393779,-0.7464002,1.607179,224.9784
601.3422: 2.305701,-0.9340985,1.576465,204.781
601.5645: 2.212196,-1.109654,1.594658,192.6492
601.7867: 2.131469,-1.259682,1.59746,176.3453
602.0089: 2.035931,-1.407925,1.58246,154.0657
602.2311: 1.931981,-1.56386,1.603228,141.1652
602.4534: 1.877652,-1.743737,1.595147,137.5556
602.6756: 1.881903,-1.948433,1.564466,134.0335
602.8978: 1.914105,-2.164295,1.586171,129.392
603.12: 1.959384,-2.368529,1.586617,121.0724
603.3422: 2.018549,-2.570378,1.570731,99.31469
603.5645: 2.100998,-2.728308,1.599386,76.00647
603.7867: 2.174459,-2.809698,1.590911,52.58674
604.0089: 2.170622,-2.846343,1.610381,18.03118
604.2311: 2.101425,-2.914017,1.596925,330.5289
604.4534: 2.004342,-2.992518,1.59753,287.9208
604.6756: 1.870716,-3.050204,1.595826,277.3275
604.8978: 1.671665,-3.096071,1.585448,284.1611
605.12: 1.45465,-3.135071,1.606496,286.2585
605.3422: 1.2387,-3.163027,1.591822,283.8731
605.5645: 1.000961,-3.164504,1.578658,281.8286
605.7867: 0.7480999,-3.160525,1.608274,282.2515
606.0089: 0.4926323,-3.165833,1.586091,281.7983
606.2311: 0.2283157,-3.181151,1.58665,282.7015
606.4534: -0.02611929,-3.171589,1.600245,285.802
606.6756: -0.2759868,-3.134479,1.563024,292.0222
606.8978: -0.4915284,-3.066375,1.589638,308.2087
607.12: -0.6619965,-2.994796,1.591724,325.0511
607.3422: -0.8493284,-2.947521,1.579165,322.7712
607.5645: -1.061689,-2.913769,1.589894,307.0128
607.7867: -1.272197,-2.880721,1.58419,295.6578
608.0089: -1.487181,-2.840614,1.567789,288.8998
608.2311: -1.707829,-2.802727,1.587675,283.1904
608.4534: -1.934703,-2.769773,1.560668,289.6913
608.6756: -2.17765,-2.727912,1.549715,308.1144
608.8978: -2.373921,-2.627751,1.571782,332.7848
609.12: -2.50012,-2.479821,1.551332,347.5845
Trial Result: Fail at object:  | Time Spent: 30
Trial No.:4 Ends
Trial No.:3 Begins
User confirmed on object: Piano, this maze officially starts.
623.6422: 1.74729,3.072281,1.642813,177.6382
623.8644: 1.764398,3.080516,1.6436,179.6173
624.0867: 1.804252,3.098968,1.635602,179.3476
624.3089: 1.864972,3.125359,1.612055,182.8877
624.5311: 1.961105,3.16294,1.601194,166.3445
624.7534: 2.05445,3.196619,1.594047,144.8052
624.9756: 2.148799,3.175855,1.583176,136.8921
625.1978: 2.257777,3.075559,1.562786,139.4489
625.42: 2.359069,2.920162,1.58521,147.6777
625.6422: 2.455167,2.766396,1.59859,156.7407
625.8644: 2.561839,2.591964,1.574621,163.4233
626.0867: 2.676388,2.387337,1.58771,178.3815
626.3089: 2.724636,2.188922,1.597309,191.7843
626.5311: 2.724467,1.976581,1.579708,200.0866
626.7534: 2.710993,1.750018,1.606924,204.3715
626.9756: 2.731658,1.529674,1.611059,202.4776
627.1978: 2.765756,1.303253,1.582232,207.7973
627.42: 2.796439,1.074586,1.60865,210.9695
627.6422: 2.809964,0.8464752,1.590968,206.3344
627.8644: 2.795735,0.5938014,1.591619,198.2538
628.0867: 2.783877,0.3468689,1.61529,194.9734
628.3089: 2.783271,0.09968928,1.583462,198.9467
628.5311: 2.778556,-0.1400289,1.598043,209.6745
628.7534: 2.731969,-0.3321995,1.60817,219.2762
628.9756: 2.64119,-0.5001639,1.586184,226.0259
629.1978: 2.52422,-0.6542126,1.60416,236.2416
629.42: 2.41698,-0.7933983,1.616073,245.2577
629.6422: 2.310628,-0.927134,1.595078,254.2776
629.8644: 2.216004,-1.018036,1.619935,275.0964
630.0867: 2.19103,-1.015404,1.633444,326.8295
630.3089: 2.252305,-0.9876979,1.620736,9.17734
630.5311: 2.348577,-0.9381286,1.617926,22.07961
630.7534: 2.441979,-0.8652366,1.613056,16.8555
630.9756: 2.51184,-0.7895785,1.623372,9.334057
631.1978: 2.546292,-0.7388512,1.624651,2.627854
631.42: 2.533848,-0.7161644,1.626536,336.5656
631.6422: 2.486011,-0.7471271,1.622,295.5357
631.8644: 2.435729,-0.7982236,1.617267,273.5093
632.0867: 2.355369,-0.8715411,1.608383,256.3494
632.3089: 2.24162,-0.9719296,1.597869,237.4645
632.5311: 2.151936,-1.065502,1.60312,199.9691
632.7534: 2.049532,-1.113752,1.599304,177.4268
632.9756: 1.906177,-1.129719,1.593904,166.3448
633.1978: 1.757762,-1.139299,1.60441,158.1867
633.42: 1.670966,-1.193416,1.603752,148.3322
633.6422: 1.660564,-1.320051,1.590575,149.4476
633.8644: 1.721037,-1.508142,1.580306,156.4003
634.0867: 1.786616,-1.715732,1.590151,158.5134
634.3089: 1.831951,-1.95242,1.56004,149.5627
634.5311: 1.860421,-2.239727,1.552784,133.9566
634.7534: 1.905546,-2.461093,1.603317,138.2254
634.9756: 1.93001,-2.638058,1.602625,181.6086
635.1978: 1.943418,-2.758784,1.598439,230.1362
635.42: 1.937035,-2.868169,1.607191,253.903
635.6422: 1.874832,-2.965983,1.597145,267.7629
635.8644: 1.755733,-3.038577,1.584184,280.9474
636.0867: 1.600259,-3.101116,1.594311,292.5474
636.3089: 1.407213,-3.155316,1.588528,296.0162
636.5311: 1.176127,-3.213798,1.564936,292.0962
636.7534: 0.9356617,-3.2502,1.596248,288.4099
636.9756: 0.7002468,-3.247708,1.580139,284.749
637.1978: 0.4489047,-3.212699,1.587662,281.968
637.42: 0.208002,-3.199493,1.605915,281.7574
637.6422: -0.03667486,-3.210985,1.57052,283.888
637.8644: -0.2891426,-3.235454,1.586192,289.8413
638.0867: -0.5306519,-3.232059,1.587421,294.618
638.3089: -0.7766174,-3.195035,1.555661,298.4456
638.5311: -1.006039,-3.15582,1.587443,306.1671
Trial Result: Success object: Mailbox | Time Spent: 15.24873
Trial No.:3 Ends
Trial No.:16 Begins
User confirmed on object: Wheelbarrow, this maze officially starts.
653.6645: 0.1631392,-0.07196461,1.643023,273.4324
653.8867: 0.1579204,-0.07381788,1.641244,274.607
654.1089: 0.1585353,-0.06206023,1.63921,284.3606
654.3311: 0.1676666,-0.05313405,1.637244,289.9408
654.5533: 0.1697119,-0.09976771,1.625771,260.6127
654.7756: 0.1916824,-0.1793437,1.610264,230.0799
654.9978: 0.2311938,-0.2809852,1.598553,208.3022
655.22: 0.2714834,-0.3799939,1.587097,194.8374
655.4423: 0.279619,-0.4503505,1.595298,195.0228
655.6645: 0.2339677,-0.4872708,1.595009,219.1611
655.8867: 0.1643854,-0.5001059,1.584924,249.8948
656.1089: 0.09739517,-0.5289289,1.589369,265.1127
656.3311: 0.02247116,-0.5888982,1.597819,269.405
656.5533: -0.0527542,-0.6596249,1.591133,290.0451
656.7756: -0.08793417,-0.7280733,1.590762,340.3554
656.9978: -0.08389537,-0.7839768,1.597288,14.29316
657.22: -0.07890952,-0.7827344,1.600113,19.68657
657.4423: -0.0416632,-0.7173094,1.597094,11.84123
657.6645: 0.03410774,-0.5923733,1.58606,358.6976
657.8867: 0.08710478,-0.44003,1.599037,349.3161
658.1089: 0.09990049,-0.2544641,1.573418,346.5977
658.3311: 0.06823528,-0.04207102,1.559289,346.5588
658.5533: 0.04686607,0.1521008,1.583417,350.1081
658.7756: 0.06309745,0.3196613,1.58191,17.47753
658.9978: 0.08120495,0.4717128,1.587957,34.178
659.22: 0.08401448,0.5860639,1.600888,56.30037
659.4423: 0.04574491,0.6715766,1.596636,66.25845
659.6645: -0.03819447,0.7726229,1.595708,44.47539
659.8867: -0.09005554,0.8320161,1.598187,63.62377
660.1089: -0.1036226,0.8639341,1.591036,90.68597
660.3311: -0.05552231,0.8888284,1.586485,98.16905
660.5533: 0.06491878,0.9081755,1.575991,98.1097
660.7756: 0.2235599,0.9200063,1.57512,98.66187
660.9978: 0.3704203,0.941195,1.582559,98.58939
661.22: 0.5176246,0.9829741,1.570686,97.13565
661.4423: 0.6977136,1.043556,1.551889,97.57014
661.6645: 0.895473,1.095124,1.572254,97.27808
661.8867: 1.097732,1.103812,1.566401,95.5657
662.1089: 1.326579,1.083712,1.570283,92.46194
662.3311: 1.555454,1.079862,1.59865,90.76874
662.5533: 1.772699,1.104105,1.581153,86.95865
662.7756: 1.988505,1.161867,1.591991,72.11423
662.9978: 2.17569,1.237367,1.600487,41.4414
663.22: 2.353151,1.3173,1.579293,15.22111
663.4423: 2.512665,1.432159,1.59911,353.2602
663.6645: 2.619127,1.608742,1.576091,340.9835
663.8867: 2.665184,1.851834,1.571436,336.4176
664.1089: 2.674984,2.085627,1.588697,325.9196
664.3311: 2.656512,2.321053,1.57189,311.4942
664.5533: 2.60253,2.557383,1.578058,294.9938
664.7756: 2.484598,2.737733,1.583699,276.7345
664.9978: 2.322301,2.864737,1.563783,259.0686
665.22: 2.166345,2.968821,1.585004,240.5363
665.4423: 1.990056,3.093045,1.568953,239.7492
665.6645: 1.789851,3.233538,1.574667,245.4159
665.8867: 1.570616,3.307962,1.584759,249.0066
666.1089: 1.33629,3.323746,1.552469,251.2889
666.3311: 1.093349,3.310147,1.57581,255.8853
666.5533: 0.8742809,3.303851,1.576522,256.813
666.7756: 0.6401677,3.308065,1.557631,256.4379
666.9978: 0.4199295,3.305279,1.58331,255.5782
667.22: 0.2348461,3.286588,1.570477,255.0708
667.4423: 0.06726947,3.257764,1.561156,255.9073
667.6645: -0.06669593,3.24579,1.579781,260.3776
667.8867: -0.133094,3.236061,1.582466,258.6332
668.1089: -0.143547,3.171152,1.584886,221.8509
668.3311: -0.09052637,3.071179,1.57713,184.5355
668.5533: -0.002648911,2.942222,1.55389,172.2217
668.7756: 0.06350049,2.791076,1.564447,172.6676
668.9978: 0.07430384,2.620631,1.556304,176.2744
669.22: 0.03521231,2.414156,1.543521,176.2722
669.4423: 0.001852252,2.214913,1.574486,176.7803
669.6645: 0.0002674684,2.031778,1.568083,180.5827
669.8867: 0.03199838,1.799742,1.550722,184.9461
670.1089: 0.04522598,1.579132,1.577867,192.0995
670.3311: 0.03536333,1.362337,1.557794,193.618
670.5533: 0.001935694,1.120622,1.56059,186.6425
670.7756: -0.01423631,0.8800606,1.583673,182.381
670.9978: 0.0002804995,0.6399018,1.555201,181.3347
671.22: 0.03170953,0.3953258,1.571481,187.0326
671.4423: 0.02672467,0.1738435,1.583404,193.5272
671.6645: -0.01115532,-0.04771093,1.558777,198.4149
671.8867: -0.08060724,-0.2610518,1.58233,207.7103
672.1089: -0.1572376,-0.4489172,1.579736,222.51
672.3311: -0.2392196,-0.632548,1.561302,238.4825
672.5533: -0.3425472,-0.7890158,1.581903,251.1353
672.7756: -0.4629856,-0.9027546,1.572368,253.6145
672.9978: -0.6030293,-0.9809124,1.568804,255.1125
673.22: -0.7103676,-1.094921,1.588145,232.8109
673.4423: -0.7477527,-1.232883,1.581161,194.8114
673.6645: -0.7684215,-1.372784,1.563932,176.8079
673.8867: -0.7852969,-1.522578,1.578359,169.4963
674.1089: -0.8122423,-1.680022,1.574977,167.2961
674.3311: -0.8572222,-1.869515,1.549589,163.9432
674.5533: -0.8972791,-2.083539,1.569407,154.0452
674.7756: -0.883694,-2.269011,1.578229,139.3364
674.9978: -0.8288541,-2.440983,1.55549,125.6203
675.22: -0.7538092,-2.603003,1.563068,111.8736
675.4423: -0.6956066,-2.73746,1.583622,96.9258
675.6645: -0.6489198,-2.873145,1.577941,78.89568
675.8867: -0.5941304,-3.011789,1.595047,69.91694
676.1089: -0.5148231,-3.101058,1.587775,67.62234
676.3311: -0.4310488,-3.130292,1.575043,61.76339
676.5533: -0.3817737,-3.12724,1.587787,47.81644
676.7756: -0.4041093,-3.125561,1.592952,4.215557
676.9978: -0.4867222,-3.16878,1.589107,309.1225
677.22: -0.6064477,-3.212553,1.584514,283.6209
677.4423: -0.8024287,-3.245521,1.55795,283.7799
677.6645: -1.033073,-3.271666,1.572068,287.3419
677.8867: -1.2486,-3.258139,1.570291,289.8336
678.1089: -1.485349,-3.188638,1.544834,295.4736
678.3311: -1.738791,-3.09251,1.580114,300.2349
678.5533: -1.984922,-2.991087,1.566208,301.3251
678.7756: -2.231709,-2.876529,1.555675,304.5854
678.9978: -2.432541,-2.760968,1.587343,306.0987
Trial Result: Success object: Plant | Time Spent: 25.72115
Trial No.:16 Ends
Trial No.:13 Begins
User confirmed on object: Telescope, this maze officially starts.
696.0867: -2.686655,0.07013391,1.612088,90.36803
696.3089: -2.695044,0.05023788,1.617097,94.38103
696.5311: -2.714767,0.01221904,1.614406,105.8377
696.7534: -2.741084,-0.02021182,1.607749,117.5877
696.9756: -2.781308,-0.02219025,1.589621,137.4372
697.1978: -2.842468,0.002750711,1.56598,164.9725
697.42: -2.89073,0.02440436,1.550261,180.6922
697.6422: -2.917865,0.01246483,1.556714,178.7478
697.8644: -2.904344,-0.0386363,1.563446,160.9737
698.0867: -2.856739,-0.04084879,1.577809,106.1714
698.3089: -2.865404,-0.02571864,1.579961,60.24896
698.5311: -2.872408,-0.06972704,1.574371,49.53581
698.7534: -2.876605,-0.1186343,1.572134,42.40692
698.9756: -2.883983,-0.1466344,1.574526,28.27068
699.1978: -2.881359,-0.150201,1.574022,24.72982
699.42: -2.879742,-0.1237083,1.572886,24.72844
699.6422: -2.865726,-0.07308152,1.570053,20.87806
699.8644: -2.850577,0.04096647,1.563052,23.87022
700.0867: -2.85367,0.2334569,1.544524,32.13292
700.3089: -2.830525,0.439713,1.556379,42.08741
700.5311: -2.755596,0.609663,1.54049,47.76339
700.7534: -2.620404,0.7429998,1.532012,56.23399
700.9756: -2.472845,0.8483611,1.556664,71.79154
701.1978: -2.328574,0.9525851,1.555745,82.44539
701.42: -2.181301,1.084551,1.552636,86.74065
701.6422: -2.038466,1.207305,1.566369,86.85342
701.8644: -1.91416,1.335384,1.559943,61.87904
702.0867: -1.838489,1.46319,1.561157,29.65412
702.3089: -1.810094,1.613706,1.550827,7.899342
702.5311: -1.829934,1.785034,1.54108,348.7055
702.7534: -1.855032,1.956663,1.55468,326.3036
702.9756: -1.849511,2.136235,1.55089,308.598
703.1978: -1.780022,2.352456,1.558103,327.4507
703.42: -1.681345,2.552495,1.568085,24.02347
703.6422: -1.604309,2.721251,1.544062,62.39663
703.8644: -1.531551,2.895417,1.547081,83.77111
704.0867: -1.417166,3.024777,1.549699,99.32607
704.3089: -1.242667,3.099357,1.521637,107.5825
704.5311: -1.015456,3.133696,1.544489,109.8701
704.7534: -0.8039919,3.158778,1.559525,113.7114
704.9756: -0.5898956,3.178219,1.535772,125.8533
705.1978: -0.3794855,3.19714,1.555566,135.6523
705.42: -0.1758753,3.190823,1.567988,130.308
705.6422: 0.05510087,3.156503,1.548797,114.7193
705.8644: 0.3041391,3.110074,1.581766,104.7831
706.0867: 0.5612934,3.09067,1.569567,99.30069
706.3089: 0.8378167,3.105085,1.558346,99.40899
706.5311: 1.101928,3.101424,1.588285,100.1116
706.7534: 1.370728,3.07042,1.557739,104.8279
706.9756: 1.658007,2.999845,1.577686,113.1148
707.1978: 1.929295,2.928322,1.589524,126.6867
707.42: 2.159769,2.85503,1.567138,142.0565
707.6422: 2.350528,2.742326,1.596829,155.2572
707.8644: 2.483572,2.589293,1.579304,167.8932
708.0867: 2.578454,2.399702,1.596657,182.6551
708.3089: 2.65291,2.205266,1.603002,193.5051
708.5311: 2.725678,1.994862,1.583104,200.0654
708.7534: 2.773404,1.782807,1.608306,200.3252
708.9756: 2.776148,1.579811,1.604517,199.4077
709.1978: 2.723948,1.403468,1.600411,213.9409
709.42: 2.660336,1.242783,1.61625,235.5508
709.6422: 2.578468,1.102822,1.608233,250.4861
709.8644: 2.443653,1.016525,1.599525,260.6041
710.0867: 2.245675,0.9864091,1.57373,264.8881
710.3089: 1.998387,0.9860011,1.598843,263.132
710.5311: 1.744087,0.9839863,1.591408,261.271
710.7534: 1.464928,0.9706203,1.562335,259.8726
710.9756: 1.184801,0.9584767,1.59151,250.9831
711.1978: 0.9185337,0.9559664,1.561897,238.7744
711.42: 0.651737,0.9455038,1.571392,224.7816
711.6422: 0.4342996,0.8633496,1.577091,208.9551
711.8644: 0.2643278,0.7115685,1.550977,195.0408
712.0867: 0.1286421,0.53724,1.576008,180.2884
712.3089: 0.0200034,0.3319518,1.563002,170.4185
712.5311: -0.06863958,0.1072389,1.565759,155.9941
712.7534: -0.08133297,-0.1362702,1.56439,139.7739
712.9756: -0.03922432,-0.37229,1.551224,129.3193
713.1978: 0.001642985,-0.5683511,1.581036,116.2239
713.42: 0.04649111,-0.7336349,1.572417,98.80667
713.6422: 0.09057131,-0.8761823,1.592724,82.63666
713.8644: 0.1477789,-0.9731902,1.596652,75.12965
714.0867: 0.2176278,-1.031799,1.59086,81.41067
714.3089: 0.327948,-1.051765,1.57962,100.1791
714.5311: 0.5021963,-1.011824,1.576733,108.2359
714.7534: 0.7210456,-0.9921359,1.594972,113.2226
714.9756: 0.9193963,-1.024961,1.579591,117.9854
715.1978: 1.148292,-1.121722,1.577008,120.8245
715.42: 1.336293,-1.215549,1.604761,124.602
715.6422: 1.512104,-1.306762,1.591021,127.7087
715.8644: 1.685713,-1.398536,1.597068,129.739
716.0867: 1.814909,-1.488325,1.618798,130.9666
716.3089: 1.895505,-1.585819,1.611974,126.8597
Trial Result: Success object: Well | Time Spent: 20.46824
Trial No.:13 Ends
Trial No.:17 Begins
User confirmed on object: Harp, this maze officially starts.
729.5533: 1.744935,-1.04158,1.659813,353.9073
729.7756: 1.751895,-1.02069,1.659232,2.884839
729.9978: 1.748692,-1.03491,1.654794,21.20175
730.22: 1.714247,-1.080126,1.647474,27.47516
730.4423: 1.684444,-1.136098,1.623814,37.44044
730.6645: 1.677918,-1.187422,1.614285,53.25223
730.8867: 1.703539,-1.224727,1.612301,68.46955
731.1089: 1.74353,-1.218359,1.629456,55.09317
731.3311: 1.745757,-1.191167,1.633007,7.349643
731.5533: 1.712429,-1.20119,1.626687,315.9814
731.7756: 1.666243,-1.228123,1.617865,282.662
731.9978: 1.571637,-1.237322,1.602369,275.1198
732.22: 1.415446,-1.238765,1.586054,283.9142
732.4423: 1.250838,-1.213763,1.599478,292.4104
732.6645: 1.075771,-1.146072,1.583695,297.5442
732.8867: 0.8828804,-1.033768,1.576221,299.2382
733.1089: 0.6910298,-0.9451798,1.594922,303.5208
733.3311: 0.4900597,-0.8787417,1.574798,311.8201
733.5533: 0.3194174,-0.8012015,1.582519,330.0002
733.7756: 0.2123261,-0.6790755,1.573149,347.1124
733.9978: 0.1477263,-0.4940988,1.548725,358.4417
734.22: 0.1047486,-0.2757931,1.573832,2.741947
734.4423: 0.05939364,-0.07687412,1.586153,5.586467
734.6645: 0.009747932,0.1244332,1.553757,14.3864
734.8867: -0.02016307,0.3127809,1.578255,23.01447
735.1089: -0.06196572,0.4993596,1.587276,355.6628
735.3311: -0.1075586,0.6539176,1.57832,315.0125
735.5533: -0.1679586,0.7718809,1.579901,284.6679
735.7756: -0.2609467,0.8501825,1.563464,269.188
735.9978: -0.3467567,0.8841733,1.57013,261.0877
736.22: -0.3757437,0.8868701,1.580876,229.1387
736.4423: -0.3109671,0.9102641,1.58271,163.7279
736.6645: -0.2071993,0.9745326,1.577263,115.8529
736.8867: -0.06412095,1.014691,1.564787,97.43935
737.1089: 0.1595542,1.02964,1.555214,94.38546
737.3311: 0.3940519,1.016127,1.578448,98.43609
737.5533: 0.6350182,0.9824326,1.553733,102.1213
737.7756: 0.8946311,0.9316987,1.575594,96.93483
737.9978: 1.137957,0.9200491,1.602027,88.22784
738.22: 1.395586,0.9304011,1.567082,84.33511
738.4423: 1.653441,0.9543207,1.600976,80.38849
738.6645: 1.907895,0.9925025,1.582344,63.58966
738.8867: 2.172913,1.058393,1.587499,36.1434
739.1089: 2.365887,1.183006,1.600195,13.15441
739.3311: 2.498504,1.355063,1.572264,355.0793
739.5533: 2.605778,1.539585,1.599818,346.6777
739.7756: 2.702685,1.769952,1.58281,341.26
739.9978: 2.793103,2.020545,1.578816,331.7106
740.22: 2.798206,2.266351,1.595946,316.1195
740.4423: 2.729403,2.483445,1.566593,300.7991
740.6645: 2.625433,2.682536,1.590036,290.8645
740.8867: 2.503556,2.858349,1.580332,277.1597
741.1089: 2.365349,3.019805,1.572728,249.5301
741.3311: 2.212732,3.118953,1.592029,229.4517
741.5533: 2.014347,3.182615,1.567624,230.9957
741.7756: 1.789794,3.223523,1.589369,241.9302
741.9978: 1.575928,3.246956,1.593353,251.7418
742.22: 1.349132,3.262963,1.572305,255.2458
742.4423: 1.123972,3.253533,1.590929,258.0549
742.6645: 0.9167194,3.213147,1.579153,262.0303
742.8867: 0.7221336,3.143019,1.575284,261.9333
743.1089: 0.5503635,3.077581,1.58993,260.1941
743.3311: 0.3942673,2.999166,1.578388,249.2995
743.5533: 0.2587262,2.895955,1.579424,217.4707
743.7756: 0.1516525,2.766757,1.580875,191.4867
743.9978: 0.07962612,2.609287,1.562317,175.0763
744.22: 0.03066066,2.422183,1.569207,174.0398
744.4423: -0.01250836,2.24025,1.580021,177.293
744.6645: -0.04942564,2.041736,1.555114,180.0094
744.8867: -0.0916742,1.828081,1.57172,180.644
745.1089: -0.1121574,1.634943,1.586108,191.5738
745.3311: -0.1195414,1.462741,1.56726,213.9909
745.5533: -0.116742,1.319545,1.580375,233.8728
745.7756: -0.1170452,1.233325,1.586005,240.6234
745.9978: -0.152147,1.187592,1.582688,247.5149
746.22: -0.2343332,1.160256,1.573413,259.0438
746.4423: -0.3506372,1.147829,1.57057,267.8838
746.6645: -0.4694886,1.136071,1.580412,269.7064
746.8867: -0.5882404,1.127737,1.576678,272.4239
747.1089: -0.7242128,1.116272,1.560144,276.3795
747.3311: -0.8803492,1.098386,1.565392,280.9826
747.5533: -1.029732,1.097981,1.576974,279.6694
747.7756: -1.182273,1.117552,1.570248,275.7772
747.9978: -1.344117,1.154976,1.559291,266.352
748.22: -1.503603,1.173182,1.572686,251.1764
748.4423: -1.65704,1.152255,1.55882,234.9229
748.6645: -1.819725,1.089888,1.531426,223.2883
748.8867: -1.988373,1.01371,1.545243,214.8798
749.1089: -2.141605,0.9474505,1.548707,205.8676
749.3311: -2.305326,0.8811709,1.531795,192.5008
749.5533: -2.466711,0.8026475,1.551419,179.1302
749.7756: -2.572267,0.697222,1.548828,162.2221
749.9978: -2.643933,0.5609922,1.526832,147.1384
750.22: -2.699711,0.3775653,1.544481,145.4616
750.4423: -2.763041,0.180161,1.554766,149.7565
750.6645: -2.843406,-0.03225099,1.536799,153.2128
750.8867: -2.90346,-0.2430132,1.557444,155.5412
751.1089: -2.905101,-0.4447848,1.55008,154.1607
751.3311: -2.881212,-0.6577475,1.536563,171.9574
751.5533: -2.852968,-0.86209,1.563183,188.0846
751.7756: -2.834162,-1.076273,1.547661,187.7311
751.9978: -2.842864,-1.327535,1.54861,176.524
752.22: -2.843945,-1.57401,1.573794,165.2399
752.4423: -2.820951,-1.826724,1.543953,155.3161
752.6645: -2.766358,-2.086542,1.556158,143.7542
752.8867: -2.707146,-2.322386,1.56595,126.6741
753.1089: -2.638225,-2.563598,1.536027,103.2998
753.3311: -2.546049,-2.775909,1.564438,78.50212
753.5533: -2.401456,-2.936879,1.557501,66.53874
753.7756: -2.219256,-3.055762,1.556442,63.16027
753.9978: -2.032181,-3.167518,1.572969,65.91801
754.22: -1.826587,-3.281277,1.556824,65.79221
754.4423: -1.609514,-3.365753,1.579028,68.00153
754.6645: -1.396681,-3.39552,1.567437,68.89317
754.8867: -1.175007,-3.387938,1.559181,68.74435
755.1089: -0.9799677,-3.383681,1.582552,65.98526
755.3311: -0.7958123,-3.391355,1.575297,65.9193
755.5533: -0.597949,-3.410338,1.581446,67.03955
755.7756: -0.4085181,-3.410936,1.594173,69.61329
755.9978: -0.2102177,-3.388499,1.575178,71.89682
756.22: 0.01172007,-3.340397,1.576817,74.48443
756.4423: 0.2180305,-3.30998,1.599287,75.41099
756.6645: 0.4078978,-3.30273,1.589355,75.06208
756.8867: 0.5995297,-3.315128,1.595407,68.96765
757.1089: 0.7726617,-3.301336,1.612479,60.45545
757.3311: 0.9338568,-3.262451,1.598803,56.67601
757.5533: 1.102555,-3.204366,1.59059,59.61363
757.7756: 1.275444,-3.129814,1.607106,53.41583
757.9978: 1.431664,-3.040677,1.604571,31.89407
758.22: 1.568113,-2.95292,1.600415,8.047269
758.4423: 1.674074,-2.821597,1.598716,354.4498
758.6645: 1.741069,-2.629083,1.568796,351.2422
758.8867: 1.777733,-2.406462,1.592449,350.9344
759.1089: 1.810785,-2.210479,1.601404,346.1732
759.3311: 1.848267,-1.995926,1.576753,333.1968
Trial Result: Fail at object:  | Time Spent: 30
Trial No.:17 Ends
Trial No.:23 Begins
User confirmed on object: Chair, this maze officially starts.
778.3755: 0.7809212,-3.018011,1.648979,3.133432
778.5978: 0.7858559,-3.008022,1.647899,13.74321
778.82: 0.8121376,-3.030693,1.64276,30.76743
779.0422: 0.8615541,-3.078903,1.625415,47.4564
779.2645: 0.9017706,-3.146148,1.601938,60.88265
779.4867: 0.907619,-3.190876,1.603574,59.05009
779.7089: 0.8551337,-3.190676,1.610161,28.65107
779.9312: 0.7326035,-3.201391,1.601626,335.4194
780.1534: 0.600552,-3.239527,1.59185,300.0631
780.3755: 0.4663101,-3.269382,1.585866,289.8328
780.5978: 0.3298761,-3.278814,1.592764,284.321
780.82: 0.1725027,-3.25104,1.57704,282.9485
781.0422: -0.02306258,-3.178667,1.55329,281.1631
781.2645: -0.2405626,-3.105698,1.583089,274.743
781.4867: -0.4665134,-3.094846,1.582524,271.6196
781.7089: -0.7369967,-3.13521,1.535708,271.8618
781.9312: -1.009639,-3.171419,1.579254,274.0734
782.1534: -1.267815,-3.159364,1.567475,280.5161
782.3755: -1.545316,-3.089825,1.56287,289.5385
782.5978: -1.803943,-3.010252,1.581731,303.8882
782.82: -2.076075,-2.921913,1.533545,317.9727
783.0422: -2.317583,-2.788016,1.56221,339.6664
783.2645: -2.478516,-2.59302,1.546742,358.2898
783.4867: -2.583218,-2.341176,1.551491,5.28563
783.7089: -2.672376,-2.083338,1.570072,9.265407
783.9312: -2.756203,-1.803547,1.536888,11.7476
784.1534: -2.799016,-1.521458,1.569401,16.19154
784.3755: -2.808032,-1.223269,1.53658,15.60603
784.5978: -2.793476,-0.9226155,1.564312,12.19631
784.82: -2.806566,-0.6340454,1.560286,13.3816
785.0422: -2.837084,-0.3663822,1.537839,18.54776
785.2645: -2.835116,-0.09724349,1.566184,26.35491
785.4867: -2.786297,0.1582832,1.529227,34.80682
785.7089: -2.689767,0.4192088,1.560785,39.59417
785.9312: -2.588127,0.6406915,1.55868,48.72
786.1534: -2.472884,0.8329965,1.543448,71.0082
786.3755: -2.348052,0.9808864,1.562284,95.52101
786.5978: -2.213624,1.10756,1.542132,98.72683
786.82: -2.063237,1.255389,1.561941,68.14677
787.0422: -1.956637,1.410238,1.572121,43.23059
787.2645: -1.892195,1.577304,1.547958,22.14042
787.4867: -1.861892,1.773336,1.541529,359.3525
787.7089: -1.841468,1.957591,1.560617,334.6489
787.9312: -1.824769,2.145148,1.552279,311.9565
788.1534: -1.781656,2.356668,1.555142,314.1121
788.3755: -1.721178,2.582346,1.57016,0.4010857
788.5978: -1.650572,2.767226,1.54788,43.56841
788.82: -1.585005,2.925782,1.542541,79.61525
789.0422: -1.483361,3.04522,1.545962,102.7665
789.2645: -1.313817,3.14021,1.521507,109.1174
789.4867: -1.089716,3.211113,1.548066,105.7551
789.7089: -0.8624771,3.258979,1.559506,104.1725
789.9312: -0.6051921,3.301427,1.52917,105.2794
790.1534: -0.3391823,3.327048,1.565106,105.7403
790.3755: -0.07907839,3.317865,1.549344,108.1417
790.5978: 0.1974702,3.284031,1.561918,109.2598
790.82: 0.4686787,3.266333,1.580268,112.8867
791.0422: 0.7344285,3.258132,1.54717,120.3136
791.2645: 0.9808664,3.227715,1.587687,130.7518
791.4867: 1.179252,3.155414,1.574409,139.0303
Trial Result: Success object: Piano | Time Spent: 13.51608
Trial No.:23 Ends
Trial No.:20 Begins
User confirmed on object: Well, this maze officially starts.
807.4978: 1.778945,-2.063606,1.624925,86.98954
807.72: 1.774461,-2.063155,1.640409,85.50076
807.9423: 1.758945,-2.067132,1.655154,88.9686
808.1645: 1.753172,-2.071897,1.655192,97.47495
808.3867: 1.75584,-2.09364,1.651387,113.6038
808.6089: 1.734592,-2.160651,1.632975,141.8035
808.8311: 1.696429,-2.227551,1.628519,151.675
809.0533: 1.706349,-2.238703,1.627748,114.982
809.2756: 1.70994,-2.180215,1.619353,68.21406
809.4978: 1.714509,-2.104641,1.610173,42.93304
809.72: 1.715126,-1.985713,1.605515,17.34059
809.9423: 1.730414,-1.865328,1.605122,3.631879
810.1645: 1.775215,-1.75019,1.603603,356.1734
810.3867: 1.866454,-1.627639,1.597081,351.3634
810.6089: 2.000252,-1.488479,1.601689,355.4575
810.8311: 2.117675,-1.33497,1.608994,2.002203
811.0533: 2.224574,-1.151792,1.574957,7.674483
811.2756: 2.33127,-0.9364966,1.596036,14.56067
811.4978: 2.441419,-0.7383852,1.604437,16.90919
811.72: 2.565767,-0.5198524,1.578267,14.42392
811.9423: 2.680302,-0.2860578,1.612286,3.963245
812.1645: 2.742582,-0.05275045,1.609233,354.0326
812.3867: 2.772755,0.1833049,1.594463,348.7596
812.6089: 2.810035,0.4109026,1.61831,347.9417
812.8311: 2.855017,0.6431648,1.588856,346.2202
813.0533: 2.908965,0.8967721,1.598105,343.3836
813.2756: 2.923427,1.154665,1.613356,342.8843
813.4978: 2.90372,1.39947,1.577713,342.5998
813.72: 2.880217,1.627445,1.600776,342.42
813.9423: 2.872497,1.839803,1.597871,336.4153
814.1645: 2.878015,2.067941,1.579167,321.9913
814.3867: 2.861002,2.28958,1.604734,305.9788
814.6089: 2.791814,2.471935,1.592554,293.9963
814.8311: 2.678574,2.624773,1.572564,288.9088
815.0533: 2.556439,2.755041,1.591661,282.0155
815.2756: 2.43954,2.853283,1.589917,259.0192
815.4978: 2.317686,2.965576,1.588354,240.72
815.72: 2.186077,3.036857,1.59904,228.0889
815.9423: 2.080128,3.036527,1.587557,211.9353
Trial Result: Success object: Piano | Time Spent: 8.807266
Trial No.:20 Ends
Trial No.:15 Begins
User confirmed on object: Wheelbarrow, this maze officially starts.
831.9089: 0.0965986,-0.09388019,1.635218,280.7398
832.1311: 0.0778841,-0.09588656,1.634588,281.2195
832.3533: 0.07358104,-0.09968948,1.629925,264.0524
832.5756: 0.09856585,-0.1241768,1.602481,223.1845
832.7978: 0.1350502,-0.1623272,1.577737,194.3625
833.02: 0.1590091,-0.2444145,1.573141,186.5287
833.2422: 0.1588879,-0.3740691,1.563133,210.242
833.4645: 0.1459042,-0.486147,1.589844,248.1237
833.6867: 0.1227647,-0.5559124,1.583413,292.6867
833.9089: 0.07441003,-0.6275798,1.56055,321.2002
834.1311: -0.004748305,-0.713594,1.575729,324.4071
834.3533: -0.08117227,-0.7958032,1.586278,333.3872
834.5756: -0.1478911,-0.8883369,1.581276,345.207
834.7978: -0.2294765,-0.9693254,1.588192,340.1894
835.02: -0.320774,-1.030971,1.593242,305.0838
835.2422: -0.3992882,-1.054224,1.588073,283.3172
835.4645: -0.5214307,-1.039794,1.57264,269.4873
835.6867: -0.7044179,-0.9833424,1.553725,262.2287
835.9089: -0.919531,-0.9220499,1.569204,262.4054
836.1311: -1.149279,-0.9113326,1.548463,260.0731
836.3533: -1.406712,-0.9524355,1.540329,249.3432
836.5756: -1.648221,-0.9674199,1.572342,247.7612
836.7978: -1.875623,-0.9452996,1.551413,258.8
837.02: -2.095783,-0.8799584,1.564854,288.1739
837.2422: -2.285629,-0.8174062,1.56867,316.4362
837.4645: -2.448332,-0.7674515,1.557504,337.844
837.6867: -2.572484,-0.7223709,1.574455,354.1049
837.9089: -2.643778,-0.6851094,1.574546,8.076247
838.1311: -2.680321,-0.6445615,1.573389,17.62134
838.3533: -2.738019,-0.61436,1.578597,358.8957
838.5756: -2.848116,-0.6774257,1.584737,286.6383
838.7978: -2.85325,-0.8444194,1.574758,216.1757
839.02: -2.824347,-1.031655,1.557778,184.1354
839.2422: -2.821718,-1.242155,1.553777,176.218
839.4645: -2.83937,-1.443896,1.571953,166.2036
839.6867: -2.88807,-1.655743,1.546855,153.4292
839.9089: -2.927647,-1.893116,1.548899,139.9113
840.1311: -2.878692,-2.151378,1.53435,126.8158
840.3533: -2.769123,-2.403495,1.537695,118.227
840.5756: -2.663967,-2.612385,1.562981,102.1987
840.7978: -2.549982,-2.81734,1.542701,79.15861
841.02: -2.423846,-2.995158,1.582931,62.44269
841.2422: -2.298194,-3.102637,1.565108,48.74937
841.4645: -2.174442,-3.157906,1.571712,37.39972
Trial Result: Success object: Mailbox | Time Spent: 9.850435
Trial No.:15 Ends
Trial No.:19 Begins
User confirmed on object: Well, this maze officially starts.
855.4423: 1.784665,-2.034969,1.644954,84.02561
855.6645: 1.812115,-1.951937,1.642495,94.265
855.8867: 1.823927,-1.874878,1.634535,117.2389
856.1089: 1.830658,-1.827543,1.617421,123.5547
856.3311: 1.837368,-1.78372,1.605482,106.6373
856.5533: 1.828887,-1.749316,1.601075,73.82598
856.7756: 1.798604,-1.726267,1.602062,25.49188
856.9978: 1.785734,-1.714783,1.59655,355.0064
857.22: 1.79238,-1.654973,1.590837,348.088
857.4423: 1.809959,-1.542091,1.572373,351.8707
857.6645: 1.856878,-1.421073,1.592272,4.222792
857.8867: 1.938707,-1.313162,1.592252,8.906898
858.1089: 2.033707,-1.210914,1.588211,350.2367
858.3311: 2.09727,-1.140377,1.622044,310.9837
858.5533: 2.143876,-1.104683,1.627118,290.0239
858.7756: 2.20134,-1.048402,1.625948,299.0153
858.9978: 2.289034,-0.9425527,1.611907,344.6919
859.22: 2.382618,-0.8239723,1.589983,9.823462
859.4423: 2.481191,-0.6558005,1.564801,18.19426
859.6645: 2.574626,-0.4507525,1.598909,14.77513
859.8867: 2.661888,-0.2574407,1.60493,2.550145
860.1089: 2.767008,-0.03615139,1.5766,349.5258
860.3311: 2.851578,0.2011023,1.611549,330.5213
860.5533: 2.87127,0.4267715,1.603809,305.4558
860.7756: 2.857783,0.6791648,1.573644,293.2523
860.9978: 2.859429,0.9593525,1.609246,308.58
861.22: 2.873991,1.247579,1.58371,324.1082
861.4423: 2.844597,1.487593,1.591336,284.2854
861.6645: 2.814252,1.63899,1.606982,230.2732
861.8867: 2.752686,1.821529,1.573474,225.4672
862.1089: 2.65968,2.042098,1.602897,257.9556
862.3311: 2.606598,2.265353,1.598233,284.0063
862.5533: 2.550967,2.49422,1.569357,283.4512
862.7756: 2.471855,2.715474,1.590582,273.558
862.9978: 2.34134,2.858222,1.579331,254.4092
863.22: 2.162117,2.960802,1.559047,244.0406
863.4423: 1.953539,3.072662,1.590273,252.8074
863.6645: 1.730791,3.173936,1.568981,257.1062
863.8867: 1.483061,3.285382,1.564605,258.3437
864.1089: 1.231599,3.342531,1.58314,255.8247
864.3311: 0.9701638,3.343767,1.542831,251.8095
864.5533: 0.7007728,3.32626,1.569545,252.5514
864.7756: 0.4588143,3.323528,1.577418,254.5792
864.9978: 0.2184088,3.334532,1.553008,254.3614
865.22: 0.004925455,3.332585,1.578193,254.4755
865.4423: -0.1826153,3.313456,1.554366,257.984
865.6645: -0.3551844,3.281147,1.551848,265.5126
865.8867: -0.5050092,3.254779,1.564384,263.9492
866.1089: -0.6487401,3.238993,1.554835,258.4675
866.3311: -0.8225253,3.239076,1.544448,250.9663
866.5533: -1.027032,3.260162,1.560843,245.3878
866.7756: -1.192052,3.267545,1.563714,250.13
866.9978: -1.336684,3.234093,1.557882,252.4674
867.22: -1.499244,3.148406,1.522394,251.329
867.4423: -1.646389,3.016882,1.53873,227.4695
867.6645: -1.75054,2.887364,1.557946,198.6786
867.8867: -1.862771,2.7483,1.539608,174.5712
868.1089: -1.955343,2.58834,1.551424,151.7766
868.3311: -1.985407,2.420738,1.543617,131.9229
868.5533: -1.978632,2.249784,1.531903,122.7383
868.7756: -1.972809,2.114234,1.559775,111.2978
Trial Result: Success object: Table | Time Spent: 13.67096
Trial No.:19 Ends
Trial No.:8 Begins
User confirmed on object: Plant, this maze officially starts.
882.3089: -2.716817,-2.09441,1.618654,279.1892
882.5311: -2.716572,-2.091956,1.619326,285.1456
882.7534: -2.717355,-2.087008,1.618389,293.6845
882.9756: -2.721045,-2.080139,1.615402,302.2264
883.1978: -2.734344,-2.076454,1.599304,304.2906
883.42: -2.729319,-2.049477,1.585724,326.451
883.6423: -2.693583,-2.014046,1.575878,359.0824
883.8644: -2.660752,-1.978296,1.575546,3.656134
884.0867: -2.609292,-1.922869,1.579453,355.9898
884.3089: -2.579521,-1.860913,1.59076,341.7445
884.5311: -2.603515,-1.889371,1.595961,278.3839
884.7534: -2.559303,-1.967763,1.59295,211.5614
884.9756: -2.514046,-2.011755,1.585118,181.5551
885.1978: -2.468257,-2.060073,1.581843,156.2149
885.42: -2.420659,-2.134301,1.564651,138.7296
885.6423: -2.411793,-2.260029,1.560866,130.7652
885.8644: -2.416594,-2.434206,1.534915,124.0872
886.0867: -2.421051,-2.627677,1.539109,105.6893
886.3089: -2.352559,-2.767414,1.556163,82.05753
886.5311: -2.224492,-2.859598,1.545269,62.0729
886.7534: -2.057946,-2.93791,1.561014,61.33229
886.9756: -1.886264,-3.024205,1.572612,64.98074
887.1978: -1.696103,-3.117318,1.555989,64.81349
887.42: -1.502175,-3.165758,1.581733,59.5626
887.6423: -1.328934,-3.142564,1.581046,61.38053
887.8644: -1.183748,-3.102012,1.577229,72.58615
888.0867: -1.041567,-3.066476,1.585106,74.04661
888.3089: -0.8941755,-3.049808,1.580868,70.51532
888.5311: -0.7635987,-3.052538,1.608098,65.71175
888.7534: -0.6886413,-3.032833,1.614705,51.7296
888.9756: -0.6883473,-2.966553,1.60606,12.52306
889.1978: -0.7185954,-2.87692,1.594385,350.6334
889.42: -0.7619408,-2.752929,1.572024,355.6041
889.6423: -0.7595067,-2.66227,1.60648,23.189
889.8644: -0.6913515,-2.705466,1.598178,71.55184
890.0867: -0.5862929,-2.833456,1.583713,84.17979
890.3089: -0.4243561,-3.00095,1.57817,77.70341
890.5311: -0.2125988,-3.110916,1.57867,75.27632
890.7534: 0.04628875,-3.160551,1.531827,71.16116
890.9756: 0.3254063,-3.186139,1.575043,67.60797
891.1978: 0.5911694,-3.20603,1.582811,61.90118
891.42: 0.8507166,-3.213578,1.577467,52.99574
891.6423: 1.085323,-3.16907,1.604612,52.71494
891.8644: 1.286575,-3.067502,1.577269,46.52914
892.0867: 1.457055,-2.917976,1.603958,26.34259
892.3089: 1.604719,-2.758884,1.600087,7.543079
892.5311: 1.758091,-2.582136,1.597615,359.3137
892.7534: 1.843312,-2.368529,1.593227,353.5335
892.9756: 1.862306,-2.119207,1.566952,354.7673
893.1978: 1.855642,-1.883425,1.604788,353.3277
893.42: 1.848996,-1.663357,1.583727,351.0106
893.6423: 1.842091,-1.438234,1.590749,349.3009
893.8644: 1.792505,-1.239408,1.613042,350.1244
894.0867: 1.719098,-1.083411,1.590942,355.6404
894.3089: 1.677444,-0.9726384,1.620784,21.66731
894.5311: 1.699624,-0.9748603,1.619761,88.09396
Trial Result: Success object: Harp | Time Spent: 12.49252
Trial No.:8 Ends
Trial No.:18 Begins
User confirmed on object: Harp, this maze officially starts.
896.0645: 1.668166,-0.8560601,1.620383,0.9762498
896.2867: 1.670927,-0.8515419,1.617598,2.484907
896.5089: 1.673851,-0.8522756,1.615145,4.72056
896.7311: 1.671231,-0.8562492,1.612768,5.067868
896.9534: 1.666209,-0.8654614,1.601533,3.836677
897.1756: 1.659742,-0.8633333,1.587748,0.1244396
897.3978: 1.662043,-0.8623886,1.582499,358.8121
897.62: 1.683102,-0.8824371,1.587347,358.0118
897.8422: 1.699769,-0.9331306,1.584974,355.354
898.0645: 1.690367,-1.026115,1.613808,358.4163
898.2867: 1.658914,-1.12976,1.643051,5.590105
898.5089: 1.639764,-1.189098,1.655447,4.489951
898.7311: 1.638784,-1.222172,1.657641,2.886623
898.9534: 1.650648,-1.231159,1.654771,0.06526031
899.1756: 1.666899,-1.229714,1.652867,358.3187
899.3978: 1.683272,-1.230171,1.652463,359.38
899.62: 1.713276,-1.22995,1.651041,15.21255
899.8422: 1.770037,-1.240415,1.638115,55.26862
900.0645: 1.837569,-1.301778,1.622241,110.3808
900.2867: 1.876529,-1.342976,1.610959,143.0977
900.5089: 1.900752,-1.354805,1.615375,162.5302
900.7311: 1.896995,-1.384693,1.605184,187.7003
900.9534: 1.875293,-1.464719,1.584105,207.5755
901.1756: 1.853312,-1.632964,1.56466,206.8057
901.3978: 1.827053,-1.864772,1.596418,197.5113
901.62: 1.835577,-2.10323,1.606478,170.6798
901.8422: 1.867843,-2.321747,1.581128,130.7835
902.0645: 1.838826,-2.540596,1.618497,137.744
902.2867: 1.695194,-2.750063,1.596863,197.1628
902.5089: 1.517983,-2.902279,1.598347,241.8837
902.7311: 1.354588,-3.040583,1.608581,264.5721
902.9534: 1.171891,-3.173216,1.579066,278.7781
903.1756: 0.9764897,-3.286016,1.604237,284.0623
903.3978: 0.7663466,-3.339202,1.58826,287.0717
903.62: 0.5167432,-3.333828,1.575736,286.0929
903.8422: 0.2679391,-3.310581,1.606333,286.8114
904.0645: 0.01566915,-3.294871,1.576809,288.4047
904.2867: -0.2615011,-3.292308,1.581847,287.3823
904.5089: -0.5294306,-3.270062,1.598754,285.1404
904.7311: -0.8151729,-3.222919,1.555176,285.1424
904.9534: -1.113221,-3.158581,1.591024,282.2858
905.1756: -1.406097,-3.110889,1.566236,286.1682
905.3978: -1.705569,-3.059625,1.556011,298.834
905.62: -1.967203,-2.955763,1.579181,315.5252
905.8422: -2.190265,-2.800932,1.547011,327.9937
906.0645: -2.369071,-2.613058,1.575057,341.1047
906.2867: -2.528383,-2.416133,1.547936,356.7467
906.5089: -2.683316,-2.197111,1.552033,7.130226
906.7311: -2.769939,-1.954274,1.564466,11.81876
906.9534: -2.793568,-1.676219,1.53261,12.987
907.1756: -2.784149,-1.387858,1.572353,17.71997
907.3978: -2.766989,-1.109193,1.546144,23.11245
907.62: -2.737719,-0.8255178,1.547607,31.49282
907.8422: -2.675951,-0.5857348,1.567152,39.41129
Trial Result: Success object: Telescope | Time Spent: 12.02794
Trial No.:18 Ends
Trial No.:5 Begins
User confirmed on object: Table, this maze officially starts.
922.3311: -1.776247,2.105978,1.607396,98.27641
922.5533: -1.769882,2.110707,1.618436,103.686
922.7756: -1.779085,2.121442,1.619292,112.3572
922.9978: -1.789216,2.131163,1.610026,125.3418
923.22: -1.819417,2.098411,1.590576,153.5763
923.4423: -1.891746,2.057147,1.578444,174.1412
923.6645: -1.958419,2.007107,1.566342,166.8526
923.8867: -1.963069,2.011415,1.554696,105.5284
924.1089: -2.009118,2.067392,1.551529,46.80995
924.3311: -2.059753,2.097696,1.55849,15.34895
924.5533: -2.087107,2.140349,1.55623,5.307228
924.7756: -2.103589,2.227612,1.550362,9.521515
924.9978: -2.107025,2.35936,1.544863,36.13345
925.22: -2.064015,2.473732,1.549491,63.59383
925.4423: -1.954866,2.586391,1.525769,74.76579
925.6645: -1.762848,2.698039,1.524423,80.39077
925.8867: -1.543629,2.807056,1.55247,87.16846
926.1089: -1.314797,2.927186,1.532493,90.22192
926.3311: -1.086537,3.061578,1.528507,98.39409
926.5533: -0.863041,3.138848,1.55707,110.717
926.7756: -0.6369269,3.175513,1.533487,121.8711
926.9978: -0.3903769,3.209363,1.563152,118.1356
927.22: -0.1404096,3.255583,1.563642,109.1885
927.4423: 0.1018598,3.28935,1.555632,106.6961
927.6645: 0.3339968,3.282489,1.567798,105.4977
927.8867: 0.5909846,3.238846,1.546245,104.8914
928.1089: 0.860456,3.188595,1.585664,99.26634
928.3311: 1.132222,3.168187,1.573184,95.62334
928.5533: 1.414934,3.161553,1.563886,98.47024
928.7756: 1.68268,3.103113,1.59135,115.0327
928.9978: 1.931339,3.003022,1.566022,129.4196
929.22: 2.158967,2.860709,1.598217,141.7361
929.4423: 2.369694,2.700744,1.58034,151.8838
929.6645: 2.547998,2.516221,1.587244,169.8484
929.8867: 2.65813,2.301584,1.590715,190.4009
930.1089: 2.72136,2.0737,1.593596,200.2033
930.3311: 2.758265,1.847521,1.610827,208.9593
930.5533: 2.781678,1.622193,1.573459,216.4693
930.7756: 2.736724,1.419649,1.599607,223.9252
930.9978: 2.607187,1.280103,1.582011,227.7838
931.22: 2.413192,1.179481,1.597409,224.0931
931.4423: 2.236758,1.071113,1.611751,221.1696
931.6645: 2.078432,0.9653953,1.57738,217.1526
Trial Result: Success object: Bookshelf | Time Spent: 9.662388
Trial No.:5 Ends
Trial No.:12 Begins
User confirmed on object: Trashcan, this maze officially starts.
944.5311: 2.795252,1.091432,1.64285,98.66436
944.7534: 2.787761,1.083463,1.652907,98.26815
944.9756: 2.759336,1.056493,1.648416,115.3389
945.1978: 2.706205,1.064801,1.640807,130.6335
945.42: 2.639164,1.100553,1.617136,142.7596
945.6423: 2.578125,1.107141,1.608347,161.3413
945.8644: 2.541941,1.090473,1.610744,163.8021
946.0867: 2.546003,1.066857,1.619163,133.6315
946.3089: 2.554052,1.075998,1.617213,87.15502
946.5311: 2.53768,1.126511,1.607847,32.51932
946.7534: 2.4812,1.186665,1.598326,343.1105
946.9756: 2.417843,1.271656,1.589656,319.1344
947.1978: 2.394961,1.410299,1.589831,329.6722
947.42: 2.432038,1.571858,1.578747,337.9489
947.6423: 2.528513,1.769147,1.548367,339.919
947.8644: 2.632627,1.994058,1.581229,336.4703
948.0867: 2.645299,2.214963,1.584363,323.851
948.3089: 2.572726,2.445735,1.550391,307.2708
948.5311: 2.456793,2.640337,1.575998,274.1353
948.7534: 2.332729,2.821222,1.573129,247.4774
948.9756: 2.188244,3.006287,1.55373,234.7876
949.1978: 1.994966,3.135429,1.576442,236.0759
949.42: 1.767421,3.205092,1.545629,243.655
949.6423: 1.51903,3.218889,1.573142,251.5783
949.8644: 1.276468,3.221533,1.576584,253.2809
950.0867: 0.9971085,3.226597,1.551129,252.9276
950.3089: 0.7105099,3.228978,1.580202,253.7723
950.5311: 0.4380496,3.207911,1.549209,253.0991
950.7534: 0.1809367,3.190106,1.556374,251.8969
950.9756: -0.04355638,3.201175,1.571997,253.9871
951.1978: -0.2579571,3.234529,1.541822,254.2353
951.42: -0.4671118,3.261518,1.564001,251.0358
951.6423: -0.6526439,3.259723,1.558884,245.2104
951.8644: -0.8560172,3.23477,1.526551,245.0777
952.0867: -1.069737,3.200774,1.550537,251.5527
952.3089: -1.255026,3.163718,1.560359,253.7402
952.5311: -1.454028,3.116414,1.534328,247.3464
952.7534: -1.634958,3.023434,1.549033,215.384
952.9756: -1.74424,2.888932,1.548618,181.6719
953.1978: -1.810903,2.722224,1.51912,160.8879
953.42: -1.862468,2.549592,1.540345,147.925
953.6423: -1.898882,2.397478,1.555305,133.18
953.8644: -1.933763,2.268243,1.550408,111.5814
Trial Result: Success object: Table | Time Spent: 9.606852
Trial No.:12 Ends
Trial No.:2 Begins
User confirmed on object: Stove, this maze officially starts.
968.9312: -2.705355,2.967467,1.590625,274.7683
969.1534: -2.686804,2.972074,1.593301,275.813
969.3755: -2.669599,2.974897,1.584657,268.617
969.5978: -2.644031,2.937167,1.570982,247.6743
969.82: -2.578933,2.872011,1.552889,232.57
970.0422: -2.460959,2.783407,1.548612,202.1759
970.2645: -2.366419,2.754773,1.554911,148.9871
970.4867: -2.347275,2.789194,1.549735,88.17263
970.7089: -2.383014,2.813332,1.540386,60.12085
970.9312: -2.376175,2.873989,1.544725,67.46811
971.1534: -2.33754,2.988841,1.535634,79.19492
971.3755: -2.249181,3.083939,1.532512,87.5527
971.5978: -2.082684,3.137442,1.500626,93.36078
971.82: -1.825832,3.13212,1.513253,92.64497
972.0422: -1.565484,3.133057,1.548356,95.46577
972.2645: -1.304288,3.156237,1.51827,95.89581
972.4867: -1.031236,3.187068,1.551366,102.202
972.7089: -0.788578,3.165133,1.557975,116.97
972.9312: -0.5748583,3.11225,1.553825,136.2979
973.1534: -0.3646457,3.077462,1.579433,142.7684
973.3755: -0.1214325,3.083609,1.556045,120.2211
973.5978: 0.1289648,3.094358,1.571406,108.1063
973.82: 0.3672575,3.089668,1.575457,99.315
974.0422: 0.6273534,3.070371,1.539107,89.9302
974.2645: 0.9057764,3.036507,1.57648,86.94096
974.4867: 1.169148,3.047159,1.577161,88.19781
974.7089: 1.452072,3.076307,1.547726,100.0201
974.9312: 1.730556,3.032631,1.5826,120.5636
975.1534: 1.986824,2.929787,1.559944,133.4608
975.3755: 2.2164,2.784767,1.593146,142.7975
975.5978: 2.418258,2.626878,1.591873,152.711
975.82: 2.606986,2.442801,1.575841,167.9485
976.0422: 2.711071,2.247073,1.60498,187.1171
976.2645: 2.759545,2.045326,1.579453,199.6706
976.4867: 2.765292,1.829758,1.608136,208.3879
976.7089: 2.764293,1.618683,1.607807,219.6137
976.9312: 2.763227,1.388952,1.58601,233.1863
977.1534: 2.747689,1.155172,1.613033,240.1982
977.3755: 2.731134,0.9082837,1.597757,221.2466
977.5978: 2.703919,0.653177,1.601667,200.1004
977.82: 2.690474,0.39527,1.610611,193.2059
978.0422: 2.689195,0.1222511,1.569623,195.8881
978.2645: 2.666412,-0.1473681,1.605016,206.6154
978.4867: 2.60342,-0.3713523,1.597911,218.9387
978.7089: 2.500782,-0.5582427,1.598261,231.6947
978.9312: 2.391911,-0.7225898,1.61287,247.4497
979.1534: 2.290904,-0.8743068,1.587872,257.2855
979.3755: 2.1792,-0.9872355,1.608331,271.3405
979.5978: 2.058384,-1.048234,1.59691,281.9045
979.82: 1.92337,-1.040521,1.577601,309.3576
980.0422: 1.788316,-1.029009,1.587305,338.4515
980.2645: 1.65257,-1.019786,1.597312,347.9111
980.4867: 1.452336,-1.021873,1.589188,317.3203
980.7089: 1.234579,-1.037416,1.581355,298.9103
980.9312: 1.027312,-1.018683,1.598489,299.5683
981.1534: 0.8343307,-0.9697099,1.57929,303.0074
981.3755: 0.6252639,-0.8792301,1.557599,305.7004
981.5978: 0.4276643,-0.7790821,1.590324,309.1085
981.82: 0.2514974,-0.6783788,1.58722,313.0721
982.0422: 0.08775399,-0.5720353,1.56562,315.7737
Trial Result: Success object: Wheelbarrow | Time Spent: 13.47232
Trial No.:2 Ends
